;Exported by: klimenko
;Date:        Thu May 19 16:28:49 2005
;File:        D:\-Project-\-3DWork-\r_side\riverside_2x.max
{Skeleton
	{bone "riverside_wall_a"
		{Orientation
			1	0	0
			0	-1	0
			0	0	1
		}
		{VolumeView "riverside_wall_a.ply"}
		{bone "riverside_land02"
			{parameters "Land;Ground;"}
			{Position 0	-12.9523	-7.29057}
			{VolumeView "riverside_land02.ply" {Ground}}
		}
		{bone "piece1"
			{Matrix34
				-0.315345	-0.948977	0
				0.948977	-0.315345	0
				0	0	1
				-16.2239	-20.0087	-21.5109
			}
			{VolumeView "piece1.ply"}
		}
		{bone "piece2"
			{Matrix34
				-0.0094824	0	-0.999955
				0	1	0
				0.999955	0	-0.0094824
				20.4087	-4.49148	-5.82776
			}
			{VolumeView "piece2.ply"}
		}
		{bone "piece3"
			{Matrix34
				-0.234404	-0.941348	0.242732
				-0.0304729	-0.242451	-0.969685
				0.971662	-0.234695	0.028146
				15.9983	-18.3652	-28.0668
			}
			{VolumeView "piece3.ply"}
		}
		{bone "piece5"
			{Matrix34
				0.436602	-0.823352	0.362588
				-0.188782	-0.477902	-0.857887
				0.879625	0.306105	-0.364087
				26.2222	-17.7678	-37.1132
			}
			{VolumeView "piece5.ply"}
		}
		{bone "piece6"
			{Matrix34
				-0.768489	0.0573377	0.637289
				-0.106334	-0.993572	-0.0388328
				0.630966	-0.0976083	0.769646
				-14.5092	-28.4015	-38.2713
			}
			{VolumeView "piece6.ply"}
		}
	}
}
{Volume "piece6"
	{Box 16.8269 13.9687 16.4217}
	{Bone "piece6"}
	{Position -3.34058e-005	5.27306e-005	3.70884e-005}
}
{Volume "body"
	{Box 5.90551 88.7018 98.4252}
	{Bone "riverside_wall_a"}
	{Matrix34
		0	-0.972617	0.232413
		0	0.232413	0.972617
		-1	0	0
		0.042632	-22.2938	-54.9092
	}
}
{Volume "piece5"
	{Box 13.7283 20.1794 16.2192}
	{Bone "piece5"}
	{Position 1.50719	0.142764	6.12123e-005}
}
{Volume "piece3"
	{Box 8.61301 13.2734 13.6977}
	{Bone "piece3"}
	{Position 1.80842e-005	0	3.85246e-005}
}
{Volume "piece2"
	{Box 18.6936 27.0862 33.2516}
	{Bone "piece2"}
	{Position 0	0	-9.8952e-005}
}
{Volume "piece1"
	{Box 15.4411 27.1119 19.4339}
	{Bone "piece1"}
	{Position 0	0	0}
}
