;Exported by: sasha
;Date:        Tue Dec 25 09:48:45 2007
;File:        D:\-Project-\-3DWork-\a_house 303\a_house_303alt2.max
{Skeleton
	{bone "303_dw2a"
		{Orientation
			1	0	0
			0	-1	0
			0	0	1
		}
		{VolumeView "303_dw2a.ply"}
	}
}
{Obstacle "body1"
	{Obb2
		{Center -16.1524 -0.797222}
		{Extent 7.59739 20.3523}
		{Axis 1 0}
	}
	{Rotate}
	{Tags  "body"}
}
{Volume "body1"
	{Box 13.4158 40.7047 13.0217}
	{Bone "303_dw2a"}
	{Matrix34
		0.988994	0	-0.147951
		0	1	0
		0.147951	0	0.988994
		-16.1524	0.797221	5.15474
	}
}
{Volume "body2"
	{Box 10.0595 39.5383 37.6894}
	{Bone "303_dw2a"}
	{Matrix34
		0.988109	0	-0.153755
		0	1	0
		0.153755	0	0.988109
		-10.6799	-0.602084	29.7956
	}
}
{Volume "body3"
	{Box 10.0595 6.97325 14.322}
	{Bone "303_dw2a"}
	{Matrix34
		0.988109	0	-0.153755
		0	1	0
		0.153755	0	0.988109
		-10.3521	19.1675	30.9762
	}
}
