;Exported by: Jagdpanther
;Date:        Sat Sep 03 14:58:49 2011
;File:        D:\Δενθρ\3DS MAX\panzerjager.max
{Skeleton
	{animation
		{sequence "start"}
		{sequence "stop"}
		{sequence "fire"}
	}
	{bone revolute "basis"
		{parameters "Wheelradius=0.5;"}
		{limits -0 0}
		{speed 0.01}
		{Orientation
			1	0	0
			0	-1	0
			0	0	1
		}
		{bone "wheelsl"
			{parameters "ID=trackleft;"}
			{Matrix34
				0.998439	-0.0540736	0.0139623
				0.054314	0.998371	-0.0174506
				-0.0129959	0.0181817	0.99975
				-7.77209	15.6323	8.80351
			}
			{VolumeView "wheelsl.ply"}
			{bone revolute "wheell2"
				{parameters "ID=trackleft;"}
				{Matrix34
					0.996881	0.0672252	0.0413386
					0.0412335	0.00294963	-0.999145
					-0.0672896	0.997733	0.000168493
					30.7375	1.93601	-3.35349
				}
				{VolumeView "wheell2.ply"}
			}
			{bone revolute "wheell4"
				{parameters "ID=trackleft;"}
				{Matrix34
					0.996881	0.0672252	0.0413386
					0.0412335	0.00294963	-0.999145
					-0.0672896	0.997733	0.000168493
					19.5828	1.22609	-3.20911
				}
				{VolumeView "wheell4.ply"}
			}
			{bone revolute "wheell6"
				{parameters "ID=trackleft;"}
				{Matrix34
					0.996881	0.0672252	0.0413386
					0.0412335	0.00294963	-0.999145
					-0.0672896	0.997733	0.000168493
					6.24511	1.2305	-3.03642
				}
				{VolumeView "wheell6.ply"}
			}
			{bone revolute "wheell7"
				{parameters "ID=trackleft;"}
				{Matrix34
					0.996881	0.0672252	0.0413386
					0.0412335	0.00294963	-0.999145
					-0.0672896	0.997733	0.000168493
					-4.8867	-0.125306	-2.89231
				}
				{VolumeView "wheell7.ply"}
			}
			{bone revolute "wheell10"
				{parameters "ID=trackleft;"}
				{Matrix34
					0.996881	0.0672252	0.0413386
					0.0412335	0.00294963	-0.999145
					-0.0672896	0.997733	0.000168493
					-18.2244	-0.862157	-2.71965
				}
				{VolumeView "wheell10.ply"}
			}
			{bone "trackl"
				{parameters "ID=trackleft;"}
				{Position 5.93965	0.38712	-0.782702}
				{VolumeView "trackl.ply"}
			}
			{bone "fxtracel1"
				{Matrix34
					-0.848888	0.528152	0.0210742
					-0.528388	-0.848971	-0.00743932
					0.0139623	-0.0174505	0.99975
					8.66784	0.671235	-8.91471
				}
			}
			{bone "fxtracel2"
				{Matrix34
					-0.980846	-0.0565182	0.186403
					0.0540727	-0.998371	-0.0181816
					0.187127	-0.00775403	0.982305
					-28.9982	-1.41549	-6.35213
				}
			}
		}
		{bone "wheelsr"
			{parameters "ID=trackright;"}
			{Matrix34
				-1	0	0
				0	1	0
				0	0	1
				-7.67394	-16.8129	9.16791
			}
			{VolumeView "wheelsr.ply"}
			{bone revolute "wheelr6"
				{parameters "ID=trackright;"}
				{Matrix34
					-1	0	0
					0	0	-1
					0	1	0
					-6.28369	-0.331341	-3.32141
				}
				{VolumeView "wheelr6.ply"}
			}
			{bone revolute "wheelr8"
				{parameters "ID=trackright;"}
				{Matrix34
					-1	0	0
					0	0	-1
					0	1	0
					4.94644	0.346811	-3.32205
				}
				{VolumeView "wheelr8.ply"}
			}
			{bone revolute "wheelr10"
				{parameters "ID=trackright;"}
				{Matrix34
					-1	0	0
					0	0	-1
					0	1	0
					18.3055	0.33585	-3.3228
				}
				{VolumeView "wheelr10.ply"}
			}
			{bone revolute "wheelr4"
				{parameters "ID=trackright;"}
				{Matrix34
					-1	0	0
					0	0	-1
					0	1	0
					-19.5624	0.344105	-3.32072
				}
				{VolumeView "wheelr4.ply"}
			}
			{bone revolute "wheelr2"
				{parameters "ID=trackright;"}
				{Matrix34
					-1	0	0
					0	0	-1
					0	1	0
					-30.7452	0.241419	-3.32004
				}
				{VolumeView "wheelr2.ply"}
			}
			{bone "trackr"
				{parameters "ID=trackright;"}
				{Matrix34
					-1	0	0
					0	1	0
					0	0	1
					-5.86947	0.331583	-0.962914
				}
				{VolumeView "trackr.ply"}
			}
			{bone "fxtracer1"
				{Matrix34
					0.573576	-0.819152	0
					-0.819152	-0.573576	0
					0	0	1
					-8.70248	0.202574	-9.16789
				}
			}
			{bone "fxtracer2"
				{Matrix34
					0.984808	0	0.173648
					0	-1	0
					-0.173648	0	0.984808
					29.0514	0.202574	-7.09438
				}
			}
		}
		{bone "emit2"
			{Position -54.225	5.20687	0}
			{visibility 0}
		}
		{bone "emit1"
			{Position -54.225	-5.18036	0}
			{visibility 0}
		}
		{bone "body"
			{parameters "ID=body;"}
			{Position -1.22114	-0.396579	24.5295}
			{VolumeView "body.ply"}
			{bone revolute "turret"
				{parameters "ID=turret;"}
				{limits -10 10}
				{speed 0.01}
				{Position 3.48938	0.0609961	7.88787}
				{VolumeView "turret.ply"}
				{bone revolute "gun_rot"
					{parameters "ID=gun;"}
					{limits -9 10}
					{speed 0.01}
					{Matrix34
						1	0	0
						0	0	-1
						0	1	0
						-2.97198	0.0645701	0.116745
					}
					{VolumeView "gun_rot.ply"}
					{bone "gun"
						{parameters "ID=gun;"}
						{Matrix34
							0.999517	-0.0191972	0.0244278
							-0.02423	0.0104695	0.999652
							-0.0194463	-0.999761	0.0099993
							16.6239	-0.675285	-2.18473
						}
						{VolumeView "gun.ply"}
						{bone "foresight1"
							{Matrix34
								0.999517	-0.0242297	-0.0194463
								0.0191972	-0.01047	0.999761
								-0.0244275	-0.999652	-0.00999976
								20.8869	1.7329	-1.45913
							}
						}
						{bone "visor1"
							{Matrix34
								0.999517	-0.0242297	-0.0194463
								0.0191972	-0.01047	0.999761
								-0.0244275	-0.999652	-0.00999976
								20.8869	1.7329	-1.45913
							}
						}
					}
				}
			}
			{bone "engine"
				{parameters "ID=engine;"}
				{Position -25.1381	0.0128259	-0.127729}
				{VolumeView "engine.ply"}
			}
			{bone "fxfire1"
				{Position -25.0927	-3.09665	-1.02371}
			}
			{bone "fxsmoke1"
				{Matrix34
					0	-0.939693	0.34202
					1	0	0
					0	0.34202	0.939693
					-39.4596	-16.1882	-3.71698
				}
			}
			{bone revolute "wheell1"
				{parameters "ID=trackleft;"}
				{Matrix34
					0.998439	0.0139623	0.0540737
					0.054314	-0.0174509	-0.998371
					-0.012996	0.99975	-0.018182
					35.6202	15.9	-14.2962
				}
				{VolumeView "wheell1.ply"}
			}
			{bone revolute "wheell11"
				{parameters "ID=trackleft;"}
				{Matrix34
					0.998439	0.0139623	0.0540737
					0.054314	-0.0174509	-0.998371
					-0.012996	0.99975	-0.018182
					-36.5091	16.2887	-15.5847
				}
				{VolumeView "wheell11.ply"}
			}
			{bone revolute "wheelr11"
				{parameters "ID=trackright;"}
				{Matrix34
					1	0	0
					0	0	-1
					0	1	0
					-36.495	-16.3052	-15.5802
				}
				{VolumeView "wheelr11.ply"}
			}
			{bone revolute "wheelr1"
				{parameters "ID=trackright;"}
				{Matrix34
					1	0	0
					0	0	-1
					0	1	0
					35.6025	-15.7313	-14.3019
				}
				{VolumeView "wheelr1.ply"}
			}
			{bone "gunner"
				{Matrix34
					0.642788	0.766044	0
					-0.766044	0.642788	0
					0	0	1
					-6.41976	-5.42628	-9.12259
				}
			}
			{bone "commander"
				{Matrix34
					0.984808	-0.173648	0
					0.173648	0.984808	0
					0	0	1
					-4.79009	7.4448	-9.12259
				}
			}
			{bone revolute "wheell3"
				{parameters "ID=trackleft;"}
				{Matrix34
					0.998439	0.0139624	0.0540736
					0.054314	-0.0174509	-0.998371
					-0.012996	0.99975	-0.018182
					18.8425	16.2446	-10.758
				}
				{VolumeView "wheell3.ply"}
			}
			{bone revolute "wheell5"
				{parameters "ID=trackleft;"}
				{Matrix34
					0.998439	0.0139624	0.0540736
					0.054314	-0.0174509	-0.998371
					-0.012996	0.99975	-0.018182
					6.28252	16.2343	-10.7587
				}
				{VolumeView "wheell5.ply"}
			}
			{bone revolute "wheell8"
				{parameters "ID=trackleft;"}
				{Matrix34
					0.998439	0.0139624	0.0540736
					0.054314	-0.0174509	-0.998371
					-0.012996	0.99975	-0.018182
					-6.2111	16.2239	-10.7594
				}
				{VolumeView "wheell8.ply"}
			}
			{bone revolute "wheell9"
				{parameters "ID=trackleft;"}
				{Matrix34
					0.998439	0.0139624	0.0540736
					0.054314	-0.0174509	-0.998371
					-0.012996	0.99975	-0.018182
					-17.2218	16.2148	-10.7599
				}
				{VolumeView "wheell9.ply"}
			}
			{bone revolute "wheelr5"
				{parameters "ID=trackright;"}
				{Matrix34
					1	0	0
					0	0	-1
					0	1	0
					6.28254	-16.1472	-10.7587
				}
				{VolumeView "wheelr5.ply"}
			}
			{bone revolute "wheelr7"
				{parameters "ID=trackright;"}
				{Matrix34
					1	0	0
					0	0	-1
					0	1	0
					-6.21107	-16.1892	-10.7594
				}
				{VolumeView "wheelr7.ply"}
			}
			{bone revolute "wheelr3"
				{parameters "ID=trackright;"}
				{Matrix34
					1	0	0
					0	0	-1
					0	1	0
					18.8425	-16.1047	-10.758
				}
				{VolumeView "wheelr3.ply"}
			}
			{bone revolute "wheelr9"
				{parameters "ID=trackright;"}
				{Matrix34
					1	0	0
					0	0	-1
					0	1	0
					-17.2217	-16.1667	-10.76
				}
				{VolumeView "wheelr9.ply"}
			}
		}
	}
}
{Volume "body1"
	{Polyhedron "body1.vol"}
	{Bone "body"}
	{Position 0.213847	0.0480139	-8.41817}
}
{Volume "body2"
	{Polyhedron "body2.vol"}
	{Bone "body"}
	{Matrix34
		0.906308	0	0.422618
		0	1	0
		-0.422618	0	0.906308
		10.86	0.104422	9.54841
	}
}
{Volume "body3"
	{Polyhedron "body3.vol"}
	{Bone "body"}
	{Matrix34
		0	0.906308	0.422618
		-1	0	0
		0	-0.422618	0.906308
		0.893566	15.1734	9.81578
	}
}
{Volume "body4"
	{Polyhedron "body4.vol"}
	{Bone "body"}
	{Matrix34
		0	-0.906308	0.422618
		1	0	0
		0	0.422618	0.906308
		1.27039	-15.1049	9.81578
	}
}
{Volume "body5"
	{Polyhedron "body5.vol"}
	{Bone "body"}
	{Position -8.62894	-13.4897	9.56592}
}
{Volume "body6"
	{Polyhedron "body6.vol"}
	{Bone "body"}
	{Matrix34
		-0.573577	-0.819152	0
		0.819152	-0.573577	0
		0	0	1
		-8.62894	14.5979	9.56592
	}
}
{Volume "body7"
	{Polyhedron "body7.vol"}
	{Bone "body"}
	{Matrix34
		0.173648	0.984808	0
		-0.984808	0.173648	0
		0	0	1
		10.2577	15.0146	9.49167
	}
}
{Volume "body9"
	{Polyhedron "body9.vol"}
	{Bone "body"}
	{Position 10.5185	-14.1729	9.49167}
}
{Volume "crew"
	{Polyhedron "crew.vol"}
	{Bone "body"}
	{Position 0.0101421	0.514456	-21.0548}
}
{Volume "engine"
	{Polyhedron "engine.vol"}
	{Bone "engine"}
	{Position -1.83188	0.305947	-2.6223}
}
{Volume "gun"
	{Polyhedron "gun.vol"}
	{Bone "gun"}
	{Matrix34
		0.999517	-0.0242297	-0.0194463
		0.0244275	0.999652	0.0099995
		0.0191972	-0.0104697	0.999761
		6.77596	2.0624	-0.0267944
	}
}
{Volume "inventory"
	{Polyhedron "inventory.vol"}
	{Bone "body"}
	{Position 8.85118	-7.79644	-12.2585}
}
{Volume "ram"
	{Polyhedron "ram.vol"}
	{Bone "body"}
	{Position -2.2792	0.331852	-24.5296}
}
{Volume "trackleft"
	{Polyhedron "trackleft.vol"}
	{Bone "wheelsl"}
	{Matrix34
		0.998439	0.054314	-0.0129959
		-0.0540736	0.998371	0.0181817
		0.0139623	-0.0174506	0.99975
		6.22443	0.813482	-0.167341
	}
}
{Volume "trackright"
	{Polyhedron "trackright.vol"}
	{Bone "wheelsr"}
	{Matrix34
		-1	0	0
		0	1	0
		0	0	1
		-6.16251	0.163725	-0.458979
	}
}
