;Exported by: sana
;Date:        Mon Jul 03 10:28:27 2006
;File:        D:\-Project-\-3DWork-\Entourage\e-house3a\farm_construction_x04.max
{Skeleton
	{bone "ch_farm_corner05"
		{Orientation
			1	0	0
			0	-1	0
			0	0	1
		}
		{VolumeView "ch_farm_corner05.ply"}
		{bone "piece07"
			{Position 10.6046	26.8596	67.6635}
			{VolumeView "piece07.ply"}
		}
		{bone "piece01"
			{Position 17.3917	-10.8007	58.049}
			{VolumeView "piece01.ply"}
			{bone "sub_piece01"
				{Position 0	15.5076	-2.49132}
				{VolumeView "sub_piece01.ply"}
			}
		}
		{bone "piece02"
			{Position 17.3917	24.5363	59.8285}
			{VolumeView "piece02.ply"}
			{bone "sub_piece02"
				{Position 0	4.27094	-9.76211}
				{VolumeView "sub_piece02.ply"}
			}
		}
		{bone "piece03"
			{Position 17.3917	21.9432	36.1856}
			{VolumeView "piece03.ply"}
			{bone "sub_piece03"
				{Position 0	4.72852	-3.86413}
				{VolumeView "sub_piece03.ply"}
			}
		}
		{bone "piece04"
			{Position 17.3917	-16.3427	19.6611}
			{VolumeView "piece04.ply"}
			{bone "sub_piece04"
				{Position 0	11.3384	2.94905}
				{VolumeView "sub_piece04.ply"}
			}
		}
		{bone "piece05"
			{Position 8.36072	40.5749	42.4428}
			{VolumeView "piece05.ply"}
			{bone "sub_piece05"
				{Position -4.72852	-0.000488281	-3.86413}
				{VolumeView "sub_piece05.ply"}
			}
		}
		{bone "piece06"
			{Position -5.64246	3.97131	56.3529}
			{VolumeView "piece06.ply"}
		}
	}
}
{Volume "piece01"
	{Box 5.90552 17.3889 13.2704}
	{Bone "piece01"}
	{Position 0	0	-0.737249}
}
{Volume "piece02"
	{Box 5.90552 16.5179 13.0325}
	{Bone "piece02"}
	{Matrix34
		1	0	0
		0	0.909089	-0.416601
		0	0.416601	0.909089
		0	0.775522	-0.897454
	}
}
{Volume "piece03"
	{Box 5.90552 12.3044 18.8125}
	{Bone "piece03"}
	{Position 0	0	0}
}
{Volume "piece04"
	{Box 5.90552 13.545 11.4706}
	{Bone "piece04"}
	{Position 0	0	0.62397}
}
{Volume "piece05"
	{Box 12.3052 7.75778 18.8125}
	{Bone "piece05"}
	{Position 0	0	0}
}
{Volume "piece06"
	{Box 37.3998 2.95276 2.95276}
	{Bone "piece06"}
}
{Volume "piece07"
	{Box 31.8217 56.3163 2.75591}
	{Bone "piece07"}
	{Matrix34
		1	0	0
		0	0.930307	-0.366782
		0	0.366782	0.930307
		0	1.6601	-0.725006
	}
}
{Volume "sub_piece01"
	{Box 5.90552 15.6602 9.5588}
	{Bone "sub_piece01"}
	{Position 0	0	0}
}
{Volume "sub_piece02"
	{Box 5.90552 12.6095 9.66455}
	{Bone "sub_piece02"}
	{Matrix34
		1	0	0
		0	0.965161	0.261656
		0	-0.261656	0.965161
		0	0.541427	-0.493089
	}
}
{Volume "sub_piece03"
	{Box 5.90552 8.34667 12.9044}
	{Bone "sub_piece03"}
	{Matrix34
		1	0	0
		0	0.845962	-0.533244
		0	0.533244	0.845962
		0	0.904556	-1.18616
	}
}
{Volume "sub_piece04"
	{Box 5.90552 9.05032 6.50811}
	{Bone "sub_piece04"}
	{Position 0	0	0}
}
{Volume "sub_piece05"
	{Box 8.56983 7.75772 13.7281}
	{Bone "sub_piece05"}
	{Matrix34
		0.85473	0	0.519073
		0	1	0
		-0.519073	0	0.85473
		-1.11501	6.10352e-005	-1.02724
	}
}
