;Exported by: JJ
;Date:        Fri Jun 15 12:09:22 2012
;File:        D:\^4VxC^0Control\3Dmodeli\takam.max
{Skeleton
	{animation
		{sequence "start"}
		{sequence "stop"}
		{sequence "fire"}
		{sequence "hit"}
		{sequence "open" {resume}}
	}
	{bone revolute "basis"
		{parameters "Wheelradius=0.4;"}
		{limits 0 0}
		{speed 0.001}
		{Orientation
			1	0	0
			0	-1	0
			0	0	1
		}
		{bone "wheelsl"
			{parameters "ID=trackleft;"}
			{Position 6.68722	18.2195	7.43943}
			{VolumeView "wheelsl.ply"}
			{bone revolute "wheell2"
				{parameters "ID=trackleft;"}
				{Matrix34
					-0.999858	-0.0168741	0
					0.000145187	-0.00860291	0.999963
					-0.0168735	0.999821	0.00860414
					14.7753	2.31399	9.22
				}
				{VolumeView "wheell2.ply"}
			}
			{bone revolute "wheell5"
				{parameters "ID=trackleft;"}
				{Matrix34
					-0.999858	-0.0168741	0
					0.000145187	-0.00860291	0.999963
					-0.0168735	0.999821	0.00860414
					-2.50032	2.31399	8.302
				}
				{VolumeView "wheell5.ply"}
			}
			{bone revolute "wheell7"
				{parameters "ID=trackleft;"}
				{Matrix34
					-0.999858	-0.0168741	0
					0.000145187	-0.00860291	0.999963
					-0.0168735	0.999821	0.00860414
					-18.9047	2.31399	7.36787
				}
				{VolumeView "wheell7.ply"}
			}
			{bone revolute "wheell8"
				{parameters "ID=trackleft;"}
				{Matrix34
					-0.999858	-0.0168741	0
					0.000145187	-0.00860291	0.999963
					-0.0168735	0.999821	0.00860414
					-26.4018	2.7541	-1.15449
				}
				{VolumeView "wheell8.ply"}
			}
			{bone revolute "wheell3"
				{parameters "ID=trackleft;"}
				{Matrix34
					-0.999858	-0.0168741	0
					0.000145187	-0.00860291	0.999963
					-0.0168735	0.999821	0.00860414
					20.4163	2.7541	-1.15449
				}
				{VolumeView "wheell3.ply"}
			}
			{bone revolute "wheell4"
				{parameters "ID=trackleft;"}
				{Matrix34
					-0.999858	-0.0168741	0
					0.000145187	-0.00860291	0.999963
					-0.0168735	0.999821	0.00860414
					4.4251	2.7541	-1.15449
				}
				{VolumeView "wheell4.ply"}
			}
			{bone revolute "wheell6"
				{parameters "ID=trackleft;"}
				{Matrix34
					-0.999858	-0.0168741	0
					0.000145187	-0.00860291	0.999963
					-0.0168735	0.999821	0.00860414
					-11.475	2.7541	-1.15449
				}
				{VolumeView "wheell6.ply"}
			}
			{bone "trackl"
				{parameters "ID=trackleft;"}
				{Position -2.456	2.22374	2.6418}
				{VolumeView "trackl.ply"}
			}
			{bone "fxtracel1"
				{Matrix34
					-0.705772	0.70844	0
					-0.70844	-0.705772	0
					0	0	1
					-11.4566	2.35576	-7.43943
				}
			}
			{bone "fxtracel2"
				{Matrix34
					-0.919509	0.00173462	0.393064
					-0.00188645	-0.999998	0
					0.393064	-0.000741498	0.919511
					-35.3621	2.35576	-4.21061
				}
			}
		}
		{bone "wheelsr"
			{parameters "ID=trackright;"}
			{Position 6.68724	-18.1098	7.43944}
			{VolumeView "wheelsr.ply"}
			{bone revolute "wheelr4"
				{parameters "ID=trackright;"}
				{Matrix34
					-0.999858	-0.0168741	0
					0.000145187	-0.00860291	0.999963
					-0.0168735	0.999821	0.00860414
					4.33635	-2.72674	-1.15446
				}
				{VolumeView "wheelr4.ply"}
			}
			{bone revolute "wheelr6"
				{parameters "ID=trackright;"}
				{Matrix34
					-0.999858	-0.0168741	0
					0.000145187	-0.00860291	0.999963
					-0.0168735	0.999821	0.00860414
					-11.4839	-2.72674	-1.15448
				}
				{VolumeView "wheelr6.ply"}
			}
			{bone revolute "wheelr8"
				{parameters "ID=trackright;"}
				{Matrix34
					-0.999858	-0.0168741	0
					0.000145187	-0.00860291	0.999963
					-0.0168735	0.999821	0.00860414
					-26.4084	-2.72674	-1.15446
				}
				{VolumeView "wheelr8.ply"}
			}
			{bone revolute "wheelr7"
				{parameters "ID=trackright;"}
				{Matrix34
					-0.999858	-0.0168741	0
					0.000145187	-0.00860291	0.999963
					-0.0168735	0.999821	0.00860414
					-18.8584	-2.27387	7.49794
				}
				{VolumeView "wheelr7.ply"}
			}
			{bone revolute "wheelr3"
				{parameters "ID=trackright;"}
				{Matrix34
					-0.999858	-0.0168741	0
					0.000145187	-0.00860291	0.999963
					-0.0168735	0.999821	0.00860414
					14.7723	-2.27387	9.22406
				}
				{VolumeView "wheelr3.ply"}
			}
			{bone revolute "wheelr5"
				{parameters "ID=trackright;"}
				{Matrix34
					-0.999858	-0.0168741	0
					0.000145187	-0.00860291	0.999963
					-0.0168735	0.999821	0.00860414
					-2.63681	-2.27388	8.39515
				}
				{VolumeView "wheelr5.ply"}
			}
			{bone revolute "wheelr2"
				{parameters "ID=trackright;"}
				{Matrix34
					-0.999858	-0.0168741	0
					0.000145187	-0.00860291	0.999963
					-0.0168735	0.999821	0.00860414
					20.4163	-2.72674	-1.15446
				}
				{VolumeView "wheelr2.ply"}
			}
			{bone "trackr"
				{parameters "ID=trackright;"}
				{Position -2.45603	-2.16836	2.64179}
				{VolumeView "trackr.ply"}
			}
			{bone "fxtracer2"
				{Matrix34
					-0.919509	0.00173462	0.393064
					-0.00188645	-0.999998	0
					0.393064	-0.000741498	0.919511
					-35.3621	-2.20845	-4.21062
				}
			}
			{bone "fxtracer1"
				{Matrix34
					-0.705772	0.70844	0
					-0.70844	-0.705772	0
					0	0	1
					-11.4566	-2.20845	-7.43944
				}
			}
		}
		{bone "body"
			{parameters "ID=body;"}
			{Position 3.85343	0.0541335	16.8115}
			{VolumeView "body.ply"}
			{bone revolute "turret"
				{parameters "ID=turret;"}
				{limits -15 15}
                        {speed 0.005}
				{Position 4.80023	0.257464	9.93293}
				{VolumeView "turret.ply"}
				{bone revolute "gun_rot"
					{parameters "ID=gun;"}
					{limits -13 13}
                              {speed 0.005}
					{Matrix34
						1	0	0
						0	0.00376291	0.999993
						0	-0.999993	0.00376291
						-9.04415	0.0576421	9.73058
					}
					{VolumeView "gun_rot.ply"}
					{bone "gun"
						{parameters "ID=gun;"}
						{Matrix34
							1	0	0
							0	0.00376291	-0.999993
							0	0.999993	0.00376291
							31.5993	0.333317	0.11049
						}
						{VolumeView "gun.ply"}
						{bone "foresight1"
							{Position 40.2232	0.207754	-0.770672}
						}
					}
				}
			}
			{bone "engine"
				{parameters "ID=engine;"}
				{Position -29.3786	-1.07003	5.55971}
				{VolumeView "engine.ply"}
			}
			{bone "cover1"
				{parameters "ID=body;"}
				{Matrix34
					0.411475	0	-0.911421
					0	1	0
					0.911421	0	0.411475
					19.5578	1.90567	9.25205
				}
				{VolumeView "cover1.ply"}
			}
			{bone "shieldr1"
				{parameters "ID=shieldr1;"}
				{Matrix34
					1	0	0
					0	0	1
					0	-1	0
					3.61814	-12.803	15.6394
				}
				{VolumeView "shieldr1.ply"}
			}
			{bone revolute "wheell1"
				{parameters "ID=trackleft;"}
				{Matrix34
					-0.999858	-0.0168741	0
					0.000145186	-0.00860291	0.999963
					-0.0168735	0.999821	0.00860414
					36.1283	21.493	-2.91177
				}
				{VolumeView "wheell1.ply"}
			}
			{bone revolute "wheell9"
				{parameters "ID=trackleft;"}
				{Matrix34
					-0.999858	-0.0168741	0
					0.000145186	-0.00860291	0.999963
					-0.0168735	0.999821	0.00860414
					-35.4209	20.9195	-5.6297
				}
				{VolumeView "wheell9.ply"}
			}
			{bone revolute "wheelr1"
				{parameters "ID=trackright;"}
				{Matrix34
					-0.999858	-0.0168741	0
					0.000145186	-0.00860291	0.999963
					-0.0168735	0.999821	0.00860414
					36.1283	-21.4924	-2.91177
				}
				{VolumeView "wheelr1.ply"}
			}
			{bone revolute "wheelr9"
				{parameters "ID=trackright;"}
				{Matrix34
					-0.999858	-0.0168741	0
					0.000145186	-0.00860291	0.999963
					-0.0168735	0.999821	0.00860414
					-35.4619	-20.8907	-5.66042
				}
				{VolumeView "wheelr9.ply"}
			}
			{bone "visor1"
				{Position 23.5073	1.92686	7.29979}
			}
			{bone "visor2"
				{Position 12.7448	6.3971	17.7594}
			}
			{bone "fxsmoke1"
				{Matrix34
					0	-1	0
					1	0	0
					0	0	1
					-39.9798	-19.1952	1.7893
				}
			}
			{bone "fxfire1"
				{Matrix34
					-0.153871	0	0.988091
					0	1	0
					-0.988091	0	-0.153871
					-26.9077	-7.67962	10.1991
				}
			}
			{bone "headlightl"
				{Position 20.5359	11.2471	8.62918}
			}
			{bone "gunner"
				{Matrix34
					0.516028	-0.856572	0
					0.856572	0.516028	0
					0	0	1
					-11.6353	10.1458	-2.58883
				}
			}
			{bone "commander"
				{Matrix34
					0.155766	0.987794	0
					-0.987794	0.155766	0
					0	0	1
					-10.8424	-11.2121	-2.58883
				}
			}
			{bone "shieldl1"
				{parameters "ID=shieldl1;"}
				{Matrix34
					1	0	0
					0	0	1
					0	-1	0
					3.43268	11.5596	15.6394
				}
				{VolumeView "shieldl1.ply"}
			}
		}
		{bone "emit1"
			{Position -47.8263	12.4327	1.61222}
		}
		{bone "emit2"
			{Position -47.8263	-9.42592	1.61222}
		}
		{bone "emit0"
			{Matrix34
				0	-1	0
				1	0	0
				0	0	1
				-12.8172	38.1374	1.61222
			}
		}
	}
}
{Volume "body"
	{Polyhedron "body.vol"}
	{Bone "body"}
	{Position 1.15897	0.093439	-0.226931}
}
{Volume "crew"
	{Box 13.6206 16.114 18.6957}
	{Bone "body"}
	{Matrix34
		0.971794	0	0
		0	0.971794	0
		0	0	0.971794
		5.84254	-0.267156	0.0898542
	}
}
{Volume "engine"
	{Polyhedron "engine.vol"}
	{Bone "engine"}
	{Position 1.0868	0.263807	-5.49376}
}
{Volume "gun"
	{Polyhedron "gun.vol"}
	{Bone "gun"}
	{Matrix34
		0	1	0
		0	0	1
		1	0	0
		0.241138	0.126302	-0.979115
	}
}
{Volume "inventory"
	{Box 9.41606 21.1345 7.20397}
	{Bone "body"}
	{Matrix34
		0.971794	0	0
		0	0.971794	0
		0	0	0.971794
		-13.0851	-5.55575	-1.27441
	}
}
{Volume "shieldl1"
	{Polyhedron "shieldl1.vol"}
	{Bone "shieldl1"}
	{Matrix34
		1	0	0
		0	0	-1
		0	1	0
		-4.18866	0.0574875	-0.102484
	}
}
{Volume "shieldr1"
	{Polyhedron "shieldr1.vol"}
	{Bone "shieldr1"}
	{Matrix34
		1	0	0
		0	0	1
		0	1	0
		-4.15195	0.0574837	0.0506258
	}
}
{Volume "trackleft"
	{Polyhedron "trackleft.vol"}
	{Bone "trackl"}
	{Position 1.74746	0.0861244	-10.0812}
}
{Volume "trackright"
	{Polyhedron "trackright.vol"}
	{Bone "trackr"}
	{Position 1.74748	-0.0861473	-10.0812}
}
