;Exported by: vic
;Date:        Fri Aug 19 17:06:31 2005
;File:        D:\Obmen\SS\house_euro_117a_v_fix_x.max
{Skeleton
	{bone "117a_f2w2_x"
		{Orientation
			1	0	0
			0	-1	0
			0	0	1
		}
		{bone "piece1"
			{Matrix34
				0	-0.984808	0.173648
				0	0.173648	0.984808
				-1	0	0
				-13.8441	-1.54967	-18.2117
			}
			{VolumeView "piece1.ply"}
		}
		{bone "piece0"
			{Matrix34
				0	-1	0
				0	0	1
				-1	0	0
				-13.8441	3.4673	19.8367
			}
			{VolumeView "piece0.ply"}
		}
		{bone "sub_piece0"
			{Matrix34
				0	-0.965926	0.258819
				0	0.258819	0.965926
				-1	0	0
				-13.8441	-4.04604	0.884659
			}
			{VolumeView "sub_piece0.ply"}
		}
		{bone "sub_piece1"
			{Matrix34
				0	-1	0
				0	0	1
				-1	0	0
				-13.8441	13.1431	1.70222
			}
			{VolumeView "sub_piece1.ply"}
		}
		{bone "piece2"
			{Position 1.85691	-12.2247	-23.9723}
			{VolumeView "piece2.ply"}
		}
		{bone "sub_piece2"
			{Position 5.60905	8.69772	-23.9723}
			{VolumeView "sub_piece2.ply"}
		}
	}
}
{Volume "sub_piece2"
	{Box 19.4239 3.93701 9.29514}
	{Bone "sub_piece2"}
	{Matrix34
		0.999963	-0.00859155	0
		0	0	1
		-0.00859155	-0.999963	0
		1.13343	1.12541	0.0590215
	}
}
{Volume "piece2"
	{Box 19.4239 3.93701 18.5903}
	{Bone "piece2"}
	{Matrix34
		0.0871556	-0.996195	0
		0	0	1
		-0.996195	-0.0871556	0
		0.348096	1.16838	0.0590207
	}
}
{Volume "sub_piece1"
	{Box 12.0997 7.87402 15.6156}
	{Bone "sub_piece1"}
	{Matrix34
		0.998843	0.0480781	0
		0	0	-1
		-0.0480781	0.998843	0
		0.284125	-0.419217	-0.0180507
	}
}
{Volume "sub_piece0"
	{Box 12.0997 7.87402 13.9425}
	{Bone "sub_piece0"}
	{Matrix34
		0.979738	-0.200284	0
		0	0	-1
		0.200284	0.979738	0
		-0.51998	-0.249072	-0.0180528
	}
}
{Volume "piece0"
	{Box 21.6065 7.87402 13.151}
	{Bone "piece0"}
	{Matrix34
		0.996195	0.0871557	0
		0	0	-1
		-0.0871557	0.996195	0
		1.30974	-0.384323	-0.0180489
	}
}
{Volume "piece1"
	{Box 26.9822 7.87402 14.3663}
	{Bone "piece1"}
	{Matrix34
		0.994133	-0.108166	0
		0	0	-1
		0.108166	0.994133	0
		0.0403542	0.538787	-0.018051
	}
}
