;Exported by: sana
;Date:        Sat Jan 28 14:50:42 2006
;File:        D:\-Project-\-3DWork-\Entourage\house_euro_110\house_euro_110_x.max
{Skeleton
	{bone "110n_corner12"
		{Orientation
			1	0	0
			0	-1	0
			0	0	1
		}
		{bone "piece3"
			{Position 10.1354	-23.8204	134.849}
			{VolumeView "piece3.ply"}
			{bone "sub_piece3"
				{Position 0.0633698	-49.3019	-0.0396881}
				{VolumeView "sub_piece3.ply"}
			}
		}
		{bone "piece6"
			{Position -28.8769	-31.6977	136.628}
			{VolumeView "piece6.ply"}
		}
		{bone "piece5"
			{Position 12.0938	-31.0178	132.152}
			{VolumeView "piece5.ply"}
		}
		{bone "piece0"
			{Position -14.9856	4.56531	155.445}
			{VolumeView "piece0.ply"}
			{bone "sub_piece0"
				{Position -4.37459	0	-15.6591}
				{VolumeView "sub_piece0.ply"}
			}
		}
		{bone "piece1"
			{Position 21.0551	4.56531	127.109}
			{VolumeView "piece1.ply"}
			{bone "sub_piece1"
				{Position -9.79312	0	7.05903}
				{VolumeView "sub_piece1.ply"}
			}
		}
		{bone "piece2"
			{Position -1.91149	4.56531	117.267}
			{VolumeView "piece2.ply"}
		}
		{bone "piece4"
			{Position -25.581	-36.6804	140.915}
			{VolumeView "piece4.ply"}
		}
	}
}
{Volume "piece0"
	{Box 25.4522 7.87402 18.8903}
	{Bone "piece0"}
	{Position 0	0	0}
}
{Volume "piece1"
	{Box 18.3196 7.87402 19.8348}
	{Bone "piece1"}
	{Matrix34
		0.507919	0	0.861405
		0	1	0
		-0.861405	0	0.507919
		0.202865	0	-2.34607
	}
}
{Volume "piece2"
	{Box 21.5747 7.87402 22.0718}
	{Bone "piece2"}
	{Position 0	0	0}
}
{Volume "piece3"
	{Box 53.5399 51.7512 3.93701}
	{Bone "piece3"}
	{Matrix34
		0.85355	0	-0.521011
		0	1	0
		0.521011	0	0.85355
		-0.00741924	0	1.64285
	}
}
{Volume "piece4"
	{Box 29.7891 68.9494 3.93701}
	{Bone "piece4"}
	{Matrix34
		0.848226	0	0.529634
		0	1	0
		-0.529634	0	0.848226
		0.993815	2.44299	1.50175
	}
}
{Volume "piece5"
	{Box 55.5537 3.40955 3.93701}
	{Bone "piece5"}
	{Matrix34
		0.84672	0	-0.532038
		0	1	0
		0.532038	0	0.84672
		-0.350306	0	0.154071
	}
}
{Volume "piece6"
	{Box 36.4659 3.40956 3.93701}
	{Bone "piece6"}
	{Matrix34
		0.846693	0	0.532082
		0	1	0
		-0.532082	0	0.846693
		-0.187119	0	-0.111053
	}
}
{Volume "sub_piece0"
	{Box 19.242 7.87402 15.4582}
	{Bone "sub_piece0"}
	{Matrix34
		0.991224	0	0.132195
		0	1	0
		-0.132195	0	0.991224
		0.864923	0	-0.189664
	}
}
{Volume "sub_piece1"
	{Box 11.7239 7.87402 13.9788}
	{Bone "sub_piece1"}
	{Matrix34
		0.798523	0	-0.601964
		0	1	0
		0.601964	0	0.798523
		-1.85421	0	0.517761
	}
}
{Volume "sub_piece3"
	{Box 44.5585 47.2416 3.93701}
	{Bone "sub_piece3"}
	{Matrix34
		0.851276	0	-0.524718
		0	1	0
		0.524718	0	0.851276
		-4.02667	0	4.04139
	}
}
