;Exported by: sana
;Date:        Thu Mar 22 14:28:42 2007
;File:        D:\-Project-\-3DWork-\Entourage\SelSovet\SelSovet_cut2_x.max
{Skeleton
	{bone "sels_wall2_19_x"
		{Orientation
			1	0	0
			0	-1	0
			0	0	1
		}
		{bone "piece08"
			{Position 53.814	4.76405	7.38972}
			{VolumeView "piece08.ply"}
		}
		{bone "piece04"
			{Position -26.4902	26.3797	-4.61003}
			{VolumeView "piece04.ply"}
			{bone "sub_piece04"
				{Position 0.115326	-14.1157	7.39667}
				{VolumeView "sub_piece04.ply"}
			}
		}
		{bone "piece02"
			{Position -26.7105	1.06262	-6.03754}
			{VolumeView "piece02.ply"}
		}
		{bone "piece03"
			{Position -26.4878	-15.0631	15.9737}
			{VolumeView "piece03.ply"}
			{bone "sub_piece03"
				{Position -0.165466	0.899483	-9.6263}
				{VolumeView "sub_piece03.ply"}
			}
		}
		{bone "piece06"
			{Position 3.5862	5.91335	11.732}
			{VolumeView "piece06.ply"}
			{bone "sub_piece06"
				{Position -5.27515	-34.1078	7.49024}
				{VolumeView "sub_piece06.ply"}
			}
		}
		{bone "piece01"
			{Position 43.0577	1.48635	12.7034}
			{VolumeView "piece01.ply"}
			{bone "sub_piece01"
				{Position 0.217049	-29.9985	6.24603}
				{VolumeView "sub_piece01.ply"}
			}
		}
		{bone "piece05"
			{Position 26.9817	-18.505	11.6874}
			{VolumeView "piece05.ply"}
		}
	}
}
{Volume "piece01"
	{Box 40.6961 39.4463 2.76812}
	{Bone "piece01"}
	{Matrix34
		1	0	0
		0	0.871754	-0.489944
		0	0.489944	0.871754
		0	-3.2166	3.19605
	}
}
{Volume "piece02"
	{Box 8.51469 15.0153 15.5489}
	{Bone "piece02"}
	{Matrix34
		1	0	0
		0	0.924545	-0.381073
		0	0.381073	0.924545
		0	0.529723	-0.59328
	}
}
{Volume "piece03"
	{Box 8.95335 19.7099 15.0923}
	{Bone "piece03"}
	{Matrix34
		1	0	0
		0	0.872074	0.489375
		0	-0.489375	0.872074
		0	0.777803	0.418849
	}
}
{Volume "piece04"
	{Box 8.95804 22.5775 14.2605}
	{Bone "piece04"}
	{Matrix34
		1	0	0
		0	0.864913	-0.501922
		0	0.501922	0.864913
		0	-1.71236	-1.55554
	}
}
{Volume "piece05"
	{Box 79.7211 3.0731 3.03205}
	{Bone "piece05"}
	{Matrix34
		0.997832	0	-0.0658106
		0	1	0
		0.0658106	0	0.997832
		-0.162746	0	0.0305638
	}
}
{Volume "piece06"
	{Box 47.6345 48.3003 2.1686}
	{Bone "piece06"}
	{Matrix34
		1	0	0
		0	0.8725	-0.488615
		0	0.488615	0.8725
		0	-4.92794	2.50825
	}
}
{Volume "piece08"
	{Box 8.82254 9.7078 5.34814}
	{Bone "piece08"}
}
{Volume "sub_piece01"
	{Box 39.1892 20.5507 1.41259}
	{Bone "sub_piece01"}
	{Matrix34
		1	0	0
		0	0.864593	0.502473
		0	-0.502473	0.864593
		0	0.877127	0.575875
	}
}
{Volume "sub_piece03"
	{Box 8.62231 14.9206 8.06811}
	{Bone "sub_piece03"}
	{Matrix34
		1	0	0
		0	0.948718	0.316123
		0	-0.316123	0.948718
		0	0.954868	-1.10247
	}
}
{Volume "sub_piece04"
	{Box 8.72737 10.378 9.31116}
	{Bone "sub_piece04"}
	{Matrix34
		1	0	0
		0	0.842814	-0.538205
		0	0.538205	0.842814
		0	-0.914627	0.980674
	}
}
{Volume "sub_piece06"
	{Box 40.1141 19.9152 1.82521}
	{Bone "sub_piece06"}
	{Matrix34
		1	0	0
		0	0.869368	0.494165
		0	-0.494165	0.869368
		0	1.11927	0.767803
	}
}
