;Exported by: sana
;Date:        Mon May 08 10:36:00 2006
;File:        D:\-Project-\-3DWork-\Entourage\e-house3a\farm_construction_x.max
{Skeleton
	{bone "rabbit_house_x"
		{Orientation
			1	0	0
			0	-1	0
			0	0	1
		}
		{bone "piece00"
			{Position -15.6975	11.2933	16.7434}
			{VolumeView "piece00.ply"}
			{bone "sub_piece00"
				{Position 3.7341e-005	1.46136	-3.22074}
				{VolumeView "sub_piece00.ply"}
			}
		}
		{bone "piece01"
			{Position -15.6975	7.18908	10.0777}
			{VolumeView "piece01.ply"}
			{bone "sub_piece01"
				{Position -0.0946268	-1.25428	-3.81007}
				{VolumeView "sub_piece01.ply"}
			}
		}
		{bone "piece02"
			{Position -15.6975	-1.39771	14.6768}
			{VolumeView "piece02.ply"}
			{bone "sub_piece02"
				{Position -0.0946283	0.396232	1.40867}
				{VolumeView "sub_piece02.ply"}
			}
		}
		{bone "piece03"
			{Position -15.792	0.603873	7.02919}
			{VolumeView "piece03.ply"}
		}
		{bone "piece04"
			{Position -15.6975	-6.46253	9.02986}
			{VolumeView "piece04.ply"}
			{bone "sub_piece04"
				{Position -0.0946267	1.48852	-4.44993}
				{VolumeView "sub_piece04.ply"}
			}
		}
		{bone "piece05"
			{Matrix34
				1	0	0
				0	0.737057	-0.675831
				0	0.675831	0.737057
				15.9258	-3.68675	14.1867
			}
			{VolumeView "piece05.ply"}
			{bone "sub_piece05"
				{Position -0.0946779	0.396219	1.40867}
				{VolumeView "sub_piece05.ply"}
			}
		}
		{bone "piece06"
			{Matrix34
				1	0	0
				0	0.311517	-0.95024
				0	0.95024	0.311517
				15.9562	4.47124	11.0973
			}
			{VolumeView "piece06.ply"}
			{bone "sub_piece06"
				{Position -0.0946775	1.48848	-4.45004}
				{VolumeView "sub_piece06.ply"}
			}
		}
		{bone "piece07"
			{Matrix34
				1	0	0
				0	0.782482	0.622673
				0	-0.622673	0.782482
				15.8965	11.7757	14.9598
			}
			{VolumeView "piece07.ply"}
			{bone "sub_piece07"
				{Position -1.22398e-005	1.46132	-3.22074}
				{VolumeView "sub_piece07.ply"}
			}
		}
		{bone "piece08"
			{Matrix34
				1	0	0
				0	0.460994	0.887403
				0	-0.887403	0.460994
				15.8583	-8.86604	9.92125
			}
			{VolumeView "piece08.ply"}
		}
		{bone "piece09"
			{Matrix34
				0	-0.156912	-0.987613
				1	0	0
				0	-0.987613	0.156912
				-9.30554	6.61325	24.8323
			}
			{VolumeView "piece09.ply"}
		}
		{bone "piece10"
			{Matrix34
				-0.0105164	-0.162573	-0.986641
				-0.953633	0.298434	-0.0390096
				0.300789	0.940483	-0.158173
				7.63965	6.61319	25.0113
			}
			{VolumeView "piece10.ply"}
			{bone "sub_piece10"
				{Position 0.125287	5.81666	-2.92317}
				{VolumeView "sub_piece10.ply"}
			}
		}
	}
}
{Volume "piece00"
	{Box 1.96851 4.25848 10.4206}
	{Bone "piece00"}
	{Matrix34
		1	0	0
		0	0.975737	-0.218946
		0	0.218946	0.975737
		0	-0.310749	0.42629
	}
}
{Volume "piece01"
	{Box 1.96851 4.42438 12.691}
	{Bone "piece01"}
	{Position 0	0	0}
}
{Volume "piece02"
	{Box 1.96851 9.95486 3.20186}
	{Bone "piece02"}
	{Matrix34
		1	0	0
		0	0.889721	-0.456504
		0	0.456504	0.889721
		0	0.0802447	-0.199497
	}
}
{Volume "piece03"
	{Box 1.96851 2.34637 8.47992}
	{Bone "piece03"}
	{Position 0	0	0}
}
{Volume "piece04"
	{Box 1.96851 3.85255 9.80817}
	{Bone "piece04"}
	{Matrix34
		1	0	0
		0	0.645522	0.763742
		0	-0.763742	0.645522
		0	-0.56094	-0.711976
	}
}
{Volume "piece05"
	{Box 1.96851 9.95486 3.27638}
	{Bone "piece05"}
	{Matrix34
		1	0	0
		0	0.880504	-0.474038
		0	0.474038	0.880504
		0	-0.276375	0.0727722
	}
}
{Volume "piece06"
	{Box 1.96851 3.77238 9.71735}
	{Bone "piece06"}
	{Matrix34
		1	0	0
		0	0.658072	0.752955
		0	-0.752955	0.658072
		0	-0.614191	-0.591085
	}
}
{Volume "piece07"
	{Box 1.96851 4.3536 10.4206}
	{Bone "piece07"}
	{Matrix34
		1	0	0
		0	0.974488	-0.224437
		0	0.224437	0.974488
		0	-0.35078	0.13169
	}
}
{Volume "piece08"
	{Box 1.96851 2.34637 8.47992}
	{Bone "piece08"}
	{Position 0	0	1.12311e-005}
}
{Volume "piece09"
	{Box 1.43448 9.51247 19.9518}
	{Bone "piece09"}
	{Matrix34
		0.999934	0.010098	-0.00554767
		-0.0112036	0.96454	-0.263698
		0.00268816	0.263742	0.964589
		-0.503632	-0.065684	0.926102
	}
}
{Volume "piece10"
	{Box 1.34898 9.46106 19.9449}
	{Bone "piece10"}
	{Matrix34
		0.999962	-0.00672182	0.00559895
		0.00799929	0.961657	-0.274138
		-0.00354165	0.274173	0.961674
		-0.39986	-0.141297	0.268792
	}
}
{Volume "sub_piece00"
	{Box 1.96851 2.22664 8.0948}
	{Bone "sub_piece00"}
	{Matrix34
		1	0	0
		0	0.973986	-0.226609
		0	0.226609	0.973986
		0	0.493169	-0.190123
	}
}
{Volume "sub_piece01"
	{Box 1.96851 2.20103 7.61999}
	{Bone "sub_piece01"}
	{Matrix34
		1	0	0
		0	0.909758	0.41514
		0	-0.41514	0.909758
		0	-0.390607	-0.0694953
	}
}
{Volume "sub_piece02"
	{Box 1.96851 5.63956 2.05082}
	{Bone "sub_piece02"}
	{Matrix34
		1	0	0
		0	0.900451	-0.434958
		0	0.434958	0.900451
		0	0.591454	0.127966
	}
}
{Volume "sub_piece04"
	{Box 1.96851 6.83334 1.67688}
	{Bone "sub_piece04"}
	{Matrix34
		1	0	0
		0	0.927278	-0.374373
		0	0.374373	0.927278
		0	-0.284162	-0.270339
	}
}
{Volume "sub_piece05"
	{Box 1.96851 5.63956 3.86948}
	{Bone "sub_piece05"}
	{Position 0	0	6.89603e-005}
}
{Volume "sub_piece06"
	{Box 1.96851 6.83334 1.6333}
	{Bone "sub_piece06"}
	{Matrix34
		1	0	0
		0	0.927567	-0.373655
		0	0.373655	0.927567
		0	-0.144659	-0.307067
	}
}
{Volume "sub_piece07"
	{Box 1.96851 2.25891 8.17574}
	{Bone "sub_piece07"}
	{Matrix34
		1	0	0
		0	0.96825	-0.249984
		0	0.249984	0.96825
		0	0.487782	-0.424626
	}
}
{Volume "sub_piece10"
	{Box 1.62037 5.483 18.1942}
	{Bone "sub_piece10"}
	{Matrix34
		0.999972	-0.00525181	0.00531896
		0.00683382	0.930643	-0.365865
		-0.00302885	0.365891	0.930653
		-0.36923	0.942984	1.12556
	}
}
