;Exported by: sasha
;Date:        Thu Feb 28 10:56:07 2008
;File:        D:\-Project-\-3D-\africa\africabuilds\b1_v2_X_v1.max
{Skeleton
	{bone "n1_af_uc4_x"
		{Orientation
			1	0	0
			0	-1	0
			0	0	1
		}
		{bone "piece0"
			{Matrix34
				0.973604	0	-0.228244
				0	1	0
				0.228244	0	0.973604
				-3.51414	21.4575	32.3875
			}
			{VolumeView "piece0.ply"}
			{bone "sub_piece0"
				{Position 1.58197	-7.94509	0}
				{VolumeView "sub_piece0.ply"}
			}
		}
		{bone "piece1"
			{Matrix34
				0.969875	0	-0.243604
				0	1	0
				0.243604	0	0.969875
				-6.23788	1.70576	35.3441
			}
			{VolumeView "piece1.ply"}
		}
		{bone "piece2"
			{Matrix34
				1	0	0
				0	0	1
				0	-1	0
				-4.39879	-9.27007	11.1556
			}
			{VolumeView "piece2.ply"}
			{bone "sub_piece2"
				{Position -8.02545	-0.976067	1.52588e-005}
				{VolumeView "sub_piece2.ply"}
			}
		}
		{bone "piece3"
			{Matrix34
				0.969875	0	-0.243604
				0	1	0
				0.243604	0	0.969875
				-5.56218	-8.96007	35.0064
			}
			{VolumeView "piece3.ply"}
		}
		{bone "piece4"
			{Matrix34
				1	0	0
				0	0	1
				0	-1	0
				-17.3046	-9.27007	25.3085
			}
			{VolumeView "piece4.ply"}
			{bone "sub_piece4"
				{Position 11.3874	-1.0303	0}
				{VolumeView "sub_piece4.ply"}
			}
		}
		{bone "piece5"
			{Matrix34
				1	0	0
				0	0	1
				0	-1	0
				5.33783	0.0441666	13.8779
			}
			{VolumeView "piece5.ply"}
			{bone "sub_piece5"
				{Position 0	9.05671	-0.0514431}
				{VolumeView "sub_piece5.ply"}
			}
		}
		{bone "piece6"
			{Matrix34
				1	0	0
				0	0	1
				0	-1	0
				5.33783	0.0240021	4.15298
			}
			{VolumeView "piece6.ply"}
		}
		{bone "piece7"
			{Matrix34
				1	0	0
				0	0	1
				0	-1	0
				5.33783	11.6314	7.97358
			}
			{VolumeView "piece7.ply"}
			{bone "sub_piece7"
				{Position 0	4.46351	-1.9464}
				{VolumeView "sub_piece7.ply"}
			}
		}
		{bone "piece8"
			{Position 5.13089	7.05051	30.7306}
			{VolumeView "piece8.ply"}
			{bone "sub_piece8"
				{Matrix34
					0.969875	0	-0.243604
					0	1	0
					0.243604	0	0.969875
					-4.71906	6.29502	2.77527
				}
				{VolumeView "sub_piece8.ply"}
			}
		}
		{bone "piece9"
			{Matrix34
				1	0	0
				0	0	1
				0	-1	0
				5.33783	20.782	22.523
			}
			{VolumeView "piece9.ply"}
			{bone "sub_piece9"
				{Position 0	0.360214	8.28484}
				{VolumeView "sub_piece9.ply"}
			}
		}
		{bone "piece10"
			{Matrix34
				0.973604	0	-0.228244
				0	1	0
				0.228244	0	0.973604
				-13.577	1.31358	34.7466
			}
			{VolumeView "piece10.ply"}
			{bone "sub_piece10"
				{Position 7.69901	3.19913	1.52588e-005}
				{VolumeView "sub_piece10.ply"}
			}
		}
	}
}
{Volume "piece0"
	{Box 9.84348 10.7575 2.95276}
	{Bone "piece0"}
}
{Volume "piece10"
	{Box 13.7809 10.8278 2.95276}
	{Bone "piece10"}
}
{Volume "piece1"
	{Box 36.301 10.0244 1.1478}
	{Bone "piece1"}
	{Position -1.14441e-005	0	0}
}
{Volume "piece2"
	{Box 10.6283 13.2311 5.90551}
	{Bone "piece2"}
	{Position 0	0	0}
}
{Volume "piece3"
	{Box 34.8257 9.92647 0.821907}
	{Bone "piece3"}
	{Position 0	0	0}
}
{Volume "piece4"
	{Box 11.9297 13.3396 5.90551}
	{Bone "piece4"}
	{Position 0	0	0}
}
{Volume "piece5"
	{Box 5.90551 11.5267 10.8063}
	{Bone "piece5"}
	{Position 0	0	0}
}
{Volume "piece6"
	{Box 5.90551 8.00507 9.96995}
	{Bone "piece6"}
	{Position 0	0	0}
}
{Volume "piece7"
	{Box 5.90551 8.07784 10.7705}
	{Bone "piece7"}
	{Position 0	0	0}
}
{Volume "piece8"
	{Box 3.05259 48.5474 3.25597}
	{Bone "piece8"}
	{Position 0	0	0}
}
{Volume "piece9"
	{Box 5.90551 11.3209 11.3209}
	{Bone "piece9"}
	{Position 0	0	0}
}
{Volume "sub_piece0"
	{Box 8.64819 7.24199 2.95276}
	{Bone "sub_piece0"}
}
{Volume "sub_piece10"
	{Box 11.1794 11.1794 2.95276}
	{Bone "sub_piece10"}
	{Position 0	0	0}
}
{Volume "sub_piece2"
	{Box 10.1945 10.4114 5.90551}
	{Bone "sub_piece2"}
	{Position 0	0	0}
}
{Volume "sub_piece4"
	{Box 14.0988 9.97758 5.90551}
	{Bone "sub_piece4"}
	{Position 0	0	0}
}
{Volume "sub_piece5"
	{Box 5.90551 10.9092 10.4975}
	{Bone "sub_piece5"}
	{Position 0	0	0}
}
{Volume "sub_piece7"
	{Box 5.90551 8.02753 10.2917}
	{Bone "sub_piece7"}
	{Position 0	0	0}
}
{Volume "sub_piece8"
	{Box 25.1174 9.46156 0.821907}
	{Bone "sub_piece8"}
	{Position 0	0	0}
}
{Volume "sub_piece9"
	{Box 5.90551 9.98296 9.77713}
	{Bone "sub_piece9"}
	{Position 0	0	0}
}
