;Exported by: sana
;Date:        Wed Apr 25 13:48:10 2007
;File:        D:\-Project-\-3DWork-\Entourage\School_Ru\School_ru_cut3a_x.max
{Skeleton
	{bone "school_ru_wall2_31_x"
		{Orientation
			1	0	0
			0	-1	0
			0	0	1
		}
		{bone "piece01"
			{Position 12.5803	-26.8183	16.0649}
			{VolumeView "piece01.ply"}
		}
		{bone "piece02"
			{Matrix34
				0.902065	0	0.4316
				0	1	0
				-0.4316	0	0.902065
				7.10352	-26.1537	-18.4901
			}
			{VolumeView "piece02.ply"}
		}
		{bone "piece03"
			{Position 14.3252	-1.12471	8.51993}
			{VolumeView "piece03.ply"}
			{bone "sub_piece03"
				{Position 0	9.21803	-0.015358}
				{VolumeView "sub_piece03.ply"}
			}
		}
		{bone "piece04"
			{Position 14.3252	-12.7846	31.3684}
			{VolumeView "piece04.ply"}
		}
		{bone "piece05"
			{Position 14.3252	16.54	23.4704}
			{VolumeView "piece05.ply"}
			{bone "sub_piece05"
				{Position 0	-10.5423	-0.700272}
				{VolumeView "sub_piece05.ply"}
			}
		}
		{bone "piece06"
			{Position -12.7047	-19.2843	31.1585}
			{VolumeView "piece06.ply"}
			{bone "sub_piece06"
				{Position 3.6825	0	-8.22412}
				{VolumeView "sub_piece06.ply"}
			}
		}
		{bone "piece07"
			{Position 0.893433	-19.2843	11.0524}
			{VolumeView "piece07.ply"}
		}
		{bone "piece08"
			{Matrix34
				0.917352	0.398078	0
				-0.398078	0.917352	0
				0	0	1
				-9.87344	15.9236	39.0039
			}
			{VolumeView "piece08.ply"}
		}
		{bone "piece09"
			{Position 4.0871	-12.8701	42.22}
			{VolumeView "piece09.ply"}
			{bone "sub_piece09"
				{Position -5.21136	16.9873	5.73148}
				{VolumeView "sub_piece09.ply"}
			}
		}
		{bone "piece10"
			{Position -7.37158	25.4639	51.9319}
			{VolumeView "piece10.ply"}
		}
		{bone "piece11"
			{Position 14.6306	9.09816	44.6236}
			{VolumeView "piece11.ply"}
		}
	}
}
{Volume "piece01"
	{Box 7.38586 5.77077 35.6837}
	{Bone "piece01"}
	{Matrix34
		0.95736	0	-0.288897
		0.0213276	0.997271	0.0706762
		0.288109	-0.0738241	0.954748
		-2.55823	1.80927	2.23238
	}
}
{Volume "piece02"
	{Box 3.8183 5.93485 39.2629}
	{Bone "piece02"}
	{Position -3.05176e-005	2.07673	0}
}
{Volume "piece03"
	{Box 3.50089 18.4056 12.267}
	{Bone "piece03"}
	{Matrix34
		1	0	0
		0	0.927995	0.372594
		0	-0.372594	0.927995
		0	-0.73045	0.757537
	}
}
{Volume "piece04"
	{Box 3.50085 13.0631 11.2261}
	{Bone "piece04"}
	{Position 0	0	0.583209}
}
{Volume "piece05"
	{Box 3.50089 15.0544 17.0966}
	{Bone "piece05"}
	{Matrix34
		1	0	0
		0	0.961446	-0.274994
		0	0.274994	0.961446
		0	-0.928429	-0.48536
	}
}
{Volume "piece06"
	{Box 16.3998 3.83698 11.6039}
	{Bone "piece06"}
	{Position 0	0	0.775717}
}
{Volume "piece07"
	{Box 12.656 3.83698 14.0949}
	{Bone "piece07"}
	{Matrix34
		0.954115	0	-0.299441
		0	1	0
		0.299441	0	0.954115
		0.0939729	0	1.65227
	}
}
{Volume "piece08"
	{Box 36.2968 3.26791 3.09739}
	{Bone "piece08"}
	{Position 0	0	0}
}
{Volume "piece09"
	{Box 30.3706 22.9858 1.31566}
	{Bone "piece09"}
	{Matrix34
		1	0	0
		0	0.962101	0.272694
		0	-0.272694	0.962101
		-2.97061	-0.623489	-0.115119
	}
}
{Volume "piece10"
	{Box 37.104 22.3247 4.31895}
	{Bone "piece10"}
	{Matrix34
		0.96671	0	-0.255874
		0	1	0
		0.255874	0	0.96671
		2.27394	0	1.90469
	}
}
{Volume "piece11"
	{Box 17.9023 33.1775 1.87643}
	{Bone "piece11"}
	{Matrix34
		0.829712	0	-0.558191
		0	1	0
		0.558191	0	0.829712
		1.73241	0	-1.10345
	}
}
{Volume "sub_piece03"
	{Box 3.50089 9.53715 7.29163}
	{Bone "sub_piece03"}
	{Position 0	0.31237	0}
}
{Volume "sub_piece05"
	{Box 3.50085 8.93271 12.3108}
	{Bone "sub_piece05"}
	{Matrix34
		1	0	0
		0	0.947202	0.320638
		0	-0.320638	0.947202
		0	0	0
	}
}
{Volume "sub_piece06"
	{Box 11.218 3.83698 10.8023}
	{Bone "sub_piece06"}
	{Matrix34
		0.99539	0	0.0959152
		0	1	0
		-0.0959152	0	0.99539
		-0.322604	0	-0.0283083
	}
}
{Volume "sub_piece09"
	{Box 24.1943 23.965 1.62805}
	{Bone "sub_piece09"}
	{Matrix34
		1	0	0
		0	0.954801	0.297247
		0	-0.297247	0.954801
		0	-0.350641	-0.410003
	}
}
