;Exported by: shevchenko
;Date:        Thu May 18 12:19:40 2006
;File:        D:\-Projects1_5-\-3DWork-\nadolbi_x.max
{Skeleton
	{bone "dot_element_omaha"
		{Orientation
			1	0	0
			0	-1	0
			0	0	1
		}
		{VolumeView "dot_element_omaha.ply"}
		{bone "piece0"
			{VolumeView "piece0.ply"}
		}
		{bone "piece1"
			{Position 5.59178	5.76665	16.857}
			{VolumeView "piece1.ply"}
		}
		{bone "piece2"
			{Position -5.89711	-3.33432	16.9178}
			{VolumeView "piece2.ply"}
		}
		{bone "piece3"
			{Position 6.2862	-6.67434	16.1223}
			{VolumeView "piece3.ply"}
		}
	}
}
{Volume "piece0"
	{Box 3.93701 3.93701 25.0787}
	{Bone "piece0"}
	{Matrix34
		0.707107	0.707107	0
		-0.612372	0.612372	0.5
		0.353553	-0.353553	0.866026
		-8.23901	7.99735	10.7422
	}
}
{Volume "piece1"
	{Box 3.93701 3.93701 24.5551}
	{Bone "piece1"}
	{Matrix34
		0.707107	-0.707106	0
		0.612373	0.612372	0.5
		-0.353553	-0.353553	0.866025
		-0.166221	-0.488317	0.545439
	}
}
{Volume "piece2"
	{Box 3.93701 3.93701 27.5591}
	{Bone "piece2"}
	{Matrix34
		-0.707106	0.707107	0
		-0.612373	-0.612372	0.5
		0.353554	0.353553	0.866025
		-0.168557	-2.48008	-0.387956
	}
}
{Volume "piece3"
	{Box 3.93701 3.93701 27.5591}
	{Bone "piece3"}
	{Matrix34
		-0.707106	-0.707107	0
		0.612372	-0.612373	0.5
		-0.353553	0.353553	0.866025
		-0.504387	0.859949	0.407527
	}
}
