;Exported by: sana
;Date:        Wed May 02 12:53:07 2007
;File:        D:\-Project-\-3DWork-\Entourage\rus_church\church_cut03.max
{Skeleton
	{bone "rusch_d5"
		{Orientation
			1	0	0
			0	-1	0
			0	0	1
		}
		{VolumeView "rusch_d5.ply"}
	}
}
{Volume "body1"
	{Box 8.99649 30.1338 36.4851}
	{Bone "rusch_d5"}
	{Matrix34
		0.438543	-0.89871	0
		0.89871	0.438543	0
		0	0	1
		-4.84017	18.7458	-10.5242
	}
}
{Volume "body2"
	{Box 8.99649 30.1338 18.7508}
	{Bone "rusch_d5"}
	{Matrix34
		0.782323	-0.622873	0
		0.622873	0.782323	0
		0	0	1
		-23.5241	4.13956	-3.30112
	}
}
{Volume "body"
	{Box 8.99649 25.3124 17.6022}
	{Bone "rusch_d5"}
	{Matrix34
		0.00719572	-0.999974	0
		0.999974	0.00719572	0
		0	0	1
		17.9723	24.2383	-3.54933
	}
}
{Volume "roof"
	{Box 48.3818 66.6074 5.84278}
	{Bone "rusch_d5"}
	{Matrix34
		-0.430197	0.825108	-0.366234
		-0.891562	-0.451968	0.0290129
		-0.141587	0.339001	0.930071
		0.572906	3.41629	12.6885
	}
}
