;Exported by: golanov
;Date:        Tue Dec 20 11:43:34 2005
;File:        D:\-Projects-\-3DWork-\Constructions\LightHouse\LightHouse_Westkapelle_x01.max
{Skeleton
	{bone "lh_wk_f1_1_x"
		{Orientation
			1	0	0
			0	-1	0
			0	0	1
		}
		{bone "piece0"
			{Position 24.9215	21.5835	27.9229}
			{VolumeView "piece0.ply"}
		}
		{bone "sub_piece0"
			{Position 27.0428	23.2199	-4.49605}
			{VolumeView "sub_piece0.ply"}
		}
		{bone "piece1"
			{Position 22.1711	-8.70053	-20.8179}
			{VolumeView "piece1.ply"}
		}
		{bone "sub_piece1"
			{Position 20.2438	-7.55963	11.4291}
			{VolumeView "sub_piece1.ply"}
		}
		{bone "piece2"
			{Position -1.49923	-32.4947	-8.42603}
			{VolumeView "piece2.ply"}
		}
	}
}
{Volume "piece0"
	{Box 12.5984 22.5691 16.1768}
	{Bone "piece0"}
	{Matrix34
		0.996917	0	0.0784591
		0	1	0
		-0.0784591	0	0.996917
		-0.0237251	-0.155945	-0.073188
	}
}
{Volume "piece1"
	{Box 13.1315 29.1663 19.2044}
	{Bone "piece1"}
	{Matrix34
		0.863355	-0.498458	0.0784591
		0.5	0.866025	0
		-0.0679476	0.0392296	0.996917
		-1.07124	1.36797	-1.59292
	}
}
{Volume "piece2"
	{Box 6.43444 14.5831 16.8836}
	{Bone "piece2"}
	{Matrix34
		0.498459	-0.863355	0.0784591
		0.866025	0.5	0
		-0.0392296	0.0679476	0.996917
		-1.47801	0.431765	-1.45557
	}
}
{Volume "sub_piece0"
	{Box 12.5984 25.8341 16.1768}
	{Bone "sub_piece0"}
	{Matrix34
		0.996917	0	0.0784591
		0	1	0
		-0.0784591	0	0.996917
		0.422133	-0.539602	-0.272845
	}
}
{Volume "sub_piece1"
	{Box 12.0067 29.1663 17.2315}
	{Bone "sub_piece1"}
	{Matrix34
		0.863355	-0.498458	0.0784591
		0.5	0.866025	0
		-0.0679476	0.0392296	0.996917
		-1.25528	1.44601	-0.194441
	}
}
