;Exported by: vic
;Date:        Thu Oct 13 12:06:06 2005
;File:        D:\-Projects-\-3DWork-\Constructions\Hangar_big\Exterior_x_v.max
{Skeleton
	{bone "exterior_x"
		{Orientation
			1	0	0
			0	-1	0
			0	0	1
		}
		{bone "sub_piece0"
			{Position -55.8415	-178.082	125.878}
			{VolumeView "sub_piece0.ply"}
		}
		{bone "piece0"
			{Position -56.1459	-106.435	138.579}
			{VolumeView "piece0.ply"}
		}
		{bone "piece1"
			{Position -56.4435	-35.507	146.423}
			{VolumeView "piece1.ply"}
		}
		{bone "piece2"
			{Position -7.33743	106.434	138.579}
			{VolumeView "piece2.ply"}
		}
		{bone "piece3"
			{Position 57.9647	-178.082	125.878}
			{VolumeView "piece3.ply"}
		}
		{bone "piece4"
			{Position 52.6571	-35.507	146.423}
			{VolumeView "piece4.ply"}
		}
		{bone "piece5"
			{Position -56.7418	35.5058	146.423}
			{VolumeView "piece5.ply"}
		}
		{bone "piece6"
			{Position 47.3496	106.434	138.579}
			{VolumeView "piece6.ply"}
		}
		{bone "piece7"
			{Position -10.2924	178.081	125.878}
			{VolumeView "piece7.ply"}
		}
		{bone "piece8"
			{Position 55.3141	-106.435	138.579}
			{VolumeView "piece8.ply"}
		}
		{bone "piece9"
			{Position -1.4277	-35.507	146.423}
			{VolumeView "piece9.ply"}
		}
		{bone "piece10"
			{Position -57.3376	178.081	125.878}
			{VolumeView "piece10.ply"}
		}
		{bone "piece11"
			{Position 4.52953	-178.082	125.878}
			{VolumeView "piece11.ply"}
		}
		{bone "piece12"
			{Position 50.0002	35.5059	146.423}
			{VolumeView "piece12.ply"}
		}
		{bone "piece13"
			{Position -4.38293	35.5059	146.423}
			{VolumeView "piece13.ply"}
		}
		{bone "piece14"
			{Position 44.6388	178.081	125.878}
			{VolumeView "piece14.ply"}
		}
		{bone "sub_piece1"
			{Position 1.52119	-106.435	138.579}
			{VolumeView "sub_piece1.ply"}
		}
		{bone "sub_piece2"
			{Position -57.04	106.434	138.579}
			{VolumeView "sub_piece2.ply"}
		}
	}
}
{Volume "sub_piece2"
	{Box 51.2391 70.8428 2.65632}
	{Bone "sub_piece2"}
	{Matrix34
		1	0	0
		0	0.989719	-0.143025
		0	0.143025	0.989719
		-3.05176e-005	0.0785893	-0.305255
	}
}
{Volume "sub_piece1"
	{Box 63.497 70.8428 2.43496}
	{Bone "sub_piece1"}
	{Matrix34
		1	0	0
		0	0.988842	0.148966
		0	-0.148966	0.988842
		0	-0.129038	0.110429
	}
}
{Volume "piece14"
	{Box 76.0417 72.4524 2.48361}
	{Bone "piece14"}
	{Matrix34
		1	0	0
		0	0.978501	-0.20624
		0	0.20624	0.978501
		0	-0.22457	-0.0274952
	}
}
{Volume "piece13"
	{Box 54.0751 71.0129 2.32283}
	{Bone "piece13"}
	{Matrix34
		1	0	0
		0	0.996195	-0.0871557
		0	0.0871557	0.996195
		0	0.0209229	0.239195
	}
}
{Volume "piece12"
	{Box 65.3189 71.0128 2.20669}
	{Bone "piece12"}
	{Matrix34
		1	0	0
		0	0.996195	-0.0871557
		0	0.0871557	0.996195
		-1.52588e-005	0.0158844	0.181358
	}
}
{Volume "piece11"
	{Box 68.3234 72.4513 3.41497}
	{Bone "piece11"}
	{Matrix34
		1	0	0
		0	0.984808	0.173648
		0	-0.173648	0.984808
		0	-0.0659276	0.373449
	}
}
{Volume "piece10"
	{Box 50.644 72.4524 2.48361}
	{Bone "piece10"}
	{Matrix34
		1	0	0
		0	0.978501	-0.20624
		0	0.20624	0.978501
		0	-0.224568	-0.0275027
	}
}
{Volume "piece9"
	{Box 58.7924 71.0129 2.20669}
	{Bone "piece9"}
	{Matrix34
		1	0	0
		0	0.99725	0.0741085
		0	-0.0741085	0.99725
		1.52588e-005	-0.0330453	0.107516
	}
}
{Volume "piece8"
	{Box 54.6911 70.8428 2.32429}
	{Bone "piece8"}
	{Matrix34
		1	0	0
		0	0.988842	0.148966
		0	-0.148966	0.988842
		-1.52588e-005	-0.120832	0.0557362
	}
}
{Volume "piece7"
	{Box 44.6638 72.4524 2.63884}
	{Bone "piece7"}
	{Matrix34
		1	0	0
		0	0.978501	-0.20624
		0	0.20624	0.978501
		0	-0.208575	0.0484443
	}
}
{Volume "piece6"
	{Box 70.6201 70.8428 2.87769}
	{Bone "piece6"}
	{Matrix34
		1	0	0
		0	0.989719	-0.143025
		0	0.143025	0.989719
		0	0.0944346	-0.195715
	}
}
{Volume "piece5"
	{Box 51.8357 71.0128 2.43898}
	{Bone "piece5"}
	{Matrix34
		1	0	0
		0	0.996195	-0.0871557
		0	0.0871557	0.996195
		0	0.0259896	0.297031
	}
}
{Volume "piece4"
	{Box 60.005 71.0129 2.14863}
	{Bone "piece4"}
	{Matrix34
		1	0	0
		0	0.99725	0.0741085
		0	-0.0741085	0.99725
		1.52588e-005	-0.0308802	0.0785467
	}
}
{Volume "piece3"
	{Box 49.39 72.4513 2.63884}
	{Bone "piece3"}
	{Matrix34
		1	0	0
		0	0.984808	0.173648
		0	-0.173648	0.984808
		0	-0.0641024	0.363352
	}
}
{Volume "piece2"
	{Box 49.3563 70.8428 2.98837}
	{Bone "piece2"}
	{Matrix34
		1	0	0
		0	0.989719	-0.143025
		0	0.143025	0.989719
		-3.05176e-005	0.102333	-0.140957
	}
}
{Volume "piece1"
	{Box 52.4323 71.0129 2.26477}
	{Bone "piece1"}
	{Matrix34
		1	0	0
		0	0.99725	0.0741085
		0	-0.0741085	0.99725
		-3.05176e-005	-0.0352123	0.136467
	}
}
{Volume "piece0"
	{Box 53.0274 70.8428 2.2136}
	{Bone "piece0"}
	{Matrix34
		1	0	0
		0	0.988842	0.148966
		0	-0.148966	0.988842
		3.05176e-005	-0.112525	0.00097634
	}
}
{Volume "sub_piece0"
	{Box 53.6361 72.4513 2.32839}
	{Bone "sub_piece0"}
	{Matrix34
		1	0	0
		0	0.984808	0.173648
		0	-0.173648	0.984808
		1.52588e-005	-0.0764928	0.433727
	}
}
