;Exported by: sana
;Date:        Mon Jul 18 15:56:03 2005
;File:        D:\-Project-\-3DWork-\Entourage\boat\new_boat_xx.max
{Skeleton
	{bone "new_boat"
		{Orientation
			1	0	0
			0	-1	0
			0	0	1
		}
		{bone "piece1"
			{Position -1.74481	-4.79972	5.56026}
			{VolumeView "piece1.ply"}
		}
		{bone "piece4"
			{Position -20.0998	-21.2024	-3.93576}
			{VolumeView "piece4.ply"}
		}
		{bone "piece5"
			{Matrix34
				1	0	0
				0	0.999986	-0.00522364
				0	0.00522364	0.999986
				0.0305557	36.2575	-3.95819
			}
			{VolumeView "piece5.ply"}
		}
		{bone "piece7"
			{Position -18.419	-38.4868	3.822}
			{VolumeView "piece7.ply"}
		}
		{bone "piece8"
			{Matrix34
				-1	0	0
				0	-1	0
				0	0	-1
				16.6309	37.8377	8.88949
			}
			{VolumeView "piece8.ply"}
		}
		{bone "piece9"
			{Matrix34
				1	0	0
				0	1	0
				0	0	1
				-4.31896	37.7974	8.40109
			}
			{VolumeView "piece9.ply"}
		}
		{bone "piece10"
			{Matrix34
				-1	0	0
				0	-1	0
				0	0	-1
				6.1729	-38.4767	4.15248
			}
			{VolumeView "piece10.ply"}
		}
		{bone "fx_wood1"
			{Position -0.545361	0.658773	5.44261}
		}
		{bone "piece11"
			{Position -0.371586	36.2167	27.1479}
			{VolumeView "piece11.ply"}
		}
		{bone "piece12"
			{Position -15.5685	8.89359	18.0088}
			{VolumeView "piece12.ply"}
		}
		{bone "piece13"
			{Position 14.2171	13.3404	16.2807}
			{VolumeView "piece13.ply"}
		}
		{bone "piece0"
			{Position -15.721	-25.2915	15.6657}
			{VolumeView "piece0.ply"}
			{bone "sub_piece0"
				{Position 9.46808	10.4609	1.16518}
				{VolumeView "sub_piece0.ply"}
			}
		}
		{bone "piece14"
			{Position 13.008	-30.4457	16.1624}
			{VolumeView "piece14.ply"}
		}
		{bone "piece3"
			{Position 0.14196	34.2933	12.4805}
			{VolumeView "piece3.ply"}
		}
		{bone "piece2"
			{Position 0.0480003	-35.2347	7.11467}
			{VolumeView "piece2.ply"}
		}
		{bone "piece6"
			{Position 17.7623	13.7263	-3.93576}
			{VolumeView "piece6.ply"}
		}
	}
}
{Volume "piece6"
	{Box 34.3303 3.98033 4.14618}
	{Bone "piece6"}
	{Matrix34
		-0.110226	-0.993907	0
		0	0	1
		-0.993907	0.110226	0
		0.217065	0.161917	0.240992
	}
}
{Volume "piece2"
	{Box 20.1833 24.9135 5.74568}
	{Bone "piece2"}
	{Matrix34
		1	0	0
		0	0.950789	-0.309839
		0	0.309837	0.95079
		0.354091	-1.94922	-0.458527
	}
}
{Volume "piece3"
	{Box 19.7876 27.3174 7.8708}
	{Bone "piece3"}
	{Matrix34
		1	0	0
		0	0.863474	0.504393
		0	-0.504392	0.863475
		0.260134	0.538148	-1.30409
	}
}
{Volume "piece14"
	{Box 34.196 16.9313 4.47787}
	{Bone "piece14"}
	{Matrix34
		-0.186541	-0.981284	0.0478034
		0.423611	-0.0364352	0.905111
		-0.88643	0.189089	0.422478
		1.54093	3.2186	-0.698146
	}
}
{Volume "piece0"
	{Box 26.7279 16.3194 4.47787}
	{Bone "piece0"}
	{Matrix34
		0.113391	-0.993415	-0.0164119
		-0.239745	-0.0433879	0.969866
		-0.964191	-0.106038	-0.243087
		0.459518	2.02439	-1.07042
	}
}
{Volume "sub_piece0"
	{Box 24.6713 2.80618 13.8658}
	{Bone "sub_piece0"}
	{Matrix34
		1	0	0
		0	0	1
		0	-1	0
		-0.188877	0.131557	-0.0830476
	}
}
{Volume "piece13"
	{Box 39.3058 20.3992 4.47787}
	{Bone "piece13"}
	{Matrix34
		0.0802136	-0.988025	-0.131807
		0.461837	-0.0803441	0.883318
		-0.883331	-0.131727	0.44986
		1.38981	-5.00808	-0.20884
	}
}
{Volume "piece12"
	{Box 39.3058 20.3992 4.47787}
	{Bone "piece12"}
	{Matrix34
		-0.0260949	-0.996868	-0.0746497
		-0.25139	-0.0657315	0.965651
		-0.967534	0.0439648	-0.248888
		-0.372108	-0.167896	-0.979168
	}
}
{Volume "piece11"
	{Box 23.5059 2.80618 13.8658}
	{Bone "piece11"}
	{Matrix34
		1	0	0
		0	-0.225088	0.974338
		0	-0.974338	-0.225088
		-0.352423	-0.366058	-0.105748
	}
}
{Volume "piece10"
	{Box 3.16602 26.3697 2.61541}
	{Bone "piece10"}
	{Matrix34
		-0.117232	0.949689	0.290426
		0.81794	-0.0735233	0.570586
		-0.563232	-0.304442	0.76817
		-0.0432347	0.129239	-0.104141
	}
}
{Volume "piece9"
	{Box 3.16602 26.3697 2.61541}
	{Bone "piece9"}
	{Matrix34
		-0.0362573	-0.992491	0.116819
		-0.58904	0.115656	0.799784
		-0.80729	-0.0398131	-0.588811
		-0.0513493	0.0567719	-0.270796
	}
}
{Volume "piece8"
	{Box 3.16602 26.3697 2.61541}
	{Bone "piece8"}
	{Matrix34
		0	0.992491	-0.122317
		0.325488	-0.115657	-0.938446
		0.945546	0.0398127	0.323044
		0.0372534	-0.0164883	0.255055
	}
}
{Volume "piece7"
	{Box 2.64111 15.812 3.09842}
	{Bone "piece7"}
	{Matrix34
		0.945703	0.0438601	-0.322058
		0.325031	-0.127612	0.937054
		0	-0.990854	-0.134939
		0.0722712	0.326583	0.551569
	}
}
{Volume "piece5"
	{Box 44.4036 3.63152 4.45687}
	{Bone "piece5"}
	{Matrix34
		1	0	0
		0	-0.00522401	0.999986
		0	-0.999986	-0.00522401
		0.153315	0.00640144	-0.290358
	}
}
{Volume "piece4"
	{Box 34.3303 3.98033 4.14618}
	{Bone "piece4"}
	{Matrix34
		0	-1	0
		0	0	1
		-1	0	0
		0.190619	-0.693612	0.24099
	}
}
{Volume "piece1"
	{Box 20.1833 36.8395 2.9183}
	{Bone "piece1"}
	{Matrix34
		0.969861	0	-0.243659
		0.0225034	0.995726	0.0895731
		0.242618	-0.0923568	0.965716
		-4.14819	-1.32064	-1.01241
	}
}
