;Exported by: sana
;Date:        Tue Aug 01 17:03:09 2006
;File:        D:\-Project-\-3DWork-\Entourage\house_euro_115c\house_euro_115s_cut01.max
{Skeleton
	{bone "115s_corner23"
		{Orientation
			1	0	0
			0	-1	0
			0	0	1
		}
		{VolumeView "115s_corner23.ply"}
		{bone "window5"
			{Matrix34
				1	0	0
				0	0	-1
				0	1	0
				-3.38861	1.46944	206.658
			}
			{VolumeView "../common/window5.ply"}
		}
		{bone "window5_x"
			{Matrix34
				1	0	0
				0	0	-1
				0	1	0
				-3.38861	0.977318	206.658
			}
			{visibility 0}
			{VolumeView "window5_x.ply"}
		}
		{bone "attach5"
			{Matrix34
				0	1	0
				-1	0	0
				0	0	1
				-3.51827	-21.2304	177.165
			}
		}
		{bone "fix26"
			{Position -2.07025	3.87157	174.39}
		}
		{bone "fix27"
			{Position -76.7743	-11.6165	157.104}
		}
	}
}
{Volume "body1"
	{Box 56.014 57.6473 14.4118}
	{Bone "115s_corner23"}
	{Matrix34
		1	0	0
		0	0	1
		0	-1	0
		1.52109	-1.60928	216.36
	}
}
{Volume "body2"
	{Box 56.014 44.9649 14.4118}
	{Bone "115s_corner23"}
	{Matrix34
		0.799866	0	0.600179
		-0.600179	0	0.799866
		0	-1	0
		-6.85816	-1.60928	244.71
	}
}
{Volume "body"
	{Box 25.6074 29.2656 13.1068}
	{Bone "115s_corner23"}
	{Matrix34
		1	0	0
		0	0	1
		0	-1	0
		-3.37251	-1.7693	281.154
	}
}
{Volume "hole"
	{Box 11.8891 19.5975 29.2003}
	{Bone "115s_corner23"}
	{Matrix34
		1	0	0
		0	0	1
		0	-1	0
		-3.35004	-0.882986	206.633
	}
}
{Volume "roof1"
	{Box 47.3136 53.1654 3.30807}
	{Bone "115s_corner23"}
	{Matrix34
		-0.594074	0	-0.80441
		0	1	0
		0.80441	0	-0.594074
		-18.5758	-34.5641	254.144
	}
}
{Volume "roof"
	{Box 47.3136 53.1654 3.30807}
	{Bone "115s_corner23"}
	{Matrix34
		0.604557	0	-0.796562
		0	1	0
		0.796562	0	0.604557
		10.8596	-34.5641	256.127
	}
}
{Volume "window5"
	{Box 11.811 19.685 1.9685}
	{Bone "window5"}
	{Matrix34
		-1	0	0
		0	-1	0
		0	0	1
		-0.138817	-0.029538	-0.406456
	}
}
