;Exported by: sk
;Date:        Thu Oct 19 15:45:53 2006
;File:        D:\-Projects1_5-\-3DWork-\-Model-\Americos\Planer\CG-4A\CG-4A_new_XX.max
{Skeleton
	{bone "basis"
		{Orientation
			1	0	0
			0	-1	0
			0	0	1
		}
		{bone "body"
			{parameters "ID=body;"}
			{Position -72.3728	-0.53867	14.3134}
			{VolumeView "body.ply"}
			{bone "body_back"
				{parameters "ID=body_back;"}
				{Matrix34
					1	0	0
					0	-1	0
					0	0	1
					-103.282	-0.073112	10.6841
				}
				{VolumeView "body_back.ply"}
				{bone revolute "rudder"
					{parameters "ID=rudder;"}
					{limits -30 30}
					{speed 0.1}
					{Matrix34
						1	0	0
						0	-1	0
						0	0	1
						-16.2494	0.0314924	10.4223
					}
					{VolumeView "rudder.ply"}
				}
				{bone "part2"
					{parameters "ID=Part2;"}
					{Position 0	42.574	-19.3514}
					{VolumeView "part2.ply"}
				}
				{bone "part1"
					{parameters "ID=part1;"}
					{Position 0	-48.6345	-19.3559}
					{VolumeView "part1.ply"}
				}
				{bone revolute "elevator1"
					{parameters "ID=elevator1;"}
					{Matrix34
						1	0	0
						0	0	1
						0	1	0
						-7.59772	-34.7386	-19.3509
					}
					{VolumeView "elevator1.ply"}
				}
				{bone revolute "elevator2"
					{parameters "ID=elevator2;"}
					{Matrix34
						1	0	0
						0	0	1
						0	-1	0
						-7.59771	34.528	-19.3509
					}
					{VolumeView "elevator2.ply"}
				}
			}
			{bone "cabine"
				{parameters "ID=cabine;"}
				{Matrix34
					1	0	0
					0	0	1
					0	-1	0
					127.146	-0.0731043	-3.8676
				}
				{VolumeView "cabine.ply"}
				{bone "glass"
					{Matrix34
						1	0	0
						0	0	-1
						0	1	0
						28.1764	-17.6276	1.87435
					}
				}
			}
			{bone "pivot_back"
				{Position -133.714	0.404104	-48.6206}
				{bone "wheel_back"
					{parameters "Radius=0.15;Support;"}
					{Matrix34
						-1	0	0
						0	0	1
						0	1	0
						-3.09656	-0.552222	25.7557
					}
					{VolumeView "wheel_back.ply"}
				}
			}
			{bone "pivot_front"
				{Position 83.276	0.404104	-48.6206}
				{bone "wingl1"
					{parameters "ID=wingleft;"}
					{Position -16.4611	77.4303	44.514}
					{VolumeView "wingl1.ply"}
					{bone revolute "flap1"
						{parameters "ID=wingleft;"}
						{Matrix34
							1	0	0
							0	0	1
							0	-1	0
							-22.3025	0.14831	0.836485
						}
						{VolumeView "flap1.ply"}
					}
					{bone "wingl2"
						{parameters "ID=wingL2;"}
						{Position 0.0515559	95.19	4.76532}
						{VolumeView "wingl2.ply"}
						{bone revolute "aileron1"
							{parameters "ID=wingL2;"}
							{Matrix34
								1	0	0
								0	0	1
								0	-1	0
								-19.6205	3.14483	0.444643
							}
							{VolumeView "aileron1.ply"}
						}
						{bone "wingl3"
							{parameters "ID=wingL3;"}
							{Position 0	42.1655	2.07632}
							{VolumeView "wingl3.ply"}
						}
						{bone "enumerator1"
							{Matrix34
								0.00400749	0.998322	0.0577743
								-0.0495724	-0.0575054	0.997114
								0.998762	-0.00685994	0.0492587
								-6.43768	0.396685	3.27696
							}
							{VolumeView "enumerator1.ply"}
						}
					}
				}
				{bone "wingr1"
					{parameters "ID=wingright;"}
					{Matrix34
						1	0	0
						0	-1	0
						0	0	1
						-10.7189	-90.2242	45.0204
					}
					{VolumeView "wingr1.ply"}
					{bone revolute "flap2"
						{parameters "ID=wingright;"}
						{Matrix34
							1	0	0
							0	0	1
							0	-1	0
							-28.0447	-11.6721	0.330093
						}
						{VolumeView "flap2.ply"}
					}
					{bone "wingr2"
						{parameters "ID=wingR2;"}
						{Position 1.36994	70.0243	3.64838}
						{VolumeView "wingr2.ply"}
						{bone revolute "aileron2"
							{parameters "ID=wingR2;"}
							{Matrix34
								1	0	0
								0	0	1
								0	-1	0
								-26.6811	16.4902	1.05523
							}
							{VolumeView "aileron2.ply"}
						}
						{bone "wingr3"
							{parameters "ID=wingR3;"}
							{Position -7.06065	56.9968	2.68076}
							{VolumeView "wingr3.ply"}
						}
						{bone "enumerator2"
							{Matrix34
								0.00638574	-0.999745	-0.0216381
								-0.0594794	-0.02198	0.997988
								0.998209	0.00508587	0.0596046
								5.9337	11.6942	3.7829
							}
							{VolumeView "enumerator2.ply"}
						}
					}
				}
				{bone "retract_wheellr"
					{parameters "ID=retract_wheellr;"}
					{Matrix34
						0.984808	-0.173648	0
						-0.173648	-0.984808	0
						0	0	1
						-4.2066	-25.5156	-2.87856
					}
					{VolumeView "retract_wheellr.ply"}
					{bone revolute "wheelr"
						{parameters "ID=retract_wheellr;Support;Radius=0.35;"}
						{Matrix34
							-0.984808	0.173649	0
							0	0	1
							0.173649	0.984808	0
							2.10059	6.53439	7.84385
						}
						{VolumeView "wheelr.ply"}
					}
				}
				{bone "retract_wheelll"
					{parameters "ID=retract_wheelll;"}
					{Position -4.20663	24.7074	-2.90165}
					{VolumeView "retract_wheelll.ply"}
					{bone revolute "wheell"
						{parameters "ID=retract_wheelll;Support;Radius=0.35;"}
						{Matrix34
							-1	0	0
							0	0	1
							0	1	0
							0.934006	6.79987	7.8669
						}
						{VolumeView "wheell.ply"}
					}
				}
			}
			{bone "enumerator3"
				{Matrix34
					-0.997618	-0.0685509	0.00765698
					0.0687097	-0.997374	0.0228761
					0.0060687	0.0233477	0.999709
					-103.143	-1.70161	4.18664
				}
				{VolumeView "enumerator3.ply"}
			}
			{bone "enumerator4"
				{Matrix34
					0.999797	-0.0186588	0.00765698
					0.0184793	0.999568	0.0228761
					-0.00808051	-0.0227299	0.999709
					-108.046	1.74079	4.18664
				}
				{VolumeView "enumerator4.ply"}
			}
		}
	}
}
{Obstacle "aileron1"
	{Obb2
		{Center -32.1369 -175.631}
		{Extent 7.08448 45.5985}
		{Axis 1 0}
	}
	{Rotate}
}
{Obstacle "aileron2"
	{Obb2
		{Center -32.137 176.873}
		{Extent 7.08451 45.5949}
		{Axis 1 0}
	}
	{Rotate}
}
{Obstacle "body1"
	{Obb2
		{Center -0.109779 36.8471}
		{Extent 28.8436 19.4069}
		{Axis 1 0}
	}
	{Rotate}
}
{Obstacle "body_back"
	{Obb2
		{Center -174.743 -3.92075}
		{Extent 10.366 33.2619}
		{Axis 1 0}
	}
	{Rotate}
}
{Obstacle "body"
	{Obb2
		{Center -76.671 0.103798}
		{Extent 136.112 17.4123}
		{Axis 1 0}
	}
	{Rotate}
}
{Obstacle "cabine"
	{Obb2
		{Center 74.6431 0.103796}
		{Extent 15.4054 15.5192}
		{Axis 1 0}
	}
	{Rotate}
}
{Obstacle "elevator1"
	{Obb2
		{Center -193.186 -31.5736}
		{Extent 10.0126 26.4974}
		{Axis 1 0}
	}
	{Rotate}
}
{Obstacle "elevator2"
	{Obb2
		{Center -193.186 34.5359}
		{Extent 10.0126 27.6474}
		{Axis 1 0}
	}
	{Rotate}
}
{Obstacle "flap1"
	{Obb2
		{Center -33.5353 -77.4441}
		{Extent 5.7073 52.4888}
		{Axis 1 0}
	}
	{Rotate}
}
{Obstacle "flap2"
	{Obb2
		{Center -33.5354 78.6867}
		{Extent 5.70732 52.517}
		{Axis 1 0}
	}
	{Rotate}
}
{Obstacle "part1"
	{Obb2
		{Center -173.651 -48.065}
		{Extent 9.56622 18.217}
		{Axis 1 0}
	}
	{Rotate}
}
{Obstacle "part2"
	{Obb2
		{Center -174.375 44.3411}
		{Extent 9.66718 21.0576}
		{Axis 1 0}
	}
	{Rotate}
}
{Obstacle "rectangle01"
	{Obb2
		{Center -76.4132 0.481405}
		{Extent 133.808 16.7032}
		{Axis -1 0}
	}
	{Rotate}
}
{Obstacle "rectangle03"
	{Obb2
		{Center -184.113 0.481405}
		{Extent 17.395 65.3096}
		{Axis -1 0}
	}
	{Rotate}
}
{Obstacle "rectangle04"
	{Obb2
		{Center -0.781296 0.481405}
		{Extent 27.2816 36.7432}
		{Axis -1 0}
	}
	{Rotate}
}
{Obstacle "retract_wheelll"
	{Obb2
		{Center 11.4109 -61.4586}
		{Extent 3.82835 41.1207}
		{Axis 1 0}
	}
	{Rotate}
}
{Obstacle "retract_wheellr"
	{Obb2
		{Center 7.22433 60.2119}
		{Extent 4.55755 40.9204}
		{Axis 1 0}
	}
	{Rotate}
}
{Obstacle "rudder"
	{Obb2
		{Center -203.253 0.643273}
		{Extent 10.8942 1.56677}
		{Axis 1 0}
	}
	{Rotate}
}
{Obstacle "wheel_back"
	{Obb2
		{Center -209.196 0.715994}
		{Extent 3.08008 0.825857}
		{Axis 1 0}
	}
	{Rotate}
}
{Obstacle "wheell"
	{Obb2
		{Center 7.63058 -33.294}
		{Extent 7.24409 1.92123}
		{Axis 1 0}
	}
	{Rotate}
}
{Obstacle "wheelr"
	{Obb2
		{Center 7.63059 34.4778}
		{Extent 7.2441 2.02769}
		{Axis 1 0}
	}
	{Rotate}
}
{Obstacle "wingl1"
	{Obb2
		{Center 0.896935 -64.63}
		{Extent 26.2994 47.2281}
		{Axis 1 0}
	}
	{Rotate}
}
{Obstacle "wingl2"
	{Obb2
		{Center 0.896942 -150.636}
		{Extent 26.2994 47.2169}
		{Axis 1 0}
	}
	{Rotate}
}
{Obstacle "wingl3"
	{Obb2
		{Center 0.896943 -216.213}
		{Extent 26.2994 31.6687}
		{Axis 1 0}
	}
	{Rotate}
}
{Obstacle "wingr1"
	{Obb2
		{Center -0.109794 82.1028}
		{Extent 28.8436 40.0272}
		{Axis 1 0}
	}
	{Rotate}
}
{Obstacle "wingr2"
	{Obb2
		{Center -0.109794 161.277}
		{Extent 28.8436 40.0211}
		{Axis 1 0}
	}
	{Rotate}
}
{Obstacle "wingr3"
	{Obb2
		{Center -0.109795 221.785}
		{Extent 28.8436 26.4532}
		{Axis 1 0}
	}
	{Rotate}
}
{Volume "aileron1"
	{Box 14.169 2.63116 91.1666}
	{Bone "aileron1"}
	{Matrix34
		1	0	0
		0	0.999129	0.0417194
		0	-0.0417194	0.999129
		-7.01015	0	0
	}
}
{Volume "aileron2"
	{Box 14.169 2.28744 91.1666}
	{Bone "aileron2"}
	{Matrix34
		-1	0	0
		0	0.999351	0.0360115
		0	-0.0360115	0.999351
		-7.01017	0	0
	}
}
{Volume "body1"
	{Box 57.6872 38.6064 5.612}
	{Bone "body"}
	{Matrix34
		-1	0	0
		0	0.999056	-0.0434456
		0	-0.0434456	-0.999056
		72.263	-36.3085	-4.10014
	}
}
{Volume "body_back"
	{Box 20.732 66.5238 2.88454}
	{Bone "body_back"}
	{Matrix34
		1	0	0
		0	-1	0
		0	0	1
		0.911956	-4.53253	-19.5671
	}
}
{Volume "body"
	{Polyhedron "body.vol"}
	{Bone "body"}
	{Position 20.0586	0.434872	-40.7765}
}
{Volume "cabine"
	{Polyhedron "cabine.vol"}
	{Bone "cabine"}
	{Matrix34
		1	0	0
		0	0	-1
		0	1	0
		31.1106	-18.2115	-0.507977
	}
}
{Volume "elevator1"
	{Box 20.0253 1.96724 52.9948}
	{Bone "elevator1"}
	{Matrix34
		-1	0	0
		0	1	0
		0	0	-1
		-9.93292	0	2.55328
	}
}
{Volume "elevator2"
	{Box 20.0253 1.96725 55.2949}
	{Bone "elevator2"}
	{Matrix34
		-1	0	0
		0	-1	0
		0	0	-1
		-9.93293	0	0.60383
	}
}
{Volume "flap1"
	{Box 11.4146 2.37686 104.976}
	{Bone "flap1"}
	{Matrix34
		1	0	0
		0	0.999007	0.0445587
		0	-0.0445587	0.999007
		-5.67502	0	2.60611e-005
	}
}
{Volume "flap2"
	{Box 11.4146 3.49539 104.976}
	{Bone "flap2"}
	{Matrix34
		-1	0	0
		0	0.999462	0.0328103
		0	-0.0328103	0.999462
		-5.67501	0	1.83548e-005
	}
}
{Volume "part1"
	{Box 19.1324 36.4341 2.50763}
	{Bone "part1"}
	{Matrix34
		-1	0	0
		0	-1	0
		0	0	-1
		2.00448	-0.042249	0
	}
}
{Volume "part2"
	{Box 19.3344 42.1152 2.5049}
	{Bone "part2"}
	{Matrix34
		-1	0	0
		0	-1	0
		0	0	-1
		1.28028	1.15531	0.136775
	}
}
{Volume "retract_wheelll"
	{Box 88.4265 2.55197 7.65666}
	{Bone "retract_wheelll"}
	{Matrix34
		0	0.918652	0.395066
		0	-0.395067	0.918652
		1	0	0
		4.71425	36.8858	30.6368
	}
}
{Volume "retract_wheellr"
	{Box 88.4265 2.55197 9.11508}
	{Bone "retract_wheellr"}
	{Matrix34
		0.15868	0.899917	0.406164
		0.0705298	0.399994	-0.9138
		0.984808	-0.173648	0
		6.52131	33.945	30.4056
	}
}
{Volume "rudder"
	{Box 21.7884 3.13353 49.6631}
	{Bone "rudder"}
	{Matrix34
		-1	0	0
		0	1	0
		0	0	-1
		-11.3481	0	-1.44317
	}
}
{Volume "wheel_back"
	{Cylinder 3.08008 1.65171}
	{Bone "wheel_back"}
	{Position 0.0130618	-0.00653848	-0.0292065}
}
{Volume "wheell"
	{Cylinder 7.24409 3.84246}
	{Bone "wheell"}
	{Position 0	0	1.92123}
}
{Volume "wheelr"
	{Cylinder 7.2441 4.05537}
	{Bone "wheelr"}
	{Matrix34
		1	0	0
		0	-1	0
		0	0	1
		0	0	2.02768
	}
}
{Volume "wingl1"
	{Box 52.5988 94.3023 5.55585}
	{Bone "wingl1"}
	{Matrix34
		-1	0	0
		0	0.999011	0.0444745
		0	0.0444746	-0.99901
		6.45479	-12.6658	0.981052
	}
}
{Volume "wingl2"
	{Box 52.5988 94.3023 5.05582}
	{Bone "wingl2"}
	{Matrix34
		-1	0	0
		0	0.99901	0.0444748
		0	0.0444748	-0.99901
		6.40321	-21.8502	-0.415226
	}
}
{Volume "wingl3"
	{Box 52.5988 63.1825 4.88914}
	{Bone "wingl3"}
	{Matrix34
		-1	0	0
		0	0.99901	0.0444748
		0	0.0444748	-0.99901
		6.40319	1.56169	0.405449
	}
}
{Volume "wingr1"
	{Box 57.6872 79.9152 4.93856}
	{Bone "wingr1"}
	{Matrix34
		1	0	0
		0	-0.999056	-0.043445
		0	-0.043445	0.999056
		-0.294121	-8.256	1.04332
	}
}
{Volume "wingr2"
	{Box 57.6872 79.9152 4.65796}
	{Bone "wingr2"}
	{Matrix34
		1	0	0
		0	-0.999056	-0.043445
		0	-0.043445	0.999056
		-1.66402	0.894298	0.91577
	}
}
{Volume "wingr3"
	{Box 57.6872 52.7441 4.88244}
	{Bone "wingr3"}
	{Matrix34
		1	0	0
		0	-0.999056	-0.043445
		0	-0.043445	0.999056
		5.39668	4.4055	0.277856
	}
}
