;Exported by: sana
;Date:        Fri Feb 02 14:44:29 2007
;File:        D:\-Project-\-3DWork-\Entourage\house_ru_140\house_ru_140_cut_x.max
{Skeleton
	{bone "h_w_4_int1_x"
		{Orientation
			1	0	0
			0	-1	0
			0	0	1
		}
		{bone "piece01"
			{Position 6.2254	16.3159	22.3598}
			{VolumeView "piece01.ply"}
		}
		{bone "piece02"
			{Position 6.22126	6.52836	46.6326}
			{VolumeView "piece02.ply"}
		}
		{bone "piece03"
			{Position 6.2254	16.1411	37.0632}
			{VolumeView "piece03.ply"}
		}
		{bone "piece04"
			{Position -7.18017	1.1423	46.2441}
			{VolumeView "piece04.ply"}
		}
		{bone "piece05"
			{Position 25.377	7.57823	14.3929}
			{VolumeView "piece05.ply"}
		}
		{bone "piece06"
			{Position 16.4876	27.0781	48.8252}
			{VolumeView "piece06.ply"}
			{bone "sub_piece06"
				{Position -25.5117	-3.22027	2.02081}
				{VolumeView "sub_piece06.ply"}
			}
		}
		{bone "piece07"
			{Position 19.8444	0.892921	46.0862}
			{VolumeView "piece07.ply"}
		}
		{bone "piece08"
			{Position 1.92948	7.90643	15.4607}
			{VolumeView "piece08.ply"}
			{bone "sub_piece08"
				{Position 1.4455	-1.14441e-005	-7.11183}
				{VolumeView "sub_piece08.ply"}
			}
		}
		{bone "piece09"
			{Position 10.6025	7.90643	-4.54666}
			{VolumeView "piece09.ply"}
			{bone "sub_piece09"
				{Position -7.94821	0	-2.69336}
				{VolumeView "sub_piece09.ply"}
			}
		}
		{bone "piece10"
			{Position -23.8591	7.90643	12.5119}
			{VolumeView "piece10.ply"}
			{bone "sub_piece10"
				{Position 5.20475	-1.14441e-005	-6.41474}
				{VolumeView "sub_piece10.ply"}
			}
		}
		{bone "piece11"
			{Position -24.9567	7.90643	-6.97342}
			{VolumeView "piece11.ply"}
			{bone "sub_piece11"
				{Position -1.61896	0	-5.43505}
				{VolumeView "sub_piece11.ply"}
			}
		}
		{bone "piece12"
			{Position 6.19925	-2.83942	14.8877}
			{VolumeView "piece12.ply"}
		}
	}
}
{Volume "piece01"
	{Box 1.55512 1.65519 49.3131}
	{Bone "piece01"}
	{Matrix34
		0.706414	-0.0682722	-0.704498
		0.707799	0.0681387	0.70312
		0	-0.995337	0.0964572
		0	0	0
	}
}
{Volume "piece02"
	{Box 1.55512 1.60707 20.9787}
	{Bone "piece02"}
	{Matrix34
		0.685335	0.389968	-0.615012
		-0.728228	0.366999	-0.578789
		0	0.844533	0.535503
		0	0	0
	}
}
{Volume "piece03"
	{Box 1.59449 1.6552 25.172}
	{Bone "piece03"}
	{Matrix34
		0.690511	0.723322	0
		0.723322	-0.690511	0
		0	0	-1
		0	0	0
	}
}
{Volume "piece04"
	{Box 31.4189 28.7824 1.05268}
	{Bone "piece04"}
	{Matrix34
		0	0.84282	0.538196
		-1	0	0
		0	-0.538196	0.84282
		0.161947	0.604864	0.308506
	}
}
{Volume "piece05"
	{Box 1.96851 15.5876 10.8289}
	{Bone "piece05"}
	{Matrix34
		0	1	0
		-1	0	0
		0	0	1
		0	0	0
	}
}
{Volume "piece06"
	{Box 19.7476 32.9615 1.36314}
	{Bone "piece06"}
	{Matrix34
		0	0.845787	-0.53352
		-1	0	0
		0	0.53352	0.845787
		-0.910602	-1.48074	0.887721
	}
}
{Volume "piece07"
	{Box 28.1904 26.5571 1.42885}
	{Bone "piece07"}
	{Matrix34
		0	0.844829	0.535037
		-1	0	0
		0	-0.535037	0.844829
		0	2.02604	1.22526
	}
}
{Volume "piece08"
	{Box 20.8151 8.21042 2.95275}
	{Bone "piece08"}
	{Matrix34
		1	0	0
		0	0	1
		0	-1	0
		0	0	0
	}
}
{Volume "piece09"
	{Box 12.0265 16.3019 2.95275}
	{Bone "piece09"}
	{Matrix34
		1	0	0
		0	0	1
		0	-1	0
		0	0	0
	}
}
{Volume "piece10"
	{Box 14.11 12.4891 2.95275}
	{Bone "piece10"}
	{Matrix34
		1	0	0
		0	0	1
		0	-1	0
		0	0	0
	}
}
{Volume "piece11"
	{Box 12.3133 9.75884 2.95275}
	{Bone "piece11"}
	{Matrix34
		0.974861	0	-0.222814
		0.222814	0	0.974861
		0	-1	0
		0.00713921	0	0.18026
	}
}
{Volume "piece12"
	{Box 11.4462 1.96851 9.8648}
	{Bone "piece12"}
	{Matrix34
		0	1	0
		-1	0	0
		0	0	1
		0	0	0
	}
}
{Volume "sub_piece06"
	{Box 13.3071 17.2997 1.33609}
	{Bone "sub_piece06"}
	{Matrix34
		0	0.84438	-0.535744
		-1	0	0
		0	0.535744	0.84438
		0	-1.15009	0.69628
	}
}
{Volume "sub_piece08"
	{Box 13.0972 7.04634 2.95276}
	{Bone "sub_piece08"}
	{Matrix34
		0.996631	0	0.0820165
		-0.0820165	0	0.996631
		0	-1	0
		0.521683	0	0.438473
	}
}
{Volume "sub_piece09"
	{Box 8.03853 11.519 2.95276}
	{Bone "sub_piece09"}
	{Matrix34
		0.938836	0	0.344365
		-0.344365	0	0.938836
		0	-1	0
		-0.343708	0	-0.0892525
	}
}
{Volume "sub_piece10"
	{Box 11.564 7.97266 2.95276}
	{Bone "sub_piece10"}
	{Matrix34
		1	0	0
		0	0	1
		0	-1	0
		0	0	0
	}
}
{Volume "sub_piece11"
	{Box 9.24887 4.91852 2.95275}
	{Bone "sub_piece11"}
	{Matrix34
		0.834049	0	-0.55169
		0.55169	0	0.834049
		0	-1	0
		0.124262	0	0.30302
	}
}
