;Exported by: golanov
;Date:        Mon Feb 06 15:25:21 2006
;File:        D:\-Projects-\-3DWork-\Constructions\rw\railroad5bridge_broken.max
{Skeleton
	{bone "rail_x"
		{parameters "Align;"}
		{Orientation
			1	0	0
			0	-1	0
			0	0	1
		}
		{VolumeView "rail_x.ply"}
		{bone "land"
			{parameters "Land;Ground;"}
			{Position -0.0991788	0.458253	2.60493}
			{visibility 0}
			{VolumeView "land.ply" {Ground}}
		}
		{bone "tie0"
			{Matrix34
				-0.173649	0	0.984808
				-0.17101	0.984808	-0.0301538
				-0.969846	-0.173648	-0.171011
				-26.5521	0.798615	15.0983
			}
			{VolumeView "tie0.ply"}
		}
		{bone "tie1"
			{Matrix34
				0.422618	0.906308	0
				-0.906308	0.422618	0
				0	0	1
				-4.63117	63.2299	0
			}
			{VolumeView "tie1.ply"}
		}
		{bone "tie2"
			{Matrix34
				0.34202	-0.939693	0
				0.939693	0.34202	0
				0	0	1
				-1.66775	32.0893	0
			}
			{VolumeView "tie2.ply"}
		}
		{bone "tie3"
			{Matrix34
				0.0871558	0	-0.996195
				-0.172987	0.984808	-0.0151344
				0.98106	0.173648	0.0858317
				35.0678	0.575666	9.28443
			}
			{VolumeView "tie3.ply"}
		}
		{bone "fix01"
			{Position 0	0.492126	-7.48032}
		}
	}
}
{Volume "rail_x"
	{Box 275.098 59.0551 1.9685}
	{Bone "rail_x"}
	{Position 0	0.492126	0.984252}
}
{Volume "tie0"
	{Box 5.90551 29.1245 1.37795}
	{Bone "tie0"}
	{Position 0	14.9653	0.688974}
}
{Volume "tie1"
	{Box 5.90551 43.4118 1.37795}
	{Bone "tie1"}
	{Position 0	7.82165	0.688976}
}
{Volume "tie2"
	{Box 5.90551 45.6616 1.37795}
	{Bone "tie2"}
	{Position 0	6.69674	0.688976}
}
{Volume "tie3"
	{Box 5.90551 26.975 1.37795}
	{Bone "tie3"}
	{Position 0	16.04	0.688975}
}
