;Exported by: kolesnikov
;Date:        Mon Jun 05 12:49:23 2006
;File:        D:\-Project-\-3DWork-\Constructions\barricade_hlam.max
{Skeleton
	{bone "cylinder92"
		{Orientation
			1	0	0
			0	-1	0
			0	0	1
		}
		{VolumeView "cylinder92.ply"}
		{bone "line03"
			{Matrix34
				0.422618	0.906308	0
				0	0	1
				0.906308	-0.422618	0
				-8.74711	4.49892	12.8635
			}
			{VolumeView "line03.ply"}
		}
	}
}
{Obstacle "rectangle09"
	{Obb2
		{Center -17.6926 13.0228}
		{Extent 19.0078 10.6924}
		{Axis 0.422618 -0.906308}
	}
	{Rotate}
}
{Volume "body38"
	{Box 26.0619 4.43607 9.57518}
	{Bone "cylinder92"}
	{Matrix34
		0.0871562	-0.996195	0
		0.996195	0.0871562	0
		0	0	1
		-5.88606	-6.99508	6.88354
	}
}
{Volume "body39"
	{Box 26.0862 4.26681 9.57518}
	{Bone "cylinder92"}
	{Matrix34
		0.819152	0.573576	0
		-0.573576	0.819152	0
		0	0	1
		-18.4019	-0.642497	6.88354
	}
}
{Volume "body40"
	{Box 26.4032 4.59054 9.57518}
	{Bone "cylinder92"}
	{Matrix34
		-0.819152	-0.573577	0
		0.573577	-0.819152	0
		0	0	1
		-15.2715	-25.8875	6.88356
	}
}
{Volume "body41"
	{Box 26.059 4.10101 9.57518}
	{Bone "cylinder92"}
	{Matrix34
		-0.0871565	0.996194	0
		-0.996194	-0.0871565	0
		0	0	1
		-27.7986	-20.4647	6.88354
	}
}
{Volume "body42"
	{Polyhedron "body42.vol"}
	{Bone "cylinder92"}
	{Matrix34
		0.906308	0.422618	0
		0	0	-1
		-0.422618	0.906308	0
		-11.2928	-28.222	3.53975
	}
}
