;Exported by: sana
;Date:        Wed Feb 22 11:55:57 2006
;File:        D:\-Project-\-3DWork-\Entourage\build_euro\build-20_cut02_x.max
{Skeleton
	{bone "b_euro_corn1"
		{Orientation
			1	0	0
			0	-1	0
			0	0	1
		}
		{bone "piece01"
			{Position -0.309544	16.1304	44.2711}
			{VolumeView "piece01.ply"}
		}
		{bone "piece02"
			{Position -0.309544	-0.0271742	35.4157}
			{VolumeView "piece02.ply"}
			{bone "sub_piece02"
				{Position 0	-7.46451	-7.92814}
				{VolumeView "sub_piece02.ply"}
			}
		}
		{bone "piece04"
			{Position -0.309555	15.7595	9.86951}
			{VolumeView "piece04.ply"}
			{bone "sub_piece04"
				{Position 0	-9.7363	-4.35816}
				{VolumeView "sub_piece04.ply"}
			}
		}
		{bone "piece03"
			{Position 3.0953	-17.0075	34.0796}
			{VolumeView "piece03.ply"}
			{bone "sub_piece03"
				{Position 4.48616	0	-8.97227}
				{VolumeView "sub_piece03.ply"}
			}
		}
	}
}
{Volume "piece01"
	{Box 7.87402 17.0617 9.65564}
	{Bone "piece01"}
	{Matrix34
		1	0	0
		0	0.9887	-0.149909
		0	0.149909	0.9887
		0	0.086877	-0.145811
	}
}
{Volume "piece02"
	{Box 7.87402 14.1872 20.9562}
	{Bone "piece02"}
	{Position 0	0	0}
}
{Volume "piece03"
	{Box 14.3094 11.8865 7.87402}
	{Bone "piece03"}
	{Matrix34
		-0.7807	0	0.624906
		0.624906	0	0.7807
		0	1	0
		-1.26051	1.48255e-005	-0.540162
	}
}
{Volume "piece04"
	{Box 7.87402 15.2072 13.3146}
	{Bone "piece04"}
	{Matrix34
		1	0	0
		0	0.986009	0.16669
		0	-0.16669	0.986009
		0	0.774805	0.527509
	}
}
{Volume "sub_piece02"
	{Box 7.87402 11.0864 13.9053}
	{Bone "sub_piece02"}
	{Matrix34
		1	0	0
		0	0.997666	-0.0682776
		0	0.0682776	0.997666
		0	-0.110367	-0.142624
	}
}
{Volume "sub_piece03"
	{Box 9.57814 9.78625 7.87402}
	{Bone "sub_piece03"}
	{Matrix34
		-0.98997	0	-0.141279
		-0.141279	0	0.98997
		0	1	0
		-0.010753	0	-0.321573
	}
}
{Volume "sub_piece04"
	{Box 7.87402 12.4254 8.59113}
	{Bone "sub_piece04"}
	{Matrix34
		1	0	0
		0	0.515172	-0.857087
		0	0.857087	0.515172
		0	-0.279789	-0.279368
	}
}
