;Exported by: ubrashaev
;Date:        Wed Jul 05 19:49:55 2006
;File:        D:\-Projects1_5-\-work-\3d\-Model-\-TRAIN\crane\crane_wheel_x.max
{Skeleton
	{animation
		{sequence "piece" {speed 0.1}}
		{sequence "turret" {speed 0.3}}
		{sequence "hook" {speed 0.3}}
	}
	{bone "basis"
		{Orientation
			1	0	0
			0	-1	0
			0	0	1
		}
		{bone "body"
			{parameters "ID=body;"}
			{Position 0	0	5.81834}
			{VolumeView "body.ply"}
			{bone "pivot_front"
				{parameters "ID=body;"}
				{Position 91.0519	72.7663	5.91722}
				{VolumeView "pivot_front.ply"}
				{bone "wheelleft1"
					{parameters "ID=wheels_left;"}
					{Matrix34
						1	0	0
						0	0	-1
						0	1	0
						12.391	12.4456	-1.73212
					}
					{VolumeView "wheelleft1.ply"}
				}
				{bone "wheelleft2"
					{parameters "ID=wheels_left;"}
					{Matrix34
						1	0	0
						0	0	-1
						0	1	0
						-12.3451	12.4456	-1.73212
					}
					{VolumeView "wheelleft2.ply"}
				}
				{bone "wheelright1"
					{parameters "ID=wheels_right;"}
					{Matrix34
						1	0	0
						0	0	-1
						0	1	0
						12.9946	-12.5261	-1.73212
					}
					{VolumeView "wheelright1.ply"}
				}
				{bone "wheelright2"
					{parameters "ID=wheels_right;"}
					{Matrix34
						1	0	0
						0	0	-1
						0	1	0
						-11.7415	-12.5261	-1.73212
					}
					{VolumeView "wheelright2.ply"}
				}
				{bone "wheelleft4"
					{parameters "ID=wheels_left;"}
					{Matrix34
						1	0	0
						0	0	-1
						0	1	0
						-183.314	12.4456	-1.73212
					}
					{VolumeView "wheelleft4.ply"}
				}
				{bone "wheelleft3"
					{parameters "ID=wheels_left;"}
					{Matrix34
						1	0	0
						0	0	-1
						0	1	0
						-158.578	12.4456	-1.73212
					}
					{VolumeView "wheelleft3.ply"}
				}
				{bone "wheelright3"
					{parameters "ID=wheels_right;"}
					{Matrix34
						1	0	0
						0	0	-1
						0	1	0
						-157.975	-12.5261	-1.73212
					}
					{VolumeView "wheelright3.ply"}
				}
				{bone "wheelright4"
					{parameters "ID=wheels_right;"}
					{Matrix34
						1	0	0
						0	0	-1
						0	1	0
						-182.711	-12.5261	-1.73212
					}
					{VolumeView "wheelright4.ply"}
				}
				{bone "wheel3"
					{parameters "ID=wheels_right;"}
					{Matrix34
						1	0	0
						0	0	-1
						0	1	0
						12.9946	-162.894	-1.73212
					}
					{VolumeView "wheel3.ply"}
				}
				{bone "wheel1"
					{parameters "ID=wheels_left;"}
					{Matrix34
						1	0	0
						0	0	-1
						0	1	0
						12.391	-137.922	-1.73212
					}
					{VolumeView "wheel1.ply"}
				}
				{bone "wheel4"
					{parameters "ID=wheels_right;"}
					{Matrix34
						1	0	0
						0	0	-1
						0	1	0
						-11.7415	-162.894	-1.73212
					}
					{VolumeView "wheel4.ply"}
				}
				{bone "wheel2"
					{parameters "ID=wheels_left;"}
					{Matrix34
						1	0	0
						0	0	-1
						0	1	0
						-12.3451	-137.922	-1.73212
					}
					{VolumeView "wheel2.ply"}
				}
				{bone "wheel7"
					{parameters "ID=wheels_right;"}
					{Matrix34
						1	0	0
						0	0	-1
						0	1	0
						-182.238	-162.894	-1.73212
					}
					{VolumeView "wheel7.ply"}
				}
				{bone "wheel5"
					{parameters "ID=wheels_right;"}
					{Matrix34
						1	0	0
						0	0	-1
						0	1	0
						-157.502	-162.894	-1.73212
					}
					{VolumeView "wheel5.ply"}
				}
				{bone "wheel6"
					{parameters "ID=wheels_left;"}
					{Matrix34
						1	0	0
						0	0	-1
						0	1	0
						-158.106	-137.922	-1.73212
					}
					{VolumeView "wheel6.ply"}
				}
				{bone "wheel8"
					{parameters "ID=wheels_left;"}
					{Matrix34
						1	0	0
						0	0	-1
						0	1	0
						-182.842	-137.922	-1.73212
					}
					{VolumeView "wheel8.ply"}
				}
			}
			{bone "pivot_back"
				{parameters "ID=body;"}
				{Position -79.3823	72.7663	5.91722}
				{VolumeView "pivot_back.ply"}
			}
			{bone "fx_spark"
				{Matrix34
					0.707107	0.707107	0
					-0.707107	0.707107	0
					0	0	1
					22.0224	57.104	175.748
				}
			}
			{bone "fx_spark1"
				{Matrix34
					0.707107	0.707107	0
					-0.707107	0.707107	0
					0	0	1
					80.2732	28.1801	175.748
				}
			}
			{bone "fx_spark2"
				{Matrix34
					0.573576	0.819152	0
					-0.819152	0.573576	0
					0	0	1
					207.785	306.722	459.938
				}
			}
			{bone "fx_spark3"
				{Matrix34
					0.573576	0.819152	0
					-0.819152	0.573576	0
					0	0	1
					143.104	147.13	364.975
				}
			}
			{bone "fx_water_hook"
				{Matrix34
					0.573576	0.819152	0
					-0.819152	0.573576	0
					0	0	1
					200.6	297.972	1.34315
				}
			}
			{bone "fx_waterl1"
				{Matrix34
					0.573576	0.819152	0
					-0.819152	0.573576	0
					0	0	1
					84.1793	196.388	1.34315
				}
			}
			{bone "fx_waterl2"
				{Matrix34
					0.573576	0.819152	0
					-0.819152	0.573576	0
					0	0	1
					139.587	291.516	1.34315
				}
			}
			{bone "fx_waterl3"
				{Matrix34
					0.573576	0.819152	0
					-0.819152	0.573576	0
					0	0	1
					144.4	394.325	1.34315
				}
			}
			{bone "fx_waterr1"
				{Matrix34
					0.573576	0.819152	0
					-0.819152	0.573576	0
					0	0	1
					186.915	148.699	1.34315
				}
			}
			{bone "fx_waterr2"
				{Matrix34
					0.573576	0.819152	0
					-0.819152	0.573576	0
					0	0	1
					255.522	305.865	1.34315
				}
			}
			{bone "fx_waterr3"
				{Matrix34
					0.573576	0.819152	0
					-0.819152	0.573576	0
					0	0	1
					235.893	422.297	1.34315
				}
			}
			{bone revolute "turret"
				{parameters "ID=turret;"}
				{Matrix34
					0.5	0.866025	0
					-0.866025	0.5	0
					0	0	1
					17.7198	-0.122696	147.308
				}
				{VolumeView "turret.ply"}
				{bone "crane_hook"
					{parameters "CommonMesh;"}
					{Position 357.259	-3.68111	-34.014}
					{VolumeView "crane_hook.ply"}
				}
				{bone "gun"
					{Matrix34
						0.5	-0.866025	0
						0.866025	0.5	0
						0	0	1
						208.656	-6.1098	177.28
					}
				}
				{bone "piece1"
					{Position 250.697	-3.72933	223.744}
					{VolumeView "piece1.ply"}
				}
				{bone "rope"
					{parameters "CommonMesh;"}
					{Matrix34
						0.5	-0.866025	0
						0.866025	0.5	0
						0	0	1
						168.303	-1.17121	257.683
					}
					{VolumeView "rope.ply"}
				}
			}
		}
	}
}
{Obstacle "rectangle01"
	{Obb2
		{Center 91.071 76.7738}
		{Extent 23.9757 22.7994}
		{Axis -1 0}
	}
	{Rotate}
}
{Obstacle "rectangle02"
	{Obb2
		{Center 91.3749 -74.7039}
		{Extent 24.0988 19.6115}
		{Axis -1 0}
	}
	{Rotate}
}
{Obstacle "rectangle03"
	{Obb2
		{Center -79.8638 -74.1486}
		{Extent 24.7109 20.7014}
		{Axis -1 0}
	}
	{Rotate}
}
{Obstacle "rectangle04"
	{Obb2
		{Center -79.1427 79.9558}
		{Extent 23.3945 22.5784}
		{Axis -1 0}
	}
	{Rotate}
}
{Volume "body10"
	{Box 44.5497 53.1693 19.9151}
	{Bone "body"}
	{Position 90.5801	84.8534	4.76456}
}
{Volume "body11"
	{Box 44.5497 38.5344 19.9151}
	{Bone "body"}
	{Position 90.5801	-76.0406	4.76456}
}
{Volume "body12"
	{Box 44.5497 38.5344 19.9151}
	{Bone "body"}
	{Position -78.8928	-76.0406	4.76456}
}
{Volume "body1"
	{Box 138.71 171.617 18.1602}
	{Bone "body"}
	{Position 5.21906	-0.233719	132.191}
}
{Volume "body2"
	{Box 6.90803 17.8343 129.433}
	{Bone "body"}
	{Matrix34
		0.984249	0	-0.176789
		0	1	0
		0.176789	0	0.984249
		-71.7382	73.3493	63.697
	}
}
{Volume "body3"
	{Box 6.90803 9.63053 139.787}
	{Bone "body"}
	{Matrix34
		0.833866	0	0.551966
		0	1	0
		-0.551966	0	0.833866
		42.9538	74.3896	65.9672
	}
}
{Volume "body4"
	{Box 6.90803 10.5222 139.787}
	{Bone "body"}
	{Matrix34
		0.850294	0	-0.526308
		0	1	0
		0.526308	0	0.850294
		-31.6612	73.3493	61.8754
	}
}
{Volume "body5"
	{Box 6.99126 17.8343 129.433}
	{Bone "body"}
	{Matrix34
		0.986223	0	0.165421
		0	1	0
		-0.165421	0	0.986223
		81.4686	-77.7367	63.8248
	}
}
{Volume "body6"
	{Box 6.90803 9.45219 139.787}
	{Bone "body"}
	{Matrix34
		0.833866	0	0.551966
		0	1	0
		-0.551966	0	0.833866
		47.2776	-77.7367	58.282
	}
}
{Volume "body7"
	{Box 6.90803 9.80888 139.787}
	{Bone "body"}
	{Matrix34
		0.850294	0	-0.526308
		0	1	0
		0.526308	0	0.850294
		-33.2518	-77.7367	59.4302
	}
}
{Volume "body8"
	{Box 6.90803 17.8343 129.433}
	{Bone "body"}
	{Matrix34
		0.984249	0	-0.176789
		0	1	0
		0.176789	0	0.984249
		-71.7382	-77.7367	63.697
	}
}
{Volume "body9"
	{Box 44.5497 53.1693 19.9151}
	{Bone "body"}
	{Position -78.8928	84.8534	4.76456}
}
{Volume "body"
	{Box 6.99126 17.8343 129.433}
	{Bone "body"}
	{Matrix34
		0.986223	0	0.165421
		0	1	0
		-0.165421	0	0.986223
		81.4686	73.3493	63.8248
	}
}
{Volume "piece1"
	{Polyhedron "piece1.vol"}
	{Bone "piece1"}
	{Matrix34
		0.714517	0	-0.699618
		0	1	0
		0.699618	0	0.714517
		-206.729	-0.466907	-205.44
	}
}
