;Exported by: sasha
;Date:        Tue Apr 01 14:07:23 2008
;File:        D:\-Project-\-3D-\algiers\algere_storage1_x_v2.max
{Skeleton
	{bone "tb1b_roof1_x"
		{Orientation
			1	0	0
			0	-1	0
			0	0	1
		}
		{bone "sub_piece0"
			{Position 9.49063	4.97644	0.469971}
			{VolumeView "sub_piece0.ply"}
		}
		{bone "piece1"
			{Position 14.7807	2.54953	-1.23849}
			{VolumeView "piece1.ply"}
		}
		{bone "sub_piece2"
			{Position -14.8879	-9.09384	-0.78952}
			{VolumeView "sub_piece2.ply"}
		}
		{bone "sub_piece3"
			{Position 10.4098	5.6243	-5.11679}
			{VolumeView "sub_piece3.ply"}
		}
		{bone "piece4"
			{Position -3.4937	-3.92325	0.674011}
			{VolumeView "piece4.ply"}
		}
		{bone "fx_wood1"
			{Matrix34
				0.00770545	0	0.99997
				0	1	0
				-0.99997	0	0.00770545
				0	-7.99619	0
			}
		}
	}
}
{Volume "piece1"
	{Cylinder 1.73203 38.6039}
	{Bone "piece1"}
	{Matrix34
		1	0	0
		0	0.413676	0.910424
		0	-0.910424	0.413676
		1.52588e-005	0.0891758	-0.0556656
	}
}
{Volume "piece4"
	{Cylinder 1.4777 38.6767}
	{Bone "piece4"}
	{Matrix34
		0.738266	0.660933	-0.134652
		-0.117123	0.322209	0.939395
		0.664264	-0.677752	0.315287
		-0.894687	0.46872	-0.300765
	}
}
{Volume "sub_piece0"
	{Box 33.6004 27.0513 0.98824}
	{Bone "sub_piece0"}
	{Matrix34
		1	0	0
		0	0.916448	-0.400155
		0	0.400155	0.916448
		0	-0.514993	0.0229323
	}
}
{Volume "sub_piece2"
	{Box 21.2718 22.3428 1.25445}
	{Bone "sub_piece2"}
	{Matrix34
		0.924612	0	0.380909
		0	1	0
		-0.380909	0	0.924612
		0.2253	0	-0.283756
	}
}
{Volume "sub_piece3"
	{Cylinder 1.0967 43.6668}
	{Bone "sub_piece3"}
	{Matrix34
		0	0	-1
		0	1	0
		1	0	0
		-0.152195	3.05176e-005	0
	}
}
