;Exported by: vic
;Date:        Wed Aug 24 17:53:12 2005
;File:        D:\Obmen\SS\house_euro_117a_v_kuski_x.max
{Skeleton
	{bone "117a_f1c4_shop_x"
		{Orientation
			1	0	0
			0	-1	0
			0	0	1
		}
		{bone "piece2"
			{Matrix34
				1	0	0
				0	0	1
				0	-1	0
				-13.8012	14.5218	14.9138
			}
			{VolumeView "piece2.ply"}
		}
		{bone "piece3"
			{Matrix34
				1	0	0
				0	0	1
				0	-1	0
				7.95005	14.5218	41.405
			}
			{VolumeView "piece3.ply"}
		}
		{bone "sub_piece2"
			{Matrix34
				1	0	0
				0	0	1
				0	-1	0
				-14.005	14.5218	41.5267
			}
			{VolumeView "sub_piece2.ply"}
		}
		{bone "sub_piece1"
			{Matrix34
				1	0	0
				0	0	1
				0	-1	0
				9.97835	14.5218	14.5597
			}
			{VolumeView "sub_piece1.ply"}
		}
		{bone "sub_piece3"
			{Matrix34
				0	1	0
				0	0	1
				1	0	0
				27.4947	13.5482	33.5805
			}
			{VolumeView "sub_piece3.ply"}
		}
		{bone "piece4"
			{Matrix34
				0	1	0
				0	0	1
				1	0	0
				27.2723	0.0619888	50.6897
			}
			{VolumeView "piece4.ply"}
		}
		{bone "piece1"
			{Position 26.8151	2.0482	4.93512}
			{VolumeView "piece1.ply"}
		}
	}
}
{Volume "piece1"
	{Box 35.08 10.8268 8.85827}
	{Bone "piece1"}
	{Matrix34
		0	1	0
		-1	0	0
		0	0	1
		-0.00937466	0.068193	0.55887
	}
}
{Volume "piece4"
	{Box 31.9882 7.87402 9.62717}
	{Bone "piece4"}
	{Matrix34
		1	0	0
		0	0	-1
		0	1	0
		1.37825	1.6608	0.195575
	}
}
{Volume "sub_piece3"
	{Box 9.84252 7.87402 21.8799}
	{Bone "sub_piece3"}
	{Matrix34
		1	0	0
		0	0	-1
		0	1	0
		0.00159354	-1.20882	-0.0268395
	}
}
{Volume "sub_piece1"
	{Box 11.3174 7.87402 13.6667}
	{Bone "sub_piece1"}
	{Matrix34
		-0.805248	-0.592937	0
		0	0	1
		-0.592937	0.805248	0
		-0.740027	-0.557748	-0.0789116
	}
}
{Volume "sub_piece2"
	{Box 10.2989 7.87402 20.6272}
	{Bone "sub_piece2"}
	{Matrix34
		-0.952891	0.303313	0
		0	0	1
		0.303313	0.952891	0
		0.389651	0.0387671	-0.0789174
	}
}
{Volume "piece3"
	{Box 19.8055 7.87402 17.6301}
	{Bone "piece3"}
	{Matrix34
		-0.852805	0.522229	0
		0	0	1
		0.522229	0.852805	0
		0.202499	-0.850847	-0.0789196
	}
}
{Volume "piece2"
	{Box 19.5128 7.87402 17.5214}
	{Bone "piece2"}
	{Matrix34
		-0.984808	-0.173648	0
		0	0	1
		-0.173648	0.984808	0
		-0.0229828	0.0732809	-0.0789153
	}
}
