;Exported by: kolesnikov
;Date:        Mon Jul 11 09:53:44 2005
;File:        D:\-Project-\-3DWork-\Constructions\barricade_hlam.max
{Skeleton
	{bone "mattress_tumba_x"
		{Orientation
			1	0	0
			0	-1	0
			0	0	1
		}
		{bone "piece1"
			{Matrix34
				0	-1	0
				1	0	0
				0	0	1
				-9.24568	-8.91973	14.5092
			}
			{VolumeView "piece1.ply"}
		}
		{bone "piece2"
			{Matrix34
				-1	0	0
				0	-1	0
				0	0	1
				-9.44095	4.23584	14.5092
			}
			{VolumeView "piece2.ply"}
		}
		{bone "piece3"
			{Matrix34
				0	1	0
				-1	0	0
				0	0	1
				4.08943	5.0221	14.5092
			}
			{VolumeView "piece3.ply"}
		}
		{bone "piece4"
			{Position 4.28471	-8.13347	14.5092}
			{VolumeView "piece4.ply"}
		}
		{bone "piece5"
			{Matrix34
				0.982838	-0.119915	0.140179
				0.0875739	0.972108	0.217571
				-0.162359	-0.201561	0.965926
				-0.429779	3.89845	7.1031
			}
			{VolumeView "piece5.ply"}
		}
		{bone "piece6"
			{Matrix34
				-0.984176	0.110326	-0.138658
				-0.0886515	-0.984118	-0.153794
				-0.153423	-0.139068	0.978326
				-1.81339	-8.65388	5.43243
			}
			{VolumeView "piece6.ply"}
		}
	}
}
{Volume "piece9"
	{Box 9.16898 8.88095 11.6199}
	{Bone "piece6"}
	{Matrix34
		-0.999929	-0.00467711	0.0109676
		0.00443945	-0.999757	-0.0215906
		0.0110657	-0.0215404	0.999707
		0.0227502	0.358718	2.37377
	}
}
{Volume "piece8"
	{Box 8.72397 8.88095 15.0908}
	{Bone "piece5"}
	{Position -1.96517e-005	0	0}
}
{Volume "piece8_vol04"
	{Box 5.10527 5.86143 2.10063}
	{Bone "piece4"}
	{Position 0.376314	-0.151704	0.857728}
}
{Volume "piece8_vol01"
	{Box 6.63022 5.86143 2.10063}
	{Bone "piece3"}
	{Matrix34
		0	-1	0
		1	0	0
		0	0	1
		0.0475059	-0.119092	0.857728
	}
}
{Volume "piece8_vol02"
	{Box 6.63022 5.86143 2.10063}
	{Bone "piece2"}
	{Matrix34
		-1	0	0
		0	-1	0
		0	0	1
		0.183951	-0.258732	0.857727
	}
}
{Volume "piece8_vol03"
	{Box 6.63022 5.86143 2.10063}
	{Bone "piece1"}
	{Matrix34
		0	1	0
		-1	0	0
		0	0	1
		0.0743189	-0.145396	0.857728
	}
}
