;Exported by: garry
;Date:        Thu Jun 12 12:57:45 2008
;File:        D:\-Projects-\-3DWork-\Model\Танки\PZ-2\hi-poly\Pz2F.max
{Skeleton
	{animation
		{sequence "start"}
		{sequence "stop"}
		{sequence "fire"}
		{sequence "open" {resume}}
		{sequence "hit"}
	}
	{bone "basis"
		{parameters "WheelRadius=0.5;"}
		{Orientation
			1	0	0
			0	-1	0
			0	0	1
		}
		{bone "body"
			{parameters "ID=body;"}
			{animation
				{sequence "repair" {file "body_r.anm"}}
			}
			{Position -1.76541	0	17.8312}
			{VolumeView "body.ply"}
				{bone "visor122"
					{Matrix34
						-330.979925	0.199368	0
						-0.199368	-0.979925	0
						0	0	1
						-0.682715	-5.52132	22.799
					}
				}
				{bone "visor144"
					{Matrix34
						0.979925	110.199368	0
						-0.199368	0.979925	0
						0	0	1
						10.682715	6.52132	22.799
					}
				}
			    {bone "visor188"
					{Matrix34
						0.979925	-110.199368	0
						-0.199368	0.979925	0
						0	0	1
						10.682715	6.52132	22.799
					}
				}			
			{bone revolute "wheell1"
				{parameters "ID=trackleft;"}
				{Matrix34
					1	0	0
					0	0	-1
					0	1	0
					39.214	17.4235	-5.60172
				}
				{VolumeView "wheell1.ply"}
			}
			{bone revolute "wheell7"
				{parameters "ID=trackleft;"}
				{Matrix34
					1	0	0
					0	0	-1
					0	1	0
					-34.3321	18.3824	-6.27056
				}
				{VolumeView "wheell7.ply"}
			}
			{bone revolute "wheelr7"
				{parameters "ID=trackright;"}
				{Matrix34
					1	0	0
					0	0	-1
					0	-1	0
					-34.3321	-18.3375	-6.27056
				}
				{VolumeView "wheelr7.ply"}
			}
			{bone revolute "wheelr1"
				{parameters "ID=trackright;"}
				{Matrix34
					1	0	0
					0	0	-1
					0	-1	0
					39.214	-17.3784	-5.60172
				}
				{VolumeView "wheelr1.ply"}
			}
			{bone revolute "turret"
				{parameters "ID=turret;"}
				{animation
					{sequence "repair" {file "turret_r.anm"} {speed 0.8}}
				}
				{Position 7.31043	3.23257	10.7724}
				{VolumeView "turret.ply"}
                {bone "visor11"
					{Matrix34
						-330.979925	-330.199368	0
						330.199368	0.979925	0
						0	0	1
						-0.682715	-20.52132	22.799
					}
				}
				{bone "visor12"
					{Matrix34
						-330.979925	0.199368	0
						-0.199368	-0.979925	0
						0	0	1
						-0.682715	-10.52132	22.799
					}
				}
				{bone "visor13"
					{Matrix34
						-330.979925	330.199368	0
						330.199368	0.979925	0
						0	0	1
						-0.682715	-10.52132	22.799
					}
				}
				{bone "visor14"
					{Matrix34
						0.979925	110.199368	0
						-0.199368	0.979925	0
						0	0	1
						-0.682715	-10.52132	22.799
					}
				}
				{bone "visor15"
					{Matrix34
						300.979925	330.199368	0
						-330.199368	0.979925	0
						0	0	1
						-0.682715	-10.52132	22.799
					}
				}
				{bone "visor16"
					{Matrix34
						0.979925	0.199368	0
						-0.199368	0.979925	0
						0	0	1
						-0.682715	-10.52132	22.799
					}
				}
				{bone "visor17"
					{Matrix34
						330.979925	-330.199368	0
						0.199368	0.979925	0
						0	0	1
						-0.682715	-10.52132	22.799
					}
				}
			    {bone "visor18"
					{Matrix34
						0.979925	-110.199368	0
						-0.199368	0.979925	0
						0	0	1
						-0.682715	-10.52132	22.799
					}
				}				
				{bone "cover"
					{parameters "ID=body;"}
					{Position -9.28881	-2.68615	10.1357}
					{VolumeView "cover.ply"}
				}
				{bone revolute "gun_rot"
					{limits -15 15}
					{Matrix34
						1	0	0
						0	0	1
						0	-1	0
						13.078	0.697562	3.59457
					}
					{bone "mgun"
						{Matrix34
							0.5	0.866025	0
							-0.866025	0.5	0
							0	0	-1
							8.50603	-0.187927	6.73162
						}
						{VolumeView "mgun.ply"}
						{bone revolute "foresight3"
							{limits -20 30}
							{Matrix34
								0.502259	-0.864713	0.00272961
								-0.864384	-0.502151	-0.0261698
								-0.0240001	-0.0107846	0.999654
								0.503703	-0.60589	0.011933
							}
						}
					}
					{bone "gun"
						{parameters "ID=gun;"}
						{Matrix34
							1	0	0
							0	0	-1
							0	1	0
							-0.15847	-0.157483	-4.1912
						}
						{VolumeView "gun.ply"}
						{bone "foresight1"
							{Matrix34
								0.999996	0.00274156	-0.000986295
								-0.000986383	3.07638e-005	-1
								-0.00274153	0.999996	3.34679e-005
								19.3287	0.0908613	-0.0805769
							}
						}
					}
				}
				{bone "visor1"
					{Matrix34
						1	0	0
						0	0	1
						0	-1	0
						1.72897	-1.65655	9.35351
					}
				}
				{bone "fxfire2"
					{Matrix34
						0.00872709	0.00872566	0.999924
						-0.999962	0.000152248	0.00872558
						-7.60583e-005	-0.999962	0.00872638
						0.38967	-2.41836	4.56807
					}
				}
				{bone "enumerator"
					{Matrix34
						0.999878	0.0156303	0
						-0.0156303	0.999878	0
						0	0	1
						3.97365	12.5816	4.46347
					}
					{VolumeView "enumerator.ply"}
				}
			}
			{bone "fxfire1"
				{Matrix34
					0.00872711	0.00872555	0.999924
					-0.999962	0.000152013	0.00872588
					-7.60236e-005	-0.999962	0.00872648
					-17.7172	7.34134	3.5051
				}
			}
			{bone "fxsmoke1"
				{Matrix34
					0.01305	-0.970022	0.242665
					0.0964238	-0.240334	-0.965889
					0.995255	0.0360035	0.0903969
					-39.3049	-14.3239	4.09675
				}
			}
			{bone "seat01"
				{Matrix34
					0.000117039	0.999999	-0.0013358
					-0.9962	0	-0.0871003
					-0.0871003	0.00134092	0.996199
					-11.4409	22.4197	3.80456
				}
			}
			{bone "seat02"
				{Matrix34
					-0.696528	0.696528	0.172328
					-0.7071	-0.707113	5.47897e-005
					0.121893	-0.121815	0.98504
					-26.2996	22.2049	4.24166
				}
			}
			{bone "seat03"
				{Matrix34
					-0.000117271	-0.999999	-0.00133586
					0.9962	0	-0.0871003
					0.0871003	-0.00134094	0.996199
					-18.6527	-21.7961	0.485966
				}
			}
			{bone "visor2"
				{Matrix34
					1	0	0
					0	0	1
					0	-1	0
					27.913	7.23409	7.84066
				}
			}
			{bone "engine"
				{parameters "ID=Engine;"}
				{Position -24.9178	-6.76507	8.54966}
				{VolumeView "engine.ply"}
			}
		}
		{bone "wheelsl"
			{parameters "ID=trackleft;"}
			{Position 1.40091	15.4704	11.0158}
			{VolumeView "wheelsl.ply"}
			{bone "trackl"
				{parameters "ID=trackleft;"}
				{Matrix34
					1	0	0
					0	0	1
					0	-1	0
					-3.15301	3.11003	0.445221
				}
				{VolumeView "trackl.ply"}
			}
			{bone revolute "wheell2"
				{parameters "ID=trackleft;"}
				{Matrix34
					0.5	0	0.866026
					0.866026	0	-0.5
					0	-1	0
					22.9962	2.91199	-4.71166
				}
				{VolumeView "wheell2.ply"}
			}
			{bone revolute "wheell3"
				{parameters "ID=trackleft;"}
				{Matrix34
					1	0	0
					0	0	-1
					0	-1	0
					11.1725	2.91199	-4.71166
				}
				{VolumeView "wheell3.ply"}
			}
			{bone revolute "wheell4"
				{parameters "ID=trackleft;"}
				{Matrix34
					-0.965926	0	-0.258819
					-0.258819	0	0.965926
					0	-1	0
					-0.284958	2.91199	-4.71166
				}
				{VolumeView "wheell3.ply"}
			}
			{bone revolute "wheell5"
				{parameters "ID=trackleft;"}
				{Matrix34
					-0.707107	0	0.707106
					0.707106	0	0.707107
					0	-1	0
					-12.0829	2.91199	-4.71166
				}
				{VolumeView "wheell3.ply"}
			}
			{bone revolute "wheell6"
				{parameters "ID=trackleft;"}
				{Matrix34
					-0.707107	0	-0.707107
					-0.707107	0	0.707107
					0	-1	0
					-24.0445	2.91199	-4.71166
				}
				{VolumeView "wheell3.ply"}
			}
			{bone "fxtracel2"
				{Matrix34
					-0.97154	0.00776594	0.236749
					0.00527405	0.999924	-0.011157
					-0.236818	-0.0095908	-0.971507
					-26.1455	3.17642	-10.0251
				}
			}
			{bone "fxtracel1"
				{Matrix34
					-0.999986	-0.00475792	0.00227924
					0.00478532	-0.999914	0.0121699
					0.00222114	0.0121807	0.999923
					21.719	2.739	-10.1309
				}
			}
		}
		{bone "wheelsr"
			{parameters "ID=trackright;"}
			{Position 1.40092	-15.4704	11.0158}
			{VolumeView "wheelsr.ply"}
			{bone "trackr"
				{parameters "ID=trackright;"}
				{Matrix34
					1	0	0
					0	0	1
					0	-1	0
					-3.15301	-2.70291	0.445221
				}
				{VolumeView "trackr.ply"}
			}
			{bone revolute "wheelr2"
				{parameters "ID=trackright;"}
				{Matrix34
					0.34202	0	0.939693
					0.939693	0	-0.34202
					0	1	0
					22.9962	-2.912	-4.71166
				}
				{VolumeView "wheelr2.ply"}
			}
			{bone revolute "wheelr3"
				{parameters "ID=trackright;"}
				{Matrix34
					0.939693	0	0.34202
					0.34202	0	-0.939693
					0	1	0
					11.2513	-2.912	-4.71166
				}
				{VolumeView "wheelr2.ply"}
			}
			{bone revolute "wheelr4"
				{parameters "ID=trackright;"}
				{Matrix34
					-0.707107	0	0.707106
					0.707106	0	0.707107
					0	1	0
					-0.355732	-2.912	-4.71166
				}
				{VolumeView "wheelr2.ply"}
			}
			{bone revolute "wheelr5"
				{parameters "ID=trackright;"}
				{Matrix34
					-0.34202	0	-0.939693
					-0.939693	0	0.34202
					0	1	0
					-12.0748	-2.912	-4.71166
				}
				{VolumeView "wheelr2.ply"}
			}
			{bone revolute "wheelr6"
				{parameters "ID=trackright;"}
				{Matrix34
					0.5	0	0.866026
					0.866026	0	-0.5
					0	1	0
					-23.9059	-2.912	-4.71166
				}
				{VolumeView "wheelr2.ply"}
			}
			{bone "fxtracer1"
				{Matrix34
					-0.999998	-0.000514138	-0.0018743
					0.000518682	-0.999997	-0.00242032
					0.00187315	0.00242145	-0.999995
					21.7581	-2.67412	-10.1008
				}
			}
			{bone "fxtracer2"
				{Matrix34
					-0.973166	-0.00471147	0.230057
					0.00404935	-0.999986	-0.00335009
					-0.23007	0.00232864	-0.973171
					-26.1388	-3.14508	-9.98596
				}
			}
		}
		{bone "emit1"
			{Matrix34
				0	-1	0
				1	0	0
				0	0	1
				25.7514	33.4724	0
			}
			{visibility 0}
		}
		{bone "emit2"
			{Matrix34
				0	1	0
				-1	0	0
				0	0	1
				28.2919	-36.5814	0
			}
			{visibility 0}
		}
		{bone "emit3"
			{Matrix34
				0	-1	0
				1	0	0
				0	0	1
				-17.4067	37.1737	0
			}
			{visibility 0}
		}
		{bone "emit4"
			{Matrix34
				0	-1	0
				1	0	0
				0	0	1
				-36.8951	37.1737	0
			}
			{visibility 0}
		}
		{bone "emit5"
			{Matrix34
				0	1	0
				-1	0	0
				0	0	1
				-23.4037	-36.7373	0
			}
			{visibility 0}
		}
	}
}
{Volume "body1"
	{Polyhedron "body1.vol"}
	{Bone "body"}
	{Position 3.45946	0.955833	-12.061}
}
{Volume "body2"
	{Polyhedron "body2.vol"}
	{Bone "body"}
	{Position 4.64815	0.686805	5.58497}
}
{Volume "crew"
	{Box 15.66 27.0264 21.7793}
	{Bone "body"}
	{Position 2.61672	0.108622	-0.727725}
}
{Volume "engine"
	{Polyhedron "engine.vol"}
	{Bone "engine"}
	{Position -0.0578957	6.3747	-4.0908}
}
{Volume "gun"
	{Cylinder 1.16064 26.2481}
	{Bone "gun"}
	{Matrix34
		0.0025406	-0.999844	-0.0174818
		-0.00011173	0.0174816	-0.999847
		0.999997	0.00254216	-6.72995e-005
		3.44792	-0.00498952	0.000133361
	}
}
{Volume "inventory"
	{Box 15.9536 24.6142 14.0593}
	{Bone "body"}
	{Position -14.2408	-0.138414	-3.82673}
}
{Volume "mantlet"
	{Cylinder 2.38902 18.2187}
	{Bone "turret"}
	{Matrix34
		-1	0	0
		0	0	1
		0	1	0
		11.7927	0.117738	3.81872
	}
}
{Volume "ram"
	{Polyhedron "ram.vol"}
	{Bone "body"}
	{Matrix34
		0.92957	0	0.368645
		0	1	0
		-0.368645	0	0.92957
		37.1575	0.696388	-12.5662
	}
}
{Volume "trackleft"
	{Box 88.5827 4.92126 19.685}
	{Bone "wheelsl"}
	{Matrix34
		-1	0	0
		0	-1	0
		0	0	1
		-0.688873	3.04023	-1.17331
	}
}
{Volume "trackright"
	{Box 88.5827 4.92126 19.685}
	{Bone "wheelsr"}
	{Position -0.75455	-2.70352	-1.17331}
}
{Volume "turret"
	{Polyhedron "turret.vol"}
	{Bone "turret"}
	{Position 1.47909	-0.809558	0.306417}
}
