;Exported by: Normand
;Date:        Tue Jul 09 22:03:16 2013
;File:        C:\Users\Normand\29k_xx.max
{Skeleton
	{bone "basis"
		{Orientation
			1	0	0
			0	-1	0
			0	0	1
		}
		{bone "pivot_back"
			{Matrix34
				0.999945	0.010503	0
				-0.010503	0.999945	0
				0	0	1
				-47.2306	0.630822	7.70358
			}
			{VolumeView "pivot_back.ply"}
			{bone revolute "wheell2"
				{Matrix34
					-0.999946	0.000144948	0.0104287
					0.0104295	0.00689921	0.999922
					-7.29887e-005	-0.999976	0.00690035
					12.8128	16.5114	-0.347295
				}
				{VolumeView "wheell2.ply"}
			}
			{bone revolute "wheelr2"
				{Matrix34
					-0.999959	0.00889631	0.00170961
					0.0017813	0.0080563	0.999966
					-0.00888223	-0.999928	0.00807181
					12.4869	-17.8285	-0.34258
				}
				{VolumeView "wheelr2.ply"}
			}
			{bone "spring_back"
				{Position 1.23519	-0.674913	1.77283}
				{VolumeView "spring_back.ply"}
			}
			{bone revolute "wheell3"
				{Matrix34
					-0.999987	3.53809e-005	-0.00513742
					-0.00513735	0.00168406	0.999985
					-4.38839e-005	-0.999999	0.00168385
					-11.1102	16.6965	-0.0792937
				}
				{VolumeView "wheell3.ply"}
			}
			{bone revolute "wheelr3"
				{Matrix34
					-0.999994	3.87095e-005	0.00339831
					0.00339841	0.00181186	0.999993
					-3.25534e-005	-0.999998	0.00181198
					-11.494	-17.7903	-0.0895414
				}
				{VolumeView "wheelr3.ply"}
			}
		}
		{bone "pivot_front"
			{Matrix34
				0.999945	0.010503	0
				-0.010503	0.999945	0
				0	0	1
				35.6227	0.630823	8.16329
			}
			{VolumeView "pivot_front.ply"}
			{bone "spring_front"
				{Position 0.22319	-0.496912	-0.323526}
				{VolumeView "spring_front.ply"}
			}
			{bone revolute "steerl"
				{Matrix34
					-0.999962	0.00866736	0
					0.00866736	0.999962	0
					0	0	1
					0.171761	14.1573	-1.33517
				}
				{VolumeView "steerl.ply"}
				{bone revolute "wheell1"
					{Matrix34
						0.999974	0.00718826	0
						-5.17774e-005	0.00720287	0.999974
						0.00718807	-0.999948	0.00720305
						0.0478477	1.5833	0.537483
					}
					{VolumeView "wheell1.ply"}
				}
			}
			{bone revolute "steerr"
				{Matrix34
					-0.999825	0.0186862	0
					0.0186862	0.999825	0
					0	0	1
					0.0261803	-15.0436	-1.33517
				}
				{VolumeView "steerr.ply"}
				{bone revolute "wheelr1"
					{Matrix34
						0.999913	-0.0132136	0
						-7.22934e-005	-0.00546408	0.999985
						-0.0132134	-0.999898	-0.00546481
						0.187965	-1.87944	0.646546
					}
					{VolumeView "wheelr1.ply"}
				}
			}
		}
		{bone "body"
			{parameters "ID=body;"}
			{Matrix34
				0.998546	0.0178536	-0.0508656
				-0.010503	0.989915	0.141271
				0.0528749	-0.140531	0.988663
				-12.3274	0.630822	10.7596
			}
			{VolumeView "body.ply"}
			{bone "fxfire"
				{Matrix34
					0.999945	-0.0105031	0
					0	0	1
					-0.0105031	-0.999945	0
					46.3128	-1.38541	9.72488
				}
			}
			{bone "engine"
				{parameters "ID=engine;"}
				{Position 44.8375	-0.934343	10.8673}
				{VolumeView "engine.ply"}
				{bone "engine_door1"
					{Matrix34
						0.99997	0	0.00776659
						0.00549981	0.706074	-0.708117
						-0.00548378	0.708138	0.706053
						0.31842	-3.02678	7.49047
					}
					{VolumeView "engine_door1.ply"}
				}
				{bone "part4"
					{Position 0.381073	2.93858	7.49047}
					{VolumeView "part4.ply"}
				}
			}
			{bone "body_back"
				{parameters "ID=body;"}
				{Position -25.8285	-0.0898581	6.65366}
				{VolumeView "body_back_29k.ply"}
				{bone "supportr2"
					{parameters "ID=body;"}
					{Matrix34
						0.718035	0.694867	0.0398154
						-0.578374	0.563879	0.589512
						0.387181	-0.446318	0.806778
						-28.9557	-10.3042	-4.72832
					}
					{VolumeView "supportr2.ply"}
				}
				{bone "supportr1"
					{parameters "ID=body;"}
					{Matrix34
						-0.703281	0.709796	0.0398153
						0.59009	0.551606	0.589512
						-0.396471	-0.438087	0.806778
						11.3839	-10.728	-4.72832
					}
					{VolumeView "supportr1.ply"}
				}
				{bone "supportl2"
					{parameters "ID=body;"}
					{Matrix34
						0.703281	-0.709796	0.0398155
						-0.59009	-0.551606	0.589512
						0.396471	0.438087	0.806778
						-28.7365	10.5301	-4.72832
					}
					{VolumeView "supportl2.ply"}
				}
				{bone "supportl1"
					{parameters "ID=body;"}
					{Matrix34
						-0.718035	-0.694867	0.0398153
						0.578374	-0.563879	0.589512
						-0.387181	0.446318	0.806778
						11.6027	10.1064	-4.72832
					}
					{VolumeView "supportl1.ply"}
				}
				{bone "sidel"
					{parameters "ID=body;"}
					{Matrix34
						-1.38884e-005	-0.00132978	0.999999
						0.0103539	0.999945	0.00132985
						0.999946	-0.0103539	0
						-8.24031	16.5951	2.3633
					}
					{VolumeView "sidel.ply"}
				}
				{bone "sider"
					{parameters "ID=body;"}
					{Matrix34
						-1.82442e-005	-0.00197561	0.999998
						-0.0089931	-0.999958	-0.0019757
						0.999959	-0.00899314	0
						-8.62233	-16.3724	2.36081
					}
					{VolumeView "sider.ply"}
				}
				{bone "body2"
					{parameters "ID=body;"}
					{Matrix34
						0.999945	-0.0105031	0
						0.0105031	0.999945	0
						0	0	1
						-5.91784	0.212668	3.45518
					}
					{VolumeView "body2.ply"}
					{bone revolute "turret"
						{parameters "ID=turret;"}
						{limits -180 180}
						{speed 0.006}
						{Position 0.0583682	1.88351e-005	12.6968}
						{VolumeView "turret.ply"}
						{bone revolute "gun_rot"
							{parameters "ID=gun;"}
							{limits -3 82}
							{speed 0.005}
							{Matrix34
								1	0	0
								0	-0.173416	0.984849
								0	-0.984849	-0.173416
								-11.5556	0.000178814	10.0223
							}
							{VolumeView "gun_rot.ply"}
							{bone "gun"
								{parameters "CommonMesh;ID=gun;"}
								{Matrix34
									0.00201105	0.000236034	-0.999998
									-0.000236222	1	0.000235498
									0.999998	0.000235742	0.0020111
									0	0	0
								}
								{VolumeView "gun.ply"}
							}
						}
					}
				}
			}
			{bone "part1"
				{Matrix34
					0.999723	-0.0234908	0.00161437
					-0.0231689	-0.969167	0.245313
					0.00419799	0.245282	0.969443
					35.5917	-16.8587	-1.41778
				}
				{VolumeView "part1.ply"}
			}
			{bone "body_part2"
				{Matrix34
					0.999945	-0.0105031	0
					0.0105031	0.999945	0
					0	0	1
					36.0885	14.3741	-4.60831
				}
				{VolumeView "body_part2.ply"}
			}
			{bone "cabine"
				{parameters "ID=cabin;"}
				{Position 16.26	-0.682444	10.8673}
				{VolumeView "cabine.ply"}
				{bone "part3"
					{Matrix34
						0.277582	0.960702	0
						-0.960702	0.277582	0
						0	0	1
						14.1342	-14.8101	5.00381
					}
					{VolumeView "part3.ply"}
				}
				{bone "doorleft"
					{Matrix34
						0.336469	-0.941694	0
						0.941694	0.336469	0
						0	0	1
						14.2906	14.4751	5.26884
					}
					{VolumeView "doorleft.ply"}
				}
			}
		}
	}
}
{Volume "body"
	{Box 101.594 16.3656 1.91286}
	{Bone "body"}
	{Matrix34
		1.15123	-0.0120922	0
		0.0120922	1.15123	0
		0	0	1.1513
		-0.189642	-0.827989	0.250022
	}
}
{Volume "body2"
	{Polyhedron "body2.vol"}
	{Bone "body2"}
	{Position -0.0473366	-0.21038	-0.576582}
}
{Volume "body"
	{Box 101.594 16.3656 1.91286}
	{Bone "body"}
	{Matrix34
		1.15123	-0.0120922	0
		0.0120922	1.15123	0
		0	0	1.1513
		-0.189643	-0.827989	0.250021
	}
}
{Volume "bodyback"
	{Polyhedron "bodyback.vol"}
	{Bone "body_back"}
	{Matrix34
		0.999945	-0.0105031	0
		0.0105031	0.999945	0
		0	0	1
		-7.52632	0.116454	-5.14844
	}
}
{Volume "cabine"
	{Polyhedron "cabine.vol"}
	{Bone "cabine"}
	{Matrix34
		0.999945	-0.0105031	0
		0.0105031	0.999945	0
		0	0	1
		5.48179	-0.0708876	-9.59777
	}
}
{Volume "engine"
	{Polyhedron "engine.vol"}
	{Bone "engine"}
	{Matrix34
		0.999945	-0.0105031	0
		0.0105031	0.999945	0
		0	0	1
		1.11549	0.274557	-8.91448
	}
}
{Volume "gun_rot"
	{Polyhedron "gun_rot.vol"}
	{Bone "gun_rot"}
	{Matrix34
		0.999969	0	0.00784484
		0	1	0.00026003
		-0.00784485	-0.000258748	0.999969
		18.7282	-1.21817	-2.11297
	}
}
{Volume "gun"
	{Polyhedron "gun.vol"}
	{Bone "gun"}
	{Matrix34
		-0.00583364	-0.00896287	0.999943
		-6.73681e-005	0.99996	0.00896263
		-0.999983	-1.37231e-005	-0.00583401
		1.48496	-0.246696	40.9897
	}
}
{Volume "part1"
	{Polyhedron "body_part1.vol"}
	{Bone "part1"}
	{Matrix34
		0.999986	-0.000517989	0.00530727
		-0.000575745	-0.999941	0.0108867
		-0.00530131	0.0108896	0.999927
		-0.647909	0.090477	-10.5486
	}
}
{Volume "part3"
	{Box 13.4363 30.2318 0.901217}
	{Bone "part3"}
	{Matrix34
		0.994189	0.107586	0.00367402
		-0.00529229	0.01476	0.999877
		0.107518	-0.994086	0.0152436
		-6.48492	-0.136574	2.31827
	}
}
{Volume "turret"
	{Polyhedron "turret.vol"}
	{Bone "turret"}
	{Matrix34
		0.939664	-0.00736389	-0.34202
		0.34201	-0.00270587	0.939692
		-0.00784529	-0.999969	-2.28181e-005
		-3.72561	6.17667	5.20584
	}
}
{Volume "wheelleft1"
	{Cylinder 7.5 5}
	{Bone "wheell1"}
	{Matrix34
		-0.999986	3.86232e-005	-0.00535247
		0	0.999974	0.00720422
		-0.00535262	-0.00720411	0.99996
		0.113132	0.117059	0.700726
	}
}
{Volume "wheelleft2"
	{Cylinder 7.5 10}
	{Bone "wheell2"}
	{Matrix34
		-0.999892	0.0103566	0.0104298
		0.0104289	0.999922	0.00690068
		0.0103575	-0.00700871	0.999922
		-0.0680627	0.119102	0.908367
	}
}
{Volume "wheelleft3"
	{Cylinder 7.5 10}
	{Bone "wheell3"}
	{Matrix34
		-0.999932	-0.00515476	0.0104589
		-0.00513741	0.999985	0.00168442
		0.0104675	-0.00163058	0.999944
		0.176407	-0.0921611	0.838727
	}
}
{Volume "wheelright1"
	{Cylinder 7.5 5}
	{Bone "wheelr1"}
	{Matrix34
		-0.999988	2.81339e-005	0.00502918
		0	0.999985	-0.0054628
		0.00502926	0.00546334	0.999973
		0.00428762	0.0955661	-1.08478
	}
}
{Volume "wheelright2"
	{Cylinder 7.5 10}
	{Bone "wheelr2"}
	{Matrix34
		-0.999997	0.00169658	0.00162051
		0.00170961	0.999966	0.00807237
		0.00160676	-0.00807512	0.999966
		-0.0443344	0.124173	-0.490213
	}
}
{Volume "wheelright3"
	{Cylinder 7.5 10}
	{Bone "wheelr3"}
	{Matrix34
		-0.999939	0.00337918	0.0104704
		0.00339828	0.999992	0.00181245
		0.0104642	-0.00184792	0.999943
		0.137892	-0.0807795	-0.706429
	}
}
