;Exported by: sana
;Date:        Fri Jul 07 14:24:36 2006
;File:        D:\-Project-\-3DWork-\Entourage\catholic_church\Catholic_church04.max
{Skeleton
	{bone "catholic_cut05"
		{Orientation
			1	0	0
			0	-1	0
			0	0	1
		}
		{VolumeView "catholic_cut05.ply"}
		{bone "exterior"
			{Position -3.34022	-5.68967	38.5261}
			{VolumeView "exterior.ply"}
		}
	}
}
{Volume "body1"
	{Box 23.1885 11.4848 92.3898}
	{Bone "catholic_cut05"}
	{Matrix34
		-0.789366	0	0.613922
		0	1	0
		-0.613922	0	-0.789366
		-1.57815	2.78188	35.0886
	}
}
{Volume "body2"
	{Box 18.601 14.724 22.3077}
	{Bone "catholic_cut05"}
	{Matrix34
		0	1	0
		-1	0	0
		0	0	1
		-4.91967	-11.4667	-8.93073
	}
}
{Volume "body"
	{Box 23.5027 19.873 19.2627}
	{Bone "catholic_cut05"}
	{Matrix34
		0	1	0
		-1	0	0
		0	0	1
		-21.1584	9.19484	-6.51361
	}
}
{Volume "roof1"
	{Box 31.0065 95.0249 5.8584}
	{Bone "exterior"}
	{Matrix34
		0	-1	0
		0.622637	0	0.782511
		-0.782511	0	0.622637
		-5.05352	28.7933	0.0629958
	}
}
{Volume "roof2"
	{Box 33.2963 79.2569 5.8584}
	{Bone "exterior"}
	{Matrix34
		0	-1	0
		0.632128	0	0.774864
		-0.774864	0	0.632128
		10.5687	-11.6394	-8.3767
	}
}
