;Exported by: dima
;Date:        Mon Feb 18 16:42:00 2008
;File:        D:\Попов Дмитрий\Домик\house 102\Krit\church_crit_new.max
{Skeleton
	{bone "w4_krit"
		{Orientation
			1	0	0
			0	-1	0
			0	0	1
		}
		{VolumeView "w4_krit.ply"}
		{bone "exterior"
			{Position -40.6715	43.58	102.482}
			{VolumeView "exterior.ply"}
		}
		{bone "fix03"
			{Position 27.5978	36.2765	58.5415}
		}
		{bone "fix04"
			{Position 27.5978	-24.2861	75.6536}
		}
	}
}
{Area "interior"
	{Obb2
		{Center -39.5952 -43.7484}
		{Extent 71.1663 75.8871}
		{Axis -1 0}
	}
	{Rotate}
}
{Volume "body1"
	{Box 9.72677 10.1078 48.9984}
	{Bone "w4_krit"}
	{Matrix34
		0	-1	0
		1	0	0
		0	0	1
		25.4053	35.0809	85.2084
	}
}
{Volume "body2"
	{Box 9.72677 10.1078 58.798}
	{Bone "w4_krit"}
	{Matrix34
		0	-1	0
		1	0	0
		0	0	1
		25.4053	25.1362	90.1083
	}
}
{Volume "body3"
	{Box 9.72677 10.1078 60.5797}
	{Bone "w4_krit"}
	{Matrix34
		0	-1	0
		1	0	0
		0	0	1
		25.4053	14.7839	93.9621
	}
}
{Volume "body4"
	{Box 13.2284 10.1078 59.3681}
	{Bone "w4_krit"}
	{Matrix34
		0	-1	0
		1	0	0
		0	0	1
		25.4053	3.56415	97.5923
	}
}
{Volume "body5"
	{Box 13.2284 10.1078 46.3071}
	{Bone "w4_krit"}
	{Matrix34
		0	-1	0
		1	0	0
		0	0	1
		25.4053	-8.94212	100.179
	}
}
{Volume "body6"
	{Box 9.72677 10.1078 37.7287}
	{Bone "w4_krit"}
	{Matrix34
		0	-1	0
		1	0	0
		0	0	1
		25.4053	44.7747	84.5394
	}
}
{Volume "body7"
	{Box 11.5087 17.912 108.659}
	{Bone "w4_krit"}
	{Matrix34
		0	-1	0
		0	0	1
		-1	0	0
		-27.4594	46.0864	94.904
	}
}
{Volume "roof1"
	{Box 21.1773 9.99751 117.042}
	{Bone "exterior"}
	{Matrix34
		0	-0.707107	0.707107
		0	0.707107	0.707107
		-1	0	0
		11.3691	-12.9457	7.19575
	}
}
{Volume "roof2"
	{Box 21.1773 9.99751 117.042}
	{Bone "exterior"}
	{Matrix34
		0	-0.965926	0.258819
		0	0.258819	0.965926
		-1	0	0
		11.3691	-28.2433	15.6171
	}
}
{Volume "roof3"
	{Box 34.3163 9.99751 117.042}
	{Bone "exterior"}
	{Matrix34
		0	-0.866025	-0.5
		0	-0.5	0.866025
		-1	0	0
		11.3691	-51.7819	10.8663
	}
}
{Volume "roof4"
	{Box 73.3411 5.96251 107.324}
	{Bone "exterior"}
	{Matrix34
		0	-0.984808	0.173648
		0	0.173648	0.984808
		-1	0	0
		-13.5015	38.152	-17.9577
	}
}
