;Exported by: Ekaterina
;Date:        Fri Jul 18 12:56:36 2008
;File:        D:\-Project-\-3DWork-\WORK\well\well_x.max
{Skeleton
	{bone "well_w"
		{Orientation
			1	0	0
			0	-1	0
			0	0	1
		}
		{bone "piece11"
			{Position -13.2726	-1.94097	38.3255}
			{VolumeView "piece11.ply"}
		}
		{bone "piece01"
			{Position -5.59065	15.1786	6.06301}
			{VolumeView "piece01.ply"}
		}
		{bone "piece02"
			{Position -1.70904	10.4081	9.57265}
			{VolumeView "piece02.ply"}
		}
		{bone "piece03"
			{Position 7.91478	12.147	6.90139}
			{VolumeView "piece03.ply"}
		}
		{bone "piece04"
			{Position -0.88273	-22.3087	2.89258}
			{VolumeView "piece04.ply"}
		}
		{bone "piece05"
			{Position -7.46113	-11.977	8.01511}
			{VolumeView "piece05.ply"}
		}
		{bone "piece06"
			{Position -27.8658	-1.97278	47.1845}
			{VolumeView "piece06.ply"}
		}
		{bone "piece07"
			{Position 15.715	-1.97246	48.9228}
			{VolumeView "piece07.ply"}
		}
		{bone "piece08"
			{Position 17.9053	-6.8531	46.3675}
			{VolumeView "piece08.ply"}
		}
		{bone "piece09"
			{Position -18.546	-1.93361	37.5518}
			{VolumeView "piece09.ply"}
		}
		{bone "piece10"
			{Position 23.3174	5.56306	38.3819}
			{VolumeView "piece10.ply"}
		}
		{bone "well_x"
			{Position -0.104598	-1.15978	3.35877}
			{VolumeView "well_x.ply"}
		}
	}
}
{Volume "piece01"
	{Box 10.7547 6.88544 10.0648}
	{Bone "piece01"}
}
{Volume "piece02"
	{Box 11.2462 8.8012 4.32667}
	{Bone "piece02"}
	{Position 0	0	0.487937}
}
{Volume "piece03"
	{Box 15.8967 9.14388 9.77904}
	{Bone "piece03"}
	{Matrix34
		0.819152	-0.573576	0
		0.573576	0.819152	0
		0	0	1
		0	0	-0.0493889
	}
}
{Volume "piece04"
	{Box 11.2491 6.19172 5.00708}
	{Bone "piece04"}
}
{Volume "piece05"
	{Box 10.5995 7.52678 7.41824}
	{Bone "piece05"}
	{Matrix34
		0.642788	-0.766044	0
		0.766044	0.642788	0
		0	0	1
		1.04448	0.969162	0
	}
}
{Volume "piece06"
	{Box 6.12127 34.447 1.61295}
	{Bone "piece06"}
	{Matrix34
		1	0	0
		0	0.996195	0.0871557
		0	-0.0871557	0.996195
		0	0.324149	0.259932
	}
}
{Volume "piece07"
	{Box 11.6918 34.6482 1.769}
	{Bone "piece07"}
	{Matrix34
		0.999947	0.00973528	0.00344991
		-0.00999733	0.996199	0.0865278
		-0.00259443	-0.0865577	0.996243
		0.00874637	0.480456	-0.0861621
	}
}
{Volume "piece08"
	{Box 22.0138 4.11987 3.28915}
	{Bone "piece08"}
	{Position 0	0	0}
}
{Volume "piece09"
	{Box 2.77855 10.62 13.2883}
	{Bone "piece09"}
	{Matrix34
		0.707107	0	-0.707107
		0	1	0
		0.707107	0	0.707107
		0.290877	0	0.29088
	}
}
{Volume "piece10"
	{Box 3.20792 13.7188 1.56783}
	{Bone "piece10"}
	{Matrix34
		1	0	0
		0	0.906308	-0.422618
		0	0.422618	0.906308
		0	0.0652051	0.565979
	}
}
{Volume "piece11"
	{Box 22.0336 3.10782 3.72298}
	{Bone "piece11"}
	{Matrix34
		0.998921	0.0206484	0.0416101
		-0.0260958	-0.491606	0.870427
		0.0384287	-0.870573	-0.490537
		0	0	2.78819e-005
	}
}
{Volume "well_x"
	{Cylinder 22.4727 11.9981}
	{Bone "well_x"}
	{Matrix34
		0.866025	-0.5	0
		0.5	0.866025	0
		0	0	1
		-0.234326	-1.30758	1.68809
	}
}
