;Exported by: sana
;Date:        Thu Jul 06 15:44:33 2006
;File:        D:\ss\store_1\store_03n_x.max
{Skeleton
	{bone "store3_wall3"
		{Orientation
			1	0	0
			0	-1	0
			0	0	1
		}
		{bone "piece01"
			{Matrix34
				-1	0	0
				0	-1	0
				0	0	1
				40.1989	-0.545738	46.115
			}
			{VolumeView "piece01.ply"}
		}
		{bone "piece03"
			{Position 29.7251	43.937	84.5079}
			{VolumeView "piece03.ply"}
		}
		{bone "piece04"
			{Position 13.4069	51.7003	84.7859}
			{VolumeView "piece04.ply"}
		}
		{bone "piece02"
			{Position -14.1566	40.6432	83.617}
			{VolumeView "piece02.ply"}
		}
		{bone "piece05"
			{Position 22.1373	21.0482	69.9325}
			{VolumeView "piece05.ply"}
			{bone "sub_piece05"
				{Position -8.85968	-1.75944e-005	-5.54495}
				{VolumeView "sub_piece05.ply"}
			}
		}
		{bone "piece06"
			{Position -5.49353	21.0482	67.3332}
			{VolumeView "piece06.ply"}
			{bone "sub_piece06"
				{Position -3.63874	-1.49642e-005	-9.2412}
				{VolumeView "sub_piece06.ply"}
			}
		}
		{bone "piece07"
			{Position 6.7511	21.0482	47.9525}
			{VolumeView "piece07.ply"}
			{bone "sub_piece07"
				{Position -5.77576	-1.52903e-005	-9.41446}
				{VolumeView "sub_piece07.ply"}
			}
		}
		{bone "piece08"
			{Position -26.575	21.0482	43.2164}
			{VolumeView "piece08.ply"}
			{bone "sub_piece08"
				{Position 5.25592	-1.45711e-005	-8.37483}
				{VolumeView "sub_piece08.ply"}
			}
		}
		{bone "piece09"
			{Position -10.8649	21.0482	23.8676}
			{VolumeView "piece09.ply"}
			{bone "sub_piece09"
				{Position -5.77576	-1.4722e-005	-9.41446}
				{VolumeView "sub_piece09.ply"}
			}
		}
		{bone "piece10"
			{Position 29.5076	21.0482	42.8698}
			{VolumeView "piece10.ply"}
			{bone "sub_piece10"
				{Position -6.46888	-1.79093e-005	-8.72137}
				{VolumeView "sub_piece10.ply"}
			}
		}
		{bone "exterior"
			{Position 7.3031	43.937	84.5079}
		}
		{bone "piece11"
			{Position 20.9017	-16.1521	34.2639}
			{VolumeView "piece11.ply"}
			{bone "sub_piece11"
				{Position -5.08271	-3.29352e-005	-9.01016}
				{VolumeView "sub_piece11.ply"}
			}
		}
		{bone "piece12"
			{Position 15.0682	-16.1521	12.2583}
			{VolumeView "piece12.ply"}
		}
	}
}
{Volume "piece01"
	{Box 38.4413 41.4058 3.03663}
	{Bone "piece01"}
	{Matrix34
		1	0	0
		0	0.990943	-0.134283
		0	0.134283	0.990943
		17.8204	1.63216	-0.855677
	}
}
{Volume "piece02"
	{Box 38.2899 57.4428 3.93701}
	{Bone "piece02"}
	{Matrix34
		1	0	0
		0	0.962795	0.270234
		0	-0.270234	0.962795
		3.66666	1.76791	1.72308
	}
}
{Volume "piece03"
	{Box 36.8557 64.0304 3.93701}
	{Bone "piece03"}
	{Matrix34
		1	0	0
		0	0.962795	0.270234
		0	-0.270234	0.962795
		-3.51483	-0.432024	1.23501
	}
}
{Volume "piece04"
	{Box 3.40961 54.8573 4.42436}
	{Bone "piece04"}
	{Matrix34
		1	0	0
		0	0.960748	0.277422
		0	-0.277422	0.960748
		0	0.360392	0.184151
	}
}
{Volume "piece05"
	{Box 16.1729 5.90552 12.4156}
	{Bone "piece05"}
	{Position 0	0	0}
}
{Volume "piece06"
	{Box 16.7497 5.90552 17.4428}
	{Bone "piece06"}
	{Position 0	0	0}
}
{Volume "piece07"
	{Box 18.5979 5.90552 14.2245}
	{Bone "piece07"}
	{Matrix34
		0.937487	0	-0.34802
		0	1	0
		0.34802	0	0.937487
		-0.157992	0	-0.425595
	}
}
{Volume "piece08"
	{Box 19.4065 5.90552 12.8222}
	{Bone "piece08"}
	{Position 0	0	0}
}
{Volume "piece09"
	{Box 17.1886 5.90552 12.8915}
	{Bone "piece09"}
	{Matrix34
		0.895196	0	-0.445672
		0	1	0
		0.445672	0	0.895196
		-0.216205	0	-0.434325
	}
}
{Volume "piece10"
	{Box 16.5187 5.90551 13.9773}
	{Bone "piece10"}
	{Position 0	0	0}
}
{Volume "piece11"
	{Box 14.7859 5.90552 17.3273}
	{Bone "piece11"}
	{Position 0	0	0}
}
{Volume "piece12"
	{Box 13.9773 5.90552 8.89466}
	{Bone "piece12"}
	{Position 0	0	0}
}
{Volume "sub_piece05"
	{Box 9.22964 5.90551 9.04484}
	{Bone "sub_piece05"}
	{Matrix34
		0.835283	0	0.54982
		0	1	0
		-0.54982	0	0.835283
		-0.371661	-1.67201e-005	0.141619
	}
}
{Volume "sub_piece06"
	{Box 12.4756 5.90552 8.34135}
	{Bone "sub_piece06"}
	{Matrix34
		0.915553	0	-0.402197
		0	1	0
		0.402197	0	0.915553
		-0.343638	0	-0.782095
	}
}
{Volume "sub_piece07"
	{Box 12.7043 5.90552 7.85965}
	{Bone "sub_piece07"}
	{Matrix34
		0.941269	0	-0.337658
		0	1	0
		0.337658	0	0.941269
		0.11014	0	0.00560444
	}
}
{Volume "sub_piece08"
	{Box 12.3601 5.90552 8.42105}
	{Bone "sub_piece08"}
	{Matrix34
		0.925312	0	0.379206
		0	1	0
		-0.379206	0	0.925312
		-0.71629	0	-0.138491
	}
}
{Volume "sub_piece09"
	{Box 11.2281 5.90552 7.73951}
	{Bone "sub_piece09"}
	{Matrix34
		0.963475	0	-0.267797
		0	1	0
		0.267797	0	0.963475
		-1.86564e-005	0	0
	}
}
{Volume "sub_piece10"
	{Box 12.1291 5.90551 10.1653}
	{Bone "sub_piece10"}
	{Position -6.81273e-005	0	0}
}
{Volume "sub_piece11"
	{Box 8.94317 5.90551 12.4137}
	{Bone "sub_piece11"}
	{Matrix34
		0.588029	0	0.80884
		0	1	0
		-0.80884	0	0.588029
		-0.100954	0	-0.130901
	}
}
