;Exported by: sergienko
;Date:        Wed Mar 01 19:15:12 2006
;File:        D:\-projets1_5\3dwork\anima\construction\bridge\bidge_concrete_x.max
{Skeleton
	{bone "bridge_river_land3"
		{Orientation
			1	0	0
			0	-1	0
			0	0	1
		}
		{VolumeView "bridge_river_land3.ply"}
		{bone "land3"
			{parameters "Land;Ground;"}
			{Position 37.7024	-0.0671387	156.885}
			{VolumeView "land3.ply" {Ground} {DecalTarget}}
		}
		{bone "sub_piece1"
			{Matrix34
				0.504902	-0.863177	0
				0.863177	0.504902	0
				0	0	1
				88.8958	-60.6016	162.252
			}
			{VolumeView "sub_piece1.ply"}
		}
		{bone "piece1"
			{Matrix34
				0.805131	-0.593097	0
				0.593097	0.805131	0
				0	0	1
				101.126	39.8621	162.252
			}
			{VolumeView "piece1.ply"}
		}
		{bone "sub_piece2"
			{Position 98.2	2.04541	162.252}
			{VolumeView "sub_piece2.ply"}
		}
		{bone "piece2"
			{Position 98.2385	77.8926	162.252}
			{VolumeView "piece2.ply"}
		}
		{bone "piece3"
			{Matrix34
				0.368688	-0.439385	0.819152
				0.766044	0.642788	0
				-0.526541	0.627507	0.573577
				106.112	53.7001	148.936
			}
			{VolumeView "piece3.ply"}
		}
		{bone "fx_dust1"
			{Position 75.9795	-8.32227	118.681}
		}
		{bone "fx_dust2"
			{Position 75.6563	-7.9353	139.926}
		}
		{bone "piece4"
			{Matrix34
				0.496732	-0.819152	-0.286788
				0.709406	0.573577	-0.409576
				0.5	0	0.866025
				88.1815	32.6792	155.761
			}
			{VolumeView "piece4.ply"}
		}
		{bone "sub_piece3"
			{Matrix34
				0.766044	0	-0.642788
				0	1	0
				0.642788	0	0.766044
				92.5916	-35.8203	148.438
			}
			{VolumeView "sub_piece3.ply"}
		}
		{bone "road_bridge02"
			{Position 37.7727	-0.0671387	143.152}
			{VolumeView "road_bridge02.ply"}
		}
	}
}
{Volume "piece1"
	{Box 42.0923 19.7975 4.245}
	{Bone "piece1"}
	{Position 1.19978	2.50885	0}
}
{Volume "piece2"
	{Box 29.6092 29.952 4.245}
	{Bone "piece2"}
	{Matrix34
		0.993819	0.11101	0
		-0.11101	0.993819	0
		0	0	1
		-1.38719	0.307328	0
	}
}
{Volume "piece3"
	{Box 23.3381 8.23811 13.5583}
	{Bone "piece3"}
	{Position -7.03356	4.56473	4.57305}
}
{Volume "piece4"
	{Box 48.9878 9.2813 11.3955}
	{Bone "piece4"}
	{Position -4.92428e-005	-1.76441	-2.00193}
}
{Volume "sub_piece1"
	{Box 39.9824 35.2903 4.245}
	{Bone "sub_piece1"}
	{Position 5.99587e-005	-0.245365	0}
}
{Volume "sub_piece2"
	{Box 29.6092 29.952 4.245}
	{Bone "sub_piece2"}
	{Matrix34
		0.993819	0.11101	0
		-0.11101	0.993819	0
		0	0	1
		-1.38723	0.307368	0
	}
}
{Volume "sub_piece3"
	{Box 45.118 8.7276 13.7685}
	{Bone "sub_piece3"}
	{Position -6.7321e-005	2.99597	3.68042}
}
