;Exported by: sana
;Date:        Sat Jan 28 14:50:52 2006
;File:        D:\-Project-\-3DWork-\Entourage\house_euro_110\house_euro_110_x.max
{Skeleton
	{bone "110n_corner15"
		{Orientation
			1	0	0
			0	-1	0
			0	0	1
		}
		{bone "piece1"
			{Position -4.57799	5.36067	52.5226}
			{VolumeView "piece1.ply"}
		}
		{bone "piece0"
			{Position 29.4677	5.52003	112.897}
			{VolumeView "piece0.ply"}
		}
		{bone "piece2"
			{Position 24.3427	-8.26448	113.811}
			{VolumeView "piece2.ply"}
			{bone "sub_piece2"
				{Position -14.3595	0	-7.06206}
				{VolumeView "sub_piece2.ply"}
			}
		}
		{bone "piece3"
			{Position -13.6158	-8.26448	99.7459}
			{VolumeView "piece3.ply"}
			{bone "sub_piece3"
				{Position -5.8262	0	-13.0059}
				{VolumeView "sub_piece3.ply"}
			}
		}
		{bone "piece4"
			{Position -21.6195	-8.26448	65.2007}
			{VolumeView "piece4.ply"}
		}
		{bone "piece5"
			{Position 14.2203	-8.26448	56.7263}
			{VolumeView "piece5.ply"}
			{bone "sub_piece5"
				{Position 10.3577	0	13.359}
				{VolumeView "sub_piece5.ply"}
			}
		}
	}
}
{Volume "piece0"
	{Box 37.3297 30.851 3.93701}
	{Bone "piece0"}
	{Matrix34
		0.851125	0	-0.524963
		0	1	0
		0.524963	0	0.851125
		0.18838	1.52588e-005	-0.0380094
	}
}
{Volume "piece1"
	{Box 27.0571 19.7117 2.95276}
	{Bone "piece1"}
}
{Volume "piece2"
	{Box 29.5239 7.87402 19.3947}
	{Bone "piece2"}
	{Matrix34
		0.862941	0	-0.505305
		0	1	0
		0.505305	0	0.862941
		-0.622989	0	-1.91724
	}
}
{Volume "piece3"
	{Box 18.1141 7.87402 20.1974}
	{Bone "piece3"}
	{Matrix34
		0.939672	0	-0.342078
		0	1	0
		0.342078	0	0.939672
		0.136583	0	0.577726
	}
}
{Volume "piece4"
	{Box 25.5834 7.87402 23.7756}
	{Bone "piece4"}
	{Matrix34
		0.963647	0	0.26718
		0	1	0
		-0.26718	0	0.963647
		0.911934	0	1.51178
	}
}
{Volume "piece5"
	{Box 25.9789 7.87402 19.4842}
	{Bone "piece5"}
	{Matrix34
		0.967277	0	0.253722
		0	1	0
		-0.253722	0	0.967277
		0.316747	0	0.597013
	}
}
{Volume "sub_piece2"
	{Box 20.9507 7.87402 15.294}
	{Bone "sub_piece2"}
	{Matrix34
		0.986255	0	-0.165229
		0	1	0
		0.165229	0	0.986255
		-0.500589	0	-0.813032
	}
}
{Volume "sub_piece3"
	{Box 18.2083 7.87402 11.723}
	{Bone "sub_piece3"}
	{Matrix34
		0.918948	0	-0.394379
		0	1	0
		0.394379	0	0.918948
		-0.567851	0	-0.279623
	}
}
{Volume "sub_piece5"
	{Box 18.366 7.87402 15.8472}
	{Bone "sub_piece5"}
	{Matrix34
		0.919933	0	-0.392074
		0	1	0
		0.392074	0	0.919933
		0.290476	0	1.1256
	}
}
