;Exported by: Sergey
;Date:        Fri Aug 17 18:57:16 2012
;File:        D:\Documents\3dsmax\scenes\панама обр 1938\Панама РККА обр 1938 02.max
{Skeleton
	{bone "basis"
		{Orientation
			1	0	0
			0	-1	0
			0	0	1
		}
		{bone "body"
			{Matrix34
				0.963583	0	0.267409
				0	1	0
				-0.267409	0	0.963583
				-0.251217	0.0489354	4.26475
			}
			{VolumeView "body.ply"}
		}
		{bone "handle"
			{Matrix34
				0.961864	0.266042	-0.0635534
				0.0659295	0	0.997824
				0.265463	-0.963962	-0.0175401
				-0.00281382	0	3.85681
			}
		}
	}
}
{Volume "body"
	{Box 5.90551 6.05448 3.54331}
	{Bone "body"}
	{Matrix34
		-0.963583	0	0.267409
		0	-1	0
		0.267409	0	0.963583
		0.158203	0.0173217	-0.243397
	}
}
{Volume "select"
	{Box 5.90551 6.05448 3.54331}
	{Bone "basis"}
	{Matrix34
		-1	0	0
		0	-1	0
		0	0	1
		0.0149985	0.0662572	4.07252
	}
}
{Extender "preview"
	{"Stuff"
		{camera
			{origin 9.6814	-8.25522	4.09624}
			{lookat 1.51386	-1.24217	4.32222}
			{fov 23.6199}
			{horizon -3.3864}
		}
		{lights
			{"0"
				{type directional}
				{direction -0.171162	0.146829	-0.446256}
			}
			{"1"
				{type directional}
				{direction -0.189277	0.266067	0.378659}
			}
			{"2"
				{type directional}
				{direction -0.105484	-0.229601	-0.431458}
			}
		}
	}
}
