;Exported by: kolesnikov
;Date:        Thu Jul 28 11:33:25 2005
;File:        D:\-Project-\-3DWork-\control office_remake.max
{Skeleton
	{bone "c11_x"
		{Orientation
			1	0	0
			0	-1	0
			0	0	1
		}
		{bone "piece2"
			{Matrix34
				-0.0637016	0.938187	-0.340217
				-0.738532	-0.273602	-0.616208
				-0.671202	0.212008	0.71031
				-22.781	-1.651	123.314
			}
			{VolumeView "piece2.ply"}
		}
		{bone "piece1"
			{Matrix34
				-0.0637016	0.938187	-0.340217
				-0.738532	-0.273602	-0.616208
				-0.671202	0.212008	0.71031
				25.9551	1.57465	123.535
			}
			{VolumeView "piece1.ply"}
		}
	}
}
{Volume "body2_vol93"
	{Box 29.2419 3.20765 21.6122}
	{Bone "piece1"}
	{Matrix34
		-0.82899	0.220516	0.513953
		-0.302262	0.59654	-0.74349
		-0.470545	-0.771694	-0.427873
		0.53838	-0.629955	1.3659
	}
}
{Volume "body2_vol94"
	{Box 37.1372 3.20765 21.6122}
	{Bone "piece2"}
	{Matrix34
		-0.924587	-0.36684	-0.102797
		-0.181106	0.660616	-0.728552
		0.335171	-0.654992	-0.677234
		1.02374	1.16738	3.76481
	}
}
