;Exported by: garry
;Date:        Sat Dec 10 15:27:55 2005
;File:        \\bestplay\design\DESIGN\-Projects-\-3DWork-\Model\-юбрн-лнрн\gaz_xlam\hi-poly\Gaz_xlam_x.max
{Skeleton
	{bone "basis"
		{Orientation
			1	0	0
			0	-1	0
			0	0	1
		}
		{bone "body"
			{parameters "ID=body;"}
			{Matrix34
				0.999048	0	0.0436194
				0.00342913	0.996905	-0.0785401
				-0.0434844	0.0786149	0.995956
				2.09359	-1.37591	-3.38985
			}
			{VolumeView "body.ply"}
			{bone "part1"
				{Position 0.835577	-20.8947	20.5661}
				{VolumeView "part1.ply"}
			}
			{bone "part2"
				{Position -30.3136	10.0648	12.9867}
				{VolumeView "part2.ply"}
			}
			{bone "part3"
				{Position 11.2187	-0.226658	28.5413}
				{VolumeView "part3.ply"}
			}
			{bone "part4"
				{Position -28.8731	-0.747363	24.7073}
				{VolumeView "part4.ply"}
			}
			{bone "part5"
				{Position 41.0455	-0.110689	8.12181}
				{VolumeView "part5.ply"}
			}
		}
	}
}
{Volume "body1"
	{Polyhedron "body1.vol"}
	{Bone "body"}
	{Matrix34
		0.999048	0.00342932	-0.0434844
		0	0.996905	0.0786149
		0.0436194	-0.0785401	0.995956
		14.9956	1.18006	2.11393
	}
}
{Volume "body2"
	{Box 32.888 16.2287 14.2967}
	{Bone "body"}
	{Matrix34
		0.999048	0.00342915	-0.0434846
		0	0.996905	0.0786151
		0.0436196	-0.0785402	0.995956
		-27.0402	-0.0815393	19.1137
	}
}
{Volume "part1"
	{Box 2.03304 15.6834 22.6858}
	{Bone "part1"}
	{Matrix34
		-0.765315	0.638172	0.0838439
		-0.642176	-0.765878	-0.0322714
		0.0436195	-0.0785403	0.995956
		-0.0665261	-0.619614	-0.264509
	}
}
{Volume "part2"
	{Polyhedron "part2.vol"}
	{Bone "part2"}
	{Matrix34
		-0.999048	-0.00342917	0.0434843
		0	-0.996905	-0.0786148
		0.0436193	-0.0785399	0.995956
		0.320876	3.11613	-5.8585
	}
}
{Volume "part3"
	{Polyhedron "part3.vol"}
	{Bone "part3"}
	{Matrix34
		-0.999048	-0.00342917	0.0434843
		0	-0.996905	-0.0786148
		0.0436193	-0.0785399	0.995956
		0.567737	0.862526	-5.50824
	}
}
{Volume "part4"
	{Polyhedron "part4.vol"}
	{Bone "part4"}
	{Matrix34
		-0.893818	0.0584067	0.444609
		0.0301873	-0.981395	0.189609
		0.447412	0.182898	0.875426
		-0.998192	-0.453895	-2.14621
	}
}
{Volume "part5"
	{Box 4.6331 31.832 5.63735}
	{Bone "part5"}
	{Matrix34
		-0.999048	-0.00342917	0.0434843
		0	-0.996905	-0.0786148
		0.0436193	-0.0785399	0.995956
		1.8744	-1.41186	-0.0245588
	}
}
