;Exported by: skr
;Date:        Thu May 09 00:04:53 2013
;File:        E:\Documents\3dsmax\scenes\107-mm canon 1910\107-mm Schneider 1910_x.max
{Skeleton
	{bone "basis"
		{Orientation
			1	0	0
			0	-1	0
			0	0	1
		}
		{bone "body"
			{parameters "ID=body;"}
			{Position 0.000237405	-0.0186729	12.5839}
			{VolumeView "body.ply"}
			{bone "shield1"
				{parameters "ID=shield;"}
				{Matrix34
					-0.996281	0	0.0861638
					0.0861638	0	0.996281
					0	1	0
					-16.5773	0.0186831	-0.230279
				}
				{VolumeView "shield1.ply"}
			}
			{bone revolute "turret"
				{parameters "ID=turret;"}
				{limits -3 3}
				{speed 0.001}
				{Position -0.000237404	0.0186729	-0.109519}
				{VolumeView "turret.ply"}
				{bone revolute "soshnik"
					{parameters "ID=turret;"}
					{Matrix34
						0.0369776	0	-0.999316
						0.999316	0	0.0369776
						0	-1	0
						-67.0591	0.00585178	-12.0405
					}
					{VolumeView "soshnik.ply"}
				}
				{bone revolute "pravilo"
					{parameters "ID=turret;"}
					{Matrix34
						0.510959	0	0.859605
						-0.859605	0	0.510959
						0	-1	0
						-72.078	0.00587893	-8.90593
					}
					{VolumeView "pravilo.ply"}
				}
				{bone revolute "stoporr"
					{parameters "ID=turret;"}
					{Matrix34
						-0.987357	0	-0.158513
						-0.158513	0	0.987357
						0	-1	0
						-26.7574	-4.84839	-2.02402
					}
					{VolumeView "stoporr.ply"}
				}
				{bone revolute "stoporl"
					{parameters "ID=turret;"}
					{Matrix34
						-0.988229	0	-0.152982
						-0.152982	0	0.988229
						0	1	0
						-26.7675	4.79012	-2.03
					}
					{VolumeView "stoporl.ply"}
				}
				{bone "shield"
					{parameters "ID=shield;"}
					{Matrix34
						-0.997424	0	-0.071728
						-0.071728	0	0.997424
						0	1	0
						-6.13714	0	10.6943
					}
					{VolumeView "shield.ply"}
					{bone revolute "covershield1"
						{parameters "ID=shield;"}
						{Matrix34
							-0.491274	0.364073	0.791265
							0.635724	-0.471121	0.611473
							0.595403	0.803428	0
							-4.32375	5.76134	9.14026
						}
						{VolumeView "covershield1.ply"}
					}
					{bone revolute "covershield2"
						{parameters "ID=shield;"}
						{Matrix34
							-0.196537	0.145649	0.969618
							0.779019	-0.577312	0.244623
							0.595402	0.803428	0
							-5.40561	4.30149	9.14026
						}
						{VolumeView "covershield2.ply"}
					}
				}
				{bone revolute "gun_rot"
					{parameters "ID=gun;"}
					{limits -5 37}
					{speed 0.003}
					{Matrix34
						0.837578	0	0.546317
						-0.546317	0	0.837578
						0	-1	0
						-0.385451	0.00147874	8.96437
					}
					{VolumeView "gun_rot.ply"}
					{bone "gun"
						{parameters "ID=gun;"}
						{Matrix34
							1	0	0
							0	0	-1
							0	1	0
							-34.2633	0.665308	0.00146416
						}
						{VolumeView "gun.ply"}
					}
				}
				{bone "pricel"
					{Matrix34
						-0.999991	-0.00414305	0
						0	0	1
						-0.00414305	0.999991	0
						-0.07352	6.60806	9.13234
					}
					{VolumeView "pricel.ply"}
				}
				{bone "detail1"
					{Matrix34
						-0.165932	0	0.986137
						0.00258484	0.999997	0.000434796
						-0.986134	0.00262116	-0.165932
						-23.4814	4.83402	-5.23334
					}
					{VolumeView "detail1.ply"}
				}
				{bone "detail2"
					{Matrix34
						0.986013	0	0.166667
						0	1	0
						-0.166667	0	0.986013
						-28.3654	-4.84411	-5.48539
					}
					{VolumeView "detail2.ply"}
				}
			}
			{bone revolute "wheell"
				{parameters "ID=wheelleft;Radius=0.625;support=1;"}
				{Matrix34
					-1	0	0
					0	0	1
					0	-1	0
					0.045054	13.0364	-0.130672
				}
				{VolumeView "wheell.ply"}
			}
			{bone revolute "wheelr"
				{parameters "ID=wheelright;Radius=0.625;support=1;"}
				{Matrix34
					-1	0	0
					0	0	1
					0	1	0
					0.0450534	-14.2018	-0.130665
				}
				{VolumeView "wheelr.ply"}
			}
		}
		{bone "peredok"
			{parameters "ID=peredok;"}
			{Position -104.395	0.000389457	11.857}
			{VolumeView "peredok.ply"}
			{bone revolute "upor"
				{Matrix34
					1	0	0
					0	0	1
					0	-1	0
					-39.7291	-0.00033465	-0.324772
				}
				{VolumeView "upor.ply"}
			}
			{bone revolute "wheelr2"
				{parameters "ID=wheelright;Radius=0.625;support=1;"}
				{Matrix34
					-1	0	0
					0	0	1
					0	1	0
					0.0559692	-14.2208	0.0279264
				}
				{VolumeView "wheelr2.ply"}
			}
			{bone revolute "wheell2"
				{parameters "ID=wheelleft;Radius=0.625;support=1;"}
				{Matrix34
					-1	0	0
					0	0	1
					0	-1	0
					0.0559692	13.0174	0.0279169
				}
				{VolumeView "wheell2.ply"}
			}
		}
	}
}
