;Exported by: sana
;Date:        Tue Nov 21 16:36:44 2006
;File:        D:\-Project-\-3DWork-\Entourage\fortifikations_x.max
{Skeleton
	{bone "wire_left_br_x"
		{Orientation
			1	0	0
			0	-1	0
			0	0	1
		}
		{bone "piece03"
			{Position 20.1209	4.13493	21.221}
			{VolumeView "piece03.ply"}
		}
		{bone "piece04"
			{Position 14.4503	-9.8693	23.5708}
			{VolumeView "piece04.ply"}
		}
		{bone "piece05"
			{Position -20.679	-5.56986	22.9575}
			{VolumeView "piece05.ply"}
		}
		{bone "piece08"
			{Position 11.7357	-12.0871	7.79903}
			{VolumeView "piece08.ply"}
		}
		{bone "piece10"
			{Position -14.4409	-10.6395	7.84292}
			{VolumeView "piece10.ply"}
		}
		{bone "piece12"
			{Position -10.7758	12.039	10.951}
			{VolumeView "piece12.ply"}
		}
		{bone "piece14"
			{Position 6.63409	1.09986	14.4529}
			{VolumeView "piece14.ply"}
		}
		{bone "piece01"
			{Position 13.2602	11.652	21.6276}
			{VolumeView "piece01.ply"}
		}
		{bone "piece02"
			{Position 2.45326	-10.1961	16.326}
			{VolumeView "piece02.ply"}
		}
		{bone "piece06"
			{Position 17.3502	2.32625	13.2043}
			{VolumeView "piece06.ply"}
		}
		{bone "piece07"
			{Position 20.202	-7.03674	11.9078}
			{VolumeView "piece07.ply"}
		}
		{bone "piece09"
			{Position -11.6215	-11.0226	20.6021}
			{VolumeView "piece09.ply"}
		}
		{bone "piece11"
			{Position -21.8021	7.35568	9.79095}
			{VolumeView "piece11.ply"}
		}
		{bone "piece13"
			{Position -11.3777	-0.645308	12.4802}
			{VolumeView "piece13.ply"}
		}
	}
}
{Volume "piece01"
	{Box 2.44622 1.77297 26.1789}
	{Bone "piece01"}
	{Matrix34
		-0.502075	-0.204397	0.840323
		-0.119914	0.978737	0.166418
		-0.85647	-0.0172117	-0.51591
		-2.21532e-005	0	-1.47089e-005
	}
}
{Volume "piece02"
	{Box 2.33345 1.77297 19.7288}
	{Bone "piece02"}
	{Matrix34
		-0.181201	-0.207447	0.961318
		-0.0609377	0.977989	0.199558
		-0.981556	-0.0224203	-0.189854
		0	0	0
	}
}
{Volume "piece03"
	{Box 3.07087 2.65945 15.2183}
	{Bone "piece03"}
	{Matrix34
		-0.998621	-0.00579852	0.0521744
		-0.0362321	0.795328	-0.605095
		-0.0379871	-0.606151	-0.794442
		0	0	0
	}
}
{Volume "piece04"
	{Box 2.44622 1.77297 14.2808}
	{Bone "piece04"}
	{Matrix34
		-0.500824	-0.207447	0.840322
		-0.125865	0.977989	0.166419
		-0.856349	-0.0224204	-0.515911
		0	0	0
	}
}
{Volume "piece05"
	{Box 3.08482 3.0388 18.5627}
	{Bone "piece05"}
	{Matrix34
		0.999506	-0.0131726	0.0285325
		-0.00662411	0.799209	0.601017
		-0.0307203	-0.600909	0.798726
		-2.2839e-005	0	0
	}
}
{Volume "piece06"
	{Box 3.07087 2.65945 25.6787}
	{Bone "piece06"}
	{Matrix34
		-0.270969	0.78388	0.558667
		-0.962098	-0.202028	-0.183174
		-0.0307201	-0.587127	0.808912
		0	0	0
	}
}
{Volume "piece07"
	{Box 3.07086 2.65945 19.8006}
	{Bone "piece07"}
	{Matrix34
		-0.998621	0.00502042	0.0522568
		-0.0362327	0.654409	-0.755272
		-0.0379891	-0.756124	-0.653325
		0	0	0
	}
}
{Volume "piece08"
	{Box 2.22092 1.77296 21.9921}
	{Bone "piece08"}
	{Matrix34
		-0.51633	-0.0567569	-0.854507
		-0.00825864	-0.997425	0.0712399
		-0.85635	0.0438402	0.514532
		0	0	1.46372e-005
	}
}
{Volume "piece09"
	{Box 2.44622 1.77297 30.2002}
	{Bone "piece09"}
	{Matrix34
		-0.335756	-0.056757	-0.940238
		-0.0222846	-0.997425	0.0681669
		-0.941685	0.0438401	0.333627
		0	0	0
	}
}
{Volume "piece10"
	{Box 2.20728 1.77296 20.2656}
	{Bone "piece10"}
	{Matrix34
		-0.500824	-0.207447	0.840322
		-0.125864	0.977989	0.166419
		-0.856349	-0.02242	-0.51591
		0	0	0
	}
}
{Volume "piece11"
	{Box 3.08907 4.03779 18.7247}
	{Bone "piece11"}
	{Matrix34
		0.970221	0.240924	0.0250257
		-0.175275	0.627001	0.759044
		0.167181	-0.740828	0.650558
		1.53779e-005	0	0
	}
}
{Volume "piece12"
	{Box 2.25295 1.77297 26.0484}
	{Bone "piece12"}
	{Matrix34
		-0.268366	-0.164375	0.949189
		0.00415407	0.985128	0.171773
		-0.963308	0.050041	-0.263692
		0	0	0
	}
}
{Volume "piece13"
	{Sphere 12.448}
	{Bone "piece13"}
	{Position 1.52588e-005	0	-1.3141}
}
{Volume "piece14"
	{Sphere 12.0398}
	{Bone "piece14"}
	{Position 0	0	-1.47239}
}
