;Exported by: shevchenko
;Date:        Sat Oct 08 09:54:06 2005
;File:        D:\-Projects1_5-\-3DWork-\lion_statue_x.max
{Skeleton
	{bone "griffin"
		{Orientation
			1	0	0
			0	-1	0
			0	0	1
		}
		{VolumeView "griffin.ply"}
		{bone "piece0"
			{Position -0.408413	-11.6236	77.1265}
			{VolumeView "piece0.ply"}
		}
		{bone "piece1"
			{Position 6.4192	0.953522	73.6787}
			{VolumeView "piece1.ply"}
		}
		{bone "piece12"
			{Position 0.467037	-8.7981	63.2674}
			{VolumeView "piece12.ply"}
			{bone "sub_piece12"
				{Position -7.09872	9.74243	9.73611}
				{VolumeView "sub_piece12.ply"}
			}
		}
		{bone "piece11"
			{Position -4.90614	3.43378	56.9705}
			{VolumeView "piece11.ply"}
		}
		{bone "piece9"
			{Position 1.40604	3.0437	60.2091}
			{VolumeView "piece9.ply"}
		}
		{bone "piece8"
			{Position 6.11032	7.67307	14.8797}
			{VolumeView "piece8.ply"}
			{bone "sub_piece8"
				{Position -11.0127	0	-0.229622}
				{VolumeView "sub_piece8.ply"}
			}
		}
		{bone "piece7"
			{Position -4.90242	-10.2993	14.3655}
			{VolumeView "piece7.ply"}
		}
		{bone "piece5"
			{Position 6.11032	-10.2993	15.0582}
			{VolumeView "piece5.ply"}
		}
		{bone "piece4"
			{Position -3.66497	-8.12662	37.4016}
			{VolumeView "piece4.ply"}
		}
		{bone "piece3"
			{Position 3.93856	-8.12662	37.4016}
			{VolumeView "piece3.ply"}
		}
		{bone "piece2"
			{Position 3.93856	5.13809	37.4016}
			{VolumeView "piece2.ply"}
		}
		{bone "piece10"
			{Position -3.66497	5.79712	37.4016}
			{VolumeView "piece10.ply"}
		}
	}
}
{Obstacle "body1"
	{Obb2
		{Center 0 -7.62939e-006}
		{Extent 12.7953 20.5247}
		{Axis 1 0}
	}
	{Rotate}
	{Tags  "body"}
}
{Volume "body1"
	{Box 25.5906 41.0495 6.65124}
	{Bone "griffin"}
	{Position 0	0	3.32562}
}
{Volume "piece10"
	{Box 9.45357 12.6241 24.252}
	{Bone "piece10"}
	{Position 0	-1.00652	1.74115}
}
{Volume "piece2"
	{Box 8.95468 11.9791 24.5276}
	{Bone "piece2"}
	{Position 0	0	1.5248}
}
{Volume "piece3"
	{Box 9.36797 15.0491 23.9764}
	{Bone "piece3"}
	{Position 0	-0.686926	1.60544}
}
{Volume "piece4"
	{Box 9.20148 15.0062 24.5551}
	{Bone "piece4"}
	{Position 0	0	1.16483}
}
{Volume "piece5"
	{Box 10.5622 16.5652 14.5585}
	{Bone "piece5"}
	{Position 0	0	1.19057}
}
{Volume "piece7"
	{Box 12.4707 15.5426 14.9956}
	{Bone "piece7"}
	{Position 0	0	1.73976}
}
{Volume "piece8"
	{Box 10.4285 20.5627 15.5614}
	{Bone "piece8"}
	{Position 0	0	0.810186}
}
{Volume "sub_piece8"
	{Box 10.8921 18.7634 13.9963}
	{Bone "sub_piece8"}
	{Position 0	1.30776	1.98389}
}
{Volume "piece9"
	{Box 10.091 8.93464 15.734}
	{Bone "piece9"}
	{Matrix34
		1	0	0
		0	0.960578	0.278011
		0	-0.278011	0.960578
		0	0.132495	-1.30272
	}
}
{Volume "piece11"
	{Box 4.34321 7.07362 10.5384}
	{Bone "piece11"}
	{Position -0.466465	-1.52588e-005	-0.521128}
}
{Volume "piece12"
	{Box 11.4379 10.8816 9.64071}
	{Bone "piece12"}
	{Matrix34
		1	0	0
		0	0.573576	0.819152
		0	-0.819152	0.573576
		0	2.93346	4.56114
	}
}
{Volume "sub_piece12"
	{Box 2.28815 13.9425 15.7131}
	{Bone "sub_piece12"}
	{Matrix34
		0.98106	0.170615	-0.0917125
		-0.173648	0.564863	-0.806707
		-0.0858316	0.807354	0.583791
		-0.674339	-0.558813	-1.23723
	}
}
{Volume "piece1"
	{Box 2.2544 11.5479 16.9856}
	{Bone "piece1"}
	{Matrix34
		0.926336	-0.235833	0.293743
		0.375511	0.516212	-0.769751
		0.0298994	0.823352	0.566744
		0.25393	-0.939423	-1.74599
	}
}
{Volume "piece0"
	{Box 5.27951 7.27418 11.2841}
	{Bone "piece0"}
	{Matrix34
		1	0	0
		0	0.984808	0.173648
		0	-0.173648	0.984808
		0	1.29566	2.03014
	}
}
