;Exported by: sergienko
;Date:        Mon Jun 19 18:39:56 2006
;File:        D:\-projets1_5\3dwork\anima\construction\hut\hut_x.max
{Skeleton
	{bone "hut_basis"
		{Orientation
			1	0	0
			0	-1	0
			0	0	1
		}
		{bone "fx_haulm1"
			{Matrix34
				-1	0	0
				0	-1	0
				0	0	1
				-24.2247	1.46012	38.9119
			}
		}
		{bone "fx_haulm1b"
			{Matrix34
				-1	0	0
				0	-1	0
				0	0	1
				25.3471	1.71174	38.9119
			}
		}
		{bone "piece1"
			{Matrix34
				-1	0	0
				0	-0.550476	0.834851
				0	0.834851	0.550476
				-2.6192	22.1245	10.2136
			}
			{VolumeView "piece1.ply"}
		}
		{bone "piece2"
			{Matrix34
				1	0	0
				0	-0.707107	0.707107
				0	-0.707107	-0.707107
				-25.6869	-9.65924	22.6101
			}
			{VolumeView "piece2.ply"}
		}
		{bone "piece3"
			{Matrix34
				0	1	0
				0	0	1
				1	0	0
				-0.205349	19.6635	13.8652
			}
			{VolumeView "piece3.ply"}
		}
		{bone "piece12"
			{Matrix34
				-1	0	0
				0	-0.513151	0.858298
				0	0.858298	0.513151
				-22.7498	22.4377	8.40668
			}
			{VolumeView "piece12.ply"}
		}
		{bone "piece4"
			{Matrix34
				-0.0304317	-0.512914	-0.857901
				0.999537	-0.0156165	-0.0261192
				0	-0.858298	0.513151
				-19.3014	-5.46518	30.8816
			}
			{VolumeView "piece4.ply"}
		}
		{bone "piece5"
			{Matrix34
				-0.0158435	-0.496396	-0.867951
				0.999874	-0.00786547	-0.0137533
				0	-0.86806	0.496459
				14.8311	-4.4596	33.0521
			}
			{VolumeView "piece5.ply"}
		}
		{bone "piece6"
			{Matrix34
				1	0	0
				0	0.496459	0.86806
				0	-0.86806	0.496459
				-22.586	-16.8147	13.4607
			}
			{VolumeView "piece6.ply"}
		}
		{bone "piece7"
			{Matrix34
				1	0	0
				0	0.550476	0.834851
				0	-0.834851	0.550476
				-0.755328	-11.9815	21.2709
			}
			{VolumeView "piece7.ply"}
		}
		{bone "piece8"
			{Matrix34
				0.0304318	0.512914	-0.857901
				-0.999537	0.0156167	-0.0261192
				0	0.858298	0.513152
				15.9268	7.79452	32.8989
			}
			{VolumeView "piece8.ply"}
		}
		{bone "piece9"
			{Matrix34
				-0.173649	-0.984808	0
				0	0	1
				-0.984808	0.173649	0
				2.04184	-18.0664	13.9206
			}
			{VolumeView "piece9.ply"}
		}
		{bone "piece10"
			{Matrix34
				1	0	0
				0	0.766044	0.642788
				0	-0.642788	0.766044
				29.7968	11.1306	22.6871
			}
			{VolumeView "piece10.ply"}
		}
		{bone "piece11"
			{Matrix34
				-1	0	0
				0	-0.496459	0.86806
				0	0.86806	0.496459
				19.2115	18.8195	16.0329
			}
			{VolumeView "piece11.ply"}
		}
		{bone "sub_piece1"
			{Matrix34
				-1	0	0
				0	-0.52427	0.851552
				0	0.851552	0.52427
				-1.70776	11.682	24.9482
			}
			{VolumeView "sub_piece1.ply"}
		}
		{bone "sub_piece2"
			{Matrix34
				0.0158436	0.496396	-0.867951
				-0.999874	0.00786562	-0.0137533
				0	0.86806	0.496459
				-18.2056	6.46438	35.6244
			}
			{VolumeView "sub_piece2.ply"}
		}
		{bone "sub_piece3"
			{Matrix34
				1	0	0
				0	0.513151	0.858298
				0	-0.858298	0.513151
				19.3752	-20.1084	6.38942
			}
			{VolumeView "sub_piece3.ply"}
		}
		{bone "sub_piece4"
			{Matrix34
				-0.0871545	0.996195	0
				0	0	1
				0.996195	0.0871545	0
				-1.05559	8.9033	28.7107
			}
			{VolumeView "sub_piece4.ply"}
		}
		{bone "sub_piece5"
			{Matrix34
				1	0	0
				0	0.819152	0.573577
				0	-0.573577	0.819152
				-28.2823	11.8567	23.5958
			}
			{VolumeView "sub_piece5.ply"}
		}
		{bone "sub_piece6"
			{Matrix34
				0.0871551	-0.996195	0
				0	0	1
				-0.996195	-0.0871551	0
				1.10537	0.92424	41.696
			}
			{VolumeView "sub_piece6.ply"}
		}
		{bone "sub_piece7"
			{Matrix34
				1	0	0
				0	-0.819152	0.573576
				0	-0.573576	-0.819152
				-0.747438	-12.8691	21.8461
			}
			{VolumeView "sub_piece7.ply"}
		}
	}
}
{Volume "piece10"
	{Cylinder 1.81595 53.9863}
	{Bone "piece10"}
	{Matrix34
		1	0	0
		0	0.996195	-0.0871557
		0	0.0871557	0.996195
		0	0	0
	}
}
{Volume "piece11"
	{Box 19.2332 19.094 1.20577}
	{Bone "piece11"}
	{Position 0	0	0}
}
{Volume "piece12"
	{Box 19.1386 18.759 1.20577}
	{Bone "piece12"}
	{Position 0	0	0}
}
{Volume "piece1"
	{Box 19.2332 19.094 1.20577}
	{Bone "piece1"}
	{Position 0	0	0}
}
{Volume "piece2"
	{Cylinder 1.18331 53.3022}
	{Bone "piece2"}
	{Matrix34
		1	0	0
		0	0.984808	0.173648
		0	-0.173648	0.984808
		0	0	0
	}
}
{Volume "piece3"
	{Cylinder 2.33455 64.6741}
	{Bone "piece3"}
	{Position 0	0	0}
}
{Volume "piece4"
	{Box 19.1386 18.759 1.20577}
	{Bone "piece4"}
	{Position 0	0	0}
}
{Volume "piece5"
	{Box 19.2332 19.0941 1.20577}
	{Bone "piece5"}
	{Position 0	0	0}
}
{Volume "piece6"
	{Box 19.2332 19.094 1.20577}
	{Bone "piece6"}
	{Position 0	0	0}
}
{Volume "piece7"
	{Box 19.2332 19.094 1.20577}
	{Bone "piece7"}
	{Position 0	0	0}
}
{Volume "piece8"
	{Box 19.1386 18.759 1.20577}
	{Bone "piece8"}
	{Position 0	0	0}
}
{Volume "piece9"
	{Cylinder 1.71955 57.8032}
	{Bone "piece9"}
	{Matrix34
		0.984808	0	-0.173648
		0	1	0
		0.173648	0	0.984808
		0	-1.21242	0
	}
}
{Volume "sub_piece1"
	{Box 19.5116 19.0336 1.20577}
	{Bone "sub_piece1"}
	{Position 0	0	0}
}
{Volume "sub_piece2"
	{Box 19.2332 19.094 1.20577}
	{Bone "sub_piece2"}
	{Position 0	0	0}
}
{Volume "sub_piece3"
	{Box 19.1386 18.759 1.20577}
	{Bone "sub_piece3"}
	{Position 0	0	0}
}
{Volume "sub_piece4"
	{Cylinder 2.50416 68.0714}
	{Bone "sub_piece4"}
	{Matrix34
		0.999971	0.00759602	0.000330438
		-0.00759603	0.996195	0.0868241
		0.000330306	-0.0868241	0.996224
		-1.2947	0.856696	0.0750973
	}
}
{Volume "sub_piece5"
	{Cylinder 1.71358 61.3513}
	{Bone "sub_piece5"}
	{Position 0	0	0}
}
{Volume "sub_piece6"
	{Cylinder 1.57313 67.7217}
	{Bone "sub_piece6"}
	{Matrix34
		0.996195	0	0.0871557
		0	1	0
		-0.0871557	0	0.996195
		0	0	0
	}
}
{Volume "sub_piece7"
	{Cylinder 1.53097 55.5799}
	{Bone "sub_piece7"}
	{Position 0	0	0}
}
