;Exported by: Kislov_A
;Date:        Tue Apr 28 10:15:12 2009
;File:        E:\Black\Design doc\Art\Models\Technics\Tanks\BA-10\ba-10_xxx.max
{Skeleton
	{bone "basis"
		{Orientation
			1	0	0
			0	-1	0
			0	0	1
		}
		{bone "body"
			{parameters "Id=Body;"}
			{Matrix34
				0.999377	-0.000912574	0.0352901
				0.00214446	0.999389	-0.0348853
				-0.0352367	0.0349392	0.998768
				0.850809	0	4.87086
			}
			{VolumeView "body.ply"}
			{bone "door01"
				{parameters "Id=Body;"}
				{Matrix34
					-1	0	0
					0	-1	0
					0	0	1
					8.82074	5.10551	22.9431
				}
				{VolumeView "door01.ply"}
			}
			{bone "door1"
				{parameters "Id=Body;"}
				{Matrix34
					0.975593	-0.183345	0.120846
					0.153209	0.174086	-0.972739
					0.157309	0.967512	0.197927
					6.65222	13.7195	18.1185
				}
				{VolumeView "door1.ply"}
			}
			{bone "door2"
				{parameters "Id=Body;"}
				{Matrix34
					0.984808	0.17101	-0.0301538
					0	-0.173648	-0.984808
					-0.173648	0.969846	-0.17101
					6.65222	-13.7149	18.1185
				}
				{VolumeView "door2.ply"}
			}
			{bone "turret"
				{parameters "Id=Turret;"}
				{Matrix34
					0.830875	-0.553964	0.0526328
					0.554714	0.832041	0.000424249
					-0.0440277	0.0288437	0.998614
					-26.1662	-0.00626552	23.151
				}
				{VolumeView "turret.ply"}
				{bone "cover"
					{parameters "Id=Turret;"}
					{Matrix34
						0.999848	0	0.0174524
						-0.0174524	0	0.999848
						0	-1	0
						0.635553	0	11.9381
					}
					{VolumeView "cover.ply"}
				}
				{bone "mgun"
					{Matrix34
						-1	0	0
						0	-1	0
						0	0	1
						16.897	-3.92642	4.76044
					}
					{VolumeView "mgun.ply"}
				}
				{bone "gun_rot"
					{parameters "Id=Gun;"}
					{Matrix34
						0.984808	0	-0.173648
						-0.173648	0	-0.984808
						0	1	0
						12.5718	0	5.03665
					}
					{VolumeView "gun_rot.ply"}
					{bone "gun"
						{parameters "ID=gun;"}
						{Matrix34
							1	0	0
							0	-1	0
							0	0	-1
							19.7332	-0.768272	0.000918388
						}
						{VolumeView "gun.ply"}
					}
				}
			}
			{bone "mgun_rot"
				{parameters "Id=Body;"}
				{Matrix34
					-0.0188056	0	-0.999823
					0	1	0
					0.999823	0	-0.0188056
					11.5022	-5.38733	22.1673
				}
				{VolumeView "mgun_rot.ply"}
				{bone "mgun1"
					{Matrix34
						-0.018806	0	0.999823
						0.999823	0	0.018806
						0	1	0
						0.657438	0	2.81369
					}
					{VolumeView "mgun1.ply"}
				}
			}
			{bone "engine"
				{Position 25.0972	-0.60306	7.24609}
			}
		}
		{bone "pivot_back"
			{Position -32.4896	-0.0208028	0}
			{bone revolute "wheell2"
				{parameters "ID=wheelleft2;"}
				{Matrix34
					1	0	0
					0	0	-1
					0	1	0
					18.3806	17.208	7.9931
				}
				{VolumeView "wheell2.ply"}
			}
			{bone revolute "wheell3"
				{parameters "ID=wheelleft3;"}
				{Matrix34
					1	0	0
					0	-0.0343167	-0.999411
					0	0.999411	-0.0343167
					-0.305138	17.208	6.71981
				}
				{VolumeView "wheell3.ply"}
			}
			{bone revolute "wheelr2"
				{parameters "ID=wheelright2;"}
				{Matrix34
					1	0	0
					0	-0.0418509	-0.999124
					0	0.999124	-0.0418509
					18.3806	-17.1768	6.58739
				}
				{VolumeView "wheelr2.ply"}
			}
			{bone revolute "wheelr3"
				{parameters "ID=wheelright3;"}
				{Matrix34
					-1	0	0
					0	0	-1
					0	-1	0
					-0.305153	-17.1664	7.99309
				}
				{VolumeView "wheelr3.ply"}
			}
		}
		{bone "pivot_front"
			{Position 37.4767	-0.0207802	0}
			{bone revolute "steerl"
				{Matrix34
					1	0	0
					0	-1	0
					0	0	-1
					-0.200699	14.6685	8.25673
				}
				{bone revolute "wheell1"
					{parameters "ID=wheelleft1;"}
					{Matrix34
						1	0	0
						0	0	1
						0	-1	0
						0	0	0
					}
					{VolumeView "wheell1.ply"}
				}
			}
			{bone revolute "steerr"
				{Matrix34
					1	0	0
					0	-1	0
					0	0	-1
					-0.200695	-14.5991	8.25673
				}
				{bone revolute "wheelr1"
					{parameters "ID=wheelright1;"}
					{Matrix34
						1	0	0
						0	-0.0986031	0.995127
						0	-0.995127	-0.0986031
						0	0	1.60003
					}
					{VolumeView "wheelr1.ply"}
				}
			}
		}
	}
}
{Volume "body1"
	{Polyhedron "body1.vol"}
	{Bone "body"}
	{Position 22.7606	-0.119564	-4.77245}
}
{Volume "body2"
	{Polyhedron "body2.vol"}
	{Bone "body"}
	{Matrix34
		1	0	0
		0	0	1
		0	-1	0
		0.00849903	12.833	16.007
	}
}
{Volume "body3"
	{Polyhedron "body3.vol"}
	{Bone "body"}
	{Position -27.452	-0.0160005	0.43154}
}
{Volume "body4"
	{Polyhedron "body4.vol"}
	{Bone "body"}
	{Matrix34
		1	0	0
		0	0	1
		0	-1	0
		-23.6946	-5.27516	15.872
	}
}
{Volume "body5"
	{Polyhedron "body5.vol"}
	{Bone "body"}
	{Matrix34
		1	0	0
		0	0	1
		0	-1	0
		16.9767	-13.4323	3.16218
	}
}
{Volume "body6"
	{Polyhedron "body6.vol"}
	{Bone "body"}
	{Matrix34
		1	0	0
		0	0	1
		0	-1	0
		16.9767	17.2966	3.16218
	}
}
{Volume "gun"
	{Polyhedron "gun.vol"}
	{Bone "gun"}
	{Matrix34
		0	0	-1
		0	1	0
		1	0	0
		3.49564	0.0422096	-0.0126247
	}
}
{Volume "turret"
	{Polyhedron "turret.vol"}
	{Bone "turret"}
	{Position -0.0311947	-0.0243559	-0.0807953}
}
{Volume "wheelleft1"
	{Polyhedron "wheelleft1.vol"}
	{Bone "wheell1"}
	{Matrix34
		1	0	0
		0	-1	0
		0	0	-1
		-0.00460434	0.0357409	-0.472291
	}
}
{Volume "wheelleft2"
	{Polyhedron "wheelleft2.vol"}
	{Bone "wheell2"}
	{Matrix34
		1	0	0
		0	-1	0
		0	0	-1
		0.0491791	-0.127763	0.430069
	}
}
{Volume "wheelleft3"
	{Polyhedron "wheelleft3.vol"}
	{Bone "wheell3"}
	{Matrix34
		1	0	0
		0	-0.999411	-0.034317
		0	0.034317	-0.999411
		0.0357437	-0.0771379	0.576378
	}
}
{Volume "wheelright1"
	{Polyhedron "wheelright1.vol"}
	{Bone "wheelr1"}
	{Matrix34
		1	0	0
		0	-0.995127	0.0986023
		0	-0.0986032	-0.995127
		-0.00458908	-0.122395	-0.223909
	}
}
{Volume "wheelright2"
	{Polyhedron "wheelright2.vol"}
	{Bone "wheelr2"}
	{Matrix34
		1	0	0
		0	-0.999124	-0.0418513
		0	0.0418513	-0.999124
		0.0491867	0.145531	-0.429289
	}
}
{Volume "wheelright3"
	{Polyhedron "wheelright3.vol"}
	{Bone "wheelr3"}
	{Matrix34
		1	0	0
		0	-1	0
		0	0	-1
		-0.0215263	-0.127757	0.47595
	}
}
