;Exported by: sana
;Date:        Mon Apr 30 15:59:28 2007
;File:        D:\-Project-\-3DWork-\Entourage\School_Ru\School_ru_cut3a_x01.max
{Skeleton
	{bone "school_ru_inn_l_2_1_x"
		{Orientation
			1	0	0
			0	-1	0
			0	0	1
		}
		{bone "piece03"
			{Position 11.9875	15.1426	-0.378769}
			{VolumeView "piece03.ply"}
			{bone "sub_piece03"
				{Position -0.0205078	-6.75378	-7.18267}
				{VolumeView "sub_piece03.ply"}
			}
		}
		{bone "piece04"
			{Position 4.03833	-19.1351	-9.62955}
			{VolumeView "piece04.ply"}
		}
		{bone "piece02"
			{Position 12.041	0.20929	14.8393}
			{VolumeView "piece02.ply"}
			{bone "sub_piece02"
				{Position -0.00924683	-4.7915	-4.50821}
				{VolumeView "sub_piece02.ply"}
			}
		}
		{bone "piece01"
			{Position -8.14526	-19.1351	5.9743}
			{VolumeView "piece01.ply"}
			{bone "sub_piece01"
				{Position 1.6693	0	10.6736}
				{VolumeView "sub_piece01.ply"}
			}
		}
	}
}
{Volume "piece01"
	{Box 12.0961 2.95276 13.3782}
	{Bone "piece01"}
	{Matrix34
		0.991536	0	0.129831
		0	1	0
		-0.129831	0	0.991536
		-0.122031	0	0.289823
	}
}
{Volume "piece02"
	{Box 3.12311 13.1403 12.3174}
	{Bone "piece02"}
	{Position 0	0	0.257263}
}
{Volume "piece03"
	{Box 3.01614 12.8264 18.2649}
	{Bone "piece03"}
	{Matrix34
		1	0	0
		0	0.996733	0.0807699
		0	-0.0807699	0.996733
		0	0.0574582	-0.269522
	}
}
{Volume "piece04"
	{Box 12.2945 2.95276 15.0678}
	{Bone "piece04"}
	{Matrix34
		0.703779	0	-0.710419
		0	1	0
		0.710419	0	0.703779
		-0.411021	0	0.465253
	}
}
{Volume "sub_piece01"
	{Box 9.88206 2.95276 8.70033}
	{Bone "sub_piece01"}
	{Position 0	0	0}
}
{Volume "sub_piece02"
	{Box 3.10463 8.01676 10.9403}
	{Bone "sub_piece02"}
	{Matrix34
		1	0	0
		0	0.958328	0.285671
		0	-0.285671	0.958328
		1.52588e-005	-0.46965	-0.0130615
	}
}
{Volume "sub_piece03"
	{Box 2.97514 13.6135 7.94089}
	{Bone "sub_piece03"}
}
