;Exported by: sana
;Date:        Fri Jan 12 16:09:05 2007
;File:        D:\ss\house_ru_141_lm_corner_work_x.max
{Skeleton
	{bone "house_ru_141_3_2_x"
		{Orientation
			1	0	0
			0	-1	0
			0	0	1
		}
		{bone "piece08"
			{Matrix34
				0	-0.570132	0.821553
				1	0	0
				0	0.821553	0.570132
				9.44881	-7.01207	34.8708
			}
			{VolumeView "piece08.ply"}
		}
		{bone "piece07"
			{Matrix34
				0	0.006583	0.999978
				-1	0	0
				0	-0.999978	0.006583
				9.52499	-0.868374	25.8822
			}
			{VolumeView "piece07.ply"}
		}
		{bone "piece01"
			{Position -23.5249	-14.6792	17.6357}
			{VolumeView "piece01.ply"}
			{bone "sub_piece01"
				{Position 3.49483	0	-3.92198}
				{VolumeView "sub_piece01.ply"}
			}
		}
		{bone "piece03"
			{Position -0.653137	-14.6792	17.7522}
			{VolumeView "piece03.ply"}
			{bone "sub_piece03"
				{Position -2.75704	0	3.92198}
				{VolumeView "sub_piece03.ply"}
			}
		}
		{bone "piece05"
			{Position 4.89977	-14.6792	2.49145}
			{VolumeView "piece05.ply"}
			{bone "sub_piece05"
				{Position 5.70823	0	1.08728}
				{VolumeView "sub_piece05.ply"}
			}
		}
		{bone "piece04"
			{Position 22.1409	-14.6792	19.888}
			{VolumeView "piece04.ply"}
			{bone "sub_piece04"
				{Position -0.0776596	0	-5.24225}
				{VolumeView "sub_piece04.ply"}
			}
		}
		{bone "piece06"
			{Position 27.2542	-14.6792	-10.4468}
			{VolumeView "piece06.ply"}
			{bone "sub_piece06"
				{Position -8.06445	0	-1.77884}
				{VolumeView "sub_piece06.ply"}
			}
		}
		{bone "piece02"
			{Position -26.0878	-14.6792	-1.23638}
			{VolumeView "piece02.ply"}
		}
		{bone "piece09"
			{Matrix34
				0	0.676027	-0.736876
				0	0.736876	0.676027
				1	0	0
				7.81907	8.77601	45.426
			}
			{VolumeView "piece09.ply"}
		}
		{bone "piece12"
			{Position -22.014	17.6672	0.373756}
			{VolumeView "piece12.ply"}
			{bone "sub_piece12"
				{Position 0	5.04078	-3.72579}
				{VolumeView "sub_piece12.ply"}
			}
		}
		{bone "piece10"
			{Position -22.014	19.0369	18.948}
			{VolumeView "piece10.ply"}
		}
		{bone "piece11"
			{Position -22.014	-7.70111	9.08554}
			{VolumeView "piece11.ply"}
		}
		{bone "piece13"
			{Position -7.20175	22.5607	6.73685}
			{VolumeView "piece13.ply"}
			{bone "sub_piece13"
				{Position -6.40485	0	-1.71504}
				{VolumeView "sub_piece13.ply"}
			}
		}
		{bone "piece14"
			{Position -4.71419	22.5607	-14.2774}
			{VolumeView "piece14.ply"}
		}
		{bone "fx_haulm1"
			{Matrix34
				-0.116492	-0.0432199	0.992251
				0	0.999053	0.0435163
				-0.993192	0.00506967	-0.116381
				-4.32783	4.72581	42.5571
			}
		}
	}
}
{Volume "piece01"
	{Box 10.9505 3.93701 13.591}
	{Bone "piece01"}
	{Position 0	0	0}
}
{Volume "piece02"
	{Box 10.4565 3.93701 12.6591}
	{Bone "piece02"}
	{Matrix34
		0.87735	0	-0.479851
		0	1	0
		0.479851	0	0.87735
		0.680082	0	-0.53687
	}
}
{Volume "piece03"
	{Box 14.7 3.93701 6.21304}
	{Bone "piece03"}
	{Position 0	0	0}
}
{Volume "piece04"
	{Box 13.9017 3.93701 9.55254}
	{Bone "piece04"}
	{Position 0	-1.52588e-005	0}
}
{Volume "piece05"
	{Box 10.0185 3.93701 16.0762}
	{Bone "piece05"}
}
{Volume "piece06"
	{Box 11.115 3.93701 13.8916}
	{Bone "piece06"}
	{Matrix34
		0.994818	0	0.101675
		0	1	0
		-0.101675	0	0.994818
		-0.278631	0	0.253673
	}
}
{Volume "piece07"
	{Box 1.55556 1.70478 30.4504}
	{Bone "piece07"}
	{Position 0	0	0}
}
{Volume "piece08"
	{Box 1.47638 1.70477 21.8871}
	{Bone "piece08"}
	{Position 0	0	0}
}
{Volume "piece09"
	{Box 1.47639 1.70479 39.2387}
	{Bone "piece09"}
}
{Volume "piece10"
	{Box 3.93701 18.5194 10.9582}
	{Bone "piece10"}
}
{Volume "piece11"
	{Box 3.93701 6.90368 12.4924}
	{Bone "piece11"}
	{Position 0	0	0}
}
{Volume "piece12"
	{Box 3.93701 7.67075 12.6019}
	{Bone "piece12"}
	{Position 0	0	0}
}
{Volume "piece13"
	{Box 8.02652 3.93701 13.7927}
	{Bone "piece13"}
	{Matrix34
		0.982189	0	0.187898
		0	1	0
		-0.187898	0	0.982189
		-0.348406	0	0.259307
	}
}
{Volume "piece14"
	{Box 7.91541 3.93701 10.1234}
	{Bone "piece14"}
	{Matrix34
		0.948395	0	-0.31709
		0	1	0
		0.31709	0	0.948395
		-0.364614	0	-0.887963
	}
}
{Volume "sub_piece01"
	{Box 7.37798 3.93701 7.45564}
	{Bone "sub_piece01"}
	{Position 0	0	0}
}
{Volume "sub_piece03"
	{Box 8.47148 3.93701 4.71803}
	{Bone "sub_piece03"}
	{Matrix34
		0.966929	0	0.255045
		0	1	0
		-0.255045	0	0.966929
		-0.401099	-1.52588e-005	0.280534
	}
}
{Volume "sub_piece04"
	{Box 7.11936 3.93701 5.43641}
	{Bone "sub_piece04"}
	{Matrix34
		0.995062	0	0.0992529
		0	1	0
		-0.0992529	0	0.995062
		0.0029644	0	0.277374
	}
}
{Volume "sub_piece05"
	{Box 6.75046 3.93701 9.35994}
	{Bone "sub_piece05"}
	{Matrix34
		0.873646	0	0.486562
		0	1	0
		-0.486562	0	0.873646
		0.200753	0	0.250143
	}
}
{Volume "sub_piece06"
	{Box 5.35875 3.93701 11.3388}
	{Bone "sub_piece06"}
	{Matrix34
		0.994668	0	0.103123
		0	1	0
		-0.103123	0	0.994668
		0	0	0
	}
}
{Volume "sub_piece12"
	{Box 3.93701 7.01326 8.65699}
	{Bone "sub_piece12"}
	{Position 0	0	0}
}
{Volume "sub_piece13"
	{Box 5.35874 3.93701 7.76629}
	{Bone "sub_piece13"}
}
