;Exported by: sana
;Date:        Sat Feb 25 14:26:07 2006
;File:        D:\-Project-\-3DWork-\Entourage\house_euro_105c\house_euro_105c_cut01.max
{Skeleton
	{bone "105c_corn20"
		{Orientation
			1	0	0
			0	-1	0
			0	0	1
		}
		{VolumeView "105c_corn20.ply"}
		{bone "fix09"
			{Position 55.9227	38.394	148.071}
		}
	}
}
{Volume "body1"
	{Box 50.4476 93.531 11.3706}
	{Bone "105c_corn20"}
	{Matrix34
		0	-0.831101	0.556121
		0	0.556121	0.831101
		-1	0	0
		52.1612	-1.00978	178.406
	}
}
{Volume "body"
	{Box 39.3582 34.832 11.3706}
	{Bone "105c_corn20"}
	{Matrix34
		0	-1	0
		0	0	1
		-1	0	0
		52.1612	11.9773	229.261
	}
}
{Volume "roof1"
	{Box 109.506 53.5188 3.93701}
	{Bone "105c_corn20"}
	{Matrix34
		1	0	0
		0	-0.569307	-0.822125
		0	0.822125	-0.569307
		-8.24103	-3.62125	205.127
	}
}
{Volume "roof2"
	{Box 40.5174 37.4203 3.93701}
	{Bone "105c_corn20"}
	{Matrix34
		1	0	0
		0	-0.569307	-0.822125
		0	0.822125	-0.569307
		26.9765	-27.6633	170.312
	}
}
{Volume "roof"
	{Box 109.506 47.7846 3.93701}
	{Bone "105c_corn20"}
	{Matrix34
		1	0	0
		0	0.566732	-0.823902
		0	0.823902	0.566732
		-8.24103	25.4892	208.079
	}
}
