;Exported by: Normand
;Date:        Tue Apr 09 11:18:39 2013
;File:        C:\Users\Normand\m2_xx.max
{Skeleton
	{bone "basis"
		{parameters "SteerMax=30;WheelRadius=0.2;"}
		{Orientation
			1	0	0
			0	-1	0
			0	0	1
		}
		{bone "pivot_back"
			{Position -24.7176	0.0633923	11.6359}
			{bone "wheelsl"
				{parameters "ID=trackleft;"}
				{Matrix34
					1	0	0
					0	-1	-0.000554411
					0	-0.000554411	1
					0.00334167	16.7075	-4.39464
				}
				{VolumeView "wheelsl.ply"}
				{bone revolute "wheell8"
					{parameters "ID=trackleft;Radius=0.75;"}
					{Matrix34
						-1	-1.56482e-005	0
						0	-0.000553922	1
						-1.56482e-005	1	0.000553922
						-0.101805	-2.81816	8.51886
					}
					{VolumeView "wheell8.ply"}
				}
				{bone "trackl"
					{parameters "ID=trackleft;"}
					{Position 0.153736	0.0512085	-2.31115}
					{VolumeView "trackl.ply"}
				}
				{bone "wsl1"
					{parameters "ID=trackleft;"}
					{Matrix34
						-1	-3.0907e-005	0
						0	0.00919155	0.999958
						3.09057e-005	-0.999958	0.00919155
						1.16047	-0.0330544	-0.777002
					}
					{VolumeView "wsl1.ply"}
					{bone "wtl1"
						{parameters "ID=trackleft;"}
						{Matrix34
							1	0	1.57356e-005
							0	0.999952	0.00974514
							-1.57349e-005	-0.00974514	0.999952
							-7.62393	-2.33369	2.8005
						}
						{VolumeView "wtl1.ply"}
						{bone revolute "wheell5"
							{parameters "ID=trackleft;Radius=0.2;"}
							{Matrix34
								1	0	-6.24657e-005
								0	1	0
								-6.24657e-005	0	-1
								3.8025	0.0200868	-2.90247
							}
							{VolumeView "wheell5.ply"}
						}
						{bone revolute "wheell4"
							{parameters "ID=trackleft;Radius=0.2;"}
							{Matrix34
								1	0	-6.24657e-005
								0	1	0
								-6.24657e-005	0	-1
								-3.8391	0.0200882	-2.90196
							}
							{VolumeView "wheell4.ply"}
						}
					}
				}
				{bone "wsl2"
					{parameters "ID=trackleft;"}
					{Matrix34
						1	3.0907e-005	0
						0	0.00919134	0.999958
						3.09057e-005	-0.999958	0.00919134
						-0.924549	-0.0328121	-0.777001
					}
					{VolumeView "wsl2.ply"}
					{bone "wtl2"
						{parameters "ID=trackleft;"}
						{Matrix34
							1	0	1.57356e-005
							0	0.999953	0.00974532
							-1.57349e-005	-0.00974532	0.999953
							-7.62393	-2.33369	2.80042
						}
						{VolumeView "wtl2.ply"}
						{bone revolute "wheell7"
							{parameters "ID=trackleft;Radius=0.2;"}
							{Matrix34
								-1	0	-3.08203e-005
								0	1	0
								3.08203e-005	0	-1
								-3.82655	0.0200863	-2.9028
							}
							{VolumeView "wheell7.ply"}
						}
						{bone revolute "wheell6"
							{parameters "ID=trackleft;Radius=0.2;"}
							{Matrix34
								-1	0	-3.08203e-005
								0	1	0
								3.08203e-005	0	-1
								3.7552	0.0200853	-2.90253
							}
							{VolumeView "wheell6.ply"}
						}
					}
				}
			}
			{bone "wheelsr"
				{parameters "ID=trackright;"}
				{Matrix34
					1	0	0
					0	1	-0.000554204
					0	0.000554204	1
					0.00334167	-16.4421	-4.39465
				}
				{VolumeView "wheelsr.ply"}
				{bone "trackr"
					{parameters "ID=trackright;"}
					{Position 0.15366	0.09655	-2.31107}
					{VolumeView "trackr.ply"}
				}
				{bone revolute "wheelr8"
					{parameters "ID=trackright;Radius=0.75;"}
					{Matrix34
						-1	1.57356e-005	0
						0	-0.000554097	1
						-1.57356e-005	-1	-0.000554097
						-0.102339	2.7933	8.52214
					}
					{VolumeView "wheelr8.ply"}
				}
				{bone "wsr1"
					{parameters "ID=trackright;"}
					{Matrix34
						-1	0	0
						0	0.00919107	0.999958
						0	-0.999958	0.00919107
						1.16047	0.000152588	-0.776983
					}
					{VolumeView "wsr1.ply"}
					{bone "wtr1"
						{parameters "ID=trackright;"}
						{Matrix34
							1	0	1.57356e-005
							0	0.999952	0.00974514
							-1.57349e-005	-0.00974514	0.999952
							-7.62393	-2.33369	2.8005
						}
						{VolumeView "wtr1.ply"}
						{bone revolute "wheelr4"
							{parameters "ID=trackright;Radius=0.2;"}
							{Matrix34
								1	0	-3.14705e-005
								0	1	0
								3.14705e-005	0	1
								-3.8414	0.0199499	-2.80814
							}
							{VolumeView "wheelr4.ply"}
						}
						{bone revolute "wheelr5"
							{parameters "ID=trackright;Radius=0.2;"}
							{Matrix34
								1	0	-3.14705e-005
								0	1	0
								3.14705e-005	0	1
								3.80928	0.0199494	-2.80841
							}
							{VolumeView "wheelr5.ply"}
						}
					}
				}
				{bone "wsr2"
					{parameters "ID=trackright;"}
					{Matrix34
						1	0	0
						0	0.00919122	0.999958
						0	-0.999958	0.00919122
						-0.924545	0.000457764	-0.776981
					}
					{VolumeView "wsr2.ply"}
					{bone "wtr2"
						{parameters "ID=trackright;"}
						{Matrix34
							1	0	1.57356e-005
							0	0.999953	0.00974532
							-1.57349e-005	-0.00974532	0.999953
							-7.62393	-2.33369	2.80042
						}
						{VolumeView "wtr2.ply"}
						{bone revolute "wheelr6"
							{parameters "ID=trackright;Radius=0.2;"}
							{Matrix34
								-1	0	0
								0	1	0
								0	0	1
								3.81503	0.019949	-2.80828
							}
							{VolumeView "wheelr6.ply"}
						}
						{bone revolute "wheelr7"
							{parameters "ID=trackright;Radius=0.2;"}
							{Matrix34
								-1	0	0
								0	1	0
								0	0	1
								-3.82687	0.019949	-2.80816
							}
							{VolumeView "wheelr7.ply"}
						}
					}
				}
			}
		}
		{bone "pivot_front"
			{Matrix34
				1	0	0
				0	1	-0.000554085
				0	0.000554085	1
				45.7335	0.365689	7.30572
			}
			{VolumeView "pivot_front.ply"}
			{bone revolute "steerr"
				{Matrix34
					-1	0	0
					0	1	0.000554411
					0	-0.000554411	1
					-0.00304413	-15.2564	-0.310062
				}
				{bone revolute "wheelr1"
					{parameters "ID=wheelright;"}
					{Matrix34
						1	0	0
						0	0	1
						0	-1	0
						0.00261688	0.0907545	0.205042
					}
					{VolumeView "wheelr1.ply"}
				}
			}
			{bone revolute "steerl"
				{Matrix34
					-1	0	0
					0	1	0.000554411
					0	-0.000554411	1
					0.00182724	14.9158	-0.293539
				}
				{bone revolute "wheell1"
					{parameters "ID=wheelleft1;"}
					{Matrix34
						1	-0.00024542	0
						0	0	1
						0.00024542	1	0
						0.0111656	-0.130125	0.205236
					}
					{VolumeView "wheell1.ply"}
				}
			}
		}
		{bone "body"
			{parameters "ID=body;"}
			{Matrix34
				0.999255	-0.000891498	-0.0385716
				-2.12939e-005	0.99972	-0.023658
				0.0385819	0.0236412	0.998976
				0.168824	-0.500336	16.2329
			}
			{VolumeView "body.ply"}
			{bone "detail1"
				{parameters "ID=body;"}
				{Position 16.0741	18.2256	-2.12353}
				{VolumeView "detail1.ply"}
			}
			{bone "detail2"
				{parameters "ID=body;"}
				{Matrix34
					1	0	0
					0	0.999999	0.00110817
					0	0.00110817	-0.999999
					16.0741	-16.6817	0.315836
				}
				{VolumeView "detail2.ply"}
			}
			{bone revolute "part4"
				{parameters "ID=trackright;Radius=0.45;"}
				{Matrix34
					-1	1.57356e-005	0
					0	-0.000554092	1
					-1.57357e-005	-1	-0.000554096
					-3.77298	-16.0652	-5.30387
				}
				{VolumeView "part4.ply"}
			}
			{bone revolute "wheelr3"
				{parameters "ID=trackright;Radius=0.6;"}
				{Matrix34
					-1	1.57357e-005	0
					0	-0.000554094	1
					-1.57357e-005	-1	-0.000554098
					-44.846	-16.0644	-5.96671
				}
				{VolumeView "wheelr3.ply"}
			}
			{bone revolute "wheell2"
				{parameters "ID=trackleft;Radius=0.45;"}
				{Matrix34
					-1	1.70152e-005	0
					0	-0.000553438	1
					1.70151e-005	1	0.000553448
					-3.77298	17.4617	-5.28537
				}
				{VolumeView "wheell2.ply"}
			}
			{bone revolute "wheell3"
				{parameters "ID=trackleft;Radius=0.6;"}
				{Matrix34
					-1	-1.89859e-005	0
					0	-0.000553442	1
					-1.8986e-005	1	0.000553446
					-44.846	17.4619	-5.94813
				}
				{VolumeView "wheell3.ply"}
			}
			{bone "fxfire1"
				{Matrix34
					0.99999	0.00453793	0
					0	-0.000552576	1
					0.00453793	-0.99999	-0.000552582
					25.4513	0.286802	8.26279
				}
			}
			{bone "support_canl"
				{parameters "ID=body;"}
				{Matrix34
					1	0	0
					0	1	0.000554089
					0	-0.000554083	1
					21.7545	19.3909	5.15516
				}
				{VolumeView "support_canl.ply"}
			}
			{bone "support_can4"
				{parameters "ID=body;"}
				{Matrix34
					1	0	0
					0	-1	-0.000554001
					0	-0.000553995	1
					21.7545	-18.0439	5.1343
				}
				{VolumeView "support_can4.ply"}
			}
			{bone "part3"
				{parameters "ID=body;"}
				{Position 0	0	0.000610352}
				{VolumeView "part3.ply"}
			}
			{bone "engine"
				{parameters "ID=engine;"}
				{Position 0	0	0.00091362}
				{VolumeView "engine.ply"}
				{bone "engine_doorr"
					{parameters "ID=body;"}
					{Matrix34
						0.138681	0.0899358	0.986245
						-0.0120493	0.995947	-0.0891263
						-0.990264	0.000476599	0.139202
						35.2968	-3.05914	11.6113
					}
					{VolumeView "engine_doorr.ply"}
				}
				{bone "engine_doorl"
					{parameters "ID=body;"}
					{Matrix34
						0.125986	-0.422222	0.897695
						0.0592021	0.906493	0.418051
						-0.990264	0.000476837	0.139202
						35.2968	4.01263	11.6151
					}
					{VolumeView "engine_doorl.ply"}
				}
			}
			{bone "part1"
				{parameters "ID=body;"}
				{Matrix34
					0.99998	0.00626831	0.000558827
					0.00628384	-0.999386	-0.034455
					-0.000342496	-0.0344578	0.999406
					17.6251	17.2191	7.53941
				}
				{VolumeView "part1.ply"}
				{bone "window_shieldl"
					{parameters "ID=body;"}
					{Matrix34
						0.258046	-0.964392	-0.0579687
						-0.0245405	0.0534365	-0.99827
						0.965821	0.259022	-0.0098775
						-7.34829	-2.2883	5.97219
					}
					{VolumeView "window_shieldl.ply"}
					{bone "shieldl"
						{parameters "ID=body;"}
						{Matrix34
							0.0256342	0.263642	0.96428
							-0.0673749	-0.961948	0.264795
							-0.997398	0.071758	0.00690267
							0.121983	3.53114	2.48263
						}
						{VolumeView "shieldl.ply"}
					}
				}
			}
			{bone "doorr"
				{parameters "ID=body;"}
				{Matrix34
					0.9999	0.0141313	0
					-0.0141313	0.9999	0
					0	0	1
					17.6251	-15.8572	7.52114
				}
				{VolumeView "doorr.ply"}
				{bone "window_shieldr"
					{parameters "ID=body;"}
					{Matrix34
						0.258045	-0.964392	-0.0579679
						-0.02454	0.053438	-0.99827
						0.965821	0.259022	-0.00987754
						-7.34829	-2.28861	5.97234
					}
					{VolumeView "window_shieldr.ply"}
					{bone "shieldr1"
						{parameters "ID=body;"}
						{Matrix34
							0.0256335	0.263642	0.96428
							-0.0673751	-0.961948	0.264794
							-0.997398	0.071758	0.0069034
							0.121981	3.53115	2.48263
						}
						{VolumeView "shieldr1.ply"}
					}
				}
			}
			{bone "seats01"
				{parameters "ID=body;"}
				{Matrix34
					0.959298	-0.282275	-0.00824966
					-0.282352	-0.959254	-0.0104807
					0.00495511	-0.0123834	0.999911
					-24.9089	13.2727	6.91674
				}
				{VolumeView "seats01.ply"}
			}
			{bone "seats02"
				{parameters "ID=body;"}
				{Matrix34
					-0.999999	0.00131338	0
					0.00131338	0.999999	-0.000554405
					0	0.000554411	1
					-24.9552	-12.1057	6.90268
				}
				{VolumeView "seats01.ply"}
			}
			{bone "seats03"
				{parameters "ID=body;"}
				{Matrix34
					1	0	0
					0	1	0.000554089
					0	-0.000554083	1
					-45.1707	-9.13315	6.90482
				}
				{VolumeView "seats03.ply"}
			}
			{bone "part5"
				{parameters "ID=body;"}
				{Matrix34
					1	0	0
					0	-1	-0.000554888
					0	-0.000554884	1
					-45.1725	10.4153	6.91578
				}
				{VolumeView "part5.ply"}
			}
			{bone "part2"
				{parameters "ID=body;"}
				{Matrix34
					0.620377	0.0183396	-0.784089
					0.784222	-9.2892e-005	0.62048
					0.0113065	-0.999832	-0.01444
					16.4819	0.348765	20.0596
				}
				{VolumeView "part2.ply"}
				{bone "shield1_sup"
					{parameters "ID=body;"}
					{Matrix34
						0.160851	-0.986979	0
						0.986979	0.160852	0
						0	0	1
						6.08412	-0.378273	0.00317547
					}
					{VolumeView "shield1_sup.ply"}
				}
			}
			{bone "mgun_stand1"
				{parameters "ID=body;"}
				{Matrix34
					0.982572	1.75845e-005	0.185884
					-0.000122719	1	0.000554085
					-0.185884	-0.000567239	0.982572
					12.8152	0.562081	19.7231
				}
				{VolumeView "mgun_stand03.ply"}
			}
			{bone "mgun_stand2"
				{parameters "ID=body;"}
				{Matrix34
					0.00507874	0.98809	0.15379
					-0.999987	0.00505306	0.000557787
					-0.000225966	-0.153791	0.988103
					-24.9758	17.276	18.1549
				}
				{VolumeView "mgun_stand03.ply"}
			}
			{bone "mgun_stand3"
				{parameters "ID=body;"}
				{Matrix34
					0.00496084	-0.994166	0.107745
					-0.999987	-0.00501633	-0.000244055
					-0.000783113	0.107742	0.994179
					-24.9749	-16.2454	18.1347
				}
				{VolumeView "mgun_stand03.ply"}
			}
			{bone "seat_support"
				{parameters "ID=body;"}
				{Matrix34
					1	0.000122719	0
					-0.000122719	1	0.000554089
					0	-0.000554085	1
					-10.2108	0.656154	2.72964
				}
				{VolumeView "seat_support.ply"}
				{bone "seats05"
					{parameters "ID=body;"}
					{Matrix34
						0.000910326	-1	0.000554085
						-1	-0.000910632	-0.000554174
						-0.000554666	0.000553582	1
						-4.24414	-0.0684659	4.1801
					}
					{VolumeView "seats01.ply"}
				}
				{bone "seats06"
					{parameters "ID=body;"}
					{Matrix34
						-0.000909794	-0.999999	0.000554083
						1	-0.0009101	-0.000553776
						0.00055429	0.00055358	1
						4.48354	-0.0684659	4.1801
					}
					{VolumeView "seats01.ply"}
				}
			}
			{bone "doorr_side"
				{parameters "ID=body;"}
				{Matrix34
					-0.00133454	-0.248416	-0.968652
					-0.00159628	-0.968652	0.248418
					-0.999998	0.00187777	0.000896145
					-9.83568	-19.5222	3.62506
				}
				{VolumeView "doorr_side.ply"}
			}
			{bone "doorl_side"
				{parameters "ID=body;"}
				{Matrix34
					-0.00393743	0.522886	-0.852394
					-2.91187e-005	-0.8524	-0.52289
					-0.999992	-0.00203402	0.00337148
					-9.84062	20.7243	3.64736
				}
				{VolumeView "doorl_side.ply"}
			}
		}
	}
}
{Volume "body"
	{Polyhedron "body.vol"}
	{Bone "body"}
	{Matrix34
		1	0	0
		0	1	0.000554089
		0	-0.000554083	1
		-14.6398	0.656621	-6.10233
	}
}
{Volume "engine"
	{Polyhedron "engine.vol"}
	{Bone "engine"}
	{Matrix34
		1	0	0
		0	1	0.000554087
		0	-0.000554083	1
		42.6278	0.761432	-6.24228
	}
}
{Volume "trackleft"
	{Box 53 19 8}
	{Bone "wheelsl"}
	{Matrix34
		1	1.56482e-005	0
		0	-0.000553596	1
		-1.56482e-005	1	0.000553596
		1.50639	-0.394552	2.29509
	}
}
{Volume "trackright"
	{Box 53 19 8}
	{Bone "wheelsr"}
	{Matrix34
		1	-1.57356e-005	0
		0	-0.000554367	0.999999
		-1.57356e-005	-0.999999	-0.000554367
		1.24856	0.10368	2.52732
	}
}
{Volume "wheelleft"
	{Box 14.5 14.5 5.3}
	{Bone "steerl"}
	{Matrix34
		-1	-1.57356e-005	0
		0	0	1
		1.57356e-005	-1	0
		-0.0276721	2.47807	0.224388
	}
}
{Volume "wheelright"
	{Box 14.5 14.5 5.3}
	{Bone "steerr"}
	{Matrix34
		-1	-1.57356e-005	0
		0	0	1
		1.57356e-005	-1	0
		-0.0176661	-2.29652	0.187231
	}
}
