;Exported by: Ekaterina
;Date:        Mon Jan 21 11:26:46 2008
;File:        D:\-Project-\-3DWork-\WORK\well\well_x.max
{Skeleton
	{bone "well"
		{Orientation
			1	0	0
			0	-1	0
			0	0	1
		}
		{VolumeView "well.ply"}
	}
}
{Volume "body01"
	{Box 57.4354 43.041 4.85555}
	{Bone "well"}
	{Matrix34
		1	0	0
		0	0.996195	0.0871558
		0	-0.0871558	0.996195
		-1.81036	3.37969	48.1126
	}
}
{Volume "body02"
	{Box 5.03686 4.62088 34.5249}
	{Bone "well"}
	{Position -23.6099	6.6373	17.1139}
}
{Volume "body03"
	{Box 2.87101 2.88343 17.8965}
	{Bone "well"}
	{Matrix34
		1	0	0
		0	0.707107	0.707107
		0	-0.707107	0.707107
		-23.5736	-0.594896	38.9653
	}
}
{Volume "body04"
	{Box 2.87101 2.88343 17.8965}
	{Bone "well"}
	{Matrix34
		1	0	0
		0	0.866025	-0.5
		0	0.5	0.866025
		-23.5736	10.6159	40.3873
	}
}
{Volume "body05"
	{Box 2.87101 2.88343 17.8965}
	{Bone "well"}
	{Matrix34
		1	0	0
		0	0.965926	-0.258819
		0	0.258819	0.965926
		25.0037	14.7312	42.1406
	}
}
{Volume "body06"
	{Box 2.87101 2.88343 20.9389}
	{Bone "well"}
	{Matrix34
		1	0	0
		0	0.422618	0.906308
		0	-0.906308	0.422618
		25.4172	3.15931	42.321
	}
}
{Volume "body07"
	{Box 5.03686 4.62088 34.5249}
	{Bone "well"}
	{Position 26.8544	7.91081	17.1139}
}
{Volume "body10"
	{Box 6.32925 4.64462 38.5713}
	{Bone "well"}
	{Position -21.306	1.43278	19.7826}
}
{Volume "body11"
	{Box 43.2288 4.62242 5.26499}
	{Bone "well"}
	{Position 1.32699	1.43278	39.5379}
}
{Volume "body12"
	{Box 11.4242 10.0938 7.0641}
	{Bone "well"}
	{Position 0.232528	-17.3834	3.10729}
}
{Volume "body13"
	{Cylinder 18.9192 12.6016}
	{Bone "well"}
	{Position 0.86232	4.03038	6.26438}
}
{Volume "body14"
	{Box 6.32925 4.64462 38.5713}
	{Bone "well"}
	{Position 21.6795	1.43278	19.7826}
}
{Volume "hole"
	{Box 10.1099 10.0938 17.6603}
	{Bone "well"}
	{Position 0.83989	3.72414	9.32705}
}
