;Exported by: sergienko
;Date:        Sat Aug 06 11:25:39 2005
;File:        D:\-projets1_5\3dwork\anima\construction\fontain\fountain.max
{Skeleton
	{bone "wall-foun_x"
		{Orientation
			1	0	0
			0	-1	0
			0	0	1
		}
		{VolumeView "wall-foun_x.ply"}
		{bone "piece0"
			{Position 3.30032	-51.478	51.9631}
			{VolumeView "piece0.ply"}
		}
		{bone "piece1"
			{Position -15.4297	54.9748	57.1452}
			{VolumeView "piece1.ply"}
		}
		{bone "piece2"
			{Position 50.1321	-20.7764	53.2334}
			{VolumeView "piece2.ply"}
		}
		{bone "piece3"
			{Position -43.1475	30.7287	54.8344}
			{VolumeView "piece3.ply"}
		}
		{bone "sub_piece0"
			{Position -51.3841	-38.2239	56.8229}
			{VolumeView "sub_piece0.ply"}
		}
		{bone "piece4"
			{Position -54.8674	17.0531	53.682}
			{VolumeView "piece4.ply"}
		}
		{bone "piece5"
			{Position 35.9482	52.1699	57.1681}
			{VolumeView "piece5.ply"}
		}
		{bone "piece6"
			{Position 54.8674	17.0531	55.802}
			{VolumeView "piece6.ply"}
		}
		{bone "piece7"
			{Position -31.6221	-57.0733	56.2292}
			{VolumeView "piece7.ply"}
		}
		{bone "sub_piece1"
			{Matrix34
				-0.20719	0.907673	0.364967
				-0.889061	-0.330366	0.316904
				0.408218	-0.258819	0.875426
				17.1845	-7.32514	41.5619
			}
			{VolumeView "sub_piece1.ply"}
		}
		{bone "sub_piece2"
			{Matrix34
				-0.20719	0.907673	0.364967
				-0.889061	-0.330366	0.316904
				0.408218	-0.258819	0.875426
				-16.0589	-26.9907	41.5619
			}
			{VolumeView "sub_piece2.ply"}
		}
		{bone "fx_dust1"
			{Position -2.10474	4.66997	47.4566}
		}
	}
}
{Volume "sub_piece2"
	{Box 20.2703 21.9836 11.3625}
	{Bone "sub_piece2"}
	{Matrix34
		0.619003	0.630519	-0.468274
		-0.700945	0.712463	0.0327448
		0.354274	0.307965	0.882976
		0.463969	0.241311	4.68201
	}
}
{Volume "sub_piece1"
	{Box 20.2703 21.9836 11.3625}
	{Bone "sub_piece1"}
	{Matrix34
		0.619003	0.630519	-0.468274
		-0.700945	0.712463	0.0327448
		0.354274	0.307965	0.882976
		0.463965	0.241317	4.682
	}
}
{Volume "piece7"
	{Box 22.8034 20.2671 10.8485}
	{Bone "piece7"}
	{Matrix34
		0.906308	-0.422618	0
		0.397131	0.851651	-0.34202
		0.144544	0.309976	0.939693
		3.67883	0.785211	3.52541
	}
}
{Volume "piece6"
	{Box 26.256 22.5102 12.1025}
	{Bone "piece6"}
	{Matrix34
		0.836516	0.224144	0.5
		-0.258819	0.965926	0
		-0.482963	-0.12941	0.866025
		0.219204	-3.98517	3.21234
	}
}
{Volume "piece5"
	{Box 26.7621 29.7925 9.32708}
	{Bone "piece5"}
	{Matrix34
		0.365998	0.784886	0.5
		-0.906308	0.422618	0
		-0.211309	-0.453154	0.866025
		-3.54097	-2.66138	6.98346
	}
}
{Volume "piece4"
	{Box 28.0414 20.8048 10.3356}
	{Bone "piece4"}
	{Matrix34
		0.855891	-0.139105	-0.498097
		0.184927	0.981786	0.0435779
		0.482963	-0.129409	0.866025
		-1.0999	-3.48261	4.28091
	}
}
{Volume "sub_piece0"
	{Box 20.2703 21.9836 11.3625}
	{Bone "sub_piece0"}
	{Matrix34
		0.619003	0.630519	-0.468274
		-0.700945	0.712463	0.0327448
		0.354274	0.307965	0.882976
		0.463993	0.241287	4.68201
	}
}
{Volume "piece3"
	{Box 33.5434 25.0086 12.2731}
	{Bone "piece3"}
	{Matrix34
		0.709406	-0.496732	-0.5
		0.573576	0.819152	0
		0.409576	-0.286788	0.866025
		-0.458121	5.18167	3.70843
	}
}
{Volume "piece2"
	{Box 27.405 19.5844 10.444}
	{Bone "piece2"}
	{Matrix34
		0.852869	-0.173648	0.492404
		0.234924	0.969846	-0.064879
		-0.46629	0.17101	0.867945
		1.05036	4.329	0.893264
	}
}
{Volume "piece1"
	{Box 34.8687 27.3167 9.55457}
	{Bone "piece1"}
	{Matrix34
		0.94184	0.320114	0.102297
		-0.327948	0.808999	0.487823
		0.0734005	-0.493	0.866928
		1.1573	0.578429	4.36184
	}
}
{Volume "piece0"
	{Box 24.7972 34.2742 12.7394}
	{Bone "piece0"}
	{Matrix34
		1	0	0
		0	0.819152	-0.573576
		0	0.573576	0.819152
		2.04254	-9.723	2.42502
	}
}
{Volume "body"
	{Cylinder 37.1026 23.2372}
	{Bone "wall-foun_x"}
	{Position -0.188293	0.199631	11.5521}
}
