;Exported by: sergienko
;Date:        Thu Sep 29 11:19:26 2005
;File:        D:\-projets1_5\3dwork\anima\construction\bridge_vood\bridge_wood_x.max
{Skeleton
	{bone "beams"
		{Orientation
			1	0	0
			0	-1	0
			0	0	1
		}
		{VolumeView "beams.ply"}
		{bone "piece1"
			{Matrix34
				0.791732	0.323259	0.518329
				-0.324051	0.941535	-0.0922161
				-0.517834	-0.0949544	0.850195
				29.8869	-45.3557	16.2319
			}
			{VolumeView "piece1.ply"}
		}
		{bone "piece2"
			{Matrix34
				0.838688	-0.197098	-0.507695
				0.384846	0.874093	0.296405
				0.385352	-0.443976	0.808943
				16.4396	42.7373	16.2319
			}
			{VolumeView "piece2.ply"}
		}
		{bone "piece3"
			{Matrix34
				0.805447	0.303172	0.509257
				-0.342145	0.939472	-0.0181482
				-0.483935	-0.159622	0.860423
				-6.66193	-1.11166	16.2319
			}
			{VolumeView "piece3.ply"}
		}
		{bone "piece4"
			{Matrix34
				0.707921	0.319133	0.630082
				-0.481616	0.870642	0.100139
				-0.516618	-0.374348	0.770045
				-26.7708	-36.3045	16.2319
			}
			{VolumeView "piece4.ply"}
		}
		{bone "piece5"
			{Matrix34
				0.796448	-0.291191	-0.52998
				0.330945	0.943416	-0.0210093
				0.506109	-0.158661	0.84775
				-38.0915	39.6621	16.2319
			}
			{VolumeView "piece5.ply"}
		}
		{bone "piece6"
			{Matrix34
				0.764944	-0.341204	-0.546297
				0.34102	0.934073	-0.105891
				0.546412	-0.105298	0.830871
				-62.5192	-55.6207	16.2319
			}
			{VolumeView "piece6.ply"}
		}
		{bone "piece7"
			{Matrix34
				0.839474	-0.302074	-0.451701
				0.283091	0.952652	-0.110966
				0.463834	-0.0347194	0.885241
				-77.0023	-30.5027	16.2319
			}
			{VolumeView "piece7.ply"}
		}
		{bone "piece8"
			{Matrix34
				0.949845	0.100958	-0.295976
				0.0456441	0.891561	0.450595
				0.309372	-0.441505	0.842236
				53.3282	3.7086	-46.3698
			}
			{VolumeView "piece8.ply"}
		}
		{bone "piece10"
			{Matrix34
				0.895413	0.0550205	-0.441825
				0.24606	0.765875	0.594046
				0.371067	-0.640631	0.672235
				-27.465	3.70859	-44.3383
			}
			{VolumeView "piece10.ply"}
		}
		{bone "piece11"
			{Matrix34
				0.660934	0.60605	0.442572
				-0.738166	0.418785	0.528895
				0.135194	-0.676256	0.724154
				-45.2014	3.7086	-12.7568
			}
			{VolumeView "piece11.ply"}
		}
		{bone "road"
			{parameters "Land;Ground;"}
			{Position 0	3.4953	14.9782}
			{VolumeView "road.ply" {Ground}}
		}
		{bone "piece9"
			{Matrix34
				0.894169	0.310443	0.322624
				-0.0842543	0.824376	-0.559736
				-0.43973	0.473317	0.763288
				45.5196	53.3097	-46.3698
			}
			{VolumeView "piece9.ply"}
		}
		{bone "fx_wood1"
			{Position -15.623	4.54984	18.3489}
		}
		{bone "fx_dust1"
			{Position 55.0674	3.51062	18.3489}
		}
		{bone "fx_dust2"
			{Position -81.2711	4.36524	18.3489}
		}
	}
}
{Volume "piece9"
	{Cylinder 6.51807 81.2414}
	{Bone "piece9"}
	{Position 1.69036e-005	0	0}
}
{Volume "piece11"
	{Box 17.3011 11.8599 50.9709}
	{Bone "piece11"}
	{Position -6.17771	-1.33902e-005	1.49736e-005}
}
{Volume "piece10"
	{Cylinder 6.51807 56.4739}
	{Bone "piece10"}
	{Position -1.61225e-005	0	0}
}
{Volume "piece8"
	{Cylinder 6.51807 81.2414}
	{Bone "piece8"}
	{Position 1.24071e-005	-1.80055e-005	1.63933e-005}
}
{Volume "piece7"
	{Box 5.26682 46.803 5.60119}
	{Bone "piece7"}
	{Position -5.1672e-005	0	-1.15062e-005}
}
{Volume "piece6"
	{Box 5.26685 31.7629 5.60119}
	{Bone "piece6"}
	{Position -2.56647e-005	0	0}
}
{Volume "piece5"
	{Box 5.26682 58.2239 5.60119}
	{Bone "piece5"}
	{Position 1.51419e-005	1.56686e-005	0}
}
{Volume "piece4"
	{Box 5.26682 52.5231 5.60119}
	{Bone "piece4"}
	{Position -4.40456e-005	0	0}
}
{Volume "piece3"
	{Box 5.26682 52.5231 5.60119}
	{Bone "piece3"}
	{Position -1.70574e-005	0	0}
}
{Volume "piece2"
	{Box 5.26685 52.5231 5.60119}
	{Bone "piece2"}
	{Position 0	0	0}
}
{Volume "piece1"
	{Box 5.26685 52.5231 5.60119}
	{Bone "piece1"}
	{Position 1.69845e-005	0	0}
}
