;Exported by: sana
;Date:        Mon Jan 16 09:46:09 2006
;File:        D:\-Project-\-3DWork-\Entourage\house_euro_105c\house_euro_105c_x.max
{Skeleton
	{bone "105c_corn29"
		{Orientation
			1	0	0
			0	-1	0
			0	0	1
		}
		{bone "piece0"
			{Position -27.2745	13.0491	197.169}
			{VolumeView "piece0.ply"}
		}
		{bone "piece1"
			{Position 31.2325	3.92769	210.499}
			{VolumeView "piece1.ply"}
		}
		{bone "piece2"
			{Position 2.19801	-21.3812	209.365}
			{VolumeView "piece2.ply"}
		}
		{bone "piece3"
			{Position -11.793	12.6433	228.724}
			{VolumeView "piece3.ply"}
			{bone "sub_piece3"
				{Position -2.03184e-005	0.998764	-15.8376}
				{VolumeView "sub_piece3.ply"}
			}
		}
	}
}
{Volume "piece0"
	{Box 63.5174 4.49037 73.5781}
	{Bone "piece0"}
	{Matrix34
		1	0	0
		0	0.820363	0.571843
		0	-0.571843	0.820363
		1.79078	-0.476976	0.308418
	}
}
{Volume "piece1"
	{Box 59.7423 3.92313 41.762}
	{Bone "piece1"}
	{Matrix34
		1	0	0
		0	0.832607	0.553865
		0	-0.553865	0.832607
		0	-0.464422	0.0283622
	}
}
{Volume "piece2"
	{Box 99.9332 4.95922 44.7964}
	{Bone "piece2"}
	{Matrix34
		1	0	0
		0	0.819152	-0.573576
		0	0.573576	0.819152
		8.11337	0.167129	-0.924091
	}
}
{Volume "piece3"
	{Box 9.84253 19.4046 22.6862}
	{Bone "piece3"}
	{Position 0	0	2.07829e-005}
}
{Volume "sub_piece3"
	{Box 9.84252 17.4071 17.2644}
	{Bone "sub_piece3"}
	{Position 0	0	2.07829e-005}
}
