;Exported by: kolesnikov
;Date:        Wed Sep 14 09:26:32 2005
;File:        D:\-Project-\-3DWork-\Constructions\barricade_brick.max
{Skeleton
	{bone "barricade_brick1_c1_x"
		{Orientation
			1	0	0
			0	-1	0
			0	0	1
		}
		{bone "piece1"
			{Matrix34
				0.254887	0.0449435	0.965926
				-0.173648	0.984808	0
				-0.951251	-0.167731	0.258819
				-13.4083	-17.2687	10.732
			}
		}
		{bone "piece2"
			{Position -7.05689	-18.6685	8.54522}
			{VolumeView "piece2.ply"}
		}
		{bone "piece3"
			{Matrix34
				1	0	0
				0	0.258819	0.965926
				0	-0.965926	0.258819
				-4.62569	-25.0033	4.92793
			}
			{VolumeView "piece3.ply"}
		}
		{bone "piece4"
			{Position 5.12013	-17.8106	14.4626}
			{VolumeView "piece4.ply"}
		}
		{bone "piece5"
			{Position 12.3458	-17.8442	8.54522}
			{VolumeView "piece5.ply"}
		}
		{bone "piece6"
			{Matrix34
				-0.202739	0.81614	0.541121
				-0.845367	0.133022	-0.517359
				-0.494218	-0.562335	0.662969
				14.0749	-23.8066	7.91823
			}
		}
		{bone "fx_stone1"
			{Position -0.75248	-8.33868	10.9991}
		}
	}
}
{Volume "body24"
	{Box 4.52234 1.49017 1.60679}
	{Bone "piece6"}
	{Matrix34
		-0.146258	-0.980426	0.131808
		0.748753	-0.196793	-0.632962
		0.646512	0.0061161	0.762879
		0.134353	0.110322	0.748835
	}
}
{Volume "body16"
	{Box 8.77358 5.17419 7.50137}
	{Bone "piece5"}
	{Matrix34
		-1	0	0
		0	-1	0
		0	0	1
		-0.546238	-0.190027	0.422509
	}
}
{Volume "body17"
	{Box 8.15943 5.17419 7.87644}
	{Bone "piece4"}
	{Matrix34
		-1	0	0
		0	-1	0
		0	0	1
		-1.2561	-0.223682	-0.399482
	}
}
{Volume "body25"
	{Box 4.52234 1.49017 1.60679}
	{Bone "piece3"}
	{Matrix34
		-0.25353	-0.374846	0.891747
		0.9658	-0.149886	0.211579
		0.0543505	0.91489	0.400027
		-0.102043	0.893164	0.569346
	}
}
{Volume "body15"
	{Box 8.77358 5.17419 6.75799}
	{Bone "piece2"}
	{Matrix34
		-1	0	0
		0	-1	0
		0	0	1
		-0.532277	-0.103322	0.0508192
	}
}
{Volume "body26"
	{Box 4.52234 1.49017 1.60679}
	{Bone "piece1"}
	{Matrix34
		-0.148348	-0.987844	0.0464443
		0.170148	-0.0717591	-0.982802
		0.974188	-0.137894	0.178725
		0.0282806	0.349866	0.623236
	}
}
