;Exported by: shevchenko
;Date:        Fri Jul 15 14:35:58 2005
;File:        D:\-Projects1_5-\-3DWork-\hangar_wood_111.max
{Skeleton
	{bone "wall_gate2"
		{Orientation
			1	0	0
			0	-1	0
			0	0	1
		}
		{VolumeView "wall_gate2.ply"}
		{bone "exterior"
			{Matrix34
				0.956847	0	-0.290593
				0	1	0
				0.290593	0	0.956847
				51.9745	10.5099	113.088
			}
			{VolumeView "exterior.ply"}
		}
	}
}
{Obstacle "beam2"
	{Obb2
		{Center -56.7643 -55.0199}
		{Extent 2.50985 31.8705}
		{Axis 1 0}
	}
	{Rotate}
}
{Obstacle "beam1"
	{Obb2
		{Center 56.4041 -55.0199}
		{Extent 2.50985 31.8705}
		{Axis 1 0}
	}
	{Rotate}
}
{Area "interior"
	{Obb2
		{Center -1.16064 9.68149}
		{Extent 91.5354 29.5276}
		{Axis -1 0}
	}
	{Rotate}
}
{Obstacle "body2"
	{Obb2
		{Center 63.8388 -23.6082}
		{Extent 9.84252 1.96851}
		{Axis 1 0}
	}
	{Rotate}
}
{Obstacle "body3"
	{Obb2
		{Center -64.1958 -23.6082}
		{Extent 9.84252 1.96851}
		{Axis 1 0}
	}
	{Rotate}
}
{Volume "fire4"
	{Box 5.90551 6.88976 89.2126}
	{Bone "wall_gate2"}
	{Matrix34
		-1	0	0
		0	-0.7468	-0.665049
		0	-0.665049	0.7468
		-56.8848	55.3473	32.5568
	}
}
{Volume "fire3"
	{Box 5.90551 6.88976 89.2126}
	{Bone "wall_gate2"}
	{Matrix34
		-1	0	0
		0	-0.7468	-0.665049
		0	-0.665049	0.7468
		56.3825	55.3473	32.5568
	}
}
{Volume "beam2"
	{Box 5.01969 5.90552 89.2126}
	{Bone "wall_gate2"}
	{Matrix34
		-1	0	0
		0	-0.7468	-0.665049
		0	-0.665049	0.7468
		-56.7643	55.0199	32.5568
	}
}
{Volume "beam1"
	{Box 5.01969 5.90552 89.2126}
	{Bone "wall_gate2"}
	{Matrix34
		-1	0	0
		0	-0.7468	-0.665049
		0	-0.665049	0.7468
		56.4041	55.0199	32.5568
	}
}
{Volume "roof2"
	{Box 111.025 55.653 1.9685}
	{Bone "exterior"}
	{Matrix34
		-0.832674	0	-0.553762
		0	-1	0
		-0.553762	0	0.832674
		-100.211	-2.10211	-30.9709
	}
}
{Volume "roof1"
	{Box 111.025 51.0578 1.9685}
	{Bone "exterior"}
	{Matrix34
		0.999995	0	0.00281762
		0	1	0
		-0.00281762	0	0.999995
		0.782387	0.210026	-0.299177
	}
}
{Volume "body1"
	{Polyhedron "body1.vol"}
	{Bone "wall_gate2"}
	{Matrix34
		-1	0	0
		0	0	1
		0	1	0
		-0.176392	21.5755	91.3386
	}
}
{Volume "body2"
	{Box 3.93701 19.685 62.9921}
	{Bone "wall_gate2"}
	{Matrix34
		0	-1	0
		1	0	0
		0	0	1
		63.8388	23.6082	31.4961
	}
}
{Volume "body3"
	{Box 3.93701 19.685 62.9921}
	{Bone "wall_gate2"}
	{Matrix34
		0	-1	0
		1	0	0
		0	0	1
		-64.1958	23.6082	31.4961
	}
}
{Volume "fire2"
	{Box 4.92126 19.685 62.9921}
	{Bone "wall_gate2"}
	{Matrix34
		0	-1	0
		1	0	0
		0	0	1
		63.8388	23.6082	31.4961
	}
}
{Volume "fire0"
	{Box 3.93701 19.685 62.9921}
	{Bone "wall_gate2"}
	{Matrix34
		0	-1	0
		1	0	0
		0	0	1
		-64.1958	23.6082	31.4961
	}
}
{Volume "fire1"
	{Polyhedron "fire1.vol"}
	{Bone "wall_gate2"}
	{Matrix34
		-1	0	0
		0	0	1
		0	1	0
		-0.176392	21.4792	91.3386
	}
}
