;Exported by: sana
;Date:        Fri Jun 09 18:04:36 2006
;File:        D:\-Project-\-3DWork-\Entourage\shed_euro_102\shed_euro_102_work_x.max
{Skeleton
	{bone "shed102_corner3"
		{Orientation
			1	0	0
			0	-1	0
			0	0	1
		}
		{bone "exterior"
			{Position 2.95276	-3.05118	61.0039}
		}
		{bone "piece04"
			{Position -2.63454	23.9775	61.9105}
			{VolumeView "piece04.ply"}
		}
		{bone "piece01"
			{Position 1.42956	-31.4279	61.5788}
			{VolumeView "piece01.ply"}
		}
		{bone "piece02"
			{Position -11.5891	-2.55493	48.417}
			{VolumeView "piece02.ply"}
		}
		{bone "piece03"
			{Position -2.74683	-22.1161	62.6809}
			{VolumeView "piece03.ply"}
		}
		{bone "piece05"
			{Position 13.1072	-25.836	40.0071}
			{VolumeView "piece05.ply"}
			{bone "sub_piece05"
				{Position 0	-1.69625	-9.40001}
				{VolumeView "sub_piece05.ply"}
			}
		}
		{bone "piece06"
			{Position 13.1072	-5.48104	26.4371}
			{VolumeView "piece06.ply"}
			{bone "sub_piece06"
				{Position 0	2.82707	-6.57293}
				{VolumeView "sub_piece06.ply"}
			}
		}
		{bone "piece07"
			{Position 13.1072	23.9205	36.4025}
			{VolumeView "piece07.ply"}
			{bone "sub_piece07"
				{Position 0	-15.2662	4.16993}
				{VolumeView "sub_piece07.ply"}
			}
		}
		{bone "piece09"
			{Position 0.475357	-36.5836	23.5915}
			{VolumeView "piece09.ply"}
		}
		{bone "piece08"
			{Position -3.26739	-36.5836	51.7706}
			{VolumeView "piece08.ply"}
			{bone "sub_piece08"
				{Position -7.26506	0	-12.0153}
				{VolumeView "sub_piece08.ply"}
			}
		}
	}
}
{Volume "piece01"
	{Box 54.0908 2.04573 2.66658}
	{Bone "piece01"}
	{Matrix34
		0.742195	0	-0.670184
		0	1	0
		0.670184	0	0.742195
		-0.40346	0	0.351492
	}
}
{Volume "piece02"
	{Box 44.9041 2.04574 3.01717}
	{Bone "piece02"}
	{Position 0	0	-0.107386}
}
{Volume "piece03"
	{Box 43.2523 31.9961 3.93701}
	{Bone "piece03"}
	{Matrix34
		0.742127	0	-0.670259
		0	1	0
		0.670259	0	0.742127
		6.62521	-4.657	-2.05793
	}
}
{Volume "piece04"
	{Box 43.0187 44.9501 3.93701}
	{Bone "piece04"}
	{Matrix34
		0.742844	0	-0.669465
		0	1	0
		0.669465	0	0.742844
		6.0159	-3.4261	-1.23091
	}
}
{Volume "piece05"
	{Box 5.90553 24.8782 18.8}
	{Bone "piece05"}
	{Position 0	0	0}
}
{Volume "piece06"
	{Box 5.90552 21.1465 12.5946}
	{Bone "piece06"}
	{Matrix34
		1	0	0
		0	0.94247	0.334291
		0	-0.334291	0.94247
		0	-0.245412	1.48116
	}
}
{Volume "piece07"
	{Box 5.90552 18.0933 25.4436}
	{Bone "piece07"}
	{Position 0	0	0}
}
{Volume "piece08"
	{Box 19.8127 5.90551 15.7945}
	{Bone "piece08"}
	{Matrix34
		0.899675	0	-0.436561
		0	1	0
		0.436561	0	0.899675
		-0.119833	0	-0.986201
	}
}
{Volume "piece09"
	{Box 15.2021 5.90551 12.5615}
	{Bone "piece09"}
	{Matrix34
		0.796211	0	0.60502
		0	1	0
		-0.60502	0	0.796211
		0.776892	0	0.204617
	}
}
{Volume "sub_piece05"
	{Box 5.90552 20.3549 10.4489}
	{Bone "sub_piece05"}
	{Matrix34
		1	0	0
		0	0.937951	0.346768
		0	-0.346768	0.937951
		0	1.14475	-0.857674
	}
}
{Volume "sub_piece06"
	{Box 5.90552 18.6587 8.70738}
	{Bone "sub_piece06"}
	{Matrix34
		1	0	0
		0	0.952308	0.305137
		0	-0.305137	0.952308
		0	0.396813	-1.23843
	}
}
{Volume "sub_piece07"
	{Box 5.90552 13.8527 17.3865}
	{Bone "sub_piece07"}
	{Position 0	0	0}
}
{Volume "sub_piece08"
	{Box 13.8316 5.90551 15.2287}
	{Bone "sub_piece08"}
	{Position 0	0	0}
}
