;Exported by: sana
;Date:        Tue Dec 27 15:45:35 2005
;File:        D:\-Project-\-3DWork-\Entourage\house_euro_115c\house_euro_115s_n_x.max
{Skeleton
	{bone "115s_corner22"
		{Orientation
			1	0	0
			0	-1	0
			0	0	1
		}
		{bone "piece0"
			{Position -27.2855	40.5915	237.075}
			{VolumeView "piece0.ply"}
		}
		{bone "piece1"
			{Position 24.2961	40.6	231.926}
			{VolumeView "piece1.ply"}
		}
		{bone "piece2"
			{Position 11.5142	30.4758	256.226}
			{VolumeView "piece2.ply"}
			{bone "sub_piece2"
				{Position 24.6714	3.74976	-34.7089}
				{VolumeView "sub_piece2.ply"}
			}
		}
		{bone "piece3"
			{Position 11.5169	90.058	256.309}
			{VolumeView "piece3.ply"}
		}
		{bone "piece4"
			{Position -17.78	90.058	256.309}
			{VolumeView "piece4.ply"}
		}
		{bone "piece5"
			{Position -22.1111	30.4767	249.113}
			{VolumeView "piece5.ply"}
		}
		{bone "piece6"
			{Position -3.06333	1.69265	281.028}
			{VolumeView "piece6.ply"}
		}
		{bone "piece7"
			{Position -25.3342	1.69265	242.729}
			{VolumeView "piece7.ply"}
			{bone "sub_piece7"
				{Position 9.70131	0	-22.777}
				{VolumeView "sub_piece7.ply"}
			}
		}
		{bone "piece8"
			{Position 26.4624	1.69265	227.629}
			{VolumeView "piece8.ply"}
			{bone "sub_piece8"
				{Position -4.5554	0	-28.5977}
				{VolumeView "sub_piece8.ply"}
			}
		}
		{bone "piece9"
			{Position -24.7437	1.69265	193.295}
			{VolumeView "piece9.ply"}
		}
	}
}
{Volume "piece0"
	{Box 7.72111 5.90552 75.0343}
	{Bone "piece0"}
	{Matrix34
		0.794556	0	-0.607191
		0	1	0
		0.607191	0	0.794556
		1.31476	0	1.90189
	}
}
{Volume "piece1"
	{Box 7.73775 5.90552 85.4608}
	{Bone "piece1"}
	{Matrix34
		0.79161	0	0.611027
		0	1	0
		-0.611027	0	0.79161
		-1.3544	0	2.12697
	}
}
{Volume "piece2"
	{Box 3.23757 46.1479 46.7642}
	{Bone "piece2"}
	{Matrix34
		0.78626	0	0.617896
		0	1	0
		-0.617896	0	0.78626
		-0.438491	0	-0.302022
	}
}
{Volume "piece3"
	{Box 2.52591 73.0164 44.6403}
	{Bone "piece3"}
	{Matrix34
		0.787791	0	0.615942
		0	1	0
		-0.615942	0	0.787791
		-1.11026	0	0.462943
	}
}
{Volume "piece4"
	{Box 2.12835 73.0164 44.2554}
	{Bone "piece4"}
	{Matrix34
		0.786214	0	-0.617955
		0	1	0
		0.617955	0	0.786214
		1.6588	0	1.25373
	}
}
{Volume "piece5"
	{Box 2.5372 46.1462 52.8745}
	{Bone "piece5"}
	{Matrix34
		0.787905	0	-0.615796
		0	1	0
		0.615796	0	0.787905
		3.23716	0	4.80659
	}
}
{Volume "piece6"
	{Box 23.958 11.25 29.1883}
	{Bone "piece6"}
}
{Volume "piece7"
	{Box 42.706 11.25 26.8465}
	{Bone "piece7"}
	{Matrix34
		0.598235	0	0.80132
		0	1	0
		-0.80132	0	0.598235
		3.85744	1.52588e-005	-3.11745
	}
}
{Volume "piece8"
	{Box 32.6369 11.25 37.2395}
	{Bone "piece8"}
	{Matrix34
		0.785795	0	0.618487
		0	1	0
		-0.618487	0	0.785795
		-3.66416	0	-3.16537
	}
}
{Volume "piece9"
	{Box 30.5465 11.25 21.6483}
	{Bone "piece9"}
	{Position 0	1.52588e-005	0.143036}
}
{Volume "sub_piece2"
	{Box 2.15014 53.6481 31.1}
	{Bone "sub_piece2"}
	{Matrix34
		0.792148	0	0.61033
		0	1	0
		-0.61033	0	0.792148
		-1.91573	0	4.57341
	}
}
{Volume "sub_piece7"
	{Box 23.7893 11.25 16.4922}
	{Bone "sub_piece7"}
	{Matrix34
		0.963048	0	0.269329
		0	1	0
		-0.269329	0	0.963048
		-0.0845147	1.52588e-005	-0.720284
	}
}
{Volume "sub_piece8"
	{Box 21.2585 11.25 15.3534}
	{Bone "sub_piece8"}
	{Position 0	1.52588e-005	0}
}
