;Exported by: sana
;Date:        Fri Aug 10 11:51:30 2007
;File:        D:\-Project-\-3DWork-\Entourage\School_Ru\School_ru_cut3a.max
{Skeleton
	{bone "school_ru_wall2_19"
		{Orientation
			1	0	0
			0	-1	0
			0	0	1
		}
		{VolumeView "school_ru_wall2_19.ply"}
		{bone "exterior"
			{Position -7.03091	-36.907	9.93109}
			{VolumeView "exterior.ply"}
		}
		{bone "fix113"
			{Position -64.1482	0.554352	-24.438}
		}
		{bone "fix111"
			{Position 48.7929	0.763107	-23.7156}
		}
		{bone "fix112"
			{Position -2.03796	0.67244	-26.5368}
		}
	}
}
{Area "interior"
	{Obb2
		{Center -6.71466 34.6743}
		{Extent 46.8364 30.8944}
		{Axis -1 0}
	}
	{Rotate}
}
{Volume "body1"
	{Box 30.9324 37.1149 9.63766}
	{Bone "school_ru_wall2_19"}
	{Matrix34
		-0.952566	0	0.304332
		0.304332	0	0.952566
		0	1	0
		30.5762	-1.2856	4.00906
	}
}
{Volume "body"
	{Box 74.3925 33.4369 9.63766}
	{Bone "school_ru_wall2_19"}
	{Matrix34
		-0.950748	0	-0.309965
		-0.309965	0	0.950748
		0	1	0
		-10.2005	-1.2856	0.559402
	}
}
{Volume "roof1"
	{Box 19.5651 65.67 4.15155}
	{Bone "exterior"}
	{Matrix34
		0.964747	0	-0.26318
		0	1	0
		0.26318	0	0.964747
		36.3827	-1.05652	8.44759
	}
}
{Volume "roof"
	{Box 72.4634 65.67 4.15155}
	{Bone "exterior"}
	{Matrix34
		0.955825	0	0.293937
		0	1	0
		-0.293937	0	0.955825
		-6.73646	-1.05652	0.327781
	}
}
