;Exported by: ubrashaev
;Date:        Sat Feb 11 16:49:32 2006
;File:        D:\-Projects1_5-\-work-\3d\reihstag_buildings\house_reich1_x.max
{Skeleton
	{bone "rh_building_corner3_5"
		{Orientation
			1	0	0
			0	-1	0
			0	0	1
		}
		{VolumeView "rh_building_corner3_5.ply"}
		{bone "piece00"
			{Matrix34
				-0.00512229	-0.978839	-0.204568
				0.858431	-0.109231	0.501164
				-0.512904	-0.17304	0.840825
				15.4912	-29.2633	33.867
			}
			{VolumeView "piece00.ply"}
		}
		{bone "piece01"
			{Matrix34
				0	1	0
				-1	0	0
				0	0	1
				12.329	1.24112	22.5529
			}
			{VolumeView "piece01.ply"}
		}
		{bone "piece02"
			{Matrix34
				0	1	0
				-1	0	0
				0	0	1
				24.1171	1.24112	43.9404
			}
			{VolumeView "piece02.ply"}
		}
		{bone "piece03"
			{Matrix34
				0	1	0
				-1	0	0
				0	0	1
				-5.12274	1.10916	48.3982
			}
			{VolumeView "piece03.ply"}
		}
	}
}
{Volume "piece00"
	{Box 20.8543 30.3272 17.7645}
	{Bone "piece00"}
	{Matrix34
		0.939693	0	-0.34202
		0	1	0
		0.34202	0	0.939693
		-0.907484	-0.755131	-3.77673
	}
}
{Volume "piece01"
	{Box 7.87402 20.435 27.8259}
	{Bone "piece01"}
	{Matrix34
		1	0	0
		0	0.766044	-0.642788
		0	0.642788	0.766044
		-4.26206e-005	4.94147	-3.49366
	}
}
{Volume "piece02"
	{Box 7.87402 18.3584 12.4244}
	{Bone "piece02"}
	{Matrix34
		1	0	0
		0	0.939693	0.34202
		0	-0.34202	0.939693
		-5.05458e-005	2.05275	-1.2556
	}
}
{Volume "piece03"
	{Box 7.87402 21.4567 14.2085}
	{Bone "piece03"}
	{Matrix34
		1	0	0
		0	0.766044	0.642788
		0	-0.642788	0.766044
		-2.6792e-005	3.22108	-3.02542
	}
}
