;Exported by: sergienko
;Date:        Thu Feb 09 11:21:48 2006
;File:        D:\-projets1_5\3dwork\anima\construction\Bahnhof_house\Bahnhof_house_x_test_без.max
{Skeleton
	{bone "bh_corner27"
		{Orientation
			1	0	0
			0	-1	0
			0	0	1
		}
		{VolumeView "bh_corner27.ply"}
		{bone "piece15"
			{Matrix34
				0	-1	0
				1	0	0
				0	0	1
				-41.3593	2.34723	51.0269
			}
			{VolumeView "piece15.ply"}
		}
		{bone "piece23"
			{Matrix34
				0	-1	0
				1	0	0
				0	0	1
				-15.355	2.34708	70.0256
			}
			{VolumeView "piece23.ply"}
		}
		{bone "piece16"
			{Matrix34
				0	-1	0
				-0.106371	0	-0.994327
				0.994327	0	-0.106371
				17.0807	2.34723	44.3115
			}
			{VolumeView "piece16.ply"}
		}
		{bone "piece11"
			{Matrix34
				0	1	0
				-0.993861	0	0.110633
				0.110633	0	0.993861
				43.3978	2.34723	73.5045
			}
			{VolumeView "piece11.ply"}
		}
		{bone "piece12"
			{Matrix34
				0	-1	0
				1	0	0
				0	0	1
				-11.1329	2.34723	46.1691
			}
			{VolumeView "piece12.ply"}
		}
		{bone "piece13"
			{Matrix34
				0	-1	0
				1	0	0
				0	0	1
				-36.3336	2.34723	30.4004
			}
			{VolumeView "piece13.ply"}
		}
		{bone "piece14"
			{Matrix34
				0	-1	0
				1	0	0
				0	0	1
				44.8151	2.34723	45.7787
			}
			{VolumeView "piece14.ply"}
		}
		{bone "fx_dust1"
			{Position 20.0492	13.7289	37.3703}
		}
		{bone "fx_dust2"
			{Position -41.7827	13.7289	37.3703}
		}
	}
}
{Volume "piece1"
	{Box 31.1262 20.4994 15.1501}
	{Bone "piece11"}
	{Matrix34
		0	0.996195	-0.0871557
		0	0.0871557	0.996195
		1	0	0
		1.65175e-005	-1.05097	0.640145
	}
}
{Volume "piece2"
	{Box 31.4646 17.7724 15.1501}
	{Bone "piece12"}
	{Matrix34
		0	0.589052	-0.808095
		0	0.808095	0.589052
		1	0	0
		1.64216e-005	-2.60407	-4.58244
	}
}
{Volume "piece3"
	{Box 16.3556 15.2209 15.1501}
	{Bone "piece13"}
	{Matrix34
		0	1	0
		0	0	1
		1	0	0
		6.69434e-005	6.10006	-3.30998
	}
}
{Volume "piece4"
	{Box 26.7063 26.8139 15.1501}
	{Bone "piece14"}
	{Matrix34
		0	1	0
		0	0	1
		1	0	0
		3.78959e-005	-0.509677	1.62703
	}
}
{Volume "piece5"
	{Box 30.6473 15.4041 15.1501}
	{Bone "piece15"}
	{Matrix34
		0	1	0
		0	0	1
		1	0	0
		0	-3.92765	0
	}
}
{Volume "piece6"
	{Box 37.3775 22.0264 15.1501}
	{Bone "piece16"}
	{Matrix34
		0	0.998597	-0.0529589
		0	0.0529589	0.998597
		1	0	0
		5.71917e-005	-1.91393	-1.64148
	}
}
