;Exported by: sergienko
;Date:        Thu Jun 29 19:18:36 2006
;File:        D:\-projets1_5\3dwork\anima\construction\e_house021_corner\e_house021_corner01_x.max
{Skeleton
	{bone "022_corner1_x"
		{Orientation
			1	0	0
			0	-1	0
			0	0	1
		}
		{bone "piece9"
			{Matrix34
				-0.766048	0	0.642783
				-0.642783	0	-0.766048
				0	-1	0
				-3.3127	-25.5383	46.9797
			}
			{VolumeView "piece9.ply"}
		}
		{bone "piece1"
			{Matrix34
				0	-0.5	0.866026
				0	0.866026	0.5
				-1	0	0
				24.7923	-16.9355	13.653
			}
			{VolumeView "piece1.ply"}
		}
		{bone "piece2"
			{Matrix34
				0	-0.5	0.866026
				0	0.866026	0.5
				-1	0	0
				24.7923	-2.32952	17.7192
			}
			{VolumeView "piece2.ply"}
		}
		{bone "piece3"
			{Matrix34
				0	0.819152	-0.573576
				0	-0.573576	-0.819152
				-1	0	0
				24.7923	-19.4943	39.7754
			}
			{VolumeView "piece3.ply"}
		}
		{bone "piece4"
			{Matrix34
				0	-0.5	0.866026
				0	0.866026	0.5
				-1	0	0
				24.7923	9.22563	45.2731
			}
			{VolumeView "piece4.ply"}
		}
		{bone "piece5"
			{Matrix34
				0	-0.5	0.866026
				0	0.866026	0.5
				-1	0	0
				24.7923	21.956	22.5813
			}
			{VolumeView "piece5.ply"}
		}
		{bone "piece6"
			{Matrix34
				0	-0.819152	-0.573576
				0	-0.573576	0.819152
				-1	0	0
				24.7923	6.70162	63.5283
			}
			{VolumeView "piece6.ply"}
		}
		{bone "piece7"
			{Matrix34
				0	-0.5	0.866026
				0	0.866026	0.5
				-1	0	0
				24.7923	-7.70559	62.6852
			}
			{VolumeView "piece7.ply"}
		}
		{bone "piece8"
			{Matrix34
				-0.766044	0	-0.642788
				0.642788	0	-0.766044
				0	-1	0
				-2.90869	-25.7536	11.4082
			}
			{VolumeView "piece8.ply"}
		}
		{bone "piece10"
			{Matrix34
				-0.766045	-0.642787	0
				0.642787	-0.766045	0
				0	0	1
				-18.6694	-14.2812	52.9325
			}
			{VolumeView "piece10.ply"}
		}
		{bone "piece11"
			{Matrix34
				0	1	0
				-1	0	0
				0	0	1
				-0.877304	-8.40029	52.9325
			}
			{VolumeView "piece11.ply"}
		}
		{bone "piece12"
			{Matrix34
				0	1	0
				-1	0	0
				0	0	1
				9.46243	4.76792	52.9325
			}
			{VolumeView "piece12.ply"}
		}
		{bone "piece13"
			{Matrix34
				0	1	0
				-1	0	0
				0	0	1
				13.1667	-7.86966	52.9325
			}
			{VolumeView "piece13.ply"}
		}
	}
}
{Volume "piece10"
	{Box 13.2387 9.55341 1.9685}
	{Bone "piece10"}
	{Matrix34
		0.906308	-0.422618	0
		0.422618	0.906308	0
		0	0	1
		-0.78087	-0.849601	0
	}
}
{Volume "piece11"
	{Box 18.8831 13.6666 1.9685}
	{Bone "piece11"}
	{Matrix34
		0.939693	-0.34202	0
		0.34202	0.939693	0
		0	0	1
		0.422058	0.918771	0
	}
}
{Volume "piece12"
	{Box 13.2387 9.55341 1.9685}
	{Bone "piece12"}
	{Matrix34
		0.906308	-0.422618	0
		0.422618	0.906308	0
		0	0	1
		-0.780853	-0.84964	0
	}
}
{Volume "piece13"
	{Box 11.9271 9.9752 1.9685}
	{Bone "piece13"}
	{Matrix34
		0.965926	0.258819	0
		-0.258819	0.965926	0
		0	0	1
		-0.0875869	0.0883054	0
	}
}
{Volume "piece1"
	{Box 10.5337 20.3634 9.84253}
	{Bone "piece1"}
	{Matrix34
		0.930738	-0.365686	0
		0.365686	0.930738	0
		0	0	1
		0.367641	-0.154563	0
	}
}
{Volume "piece2"
	{Box 16.8017 14.1433 9.84253}
	{Bone "piece2"}
	{Position -2.09982	0.948645	0}
}
{Volume "piece3"
	{Box 19.7532 27.361 9.84253}
	{Bone "piece3"}
	{Matrix34
		0.984808	0.173648	0
		-0.173648	0.984808	0
		0	0	1
		0	0	0
	}
}
{Volume "piece4"
	{Box 19.2087 28.5378 9.84253}
	{Bone "piece4"}
	{Matrix34
		0.978182	-0.207748	0
		0.207748	0.978182	0
		0	0	1
		0	0	1.42398e-005
	}
}
{Volume "piece5"
	{Box 22.95 24.6533 9.84253}
	{Bone "piece5"}
	{Matrix34
		0.658534	0.752551	0
		-0.752551	0.658534	0
		0	0	1
		0	0	1.8197e-005
	}
}
{Volume "piece6"
	{Box 13.4757 9.93605 9.84253}
	{Bone "piece6"}
	{Matrix34
		0.995969	0.0897013	0
		-0.0897013	0.995969	0
		0	0	1
		-0.115826	0.717637	0
	}
}
{Volume "piece7"
	{Box 15.3133 9.02239 9.84253}
	{Bone "piece7"}
	{Matrix34
		0.986338	0.164733	0
		-0.164733	0.986338	0
		0	0	1
		-0.152926	0.954581	0
	}
}
{Volume "piece8"
	{Box 18.8365 16.9926 9.84252}
	{Bone "piece8"}
	{Matrix34
		0.984808	0.173648	0
		-0.173648	0.984808	0
		0	0	1
		-1.89951	0.853851	0
	}
}
{Volume "piece9"
	{Box 13.0163 10.1645 9.84252}
	{Bone "piece9"}
	{Matrix34
		0.996195	0.0871558	0
		-0.0871558	0.996195	0
		0	0	1
		0.0875139	0.513055	0
	}
}
