;Exported by: golanov
;Date:        Mon Jan 23 19:37:30 2006
;File:        D:\-Projects-\-3DWork-\Constructions\house_euro_114corner\house_euro_114c_x.max
{Skeleton
	{bone "114c_roof1_x"
		{Orientation
			1	0	0
			0	-1	0
			0	0	1
		}
		{bone "piece0"
			{Matrix34
				0	-1	0
				0	0	1
				-1	0	0
				-61.1609	29.5022	53.395
			}
			{VolumeView "piece0.ply"}
			{bone "sub_piece0"
				{Position 0	-14.6563	0}
				{VolumeView "sub_piece0.ply"}
			}
		}
		{bone "piece1"
			{Matrix34
				0	-1	0
				0	0	1
				-1	0	0
				-61.1609	-2.32779	2.18149
			}
			{VolumeView "piece1.ply"}
			{bone "sub_piece1"
				{Position 5.19874	-2.33242	-16.0353}
				{VolumeView "sub_piece1.ply"}
			}
		}
		{bone "piece2"
			{Matrix34
				0	-1	0
				0	0	1
				-1	0	0
				-61.1609	36.4891	7.30374
			}
			{VolumeView "piece2.ply"}
			{bone "sub_piece2"
				{Position -13.6242	3.80293	-17.0392}
				{VolumeView "sub_piece2.ply"}
			}
		}
		{bone "piece3"
			{Matrix34
				0	-1	0
				0	0	1
				-1	0	0
				-61.1609	-32.4625	-42.0703
			}
			{VolumeView "piece3.ply"}
			{bone "sub_piece3"
				{Position 8.12806	0.52391	-20.0343}
				{VolumeView "sub_piece3.ply"}
			}
		}
		{bone "piece4"
			{Matrix34
				0	-1	0
				0	0	1
				-1	0	0
				4.33259	-24.483	-21.3497
			}
			{VolumeView "piece4.ply"}
			{bone "sub_piece4"
				{Position 14.6683	0.648019	0.572601}
				{VolumeView "sub_piece4.ply"}
			}
		}
		{bone "sub_piece5"
			{Matrix34
				0	-1	0
				0	0	1
				-1	0	0
				-61.1609	25.1663	-25.4769
			}
			{VolumeView "sub_piece5.ply"}
		}
	}
}
{Volume "piece0"
	{Box 31.4961 15.3543 9.84252}
	{Bone "piece0"}
	{Position 0	1.24654	0}
}
{Volume "piece1"
	{Box 19.9423 19.4604 9.84252}
	{Bone "piece1"}
	{Position -2.77046	1.05578e-005	0}
}
{Volume "piece2"
	{Box 29.0789 20.5436 9.84252}
	{Bone "piece2"}
	{Matrix34
		0.98699	-0.160782	0
		0.160782	0.98699	0
		0	0	1
		-2.29435	0.119636	0
	}
}
{Volume "piece3"
	{Box 34.2381 15.003 9.84252}
	{Bone "piece3"}
	{Matrix34
		0.991914	-0.126909	0
		0.126909	0.991914	0
		0	0	1
		-3.08374	0.765192	0
	}
}
{Volume "piece4"
	{Box 21.3484 26.7042 2.8703}
	{Bone "piece4"}
	{Position 1.20377	1.52308	0}
}
{Volume "sub_piece0"
	{Box 31.4961 15.3543 9.84252}
	{Bone "sub_piece0"}
	{Position 0	-0.36016	-1.45233e-005}
}
{Volume "sub_piece1"
	{Box 0.19685 22.1939 18.1401}
	{Bone "sub_piece1"}
	{Matrix34
		0.783492	0.621402	0
		0.621402	-0.783492	0
		0	0	-1
		0.955555	-0.911634	0.8293
	}
}
{Volume "sub_piece2"
	{Box 0.19685 17.8025 21.5411}
	{Bone "sub_piece2"}
	{Matrix34
		0.983651	0	0.180083
		-0.0419937	0.972431	0.229378
		-0.175119	-0.233191	0.956533
		0.090906	0.344772	-0.549974
	}
}
{Volume "sub_piece3"
	{Box 0.19685 24.4898 23.7636}
	{Bone "sub_piece3"}
	{Matrix34
		0.783492	0.621402	0
		-0.621402	0.783492	0
		0	0	1
		-0.789856	0.995887	2.18489
	}
}
{Volume "sub_piece4"
	{Box 0.19685 21.7328 8.12578}
	{Bone "sub_piece4"}
	{Matrix34
		0.736272	0	0.676686
		0	1	0
		-0.676686	0	0.736272
		-0.00278944	0	0.00302332
	}
}
{Volume "sub_piece5"
	{Box 18.5909 32.7559 9.84252}
	{Bone "sub_piece5"}
	{Matrix34
		0.992186	0.124767	0
		-0.124767	0.992186	0
		0	0	1
		-0.00587055	0.458059	0
	}
}
