;Exported by: garry
;Date:        Mon Dec 04 11:55:27 2006
;File:        D:\-Projects-\-3DWork-\Model\Пушки\37mm 61K\61K_xx.max
{Skeleton
	{bone "basis"
		{parameters "WheelRadius=0.3;"}
		{Orientation
			1	0	0
			0	-1	0
			0	0	1
		}
		{bone "body"
			{parameters "ID=body;"}
			{Matrix34
				0.999972	-0.00414505	0.00618638
				-0.00665363	-0.124285	0.992224
				-0.00334395	-0.992238	-0.124309
				-0.114042	-0.153845	1.37555
			}
			{VolumeView "body.ply"}
			{bone revolute "turret"
				{parameters "ID=turret;"}
				{Matrix34
					0.93472	-0.106972	0.338904
					0.334042	-0.0610518	-0.940579
					0.121306	0.992386	-0.0213333
					2.55203	3.13633	2.08299
				}
				{VolumeView "turret.ply"}
				{bone revolute "gun_rot"
					{parameters "ID=gun;"}
					{Matrix34
						0.960555	0.0396289	-0.275253
						0.249516	0.314215	0.915976
						0.122788	-0.948525	0.291932
						-1.00028	0.926182	17.0567
					}
					{VolumeView "gun_rot.ply"}
					{bone "gun"
						{parameters "ID=gun;"}
						{Matrix34
							0.981064	-0.0265607	-0.191856
							0.0281084	0.999591	0.00534998
							0.191635	-0.0106414	0.981409
							21.9148	0.0399288	0.573178
						}
						{VolumeView "gun.ply"}
					}
				}
			}
			{bone "standl"
				{parameters "ID=body;"}
				{Matrix34
					0.999735	0.00537544	0.0224009
					0.00258037	0.940146	-0.340763
					-0.0228919	0.34073	0.939882
					-0.0594521	1.66738	13.3029
				}
				{VolumeView "standl.ply"}
			}
			{bone "part1"
				{Matrix34
					1	0	0
					0	1	0
					0	0	-1
					-0.0594508	1.66738	-26.1867
				}
				{VolumeView "part1.ply"}
			}
			{bone "part2"
				{Position -35.4518	4.16486	-0.531862}
				{VolumeView "part2.ply"}
			}
			{bone "part3"
				{Matrix34
					0.93472	-0.106972	0.338904
					0.334042	-0.0610518	-0.940579
					0.121306	0.992386	-0.0213333
					11.4733	13.7576	-9.45047
				}
				{VolumeView "part3.ply"}
			}
			{bone "part4"
				{Matrix34
					0.93472	-0.106972	0.338904
					0.334042	-0.0610518	-0.940579
					0.121306	0.992386	-0.0213333
					1.69181	9.44478	1.0592
				}
				{VolumeView "part4.ply"}
			}
		}
		{bone "pivot_back"
			{parameters "ID=body;"}
			{Matrix34
				1	0	0
				0	-0.182576	0.983192
				0	-0.983192	-0.182576
				30.1065	-0.0284353	5.74155
			}
			{VolumeView "pivot_back.ply"}
			{bone "spring_r"
				{parameters "ID=body;"}
				{Matrix34
					0.819152	-0.573529	0.00737804
					0.573576	0.819084	-0.010537
					0	-0.0128633	-0.999917
					-0.0698643	0.0788192	-8.74643
				}
				{VolumeView "spring_r.ply"}
				{bone revolute "wheelr2"
					{parameters "ID=wheelleft1;"}
					{Matrix34
						0.500001	-0.866025	0
						-0.866025	-0.500001	0
						0	0	-1
						3.51777	0.332489	4.96346
					}
					{VolumeView "wheelr2.ply"}
				}
			}
			{bone "spring_l"
				{parameters "ID=body;"}
				{Matrix34
					0.819152	-0.519315	0.24352
					0.573576	0.741659	-0.347783
					0	0.424564	0.905398
					-0.0698643	0.0788194	8.78639
				}
				{VolumeView "spring_l.ply"}
				{bone revolute "wheell2"
					{parameters "ID=wheelleft1;"}
					{Matrix34
						0.642787	-0.766045	0
						0.766045	0.642787	0
						0	0	-1
						3.51777	0.332492	4.84309
					}
					{VolumeView "wheell2.ply"}
				}
			}
		}
		{bone "pivot_front"
			{parameters "ID=body;"}
			{Matrix34
				1	0	0
				0	-0.192831	0.981232
				0	-0.981232	-0.192831
				-28.8199	-0.0284348	5.06551
			}
			{VolumeView "pivot_front.ply"}
			{bone "steer_l"
				{parameters "ID=body;"}
				{Matrix34
					0.383897	-0.589838	0.710432
					-0.922149	-0.284546	0.262058
					-0.0475784	0.755728	0.653155
					-0.00552177	0.0400461	8.63542
				}
				{VolumeView "steer_l.ply"}
				{bone revolute "wheell1"
					{parameters "ID=wheelleft1;"}
					{Matrix34
						0.573577	-0.819152	0
						-0.819152	-0.573577	0
						0	0	-1
						3.31405	0.502426	4.99406
					}
					{VolumeView "wheell1.ply"}
				}
			}
			{bone "steer_r"
				{parameters "ID=body;"}
				{Matrix34
					-0.109986	-0.377906	0.919288
					-0.993336	0.00973153	-0.114845
					0.0344545	-0.925793	-0.376458
					0.685265	1.05506	-8.9459
				}
				{VolumeView "steer_r.ply"}
				{bone revolute "wheelr1"
					{parameters "ID=wheelleft1;"}
					{Matrix34
						0.707106	-0.707107	0
						0.707107	0.707106	0
						0	0	-1
						3.33171	0.517244	4.96346
					}
					{VolumeView "wheelr1.ply"}
				}
			}
		}
	}
}
{Volume "body1"
	{Box 74.5768 6.63146 8.80571}
	{Bone "body"}
	{Matrix34
		1	0	0
		0	0	-1
		0	1	0
		-1.23027	-0.308506	-0.464514
	}
}
{Volume "body2"
	{Box 32.068 6.63146 8.80571}
	{Bone "body"}
	{Matrix34
		0	0	1
		1	0	0
		0	1	0
		-0.24898	-0.308507	-0.464514
	}
}
{Volume "gun"
	{Cylinder 2.81369 49.9492}
	{Bone "gun"}
	{Matrix34
		0	0	-1
		0	1	0
		1	0	0
		-4.60644	-0.0237849	-0.00553491
	}
}
{Volume "part1"
	{Box 3.72576 23.865 6.54526}
	{Bone "part1"}
	{Matrix34
		0.999972	-0.00665337	0.00334405
		-0.00331419	0.00449373	0.999984
		0.0066683	0.999968	-0.0044716
		-0.0987443	0.328505	-0.498434
	}
}
{Volume "part2"
	{Cylinder 2.28294 11.4552}
	{Bone "part2"}
	{Matrix34
		0.982801	-0.18415	-0.0138184
		-0.00797768	0.0324206	-0.999442
		0.184496	0.982363	0.030394
		0.609487	0.247202	0.290724
	}
}
{Volume "part3"
	{Cylinder 1.89191 10.0525}
	{Bone "part3"}
	{Matrix34
		0.967771	0.249425	-0.0347259
		-0.241631	0.880859	-0.407064
		-0.0709432	0.402336	0.912739
		-0.023955	0.318423	-0.215515
	}
}
{Volume "part4"
	{Box 26.2817 2.6181 1.6192}
	{Bone "part4"}
	{Matrix34
		0.998731	0.00412922	-0.0501912
		-0.0103869	0.992093	-0.125073
		0.0492779	0.125435	0.990877
		0.380741	-0.1141	-2.25608
	}
}
{Volume "turret"
	{Box 19.5873 9.89283 13.9936}
	{Bone "turret"}
	{Position -0.692143	0.611312	6.8106}
}
{Volume "wheell1"
	{Cylinder 5.90551 3.98013}
	{Bone "wheell1"}
	{Matrix34
		-0.0871554	-0.996195	0
		-0.996195	0.0871554	0
		0	0	1
		-0.00505267	-0.0577918	-2.61289
	}
}
{Volume "wheell2"
	{Cylinder 5.90551 3.98013}
	{Bone "wheell2"}
	{Matrix34
		-0.0871553	-0.996195	0
		-0.996195	0.0871554	0
		0	0	1
		0	0	-2.61289
	}
}
{Volume "wheelr1"
	{Cylinder 5.90551 3.98013}
	{Bone "wheelr1"}
	{Matrix34
		0.0871549	0.996195	0
		-0.996195	0.0871545	0
		0	0	-1
		0.00505956	0.0578006	-2.42023
	}
}
{Volume "wheelr2"
	{Cylinder 5.90551 3.98013}
	{Bone "wheelr2"}
	{Matrix34
		0.0871549	0.996195	0
		-0.996195	0.0871547	0
		0	0	-1
		0	0	-2.42023
	}
}
