;Exported by: Ekaterina
;Date:        Fri Apr 11 18:09:28 2008
;File:        D:\-Project-\-3DWork-\africa\algere_storage21.max
{Skeleton
	{bone "d_build2_w4"
		{Orientation
			1	0	0
			0	-1	0
			0	0	1
		}
		{VolumeView "d_build2_w4.ply"}
		{bone "exterior"
			{Position 8.49109	-3.67442	76.8899}
			{VolumeView "exterior.ply"}
		}
	}
}
{Obstacle "body01"
	{Obb2
		{Center -28.451 -21.9357}
		{Extent 3.75675 33.9388}
		{Axis 1 0}
	}
	{Rotate}
	{Tags  "body"}
}
{Obstacle "door"
	{Obb2
		{Center -40.9865 17.3611}
		{Extent 1.18572 15.6205}
		{Axis 0.43888 0.898546}
	}
	{Rotate}
	{Tags  "body" "fire"}
}
{Area "interior"
	{Obb2
		{Center 5.81958 1.48318}
		{Extent 29.2331 36.7379}
		{Axis -1 1.18259e-007}
	}
	{Rotate}
}
{Volume "body01"
	{Box 7.5135 67.8775 23.3663}
	{Bone "d_build2_w4"}
	{Position -28.451	21.9357	1.84065}
}
{Volume "body02"
	{Box 8.17566 60.0447 27.806}
	{Bone "d_build2_w4"}
	{Position -28.451	17.5846	27.6559}
}
{Volume "body03"
	{Box 7.88104 71.3128 27.5723}
	{Bone "d_build2_w4"}
	{Position -28.451	21.9357	51.6841}
}
{Volume "body05"
	{Box 7.25199 53.683 24.2226}
	{Bone "d_build2_w4"}
	{Position -28.5499	15.25	70.8225}
}
{Volume "body06"
	{Box 17.1867 31.553 2.9008}
	{Bone "d_build2_w4"}
	{Position -40.4529	-21.4106	63.8875}
}
{Volume "body07"
	{Box 7.25199 30.7539 24.2226}
	{Bone "d_build2_w4"}
	{Position -28.5499	-25.2489	70.8225}
}
{Volume "door"
	{Box 31.2283 2.1802 59.288}
	{Bone "d_build2_w4"}
	{Matrix34
		0.901217	0.433368	0
		-0.433368	0.901217	0
		0	0	1
		-40.9865	-17.3611	29.8825
	}
}
{Volume "roof01"
	{Box 75.7395 34.3953 4.82652}
	{Bone "exterior"}
	{Matrix34
		0	-0.999981	0.00587651
		0.990835	-0.000793996	-0.135084
		0.135087	0.00582261	0.990818
		-27.9032	2.13409	3.00251
	}
}
{Volume "roof02"
	{Box 62.1064 38.1508 4.82652}
	{Bone "exterior"}
	{Matrix34
		0	-0.999981	0.00587651
		0.990835	-0.000793996	-0.135084
		0.135087	0.00582261	0.990818
		6.93948	-2.28846	-1.63116
	}
}
