;Exported by: sana
;Date:        Thu Mar 22 14:28:32 2007
;File:        D:\-Project-\-3DWork-\Entourage\SelSovet\SelSovet_cut2_x.max
{Skeleton
	{bone "sels_wall2_5_x"
		{Orientation
			1	0	0
			0	-1	0
			0	0	1
		}
		{bone "piece01"
			{Position 13.9187	-1.20331	13.3065}
			{VolumeView "piece01.ply"}
			{bone "sub_piece01"
				{Position 7.05069	0.0124207	-6.04674}
				{VolumeView "sub_piece01.ply"}
			}
		}
		{bone "piece02"
			{Position -11.2044	-1.14651	1.04297}
			{VolumeView "piece02.ply"}
			{bone "sub_piece02"
				{Position 11.6611	-0.0150757	-1.81942}
				{VolumeView "sub_piece02.ply"}
			}
		}
		{bone "piece03"
			{Position 3.44142	-14.4755	28.6159}
			{VolumeView "piece03.ply"}
		}
		{bone "piece04"
			{Position -7.21269	-34.0931	40.3652}
			{VolumeView "piece04.ply"}
		}
	}
}
{Volume "piece01"
	{Box 18.3325 4.5834 12.0032}
	{Bone "piece01"}
	{Position 0	3.05176e-005	0.524698}
}
{Volume "piece02"
	{Box 15.0158 4.46985 20.4434}
	{Bone "piece02"}
	{Matrix34
		0.958431	0	-0.285323
		0	1	0
		0.285323	0	0.958431
		1.12838	0	0.678241
	}
}
{Volume "piece03"
	{Box 38.0583 29.387 2.2491}
	{Bone "piece03"}
	{Matrix34
		1	0	0
		0	0.867941	-0.496667
		0	0.496667	0.867941
		1.95107	0.772997	0.336693
	}
}
{Volume "piece04"
	{Box 33.6807 18.4713 2.61238}
	{Bone "piece04"}
	{Matrix34
		1	0	0
		0	0.877784	-0.479056
		0	0.479056	0.877784
		1.34995	-1.53221	0.552472
	}
}
{Volume "sub_piece01"
	{Box 12.5674 4.55859 8.40903}
	{Bone "sub_piece01"}
	{Matrix34
		0.954642	0	0.297756
		0	1	0
		-0.297756	0	0.954642
		-0.521774	0	-0.782394
	}
}
{Volume "sub_piece02"
	{Box 7.91472 4.5 13.1235}
	{Bone "sub_piece02"}
	{Matrix34
		0.973667	0	-0.227973
		0	1	0
		0.227973	0	0.973667
		0.474493	0	-0.139555
	}
}
