;Exported by: shevchenko
;Date:        Mon Jul 11 15:28:59 2005
;File:        D:\-Projects1_5-\-3DWork-\house_euro_117_v_fix.max
{Skeleton
	{bone "117_f3w1"
		{Orientation
			1	0	0
			0	-1	0
			0	0	1
		}
		{VolumeView "117_f3w1.ply"}
		{bone "window1"
			{Matrix34
				0	1	0
				0	0	1
				1	0	0
				-0.65517	37.7554	-1.19011
			}
			{VolumeView "window1.ply"}
		}
		{bone "window1_x"
			{Matrix34
				0	1	0
				0	0	1
				1	0	0
				-0.65517	37.2633	-1.19011
			}
			{visibility 0}
			{VolumeView "window1_x.ply"}
		}
		{bone "fix18"
			{Position 32.6221	37.7554	-33.1921}
		}
		{bone "fix19"
			{Position -29.2843	37.7554	-33.1921}
		}
	}
}
{Volume "roof3"
	{Box 1.9685 37.0276 21.7763}
	{Bone "117_f3w1"}
	{Matrix34
		-0.798091	0	-0.602538
		0	-1	0
		-0.602538	0	0.798091
		5.84363	23.0877	28.885
	}
}
{Volume "roof2"
	{Box 1.9685 26.7047 55.8366}
	{Bone "117_f3w1"}
	{Matrix34
		-0.798091	0	-0.602538
		0	-1	0
		-0.602538	0	0.798091
		29.1376	28.3425	-1.96897
	}
}
{Volume "roof1"
	{Box 1.9685 59.0551 74.4488}
	{Bone "117_f3w1"}
	{Matrix34
		0.798091	0	-0.602538
		0	1	0
		0.602538	0	0.798091
		-22.8377	12.1649	7.84904
	}
}
{Volume "hole1"
	{Box 7.87402 19.685 17.7166}
	{Bone "117_f3w1"}
	{Position -0.655174	37.2633	-1.19012}
}
{Volume "body1"
	{Polyhedron "body1.vol"}
	{Bone "117_f3w1"}
	{Position -0.655174	37.7554	-29.7334}
}
{Volume "window1"
	{Box 7.87402 1.9685 17.7166}
	{Bone "window1"}
	{Matrix34
		0	0	1
		1	0	0
		0	1	0
		-0.492128	0	0
	}
}
