;Exported by: sk
;Date:        Fri Feb 24 15:29:42 2006
;File:        D:\-Projects1_5-\-3DWork-\City_Du\Bahnhof_house\BB_x.max
{Skeleton
	{bone "roof_center4_x"
		{Orientation
			1	0	0
			0	-1	0
			0	0	1
		}
		{bone "piece1"
			{Position -62.7021	45.4175	-18.7771}
			{VolumeView "piece1.ply"}
		}
		{bone "piece2"
			{Position 56.3006	-10.4916	0}
			{VolumeView "piece2.ply"}
		}
		{bone "piece3"
			{Position 56.7845	17.1797	16.1437}
			{VolumeView "piece3.ply"}
		}
		{bone "piece4"
			{Position -57.5963	-3.51296	-16.365}
			{VolumeView "piece4.ply"}
		}
		{bone "piece5"
			{Position 45.2069	50.3733	11.8865}
			{VolumeView "piece5.ply"}
		}
		{bone "piece6"
			{Position -18.5801	47.5205	-6.2453}
			{VolumeView "piece6.ply"}
		}
		{bone "piece7"
			{Position 16.3907	-19.6941	-8.81137}
			{VolumeView "piece7.ply"}
		}
		{bone "piece8"
			{Position -4.30121	3.66887	-26.2774}
			{VolumeView "piece8.ply"}
		}
		{bone "piece9"
			{Position 82.4838	17.6075	3.21172}
			{VolumeView "piece9.ply"}
		}
		{bone "piece10"
			{Position 41.3033	3.66887	-26.2774}
			{VolumeView "piece10.ply"}
		}
		{bone "piece11"
			{Position -4.00137	7.07813	-1.14233}
			{VolumeView "piece11.ply"}
		}
	}
}
{Volume "piece10"
	{Box 2.95276 80.8865 2.95276}
	{Bone "piece10"}
}
{Volume "piece11"
	{Box 65.2558 51.7668 2.42866}
	{Bone "piece11"}
	{Matrix34
		0.96118	0	0.275921
		0	1	0
		-0.275921	0	0.96118
		0.202817	0	-0.706495
	}
}
{Volume "piece1"
	{Box 48.6123 39.675 3.93036}
	{Bone "piece1"}
	{Matrix34
		0.966037	0	0.258405
		0	1	0
		-0.258405	0	0.966037
		-0.220312	0	0.823627
	}
}
{Volume "piece2"
	{Box 62.1165 51.8625 2.752}
	{Bone "piece2"}
	{Matrix34
		1	0	0
		0	0.716151	0.697946
		0	-0.697946	0.716151
		0	-0.379545	0.389444
	}
}
{Volume "piece3"
	{Box 61.1487 38.4863 2.98649}
	{Bone "piece3"}
	{Matrix34
		0.960281	0	0.279036
		0	1	0
		-0.279036	0	0.960281
		0.135187	0	-0.465207
	}
}
{Volume "piece4"
	{Box 59.5253 65.8197 3.25374}
	{Bone "piece4"}
	{Matrix34
		0.962131	0	0.272586
		0	1	0
		-0.272586	0	0.962131
		-0.0226252	0	-0.449634
	}
}
{Volume "piece5"
	{Box 85.0053 39.3993 2.43459}
	{Bone "piece5"}
	{Matrix34
		0.961717	0	0.274045
		0	1	0
		-0.274045	0	0.961717
		0.115141	0	0.399424
	}
}
{Volume "piece6"
	{Box 46.9934 38.7707 3.24473}
	{Bone "piece6"}
	{Matrix34
		0.967202	0	0.254009
		0	1	0
		-0.254009	0	0.967202
		-0.106759	0	0.406509
	}
}
{Volume "piece7"
	{Box 77.0776 33.4575 1.93394}
	{Bone "piece7"}
	{Matrix34
		1	0	0
		0	0.6949	0.719106
		0	-0.719106	0.6949
		0	0.0743967	-0.0718995
	}
}
{Volume "piece8"
	{Box 2.95275 80.8865 2.95276}
	{Bone "piece8"}
	{Position 0	0	0}
}
{Volume "piece9"
	{Box 2.95276 2.95277 38.0851}
	{Bone "piece9"}
}
