;Exported by: sana
;Date:        Fri Apr 20 13:20:34 2007
;File:        D:\-Project-\-3DWork-\Entourage\School_Ru\School_ru_cut3a_x.max
{Skeleton
	{bone "school_ru_wall1_20_x"
		{Orientation
			1	0	0
			0	-1	0
			0	0	1
		}
		{bone "piece01"
			{Position 14.1508	-2.58293	7.32547}
			{VolumeView "piece01.ply"}
			{bone "sub_piece01"
				{Position 0	2.11487	-7.31781}
				{VolumeView "sub_piece01.ply"}
			}
		}
		{bone "piece02"
			{Position 14.1508	-1.93475	-13.9051}
			{VolumeView "piece02.ply"}
		}
		{bone "piece03"
			{Position 14.1508	12.6182	-9.26572}
			{VolumeView "piece03.ply"}
			{bone "sub_piece03"
				{Position 0	-1.94064	8.8461}
				{VolumeView "sub_piece03.ply"}
			}
		}
		{bone "piece04"
			{Position 7.35632	18.2892	10.3674}
			{VolumeView "piece04.ply"}
			{bone "sub_piece04"
				{Position -1.87445	0	-8.54787}
				{VolumeView "sub_piece04.ply"}
			}
		}
		{bone "piece05"
			{Position -9.8952	18.2892	-13.5672}
			{VolumeView "piece05.ply"}
			{bone "sub_piece05"
				{Position 10.4611	0	1.51839}
				{VolumeView "sub_piece05.ply"}
			}
		}
	}
}
{Volume "piece01"
	{Box 3.50085 12.7052 11.3284}
	{Bone "piece01"}
	{Position 0	0	-0.629356}
}
{Volume "piece02"
	{Box 3.50089 12.0226 7.68803}
	{Bone "piece02"}
	{Matrix34
		1	0	0
		0	0.985607	0.16905
		0	-0.16905	0.985607
		0	-0.143361	0.5247
	}
}
{Volume "piece03"
	{Box 3.50085 7.82187 12.0484}
	{Bone "piece03"}
	{Position 0	0	-0.0374556}
}
{Volume "piece04"
	{Box 11.1406 4.19434 10.7384}
	{Bone "piece04"}
	{Position 0	0	-0.326141}
}
{Volume "piece05"
	{Box 17.297 4.19437 11.5698}
	{Bone "piece05"}
	{Position 0	0	0.638383}
}
{Volume "sub_piece01"
	{Box 3.50085 9.55849 5.57757}
	{Bone "sub_piece01"}
	{Matrix34
		1	0	0
		0	0.972905	0.231204
		0	-0.231204	0.972905
		0	-0.103455	-0.895134
	}
}
{Volume "sub_piece03"
	{Box 3.50085 5.93086 9.38811}
	{Bone "sub_piece03"}
	{Matrix34
		1	0	0
		0	0.897899	-0.440201
		0	0.440201	0.897899
		0	0.443045	-0.720758
	}
}
{Volume "sub_piece04"
	{Box 7.39178 4.19434 7.41313}
	{Bone "sub_piece04"}
}
{Volume "sub_piece05"
	{Box 10.1183 4.19435 8.29171}
	{Bone "sub_piece05"}
	{Position 0	0	0.636902}
}
