;Exported by: dima
;Date:        Mon Mar 17 10:59:42 2008
;File:        D:\Попов Дмитрий\Домик\house 102\Tobruck\house_n4_af.max
{Skeleton
	{bone "house_n4_c1"
		{Orientation
			1	0	0
			0	-1	0
			0	0	1
		}
		{VolumeView "house_n4_c1.ply"}
		{bone "window1"
			{Matrix34
				0	-1	0
				1	0	0
				0	0	1
				7.50851	-10.9999	33.1303
			}
			{VolumeView "window1.ply"}
		}
		{bone "window1_x"
			{Matrix34
				0	-1	0
				1	0	0
				0	0	1
				7.50851	-10.9999	33.1303
			}
			{visibility 0}
			{VolumeView "window1_x.ply"}
		}
		{bone "attach1"
			{Matrix34
				0	-1	0
				1	0	0
				0	0	1
				7.89307	1.22081	0
			}
		}
	}
}
{Obstacle "abstacl01"
	{Obb2
		{Center 6.21603 10.6463}
		{Extent 5.19992 20.8534}
		{Axis 1.83402e-007 1}
	}
	{Rotate}
}
{Obstacle "abstacl02"
	{Obb2
		{Center -10.4851 -5.57433}
		{Extent 5.19992 11.3213}
		{Axis 1 -3.66803e-007}
	}
	{Rotate}
}
{Volume "body10"
	{Box 6.5139 14.0221 23.0568}
	{Bone "house_n4_c1"}
	{Matrix34
		0	1	0
		-1	0	0
		0	0	1
		8.06162	-10.9661	11.5284
	}
}
{Volume "body11"
	{Box 6.5139 14.0221 17.0621}
	{Bone "house_n4_c1"}
	{Matrix34
		0	1	0
		-1	0	0
		0	0	1
		8.06162	-10.9661	52.1776
	}
}
{Volume "body1"
	{Box 6.5139 15.0516 58.8125}
	{Bone "house_n4_c1"}
	{Matrix34
		0	1	0
		-1	0	0
		0	0	1
		-6.56975	-10.9661	29.4062
	}
}
{Volume "body2"
	{Box 6.5139 4.63128 14.7031}
	{Bone "house_n4_c1"}
	{Matrix34
		0	0.573577	0.819152
		-1	0	0
		0	-0.819152	0.573577
		-6.45754	-18.3648	53.5958
	}
}
{Volume "body3"
	{Box 6.5139 4.63128 14.7031}
	{Bone "house_n4_c1"}
	{Matrix34
		0	0.573577	0.819152
		-1	0	0
		0	-0.819152	0.573577
		6.37875	-18.3648	53.5958
	}
}
{Volume "body4"
	{Box 6.5139 4.63128 14.7031}
	{Bone "house_n4_c1"}
	{Matrix34
		0	0.573577	0.819152
		-1	0	0
		0	-0.819152	0.573577
		15.8282	-18.3648	53.5958
	}
}
{Volume "body5"
	{Box 3.8432 5.97435 39.2573}
	{Bone "house_n4_c1"}
	{Matrix34
		0.0134338	0	0.99991
		0	1	0
		-0.99991	0	0.0134338
		4.58489	-32.2727	58.0709
	}
}
{Volume "body6"
	{Box 5.99805 29.7174 24.7012}
	{Bone "house_n4_c1"}
	{Matrix34
		0	0	1
		-1	0	0
		0	-1	0
		0.765229	-19.7074	62.5201
	}
}
{Volume "body7"
	{Box 6.5139 11.3929 58.8125}
	{Bone "house_n4_c1"}
	{Position -11.0922	-2.14163	29.4062}
}
{Volume "body8"
	{Box 6.5139 9.5739 26.8126}
	{Bone "house_n4_c1"}
	{Position -11.0922	8.73461	13.4063}
}
{Volume "body9"
	{Box 6.5139 10.2351 58.8125}
	{Bone "house_n4_c1"}
	{Matrix34
		0	1	0
		-1	0	0
		0	0	1
		20.1703	-10.9661	29.4062
	}
}
{Volume "hole1"
	{Box 10.1609 14.3219 20.6623}
	{Bone "house_n4_c1"}
	{Matrix34
		0	1	0
		-1	0	0
		0	0	1
		7.96975	-11.4551	33.3481
	}
}
{Volume "window1"
	{Box 13.0499 11.9132 18.9035}
	{Bone "window1"}
	{Matrix34
		-1	0	0
		0	-1	0
		0	0	1
		0.258705	0.37429	0.045764
	}
}
