;Exported by: butyvsky
;Date:        Wed Jan 04 13:06:05 2006
;File:        D:\-Projects-\-3D Work-\entourage\barrels.max
{Skeleton
	{bone "barrels2_x"
		{Orientation
			1	0	0
			0	-1	0
			0	0	1
		}
		{bone "piece12"
			{Matrix34
				0.996195	0.0871557	0
				-0.0871557	0.996195	0
				0	0	1
				-27.8364	17.7197	8.30434
			}
			{VolumeView "piece12.ply"}
		}
		{bone "piece7"
			{Matrix34
				0.766045	-0.642787	0
				0.642787	0.766045	0
				0	0	1
				-10.3598	14.4817	12.3031
			}
			{VolumeView "piece7.ply"}
		}
		{bone "piece9"
			{Matrix34
				0.996195	-0.0871557	0
				0.0871557	0.996195	0
				0	0	1
				21.2628	12.929	12.4993
			}
			{VolumeView "piece9.ply"}
		}
		{bone "piece8"
			{Position 11.0354	9.69334	36.966}
			{VolumeView "piece8.ply"}
		}
		{bone "piece11"
			{Matrix34
				-0.5	-0.866025	0
				0.866025	-0.5	0
				0	0	1
				17.0526	-12.7387	12.3432
			}
			{VolumeView "piece11.ply"}
		}
		{bone "piece10"
			{Matrix34
				0.173648	-0.984808	0
				0.984808	0.173648	0
				0	0	1
				17.5841	-4.70758	37.4165
			}
			{VolumeView "piece10.ply"}
		}
		{bone "piece5"
			{Position 0.529388	-5.86258	36.5727}
			{VolumeView "piece5.ply"}
		}
		{bone "piece6"
			{Matrix34
				0.819152	-0.573576	0
				0.573576	0.819152	0
				0	0	1
				-4.06989	9.72272	37.0599
			}
			{VolumeView "piece6.ply"}
		}
		{bone "piece3"
			{Matrix34
				0.819152	0.573577	0
				-0.573577	0.819152	0
				0	0	1
				-14.9604	-18.9101	12.3031
			}
			{VolumeView "piece3.ply"}
		}
		{bone "piece2"
			{Matrix34
				0.648258	0.761421	0
				-0.761421	0.648258	0
				0	0	1
				-31.018	-29.4117	7.94159
			}
			{VolumeView "piece2.ply"}
		}
		{bone "piece1"
			{Position -28.7312	-7.52208	12.3864}
			{VolumeView "piece1.ply"}
		}
		{bone "piece4"
			{Matrix34
				0.906308	-0.422618	0
				0.422618	0.906308	0
				0	0	1
				-15.4857	-6.228	36.9263
			}
			{VolumeView "piece4.ply"}
		}
		{bone "fx_stone1"
			{Position -5.2547	0.596039	17.7605}
		}
		{bone "fx_dust1"
			{Position 2.90092	-6.24916	16.0197}
		}
	}
}
{Volume "piece10"
	{Cylinder 7.29001 24.1513}
	{Bone "piece10"}
	{Matrix34
		0.173648	0.984808	0
		-0.984808	0.173648	0
		0	0	1
		0.198262	-0.226979	0.189092
	}
}
{Volume "piece11"
	{Cylinder 8.16469 24.9972}
	{Bone "piece11"}
	{Matrix34
		-0.5	0.866025	0
		-0.866025	-0.5	0
		0	0	1
		-0.196159	-0.107224	0.155382
	}
}
{Volume "piece12"
	{Cylinder 7.35659 27.6115}
	{Bone "piece12"}
	{Matrix34
		0.989528	-0.0560203	-0.133025
		0.132813	-0.00751907	0.991113
		-0.0565226	-0.998401	0
		-0.131377	-0.181424	0
	}
}
{Volume "piece1"
	{Cylinder 7.16351 24.0789}
	{Bone "piece1"}
	{Position -0.391129	0.473404	-0.346967}
}
{Volume "piece2"
	{Cylinder 8.04783 23.916}
	{Bone "piece2"}
	{Matrix34
		0.999967	0.00816688	0
		2.61634e-005	-0.00320344	-0.999995
		-0.00816705	0.999961	-0.00320355
		0.437746	0.238473	-0.219342
	}
}
{Volume "piece3"
	{Cylinder 7.82241 25.2472}
	{Bone "piece3"}
	{Matrix34
		0.819152	-0.573576	0
		0.573576	0.819152	0
		0	0	1
		0.453967	0.0516141	-0.176758
	}
}
{Volume "piece4"
	{Cylinder 8.47733 24.9972}
	{Bone "piece4"}
	{Matrix34
		0.906308	0.422618	0
		-0.422618	0.906308	0
		0	0	1
		-0.0436607	-0.094676	0.194122
	}
}
{Volume "piece5"
	{Cylinder 8.59441 24.9947}
	{Bone "piece5"}
	{Position -0.0666199	-0.0161743	0.0744038}
}
{Volume "piece6"
	{Cylinder 7.50636 24.005}
	{Bone "piece6"}
	{Matrix34
		0.819152	0.573576	0
		-0.573576	0.819152	0
		0	0	1
		-0.100828	-0.0601583	-0.336939
	}
}
{Volume "piece7"
	{Cylinder 7.73374 24.9972}
	{Bone "piece7"}
	{Matrix34
		0.766044	0.642788	0
		-0.642788	0.766044	0
		0	0	1
		-0.197873	-0.101807	0.195449
	}
}
{Volume "piece8"
	{Cylinder 7.55983 23.9098}
	{Bone "piece8"}
	{Position 0.329453	0.382034	-0.675336}
}
{Volume "piece9"
	{Cylinder 8.3075 25.142}
	{Bone "piece9"}
	{Matrix34
		0.996195	0.0871557	0
		-0.0871557	0.996195	0
		0	0	1
		-0.0464081	0.0429615	0.0717287
	}
}
