;Exported by: golanov
;Date:        Tue Feb 21 16:20:56 2006
;File:        D:\-Projects-\-3DWork-\Constructions\town_e\house_euro_106c\house_euro_106c_x.max
{Skeleton
	{bone "106_roof1_x"
		{Orientation
			1	0	0
			0	-1	0
			0	0	1
		}
		{bone "piece0"
			{Position 18.2739	37.3003	10.4561}
			{VolumeView "piece0.ply"}
		}
		{bone "sub_piece0"
			{Position 13.7303	37.3003	1.36121}
			{VolumeView "sub_piece0.ply"}
		}
		{bone "piece1"
			{Position 21.5664	37.3003	-11.7284}
			{VolumeView "piece1.ply"}
		}
		{bone "sub_piece1"
			{Position 11.5985	37.3003	-25.8253}
			{VolumeView "sub_piece1.ply"}
		}
		{bone "piece2"
			{Position -0.48642	37.3003	-13.4494}
			{VolumeView "piece2.ply"}
			{bone "sub_piece2"
				{Position -1.19023	-2.05865	3.51322}
				{VolumeView "sub_piece2.ply"}
			}
		}
		{bone "piece3"
			{Position -12.4096	22.2802	-25.8873}
			{VolumeView "piece3.ply"}
		}
		{bone "sub_piece3"
			{Position -18.6022	33.1507	-32.1922}
			{VolumeView "sub_piece3.ply"}
		}
		{bone "piece4"
			{Position -5.96158	1.29056	-1.74026}
			{VolumeView "piece4.ply"}
		}
		{bone "sub_piece4"
			{Position -12.4709	-0.734131	-18.0081}
			{VolumeView "sub_piece4.ply"}
		}
	}
}
{Volume "piece0"
	{Box 7.7668 5.90552 8.25274}
	{Bone "piece0"}
	{Position -0.677041	0	-0.269756}
}
{Volume "piece1"
	{Box 4.90561 5.90552 10.1959}
	{Bone "piece1"}
	{Position -1.18174	0	0}
}
{Volume "piece2"
	{Box 8.2902 5.90552 16.9913}
	{Bone "piece2"}
	{Matrix34
		0.906308	0	-0.422618
		0	1	0
		0.422618	0	0.906308
		2.13092	1.53775e-005	-0.993675
	}
}
{Volume "piece3"
	{Box 0.514229 8.02315 13.7128}
	{Bone "piece3"}
	{Matrix34
		0.707107	0	-0.707107
		0	1	0
		0.707107	0	0.707107
		1.28237	0	1.04542
	}
}
{Volume "piece4"
	{Box 20.6693 1.11221 15.4046}
	{Bone "piece4"}
	{Matrix34
		1	0	0
		0	0.707107	-0.707107
		0	0.707107	0.707107
		0	0.156611	-0.208383
	}
}
{Volume "sub_piece0"
	{Box 19.4189 5.90552 3.88574}
	{Bone "sub_piece0"}
	{Position 0.149192	-1.09137e-005	0}
}
{Volume "sub_piece1"
	{Box 12.1392 5.90552 5.64059}
	{Bone "sub_piece1"}
	{Position 0	2.72028e-005	0.0286835}
}
{Volume "sub_piece2"
	{Box 0.590652 18.2809 15.3183}
	{Bone "sub_piece2"}
	{Matrix34
		0.906308	0	-0.422618
		0	1	0
		0.422618	0	0.906308
		0.014974	0.0823558	0.00857644
	}
}
{Volume "sub_piece3"
	{Box 0.452579 20.536 12.2462}
	{Bone "sub_piece3"}
	{Matrix34
		0.707107	0	-0.707107
		0	1	0
		0.707107	0	0.707107
		-2.02961	0.838898	-2.02962
	}
}
{Volume "sub_piece4"
	{Box 3.71362 4.4012 18.1102}
	{Bone "sub_piece4"}
	{Position 0	0	0.936597}
}
