;Exported by: sana
;Date:        Wed Sep 26 11:15:29 2007
;File:        D:\-Project-\-3DWork-\Entourage\Lighthouse_westkapelle\LightHouse_Westkapelle05.max
{Skeleton
	{bone "lh_wk_up1"
		{Orientation
			1	0	0
			0	-1	0
			0	0	1
		}
		{VolumeView "lh_wk_up1.ply"}
		{bone "door"
			{Position -22.8843	-11.3208	-9.35425}
			{VolumeView "door.ply"}
		}
		{bone "attach2"
			{Matrix34
				0	-1	0
				1	0	0
				0	0	1
				-13.6811	-30.2953	-29.9803
			}
		}
		{bone "fix03"
			{Position 8.64827	-4.978	-68.3052}
			{visibility 0}
		}
	}
}
{Obstacle "door"
	{Obb2
		{Center -13.6717 10.8728}
		{Extent 9.30075 0.492126}
		{Axis 1 0}
	}
	{Rotate}
	{Tags  "fire"}
}
{Volume "attach2"
	{Box 19.685 19.685 39.3701}
	{Bone "lh_wk_up1"}
	{Matrix34
		0	-1	0
		1	0	0
		0	0	1
		-13.6811	-30.2953	-10.2953
	}
}
{Volume "body"
	{Box 6.56452 13.7902 12.4537}
	{Bone "lh_wk_up1"}
	{Matrix34
		0.863355	-0.498459	0.0784591
		0.5	0.866025	0
		-0.0679476	0.0392296	0.996917
		11.7628	1.35221	-36.5147
	}
}
{Volume "body1"
	{Box 6.56452 14.2081 16.4584}
	{Bone "lh_wk_up1"}
	{Matrix34
		0.498458	-0.863356	0.0784591
		0.866026	0.5	0
		-0.0392295	0.0679476	0.996917
		2.76223	-6.09417	-38.1867
	}
}
{Volume "body2"
	{Box 6.56452 21.2306 12.8783}
	{Bone "lh_wk_up1"}
	{Matrix34
		0	-0.996917	0.0784591
		1	0	0
		0	0.0784591	0.996917
		-12.5728	-9.0751	-36.5764
	}
}
{Volume "body3"
	{Box 6.56452 21.2306 12.8783}
	{Bone "lh_wk_up1"}
	{Matrix34
		-0.498459	-0.863355	0.0784591
		0.866025	-0.5	0
		0.0392296	0.0679475	0.996917
		-30.5382	-4.26025	-36.5764
	}
}
{Volume "body4"
	{Box 6.56452 21.2306 12.8783}
	{Bone "lh_wk_up1"}
	{Matrix34
		-0.863356	-0.498458	0.0784591
		0.5	-0.866025	0
		0.0679476	0.0392295	0.996917
		-42.3385	7.89077	-36.5764
	}
}
{Volume "body5"
	{Box 3.93701 39.3701 59.0551}
	{Bone "lh_wk_up1"}
	{Matrix34
		-0.707107	-0.707107	0
		0.707107	-0.707106	0
		0	0	1
		-37.7937	-0.980391	-0.0393734
	}
}
{Volume "body6"
	{Box 3.93701 39.3701 59.0551}
	{Bone "lh_wk_up1"}
	{Matrix34
		0.707107	-0.707107	0
		0.707106	0.707107	0
		0	0	1
		9.42859	-0.985933	-0.0393734
	}
}
{Volume "body7"
	{Box 3.93701 19.685 17.892}
	{Bone "lh_wk_up1"}
	{Matrix34
		0	-1	0
		1	0	0
		0	0	1
		-13.6811	-13.5256	20.4152
	}
}
{Volume "body8"
	{Box 17.4485 45.2756 18.3636}
	{Bone "lh_wk_up1"}
	{Matrix34
		0	-1	0
		1	0	0
		0	0	1
		-13.878	5.77088	38.2671
	}
}
{Volume "door"
	{Box 18.6015 0.984252 41.4806}
	{Bone "door"}
	{Position 9.2126	0.447952	0.066412}
}
