;Exported by: sana
;Date:        Thu Mar 22 14:28:31 2007
;File:        D:\-Project-\-3DWork-\Entourage\SelSovet\SelSovet_cut2_x.max
{Skeleton
	{bone "sels_wall2_4_x"
		{Orientation
			1	0	0
			0	-1	0
			0	0	1
		}
		{bone "piece01"
			{Position -14.8772	-1.25851	16.2417}
			{VolumeView "piece01.ply"}
		}
		{bone "piece02"
			{Position 26.0808	-1.25851	19.3633}
			{VolumeView "piece02.ply"}
			{bone "sub_piece02"
				{Position -3.43852	0.00912476	-10.7425}
				{VolumeView "sub_piece02.ply"}
			}
		}
		{bone "piece03"
			{Position 17.2963	-10.0189	33.4503}
			{VolumeView "piece03.ply"}
		}
		{bone "piece04"
			{Position 7.52889	-38.8578	49.3038}
			{VolumeView "piece04.ply"}
		}
		{bone "piece05"
			{Matrix34
				0.99335	-0.115132	0
				0.11334	0.977891	0.175735
				-0.0202327	-0.174567	0.984437
				1.51064	-36.0312	25.2041
			}
			{VolumeView "piece05.ply"}
		}
		{bone "piece06"
			{Position 8.64471	-1.25565	-0.236748}
			{VolumeView "piece06.ply"}
		}
	}
}
{Volume "piece01"
	{Box 28.4971 4.58339 15.3735}
	{Bone "piece01"}
	{Position 0	0	2.37769}
}
{Volume "piece02"
	{Box 28.7461 4.5834 12.9738}
	{Bone "piece02"}
	{Position 0	-3.05176e-005	0}
}
{Volume "piece03"
	{Box 46.4952 26.2157 2.48622}
	{Bone "piece03"}
	{Matrix34
		1	0	0
		0	0.875366	-0.48346
		0	0.48346	0.875366
		0	0.605023	-0.291546
	}
}
{Volume "piece04"
	{Box 68.0147 30.6959 3.79003}
	{Bone "piece04"}
	{Matrix34
		0.99741	0.0627738	-0.0350985
		-0.0719198	0.870571	-0.486759
		0	0.488022	0.872831
		0	2.68155	-0.814667
	}
}
{Volume "piece05"
	{Box 3.32548 50.7123 3.21323}
	{Bone "piece05"}
	{Position -1.14456e-005	-1.52588e-005	0}
}
{Volume "piece06"
	{Box 12.3664 4.02751 19.535}
	{Bone "piece06"}
	{Position -1.31783	0	0}
}
{Volume "sub_piece02"
	{Box 15.9859 4.37605 11.4289}
	{Bone "sub_piece02"}
	{Position 0	0	0.591832}
}
