;Exported by: shevchenko
;Date:        Mon Sep 26 18:10:01 2005
;File:        D:\-Projects1_5-\-3DWork-\house_euro_117_v_fix_roof_tex.max
{Skeleton
	{bone "117_f3w2a"
		{Orientation
			1	0	0
			0	-1	0
			0	0	1
		}
		{VolumeView "117_f3w2a.ply"}
		{bone "window1"
			{Matrix34
				0	-1	0
				0	0	1
				-1	0	0
				-2.69366	-26.8772	-3.45276
			}
			{VolumeView "window1.ply"}
		}
		{bone "window1_x"
			{Matrix34
				0	-1	0
				0	0	1
				-1	0	0
				-2.69366	-26.385	-3.45276
			}
			{visibility 0}
			{VolumeView "window1_x.ply"}
		}
		{bone "fix21"
			{Position 22.6609	-26.8772	-38.557}
		}
		{bone "fix20"
			{Position -30.947	-26.8772	-25.1856}
		}
	}
}
{Volume "hole1"
	{Box 15.748 19.685 15.748}
	{Bone "117_f3w2a"}
	{Position -2.69366	-26.3851	-3.45276}
}
{Volume "roof3"
	{Box 1.9685 37.0276 21.7763}
	{Bone "117_f3w2a"}
	{Matrix34
		-0.798091	0	-0.602538
		0	-1	0
		-0.602538	0	0.798091
		3.80513	-12.3972	27.6066
	}
}
{Volume "roof2"
	{Box 1.9685 26.7047 55.8366}
	{Bone "117_f3w2a"}
	{Matrix34
		-0.798091	0	-0.602538
		0	-1	0
		-0.602538	0	0.798091
		27.0991	-17.4953	-3.24738
	}
}
{Volume "roof1"
	{Box 1.9685 28.937 74.4488}
	{Bone "117_f3w2a"}
	{Matrix34
		0.798091	0	-0.602538
		0	1	0
		0.602538	0	0.798091
		-24.8762	-16.3725	6.57066
	}
}
{Volume "body2"
	{Box 33.4646 7.87402 13.2874}
	{Bone "117_f3w2a"}
	{Position 13.0544	-26.8772	-28.3051}
}
{Volume "body1"
	{Polyhedron "body1.vol"}
	{Bone "117_f3w2a"}
	{Position -2.69366	-26.8772	-31.0118}
}
{Volume "window1"
	{Box 15.748 1.9685 15.748}
	{Bone "window1"}
	{Matrix34
		0	0	-1
		-1	0	0
		0	1	0
		-0.492127	0	0
	}
}
