;Exported by: sana
;Date:        Mon Aug 29 14:35:33 2005
;File:        D:\-Project-\-3DWork-\Entourage\Новая папка\fire_build06_cut02_06_x02.max
{Skeleton
	{animation
		{sequence "crush" {speed 0.5}}
	}
	{bone "station_h_corner8"
		{parameters "CommonMesh;"}
		{Orientation
			1	0	0
			0	-1	0
			0	0	1
		}
		{VolumeView "station_h_corner8.ply"}
		{bone "piece0"
			{Position -11.3252	51.2325	7.89033}
			{VolumeView "piece0.ply"}
		}
		{bone "piece1"
			{Position -31.0909	51.2325	30.2197}
			{VolumeView "piece1.ply"}
			{bone "sub_piece1"
				{Position 0.578983	3.53165e-005	-17.3674}
				{VolumeView "sub_piece1.ply"}
			}
		}
		{bone "piece2"
			{Position -34.2336	51.2325	66.2776}
			{VolumeView "piece2.ply"}
			{bone "sub_piece2"
				{Position 0.744385	3.54126e-005	-17.6155}
				{VolumeView "sub_piece2.ply"}
			}
		}
		{bone "piece3"
			{Position 42.0177	51.2325	14.4238}
			{VolumeView "piece3.ply"}
			{bone "sub_piece3"
				{Position -18.2772	2.97518e-005	-4.79671}
				{VolumeView "sub_piece3.ply"}
			}
		}
		{bone "piece4"
			{Position 4.30533	51.2325	38.6553}
			{VolumeView "piece4.ply"}
			{bone "sub_piece4"
				{Position -1.07501	3.04134e-005	-15.2171}
				{VolumeView "sub_piece4.ply"}
			}
		}
		{bone "piece5"
			{Position 21.1768	51.2325	54.7822}
			{VolumeView "piece5.ply"}
		}
		{bone "piece6"
			{Position 41.8522	51.2325	38.5727}
			{VolumeView "piece6.ply"}
		}
		{bone "piece7"
			{Position 3.72647	51.2325	71.6533}
			{VolumeView "piece7.ply"}
			{bone "sub_piece7"
				{Position -2.81186	3.04881e-005	-12.488}
				{VolumeView "sub_piece7.ply"}
			}
		}
		{bone "exterior"
			{Position -9.15198	13.3257	118.648}
		}
	}
}
{Volume "piece7"
	{Box 18.3598 7.75001 11.8098}
	{Bone "piece7"}
	{Position 6.12742e-005	0	1.41375}
}
{Volume "sub_piece7"
	{Box 11.1085 7.75001 14.5555}
	{Bone "sub_piece7"}
	{Matrix34
		0.946929	0	-0.321442
		0	1	0
		0.321442	0	0.946929
		0.0225934	0	-0.139264
	}
}
{Volume "piece6"
	{Box 12.9213 7.75 20.5431}
	{Bone "piece6"}
	{Matrix34
		0.993257	0	-0.115932
		0	1	0
		0.115932	0	0.993257
		-0.260396	0	-0.416075
	}
}
{Volume "piece5"
	{Box 19.2827 7.75 13.3977}
	{Bone "piece5"}
	{Position -0.262328	0	0}
}
{Volume "piece4"
	{Box 14.6084 7.75001 16.3419}
	{Bone "piece4"}
	{Matrix34
		0.992648	0	0.121035
		0	1	0
		-0.121035	0	0.992648
		-0.323749	0	0.0574746
	}
}
{Volume "sub_piece4"
	{Box 13.396 7.75001 12.8022}
	{Bone "sub_piece4"}
	{Matrix34
		0.98954	0	0.144257
		0	1	0
		-0.144257	0	0.98954
		0.329817	0	-1.00745
	}
}
{Volume "piece3"
	{Box 18.9222 7.75001 17.3211}
	{Bone "piece3"}
	{Matrix34
		0.998597	0	-0.0529604
		0	1	0
		0.0529604	0	0.998597
		0.441941	0	1.22881
	}
}
{Volume "sub_piece3"
	{Box 18.808 7.75001 13.6904}
	{Bone "sub_piece3"}
	{Matrix34
		0.994587	0	-0.103905
		0	1	0
		0.103905	0	0.994587
		-0.0878355	0	0.369303
	}
}
{Volume "piece2"
	{Box 17.9132 7.75 20.7217}
	{Bone "piece2"}
	{Matrix34
		0.982375	0	0.186921
		0	1	0
		-0.186921	0	0.982375
		-0.154661	0	-0.0279771
	}
}
{Volume "sub_piece2"
	{Box 16.1566 7.75 11.9239}
	{Bone "sub_piece2"}
	{Matrix34
		0.906609	0	0.421972
		0	1	0
		-0.421972	0	0.906609
		-0.0652183	0	0.243069
	}
}
{Volume "piece1"
	{Box 20.3909 7.75 16.3749}
	{Bone "piece1"}
	{Matrix34
		0.996713	0	0.0810186
		0	1	0
		-0.0810186	0	0.996713
		0.92125	0	0.861842
	}
}
{Volume "sub_piece1"
	{Box 11.7437 7.75 17.8636}
	{Bone "sub_piece1"}
	{Position 0.000126328	0	0}
}
{Volume "piece0"
	{Box 21.0603 7.75001 13.9931}
	{Bone "piece0"}
	{Position -1.49804	0	-0.777392}
}
