;Exported by: shevchenko
;Date:        Sun Jul 10 12:41:09 2005
;File:        D:\-Projects1_5-\-3DWork-\house_euro_ruine2_x.max
{Skeleton
	{animation
		{sequence "crush" {speed 0.4}}
	}
	{bone "w8r_c4_2"
		{parameters "CommonMesh;"}
		{Orientation
			1	0	0
			0	-1	0
			0	0	1
		}
		{VolumeView "w8r_c4_2.ply"}
		{bone "piece1"
			{Matrix34
				1	0	0
				0	0	1
				0	-1	0
				-20.2093	-59.5079	4.93256
			}
			{VolumeView "piece1.ply"}
		}
		{bone "piece0"
			{Matrix34
				1	0	0
				0	0	1
				0	-1	0
				11.811	-59.5079	-8.32758
			}
			{VolumeView "piece0.ply"}
		}
		{bone "piece8"
			{Matrix34
				0.501903	0.845442	-0.182542
				-0.14441	-0.126175	-0.981441
				-0.852783	0.518948	0.0587625
				-15.8517	-30.0736	-58.7896
			}
			{VolumeView "piece8.ply"}
		}
		{bone "piece2"
			{Matrix34
				0	-1	0
				0	0	1
				-1	0	0
				25.4213	-51.1785	-6.5466
			}
			{VolumeView "piece2.ply"}
		}
		{bone "piece3"
			{Matrix34
				0	-1	0
				0	0	1
				-1	0	0
				25.6147	-16.9054	-23.2744
			}
			{VolumeView "piece3.ply"}
		}
		{bone "piece4"
			{Matrix34
				0	-1	0
				0	0	1
				-1	0	0
				25.6147	1.88861	3.42696
			}
			{VolumeView "piece4.ply"}
		}
		{bone "piece5"
			{Matrix34
				0	-1	0
				0	0	1
				-1	0	0
				25.6147	28.7675	-7.19278
			}
			{VolumeView "piece5.ply"}
		}
		{bone "piece7"
			{Matrix34
				0.458719	-0.176278	0.870921
				0	0.980125	0.198382
				-0.888581	-0.0910013	0.449602
				6.7973	31.7464	-5.28403
			}
			{VolumeView "piece7.ply"}
		}
		{bone "piece6"
			{Position -1.62756	7.59662	-30.7834}
			{VolumeView "piece6.ply"}
		}
	}
}
{Volume "piece6"
	{Box 22.8169 51.7812 3.93701}
	{Bone "piece6"}
	{Position 12.2761	-2.63907	0}
}
{Volume "piece7"
	{Box 3.93701 50.0102 38.7618}
	{Bone "piece7"}
	{Matrix34
		0.00792781	0.00395494	-0.999961
		-0.00570145	0.999976	0.0039099
		0.999952	0.0056702	0.00795018
		-0.318243	-0.118657	0.168405
	}
}
{Volume "piece5"
	{Box 7.87402 22.0741 33.2962}
	{Bone "piece5"}
	{Matrix34
		0	0	-1
		-1	0	0
		0	1	0
		-4.32797e-005	-1.14228	-1.81608e-005
	}
}
{Volume "piece4"
	{Box 7.87402 15.0247 24.4117}
	{Bone "piece4"}
	{Matrix34
		0	0	-1
		-1	0	0
		0	1	0
		-3.98557e-005	0.0102654	-1.32545e-005
	}
}
{Volume "piece3"
	{Box 7.87402 29.1142 15.3601}
	{Bone "piece3"}
	{Matrix34
		0	0	-1
		-1	0	0
		0	1	0
		1.82068e-005	-0.27394	3.08352e-005
	}
}
{Volume "piece2"
	{Box 8.26105 19.9216 35.9009}
	{Bone "piece2"}
	{Matrix34
		0	0	-1
		-1	0	0
		0	1	0
		1.75364e-005	-0.0316849	1.44346e-005
	}
}
{Volume "piece8"
	{Box 3.93701 26.2294 31.6246}
	{Bone "piece8"}
	{Matrix34
		-0.0137131	-0.00794912	-0.999875
		0.981661	-0.190261	-0.0119507
		-0.190142	-0.981701	0.0104122
		0.53193	0.805964	-0.129935
	}
}
{Volume "piece0"
	{Box 46.4173 11.811 21.6454}
	{Bone "piece0"}
	{Matrix34
		0.461887	0.886939	0
		0	0	-1
		-0.886939	0.461887	0
		2.02196	-1.65526	1.17383e-005
	}
}
{Volume "piece1"
	{Box 31.0404 11.811 21.9614}
	{Bone "piece1"}
	{Matrix34
		0.754455	0.656352	0
		0	0	-1
		-0.656352	0.754455	0
		-0.521723	-1.03875	1.64707e-005
	}
}
