;Exported by: sana
;Date:        Mon Aug 29 14:35:35 2005
;File:        D:\-Project-\-3DWork-\Entourage\Новая папка\fire_build06_cut02_06_x02.max
{Skeleton
	{animation
		{sequence "crush" {speed 0.45}}
	}
	{bone "station_h_corner7"
		{parameters "CommonMesh;"}
		{Orientation
			1	0	0
			0	-1	0
			0	0	1
		}
		{VolumeView "station_h_corner7.ply"}
		{bone "piece0"
			{Position 39.3354	39.0165	15.3462}
			{VolumeView "piece0.ply"}
		}
		{bone "piece1"
			{Position 34.9521	39.0165	56.4489}
			{VolumeView "piece1.ply"}
			{bone "sub_piece1"
				{Position 7.19507	0	-17.9463}
				{VolumeView "sub_piece1.ply"}
			}
		}
		{bone "piece2"
			{Position 16.0133	39.0165	68.358}
			{VolumeView "piece2.ply"}
			{bone "sub_piece2"
				{Position -10.1724	0	-11.9917}
				{VolumeView "sub_piece2.ply"}
			}
		}
		{bone "piece3"
			{Position -8.63202	39.0165	68.1099}
			{VolumeView "piece3.ply"}
		}
		{bone "piece4"
			{Position -37.5777	39.0165	68.9369}
			{VolumeView "piece4.ply"}
			{bone "sub_piece4"
				{Position 2.97723	0	-16.1269}
				{VolumeView "sub_piece4.ply"}
			}
		}
		{bone "piece5"
			{Position -11.113	39.0165	43.4648}
			{VolumeView "piece5.ply"}
			{bone "sub_piece5"
				{Position -5.78912	0	-14.2247}
				{VolumeView "sub_piece5.ply"}
			}
		}
		{bone "piece6"
			{Position -26.8264	39.0165	14.85}
			{VolumeView "piece6.ply"}
		}
		{bone "piece7"
			{Position -6.97791	39.0165	13.775}
			{VolumeView "piece7.ply"}
		}
		{bone "exterior"
			{Position 33.8738	2.73997	114.625}
		}
	}
}
{Volume "piece7"
	{Box 14.5555 7.75001 18.9453}
	{Bone "piece7"}
	{Matrix34
		0.859972	0	-0.510341
		0	1	0
		0.510341	0	0.859972
		0.180104	0	-0.0973124
	}
}
{Volume "piece6"
	{Box 17.3475 7.75 18.4789}
	{Bone "piece6"}
	{Matrix34
		0.725038	0	-0.688709
		0	1	0
		0.688709	0	0.725038
		-0.83093	1.42696e-005	-0.20403
	}
}
{Volume "piece5"
	{Box 16.5933 7.75001 23.3302}
	{Bone "piece5"}
	{Matrix34
		0.913734	0	0.406312
		0	1	0
		-0.406312	0	0.913734
		-0.348176	0	0.271553
	}
}
{Volume "sub_piece5"
	{Box 13.5631 7.75001 15.3825}
	{Bone "sub_piece5"}
	{Position 0	0	0}
}
{Volume "piece4"
	{Box 15.2171 7.75 19.683}
	{Bone "piece4"}
	{Position 0	1.47434e-005	0}
}
{Volume "sub_piece4"
	{Box 10.255 7.75 18.1944}
	{Bone "sub_piece4"}
	{Matrix34
		0.991859	0	0.127339
		0	1	0
		-0.127339	0	0.991859
		0	0	0
	}
}
{Volume "piece3"
	{Box 10.5858 7.75001 14.7209}
	{Bone "piece3"}
	{Position -6.03989e-005	0	0}
}
{Volume "piece2"
	{Box 24.4797 7.75001 18.9652}
	{Bone "piece2"}
	{Position -6.0517e-005	0	2.1747}
}
{Volume "sub_piece2"
	{Box 15.0435 7.75001 15.973}
	{Bone "sub_piece2"}
	{Matrix34
		0.992097	0	-0.125477
		0	1	0
		0.125477	0	0.992097
		-0.486377	0	-1.03295
	}
}
{Volume "piece1"
	{Box 20.8657 7.75 18.6311}
	{Bone "piece1"}
	{Position 0.462862	0	-1.2703}
}
{Volume "sub_piece1"
	{Box 14.1519 7.75 14.4596}
	{Bone "sub_piece1"}
	{Matrix34
		0.977992	0	0.208641
		0	1	0
		-0.208641	0	0.977992
		0.181587	0	0.0622309
	}
}
{Volume "piece0"
	{Box 17.5328 7.75 17.7676}
	{Bone "piece0"}
	{Matrix34
		0.751345	0	0.659909
		0	1	0
		-0.659909	0	0.751345
		-0.404589	0	-0.268045
	}
}
