;Exported by: sana
;Date:        Fri Jun 23 11:59:53 2006
;File:        D:\-Project-\-3DWork-\Entourage\catholic_church\Catholic_church03_x01.max
{Skeleton
	{bone "catholic_cut15"
		{Orientation
			1	0	0
			0	-1	0
			0	0	1
		}
		{bone "exterior"
			{Position -1.12205	4.23228	0.0393677}
		}
		{bone "piece01"
			{Matrix34
				-1	0	0
				0	0	1
				0	1	0
				21.2299	-64.1523	-8.14432
			}
			{VolumeView "piece01.ply"}
		}
		{bone "piece02"
			{Matrix34
				0.930318	0	-0.366754
				0	1	0
				0.366754	0	0.930318
				41.7941	45.8486	-26.3066
			}
			{VolumeView "piece02.ply"}
		}
		{bone "piece03"
			{Position 0.321961	47.463	24.9063}
			{VolumeView "piece03.ply"}
		}
		{bone "piece05"
			{Position -14.2002	7.30578	18.339}
			{VolumeView "piece05.ply"}
		}
		{bone "piece04"
			{Position 23.8385	6.90052	4.43469}
			{VolumeView "piece04.ply"}
		}
		{bone "piece06"
			{Position -35.5367	-1.49358	-15.0248}
			{VolumeView "piece06.ply"}
		}
	}
}
{Volume "piece01"
	{Box 3.93701 3.93701 102.185}
	{Bone "piece01"}
	{Position 0	0	67.0724}
}
{Volume "piece02"
	{Box 61.7668 3.93702 4.33291}
	{Bone "piece02"}
	{Matrix34
		0.867072	0	-0.498182
		0	1	0
		0.498182	0	0.867072
		-30.4148	-2.75357e-005	17.3171
	}
}
{Volume "piece03"
	{Box 3.93703 95.084 3.93703}
	{Bone "piece03"}
	{Position 0	-42.4627	0}
}
{Volume "piece04"
	{Box 3.93701 90.9279 59.0687}
	{Bone "piece04"}
	{Matrix34
		0.784682	0	0.619899
		0	1	0
		-0.619899	0	0.784682
		-1.1933	0	-0.515607
	}
}
{Volume "piece05"
	{Box 3.93701 70.4468 32.8231}
	{Bone "piece05"}
	{Matrix34
		0.790561	0	-0.612383
		0	1	0
		0.612383	0	0.790561
		1.74717	0	2.22516
	}
}
{Volume "piece06"
	{Box 3.93701 84.0699 40.9904}
	{Bone "piece06"}
	{Matrix34
		0.784637	0	-0.619956
		0	1	0
		0.619956	0	0.784637
		0.436259	0	3.90907
	}
}
