;Exported by: Kislov_A
;Date:        Fri Dec 12 14:18:46 2008
;File:        E:\Black\DESIGN~1\EXPORT~1\A2FD~1\models\C938~1\001_-1~1\001_-1~3\B13_xx.max
{Skeleton
	{bone "basis"
		{Orientation
			1	0	0
			0	-1	0
			0	0	1
		}
		{bone "body"
			{parameters "ID=body;"}
			{Position -1.07721	0.249457	1.26726}
			{VolumeView "body.ply"}
			{bone "turret"
				{Matrix34
					0.999424	0.000165533	-0.0339335
					-0.0339306	-0.00909227	-0.999383
					-0.000473964	0.999959	-0.00908141
					-2.92351	0.337322	30.3344
				}
				{VolumeView "turret.ply"}
				{bone "part1"
					{Position -26.8167	-0.3052	-0.595511}
					{VolumeView "part1.ply"}
				}
				{bone "part4"
					{Matrix34
						0.999947	-0.0102723	0
						0	0	1
						-0.0102723	-0.999947	0
						-8.70914	-16.7466	0
					}
					{VolumeView "part4.ply"}
				}
				{bone "part6"
					{Matrix34
						0.999947	-0.0102723	0
						0	0	1
						-0.0102723	-0.999947	0
						-6.1558	-5.05777	23.3642
					}
					{VolumeView "part6.ply"}
				}
				{bone "part7"
					{Matrix34
						0.999947	-0.0102723	0
						0	0	1
						-0.0102723	-0.999947	0
						22.9907	2.09534	1.16601
					}
					{VolumeView "part7.ply"}
				}
			}
			{bone "part5"
				{Matrix34
					0.99972	0.000258917	-0.0236656
					-0.000473948	0.999959	-0.00908108
					0.0236623	0.00908975	0.999679
					-3.64521	-23.5664	25.3229
				}
				{VolumeView "part5.ply"}
			}
			{bone "part2"
				{Matrix34
					0.999424	0.000165531	-0.0339335
					-0.0339306	-0.00909227	-0.999383
					-0.000473961	0.999959	-0.00908142
					62.7599	0.350407	28.616
				}
				{VolumeView "part2.ply"}
			}
		}
	}
}
{Volume "body"
	{Polyhedron "body.vol"}
	{Bone "body"}
	{Matrix34
		1	0	0
		0	0	1
		0	-1	0
		-7.23852	-23.4073	24.3759
	}
}
{Volume "part1"
	{Polyhedron "part1.vol"}
	{Bone "part1"}
	{Matrix34
		0.99972	-0.0236627	-0.000380657
		-0.0236652	-0.999679	-0.00908442
		-0.000165572	0.00909089	-0.999959
		15.7722	-0.520975	8.19203
	}
}
{Volume "part2"
	{Polyhedron "part2.vol"}
	{Bone "part2"}
	{Matrix34
		-0.000165728	0.00909002	-0.999959
		-0.0236655	-0.999679	-0.00908356
		-0.99972	0.023663	0.000380794
		-89.1237	0.494218	-0.303432
	}
}
{Volume "part4"
	{Polyhedron "part4.vol"}
	{Bone "part4"}
	{Matrix34
		0.99972	-0.000473843	0.0236623
		0.000258812	0.999959	0.00908975
		-0.0236656	-0.00908108	0.999679
		-0.055714	0.177146	-0.377879
	}
}
{Volume "part5"
	{Polyhedron "part5.vol"}
	{Bone "part5"}
	{Matrix34
		0.99972	-0.000473843	0.0236623
		-0.0236656	-0.00908115	0.999679
		-0.00025881	-0.999959	-0.00908982
		2.37855	-0.0286934	-0.0241762
	}
}
{Volume "part6"
	{Polyhedron "part6.vol"}
	{Bone "part6"}
	{Matrix34
		0.99972	-0.000473843	0.0236623
		-0.0236656	-0.00908115	0.999679
		-0.00025881	-0.999959	-0.00908982
		2.43898	1.45524	0.128839
	}
}
{Volume "part7"
	{Polyhedron "part7.vol"}
	{Bone "part7"}
	{Matrix34
		-0.000258965	-0.999959	-0.00908981
		-0.215594	-0.00882022	0.976443
		-0.976483	0.00221305	-0.215583
		1.58541	-2.18876	-2.99668
	}
}
{Volume "turret"
	{Polyhedron "turret.vol"}
	{Bone "turret"}
	{Matrix34
		0.99972	-0.0236627	-0.000380659
		-0.0236652	-0.999679	-0.00908442
		-0.000165575	0.00909089	-0.999959
		-11.0449	-0.806181	5.3967
	}
}
