;Exported by: Sergey
;Date:        Tue May 29 14:56:00 2018
;File:        D:\Documents\3dsmax\scenes\_resource_MoW\car\GAZ-AA\14-72-K_GAZ-MM_1941_xx.max
{Skeleton
	{bone "basis"
		{Orientation
			1	0	0
			0	-1	0
			0	0	1
		}
		{bone "body"
			{parameters "ID=body;"}
			{Matrix34
				0.993831	0	-0.110905
				0	1	0
				0.110905	0	0.993831
				-7.54495	0.0186558	6.29264
			}
			{bone "cabin"
				{parameters "ID=cabin;"}
				{Position 10.7262	-0.0109081	2.91852}
				{bone "cabin38"
					{parameters "ID=cabin;"}
					{Position 0	0	0}
					{VolumeView "cabin38.ply"}
				}
				{bone revolute "doorl"
					{parameters "ID=cabin;"}
					{Matrix34
						0.959913	0.280299	0
						-0.280299	0.959913	1.55047e-05
						0	-1.48816e-05	1
						6.93511	12.5925	2.54485
					}
					{VolumeView "doorl.ply"}
				}
				{bone revolute "doorr"
					{parameters "ID=cabin;"}
					{Matrix34
						-0.998803	-0.0489136	0
						0.0489136	-0.998803	0
						0	0	1
						6.94805	-12.8815	2.36548
					}
					{VolumeView "doorr.ply"}
				}
				{bone revolute "ramaglassfront_gazaa"
					{parameters "ID=cabin;"}
					{Matrix34
						0.993617	1.54004e-05	0.112808
						-0.112808	0	0.993617
						1.55042e-05	-1	0
						7.54563	2.42385	21.2057
					}
					{VolumeView "ramaglassfront_gazaa.ply"}
				}
			}
			{bone "body_gazmm"
				{parameters "ID=body;"}
				{Position -0.639893	0	-0.0714078}
				{VolumeView "body_gazmm.ply"}
				{bone "buksir1940"
					{parameters "ID=body;"}
					{animation
						{sequence "repair" {file "body_r.anm"} {speed 0.35}}
					}
					{Position -42.8092	0.0792972	0.789705}
					{VolumeView "buksir1940.ply"}
				}
				{bone revolute "turret"
					{parameters "ID=turret;"}
					{speed 0.02}
					{Matrix34
						0.31072	-0.950501	0
						0.950501	0.31072	0
						0	0	1
						-23.226	0.216055	9.49464
					}
					{VolumeView "turret.ply"}
					{bone revolute "gun_rot"
						{parameters "ID=gun;"}
						{limits -30 40}
						{Matrix34
							-0.773894	-0.0738991	0.628989
							0.629059	-0.204642	0.749937
							0.0732976	0.976043	0.204858
							2.4381	-2.92331	9.79824
						}
						{VolumeView "gun_rot.ply"}
						{bone prizmatic "gun"
							{parameters "ID=gun;"}
							{Matrix34
								0.853859	-0.520505	0
								0.520505	0.853859	0
								0	0	1
								-21.4381	13.273	3.4022
							}
							{VolumeView "gun.ply"}
						}
					}
				}
			}
			{bone "engine"
				{parameters "ID=engine;"}
				{Position 29.5295	0.258043	2.56306}
				{VolumeView "engine.ply"}
				{bone "fxfire1"
					{Matrix34
						0.00430758	0	0.999991
						-0.999991	0	0.00430758
						0	-1	0
						0.655506	-0.276699	6.84138
					}
				}
			}
			{bone "benzobak_gazaa"
				{parameters "ID=cabin;"}
				{Position 9.18664	-0.0186558	2.69347}
				{VolumeView "benzobak_gazaa.ply"}
			}
			{bone "radiator"
				{parameters "ID=engine;"}
				{Position 40.2324	0.0572638	8.22868}
				{VolumeView "radiator.ply"}
				{bone revolute "enginedoorr"
					{parameters "ID=engine;"}
					{Matrix34
						-0.0220053	0.932688	-0.360013
						0.056945	0.360685	0.930948
						0.998135	-1.51265e-05	-0.0610489
						-16.1925	-0.0584547	7.72075
					}
					{VolumeView "enginedoorr.ply"}
				}
				{bone revolute "enginedoorl"
					{parameters "ID=engine;"}
					{Matrix34
						0.0534894	0.482207	0.874422
						0.0294252	-0.876057	0.481309
						0.998135	-1.4849e-05	-0.0610489
						-16.1925	-0.0584547	7.72075
					}
					{VolumeView "enginedoorl.ply"}
					{bone "enginedoorl2"
						{parameters "ID=engine;"}
						{Matrix34
							0.62113	-0.761347	0.185872
							0.752646	0.645602	0.129314
							-0.218453	0.0595747	0.974027
							8.61746	-4.00012	0.31412
						}
						{VolumeView "enginedoorl2.ply"}
					}
				}
				{bone "logo_gaz"
					{parameters "ID=engine;"}
					{Position -31.0458	-0.0759196	-5.5352}
					{VolumeView "logo_gaz.ply"}
				}
				{bone "radiator1"
					{parameters "ID=engine;"}
					{Position 0.580853	0	0.0032711}
					{VolumeView "radiator1.ply"}
				}
			}
			{bone "opora_bodyback_gazaa"
				{parameters "ID=body;"}
				{animation
					{sequence "repair" {file "body_r.anm"} {speed 0.35}}
				}
				{Matrix34
					0.999979	0.00616694	0.00198124
					-0.00616655	0.999981	-0.000204086
					-0.00198248	0.000191864	0.999998
					0.272991	-0.0665455	0.785114
				}
				{VolumeView "opora_bodyback_gazaa.ply"}
			}
			{bone "rul_gazaa"
				{parameters "ID=cabin;"}
				{Position 9.18664	-0.0186558	2.69347}
				{VolumeView "rul_gazaa.ply"}
			}
			{bone "glushitel"
				{Matrix34
					0.990468	0	0.137746
					0	1	0
					-0.137746	0	0.990468
					29.5295	0.258043	2.56306
				}
				{VolumeView "glushitel.ply"}
			}
			{bone "wings_gazaa"
				{Matrix34
					0	1	0
					-1	0	0
					0	0	1
					22.1968	-0.0186554	3.75826
				}
				{VolumeView "wings_gazaa.ply"}
				{bone "faral"
					{parameters "ID=body;"}
					{Matrix34
						0	-0.268915	-0.963164
						0	0.963164	-0.268915
						1	0	0
						7.45204	-21.9876	2.54044
					}
					{VolumeView "faral.ply"}
				}
				{bone "detail13"
					{parameters "ID=body;"}
					{Matrix34
						0	-1	0
						0	0	-1
						1	0	0
						-7.67307	-22.3323	7.29836
					}
					{VolumeView "detail13.ply"}
				}
			}
		}
		{bone revolute "part2"
			{parameters "ID=wheelleft1;"}
			{Matrix34
				-0.9999	2.15429e-05	0.014183
				-5.2708e-05	0.999986	-0.0052348
				-0.014183	-0.00523502	-0.999886
				32.5881	28.5808	2.3253
			}
			{VolumeView "part2.ply"}
		}
		{bone revolute "part1"
			{parameters "ID=wheelright1;"}
			{Matrix34
				-0.999998	-0.00222635	-3.09944e-05
				-0.00222307	0.999109	-0.0421374
				-0.000124779	0.0421372	0.999112
				32.653	-26.4058	1.09649
			}
			{VolumeView "part1.ply"}
		}
		{bone revolute "part3"
			{parameters "ID=bodyback;"}
			{Matrix34
				-0.102216	0	0.994762
				-0.994762	1.6288e-05	-0.102216
				-1.62026e-05	-1	0
				-73.739	0.00027001	0.945379
			}
			{VolumeView "part3.ply"}
		}
	}
}
{Volume "body"
	{Box 88.2038 19.437 4.1555}
	{Bone "body"}
	{Matrix34
		-1	0	0
		0	-1	1.5503e-05
		0	1.5503e-05	1
		-1.90415	-0.00602225	1.52134
	}
}
{Volume "bodyback"
	{Box 49.0075 9.84598 37.3169}
	{Bone "body_gazmm"}
	{Matrix34
		1	0	0
		0	0	1
		0	-1	0
		-24.8848	-0.115646	4.27113
	}
}
{Volume "cabin1"
	{Polyhedron "cabin1.vol"}
	{Bone "cabin"}
	{Matrix34
		1	0	0
		0	0	1
		0	-1	0
		-8.93192	-0.00774765	12.0704
	}
}
{Volume "cabin"
	{Polyhedron "cabin.vol"}
	{Bone "cabin"}
	{Position -1.33563	3.1464	24.9539}
}
{Volume "dorl"
	{Box 14.7229 12.945 1.55515}
	{Bone "doorl"}
	{Matrix34
		-0.0979853	-0.995188	1.52551e-05
		0	1.53419e-05	1
		-0.995188	0.0979853	0
		0.247323	7.31773	4.02188
	}
}
{Volume "dorr"
	{Box 14.7229 12.945 1.55515}
	{Bone "doorr"}
	{Matrix34
		0.0846187	-0.996414	0
		0	0	1
		-0.996414	-0.0846187	0
		0.239343	7.18862	4.20136
	}
}
{Volume "engine"
	{Polyhedron "engine.vol"}
	{Bone "engine"}
	{Matrix34
		1	1.55206e-05	0
		0	0	1
		1.55206e-05	-1	0
		0.731379	6.21875	7.02555
	}
}
{Volume "fuel"
	{Polyhedron "fuel.vol"}
	{Bone "benzobak_gazaa"}
	{Matrix34
		-1	0	0
		0	0	1
		0	1	0
		11.7072	-4.43835	11.4781
	}
}
{Volume "gun_rot"
	{Box 16.9906 4.39008 3.01609}
	{Bone "gun_rot"}
	{Matrix34
		-0.858503	0.51281	1.52085e-05
		0.512809	0.858503	0
		-1.33922e-05	0	-1
		-3.17522	1.79832	3.46398
	}
}
{Volume "gun"
	{Cylinder 0.669911 24.682}
	{Bone "gun"}
	{Matrix34
		1.46443e-05	0	1
		-0.00711234	0.999975	0
		-0.999975	-0.00711162	1.44038e-05
		0.732815	-0.0415191	0.00993003
	}
}
{Volume "part3"
	{Box 10.8387 36.4364 2.12344}
	{Bone "part3"}
	{Matrix34
		-0.102216	-0.994762	-1.54674e-05
		0	1.55493e-05	-1
		0.994762	-0.102216	0
		0.517493	5.26952	0.0982402
	}
}
{Volume "turret1"
	{Box 11.126 8.51206 5.40214}
	{Bone "turret"}
	{Matrix34
		1	0	0
		0	0	1
		0	-1	0
		2.4241	0.588255	5.01682
	}
}
{Volume "turret"
	{Cylinder 12.5807 0.871313}
	{Bone "turret"}
	{Matrix34
		1	0	0
		0	1	0
		0	0	1
		-0.196566	-0.0842495	0.392406
	}
}
{Volume "wheelleft1"
	{Cylinder 8.7949 3.48869}
	{Bone "part2"}
	{Matrix34
		0.9999	0	0.0141822
		0	1	0
		-0.0141822	0	0.9999
		-0.123588	0.012208	0.432246
	}
}
{Volume "wheelright1"
	{Cylinder 8.7949 3.38507}
	{Bone "part1"}
	{Matrix34
		0.999997	0	-0.00235072
		0	1	0
		-0.00235072	0	-0.999997
		-0.0510026	-0.0521426	0.687872
	}
}
