;Exported by: garry
;Date:        Thu Nov 08 14:50:51 2007
;File:        D:\-Projects-\-3DWork-\Model\Пушки\37mm M3\m3_xx.max
{Skeleton
	{bone "basis"
		{Orientation
			1	0	0
			0	-1	0
			0	0	1
		}
		{bone "body"
			{parameters "ID=body;"}
			{Position 0.6041	-0.0707779	7.49035}
			{VolumeView "body.ply"}
			{bone revolute "wheell"
				{parameters "ID=wheelleft;"}
				{Matrix34
					1	0	0
					0	0	-1
					0	-1	0
					0.0990743	11.8095	0.0454726
				}
				{VolumeView "wheell.ply"}
			}
			{bone revolute "wheelr"
				{parameters "ID=wheelright;"}
				{Matrix34
					1	0	0
					0	0	-1
					0	1	0
					0.0990743	-11.4622	0.0454774
				}
				{VolumeView "wheelr.ply"}
			}
			{bone "standl"
				{parameters "ID=standL;"}
				{Matrix34
					-0.918708	0.349366	-0.184172
					-0.352393	-0.935695	-0.0171257
					-0.178312	0.0491674	0.982745
					-1.39848	2.75587	0.302372
				}
				{VolumeView "standl.ply"}
			}
			{bone "standr"
				{parameters "ID=standR;"}
				{Matrix34
					-0.928339	-0.322904	-0.184172
					-0.331505	0.943298	0.0171257
					-0.168199	-0.0769523	0.982745
					-1.39848	-2.60639	0.302372
				}
				{VolumeView "standr.ply"}
			}
			{bone revolute "turret"
				{parameters "ID=turret;"}
				{Matrix34
					0.996195	-0.0871557	0
					0.0858316	0.98106	-0.173648
					0.0151344	0.172987	0.984808
					-0.6041	0.0707776	0.932302
				}
				{VolumeView "turret.ply"}
				{bone revolute "gun_rot"
					{parameters "ID=gun;"}
					{Matrix34
						-0.922333	-0.0603954	0.381646
						0.37493	-0.378707	0.846173
						0.093427	0.923544	0.371938
						0.678786	-0.0707766	-0.983056
					}
					{VolumeView "gun_rot.ply"}
					{bone "gun"
						{parameters "ID=gun;"}
						{Matrix34
							0.983706	0.0759801	-0.16294
							-0.179784	0.415732	-0.89154
							0	0.906308	0.422619
							5.31061	4.80285	1.5417
						}
						{VolumeView "gun.ply"}
					}
				}
			}
			{bone "part1"
				{Matrix34
					1	0	0
					0	1	0
					0	0	-1
					0.0875052	12.3976	-3.37909
				}
				{VolumeView "part1.ply"}
			}
			{bone "part2"
				{Matrix34
					-1	0	0
					0	1	0
					0	0	1
					0.0746865	0	-0.0507526
				}
				{VolumeView "part2.ply"}
			}
		}
	}
}
{Volume "body"
	{Box 2.12378 23.2465 7.56862}
	{Bone "body"}
	{Position 0.134067	0.0816966	-2.92751}
}
{Volume "gun"
	{Cylinder 1.1329 33.8888}
	{Bone "gun_rot"}
	{Matrix34
		0.158942	-0.480836	0.862284
		-0.0398648	-0.8758	-0.481025
		0.986483	0.0420803	-0.15837
		-10.7012	3.13373	3.69135
	}
}
{Volume "part1"
	{Polyhedron "part1.vol"}
	{Bone "part1"}
	{Matrix34
		1	0	0
		0	1	0
		0	0	-1
		0.02238	0.136849	3.63597
	}
}
{Volume "part2"
	{Box 0.389376 22.7396 4.41552}
	{Bone "part2"}
	{Matrix34
		-1	0	0
		0	1	0
		0	0	1
		-0.233838	0.110698	-2.73609
	}
}
{Volume "standl"
	{Box 36.7571 1.22108 1.98971}
	{Bone "standl"}
	{Matrix34
		0.999976	0.00638964	0.00276574
		-0.00639369	0.999979	0.00139243
		-0.00275661	-0.0014101	0.999995
		16.9374	0.301176	-0.219195
	}
}
{Volume "standr"
	{Box 37.1465 1.5575 1.9685}
	{Bone "standr"}
	{Matrix34
		-0.999928	-0.0107276	-0.00535167
		-0.0101412	0.994974	-0.0996152
		-0.00639308	0.0995538	0.995011
		16.6757	0.0516751	-0.340613
	}
}
{Volume "turret"
	{Box 1.58034 22.5539 11.1788}
	{Bone "turret"}
	{Position 0.643829	0.0152216	5.16423}
}
{Volume "wheelleft"
	{Cylinder 5.49054 3.22803}
	{Bone "wheell"}
	{Matrix34
		1	0	0
		0	1	0
		0	0	-1
		0.0499318	-0.00286948	-2.61998
	}
}
{Volume "wheelright"
	{Cylinder 5.55666 3.22803}
	{Bone "wheelr"}
	{Matrix34
		1	0	0
		0	-1	0
		0	0	-1
		0.066354	0	-2.4471
	}
}
