;Exported by: kolesnikov
;Date:        Tue Sep 27 16:00:47 2005
;File:        D:\-Project-\-3DWork-\Constructions\12.max
{Skeleton
	{bone "tb2_x"
		{Orientation
			1	0	0
			0	-1	0
			0	0	1
		}
		{bone "piece2"
			{Position -12.3096	-20.0773	23.8135}
			{VolumeView "piece2.ply"}
		}
		{bone "piece5"
			{Position -43.4139	15.3212	19.4335}
			{VolumeView "piece5.ply"}
		}
		{bone "piece1"
			{Position -35.9491	-0.580546	25.1174}
			{VolumeView "piece1.ply"}
		}
		{bone "piece4"
			{Position 36.1007	-11.6419	24.4645}
			{VolumeView "piece4.ply"}
		}
		{bone "piece3"
			{Position 24.9779	-20.0772	22.7609}
			{VolumeView "piece3.ply"}
		}
	}
}
{Volume "body139"
	{Box 20.6946 3.16281 20.0974}
	{Bone "piece3"}
	{Matrix34
		-0.996195	0	0.0871557
		0	-1	0
		0.0871557	0	0.996195
		-2.9394	0.0614224	-1.53277
	}
}
{Volume "body138"
	{Box 11.3707 3.16281 28.686}
	{Bone "piece4"}
	{Matrix34
		0	-0.984808	-0.173648
		1	0	0
		0	-0.173648	0.984808
		-0.947036	1.30487	0.878208
	}
}
{Volume "body141"
	{Box 14.0806 4.8391 10.6114}
	{Bone "piece1"}
	{Matrix34
		0	1	0
		-1	0	0
		0	0	1
		0.0168117	-0.0231294	-0.0730939
	}
}
{Volume "body142"
	{Box 19.1497 1.11299 39.2623}
	{Bone "piece5"}
	{Matrix34
		-0.993482	0.113991	0
		-0.113991	-0.993482	0
		0	0	1
		-0.00859019	-0.0601796	0.197613
	}
}
{Volume "body140"
	{Box 26.0752 3.16281 24.1169}
	{Bone "piece2"}
	{Matrix34
		-0.996195	0	0.0871557
		0	-1	0
		0.0871557	0	0.996195
		-0.462102	0.0614284	-0.583305
	}
}
