;Exported by: garry
;Date:        Wed Aug 13 15:25:48 2008
;File:        D:\-Projects-\-3DWork-\Model\Танки\ISU 152\ISU152_xx.max
{Skeleton
	{bone revolute "basis"
		{Orientation
			1	0	0
			0	-1	0
			0	0	1
		}
		{bone "body"
			{parameters "ID=body;"}
			{Matrix34
				0.999503	-0.000120103	-0.0315204
				-0.0018241	0.998096	-0.061645
				0.0314678	0.0616719	0.9976
				-21.4595	0.419884	5.25582
			}
			{VolumeView "body.ply"}
			{bone revolute "gun_rot2"
				{limits -5 5}
				{Position 45.6578	-5.20797	28.4814}
			}
			{bone revolute "wheelr1"
				{parameters "ID=trackright;"}
				{Matrix34
					1	0	0
					0	0	-1
					0	-1	0
					59.7005	-20.4761	9.08707
				}
				{VolumeView "wheelr1.ply"}
			}
			{bone revolute "wheell1"
				{parameters "ID=trackleft;"}
				{Matrix34
					1	0	0
					0	0	-1
					0	1	0
					59.7005	20.435	9.08704
				}
				{VolumeView "wheell1.ply"}
			}
			{bone revolute "wheelr8"
				{parameters "ID=trackright;"}
				{Matrix34
					1	0	0
					0	0	-1
					0	-1	0
					-55.679	-21.8239	5.41447
				}
				{VolumeView "wheelr8.ply"}
			}
			{bone revolute "wheell8"
				{parameters "ID=trackleft;"}
				{Matrix34
					1	0	0
					0	0	-1
					0	1	0
					-55.679	21.9196	5.4145
				}
				{VolumeView "wheell8.ply"}
			}
			{bone revolute "wheelr9"
				{parameters "ID=trackright;"}
				{Matrix34
					-1	0	0
					0	0	1
					0	-1	0
					38.8784	-14.921	10.9487
				}
				{VolumeView "wheelr9.ply"}
			}
			{bone "engine"
				{parameters "ID=engine;"}
				{Position -29.5736	-0.255919	25.0812}
				{VolumeView "engine.ply"}
			}
			{bone revolute "wheell9"
				{parameters "ID=trackleft;"}
				{Matrix34
					-1	0	0
					0	0	1
					0	1	0
					38.8784	17.1705	10.9451
				}
				{VolumeView "wheell9.ply"}
			}
			{bone "part1"
				{Position 3.78739	0.00298499	39.6178}
				{VolumeView "part1.ply"}
			}
			{bone "part2"
				{Position -41.0782	24.8199	22.7544}
				{VolumeView "part2.ply"}
			}
			{bone "part3"
				{Position -18.2641	-25.9078	22.8122}
				{VolumeView "part3.ply"}
			}
			{bone "part4"
				{Position 11.1396	22.9166	28.5372}
				{VolumeView "part4.ply"}
			}
			{bone "part5"
				{Matrix34
					0.99999	-0.00441454	5.38918e-005
					0.00437881	0.99019	-0.139657
					0.000563178	0.139656	0.9902
					47.703	20.5045	14.3351
				}
				{VolumeView "part5.ply"}
			}
			{bone "tracks"
				{Matrix34
					-0.999503	0.00182451	-0.0314665
					-0.0315192	-0.0616439	0.9976
					-0.000119584	0.998097	0.0616708
					4.87292	-21.6747	9.47085
				}
				{VolumeView "tracks.ply"}
			}
			{bone revolute "gun_rot1"
				{parameters "ID=body;"}
				{Matrix34
					0.00160239	0.999718	0.0236895
					-0.0930813	-0.0234375	0.995383
					0.995657	-0.00380004	0.0930175
					45.6578	-5.20797	28.4814
				}
				{LODView
					{VolumeView "gun_rot1.ply"}
				}
				{bone "gun"
					{parameters "ID=gun;"}
					{Matrix34
						-0.743906	0.6528	0.143023
						0.647261	0.757068	-0.0888892
						-0.166305	0.0264481	-0.98572
						2.09186	-1.25044	21.3153
					}
				;	{VolumeView "gun.ply"}
						{bone "foresight1"
							{Matrix34
								0	0	-1
								0	1	0
								1	0	0
								0	0	-73.1913
							}
							{bone "stvol"
								{parameters "ID=gun;"}
								{Matrix34
									1	0	0
									0	0	1
									0	1	0
									-84	0	0
								}
								{VolumeView "gun.ply"}
							}
						}
				}
			}
			{bone revolute "wheelr2"
				{parameters "ID=trackright;"}
				{Matrix34
					1	0	0
					0	0	-1
					0	-1	0
					47.8062	-20.0436	2.06438
				}
				{VolumeView "wheelr1.ply"}
			}
			{bone revolute "wheelr3"
				{parameters "ID=trackright;"}
				{Matrix34
					0.996199	0.0869518	0.00525282
					0.00549218	-0.0025139	-0.999982
					0.086937	-0.996209	0.0029819
					30.3064	-20.0117	1.51343
				}
				{VolumeView "wheelr1.ply"}
			}
			{bone revolute "wheelr4"
				{parameters "ID=trackright;"}
				{Matrix34
					0.996198	-0.0869414	-0.00549266
					-0.0052534	0.00298044	-0.999982
					-0.0869562	-0.996209	-0.00251237
					11.1616	-19.9768	0.910685
				}
				{VolumeView "wheelr1.ply"}
			}
			{bone revolute "wheelr5"
				{parameters "ID=trackright;"}
				{Matrix34
					0.999996	0.00273314	0.000277999
					3.88478e-005	0.0871119	-0.996199
					0.00274697	-0.996195	-0.0871115
					-6.88202	-19.9438	0.342609
				}
				{VolumeView "wheelr1.ply"}
			}
			{bone revolute "wheelr6"
				{parameters "ID=trackright;"}
				{Matrix34
					0.999996	0.00273314	0.000277999
					3.88478e-005	0.0871119	-0.996199
					0.00274697	-0.996195	-0.0871115
					-26.0153	-19.9089	-0.259772
				}
				{VolumeView "wheelr1.ply"}
			}
			{bone revolute "wheelr7"
				{parameters "ID=trackright;"}
				{Matrix34
					0.999996	0.00273314	0.000277999
					3.88478e-005	0.0871119	-0.996199
					0.00274697	-0.996195	-0.0871115
					-40.6895	-19.8821	-0.721765
				}
				{VolumeView "wheelr1.ply"}
			}
			{bone revolute "wheelr10"
				{parameters "ID=trackright;"}
				{Matrix34
					-1	0	0
					0	0	1
					0	-1	0
					2.63159	-14.8548	9.80752
				}
				{VolumeView "wheelr9.ply"}
			}
			{bone revolute "wheelr11"
				{parameters "ID=trackright;"}
				{Matrix34
					-1	0	0
					0	0	1
					0	-1	0
					-32.7391	-14.7903	8.69393
				}
				{VolumeView "wheelr9.ply"}
			}
			{bone revolute "wheell10"
				{parameters "ID=trackleft;"}
				{Matrix34
					-1	0	0
					0	0	1
					0	1	0
					2.99488	17.1245	11.6194
				}
				{VolumeView "wheell9.ply"}
			}
			{bone revolute "wheell11"
				{parameters "ID=trackleft;"}
				{Matrix34
					-1	0	0
					0	0	1
					0	1	0
					-32.9791	17.096	12.0114
				}
				{VolumeView "wheell9.ply"}
			}
		}
		{bone "wheelsr"
			{parameters "ID=trackright;"}
			{Matrix34
				0	0	1
				-1	0	0
				0	-1	0
				-16.0005	-14.6832	17.6892
			}
			{VolumeView "wheelsr.ply"}
		}
		{bone "wheelsl"
			{parameters "ID=trackleft;"}
			{Matrix34
				0	0	1
				-1	0	0
				0	-1	0
				-16.0005	15.2817	17.6892
			}
			{VolumeView "wheelsl.ply"}
			{bone revolute "wheell2"
				{parameters "ID=trackleft;"}
				{Matrix34
					-0.0315205	-0.999503	0.000120163
					-0.9976	0.031468	0.0616713
					-0.0616444	0.00182404	-0.998097
					-10.6554	-42.0596	-6.08752
				}
				{VolumeView "wheell1.ply"}
			}
			{bone revolute "wheell3"
				{parameters "ID=trackleft;"}
				{Matrix34
					-0.0310626	-0.999503	-0.00535517
					-0.993154	0.031468	-0.112497
					0.11261	0.00182406	-0.993638
					-10.6555	-24.677	-6.08752
				}
				{VolumeView "wheell1.ply"}
			}
			{bone revolute "wheell4"
				{parameters "ID=trackleft;"}
				{Matrix34
					-0.0310626	-0.999503	-0.00535517
					-0.993154	0.031468	-0.112497
					0.11261	0.00182406	-0.993638
					-10.6555	-5.92594	-6.08752
				}
				{VolumeView "wheell1.ply"}
			}
			{bone revolute "wheell5"
				{parameters "ID=trackleft;"}
				{Matrix34
					-0.0390017	-0.995233	-0.0893881
					-0.998903	0.0411531	-0.022351
					0.0259231	0.0884183	-0.995746
					-10.6555	12.2494	-6.08752
				}
				{VolumeView "wheell1.ply"}
			}
			{bone revolute "wheell6"
				{parameters "ID=trackleft;"}
				{Matrix34
					-0.0314632	-0.995635	0.0878668
					-0.997643	0.0366464	0.058013
					-0.0609798	-0.0858344	-0.994442
					-10.6555	31.1424	-6.08752
				}
				{VolumeView "wheell1.ply"}
			}
			{bone revolute "wheell7"
				{parameters "ID=trackleft;"}
				{Matrix34
					-0.0314632	-0.995635	0.0878668
					-0.997643	0.0366464	0.058013
					-0.0609798	-0.0858344	-0.994442
					-10.6555	46.6844	-6.08752
				}
				{VolumeView "wheell1.ply"}
			}
		}
	}
}
{Volume "body1"
	{Polyhedron "body1.vol"}
	{Bone "body"}
	{Position -1.99816	1.12203	-0.284724}
}
{Volume "body2"
	{Polyhedron "body2.vol"}
	{Bone "body"}
	{Position -0.782481	-0.0298057	11.8636}
}
{Volume "body3"
	{Polyhedron "body3.vol"}
	{Bone "body"}
	{Position 22.8932	-0.189191	24.0402}
}
{Volume "gun"
	{Cylinder 2.64281 58.666}
	{Bone "gun"}
	{Matrix34
		-1	0	0
		0	1	0
		0	0	-1
		0	0	-11.5687
	}
}
{Volume "part1"
	{Box 21.3686 39.7586 1.94908}
	{Bone "part1"}
	{Matrix34
		0.999503	-0.00182395	0.031468
		0.00231097	0.999878	-0.0154474
		-0.0314359	0.0155125	0.999385
		0.00888954	-0.00438826	-0.282684
	}
}
{Volume "part2"
	{Cylinder 3.30813 20.3526}
	{Bone "part2"}
	{Matrix34
		0.000119773	-0.998096	-0.0616717
		-0.0315204	-0.0616449	0.9976
		-0.999503	0.00182444	-0.0314678
		-0.0454736	8.50564e-005	-0.00143062
	}
}
{Volume "part3"
	{Cylinder 3.42821 20.7189}
	{Bone "part3"}
	{Matrix34
		0.000119773	-0.998096	-0.0616717
		-0.0315204	-0.0616449	0.9976
		-0.999503	0.00182444	-0.0314678
		-0.142137	0.000262005	-0.00447798
	}
}
{Volume "part4"
	{Box 36.9208 22.8447 1.9418}
	{Bone "part4"}
	{Matrix34
		0.996872	0.0788479	0.00549939
		0.0150399	-0.257533	0.966152
		0.0775954	-0.963047	-0.257912
		0.15453	0.651742	-0.0282189
	}
}
{Volume "part5"
	{Polyhedron "part5.vol"}
	{Bone "part5"}
	{Matrix34
		0.999975	0.00550724	-0.00435298
		-0.00452292	0.979692	0.200458
		0.00536857	-0.200433	0.979693
		-0.301496	1.31873	-2.01644
	}
}
{Volume "trackleft"
	{Box 128.74 11.3189 23.9173}
	{Bone "wheelsl"}
	{Matrix34
		0	-1	0
		0	0	-1
		1	0	0
		-5.73055	3.53033	-6.60069
	}
}
{Volume "trackright"
	{Box 128.74 11.3189 23.9173}
	{Bone "wheelsr"}
	{Matrix34
		0	-1	0
		0	0	-1
		1	0	0
		-5.73056	3.5123	5.84281
	}
}
