;Exported by: Butyvsky
;Date:        Thu Sep 15 17:12:09 2005
;File:        D:\-Projects-\-3D Work-\Train\Train_passag\passenger_car_xx.max
{Skeleton
	{bone "basis"
		{Orientation
			1	0	0
			0	-1	0
			0	0	1
		}
		{bone "pivot_back"
			{Position -81.3524	0.0544691	9.55645}
			{VolumeView "pivot_back.ply"}
			{bone revolute "wheelright2"
				{Matrix34
					-1	0	0
					0	0	1
					0	1	0
					-0.00988007	-16.34	-0.00937462
				}
				{VolumeView "wheelright2.ply"}
			}
			{bone revolute "wheelleft2"
				{Matrix34
					-1	0	0
					0	0	1
					0	1	0
					0.00141144	15.2798	-0.00937462
				}
				{VolumeView "wheelleft2.ply"}
			}
		}
		{bone "pivot_front"
			{Position 81.5546	0.0594082	9.55645}
			{VolumeView "pivot_front.ply"}
			{bone revolute "wheelleft1"
				{Matrix34
					-1	0	0
					0	0	1
					0	1	0
					0.0582352	15.0235	-0.00937462
				}
				{VolumeView "wheelleft1.ply"}
			}
			{bone revolute "wheelright1"
				{Matrix34
					-1	0	0
					0	0	1
					0	1	0
					0.0582352	-16.3449	-0.00937366
				}
				{VolumeView "wheelright1.ply"}
			}
		}
		{bone "part2"
			{Matrix34
				0.999832	-0.000502979	0.0183329
				-0.000549432	0.998354	0.0573554
				-0.0183316	-0.0573558	0.998185
				6.4302	-18.8648	34.451
			}
			{VolumeView "part2.ply"}
		}
		{bone "part1"
			{Matrix34
				0.999832	-0.000502979	0.0183329
				-0.000549432	0.998354	0.0573554
				-0.0183316	-0.0573558	0.998185
				-27.4553	16.9301	35.8854
			}
			{VolumeView "part1.ply"}
		}
		{bone "part_big1"
			{Matrix34
				0.995061	-0.0245281	0.0961888
				0.0190856	0.998186	0.0570991
				-0.0974149	-0.0549812	0.993724
				63.7751	-4.63921	75.1351
			}
			{VolumeView "part_big1.ply"}
		}
		{bone "part_big2"
			{Matrix34
				0.995061	-0.0100385	-0.0987563
				0.00619654	0.999215	-0.0391333
				0.0990715	0.0383281	0.994342
				-77.929	-4.70948	75.966
			}
			{VolumeView "part_big2.ply"}
		}
		{bone "body"
			{parameters "ID=Body;"}
			{Orientation
				0.999832	-0.000502979	0.0183329
				-0.000549432	0.998354	0.0573554
				-0.0183316	-0.0573558	0.998185
			}
			{VolumeView "body.ply"}
		}
		{bone "fx_exp3"
			{Matrix34
				0.999832	-0.000502979	0.0183329
				-0.000549432	0.998354	0.0573554
				-0.0183316	-0.0573558	0.998185
				-5.63588	-8.55371	33.9113
			}
		}
		{bone "fx_fire2"
			{Matrix34
				0.999832	-0.000502979	0.0183329
				-0.000549432	0.998354	0.0573554
				-0.0183316	-0.0573558	0.998185
				-50.2835	1.58918	33.9113
			}
		}
		{bone "fx_fire2a"
			{Matrix34
				0.999832	-0.000502979	0.0183329
				-0.000549432	0.998354	0.0573554
				-0.0183316	-0.0573558	0.998185
				92.2209	8.35293	31.2806
			}
		}
		{bone "fx_smoke1"
			{Matrix34
				0.999832	-0.000502979	0.0183329
				-0.000549432	0.998354	0.0573554
				-0.0183316	-0.0573558	0.998185
				-113.322	-20.2354	40.4218
			}
		}
		{bone "part3"
			{Matrix34
				-0.84818	0.528266	-0.039049
				-0.525762	-0.848553	-0.0594264
				-0.0645281	-0.0298738	0.997469
				128.262	11.7706	49.6315
			}
			{VolumeView "part3.ply"}
		}
		{bone "part4"
			{Matrix34
				0.980851	0.193903	0.0182323
				-0.194548	0.971153	0.137885
				0.00902983	-0.138791	0.99028
				129.024	-19.1886	47.4332
			}
			{VolumeView "part4.ply"}
		}
		{bone "part_big3"
			{Matrix34
				0.999832	-0.000502979	0.0183329
				-0.000549432	0.998354	0.0573554
				-0.0183316	-0.0573558	0.998185
				-121.477	-3.16596	46.0229
			}
			{VolumeView "part_big3.ply"}
		}
		{bone "part5"
			{Matrix34
				0.999832	-0.000502979	0.0183329
				-0.000549432	0.998354	0.0573554
				-0.0183316	-0.0573558	0.998185
				6.31719	-33.1399	42.944
			}
			{VolumeView "part5.ply"}
		}
		{bone "part6"
			{Matrix34
				0.999832	-0.000502979	0.0183329
				-0.000549432	0.998354	0.0573554
				-0.0183316	-0.0573558	0.998185
				73.3575	26.2672	46.3271
			}
			{VolumeView "part6.ply"}
		}
		{bone "fx_wood2"
			{Matrix34
				0.999832	-0.000502979	0.0183329
				-0.000549432	0.998354	0.0573554
				-0.0183316	-0.0573558	0.998185
				69.6324	-11.6261	32.0384
			}
		}
		{bone "fx_train_die"
			{Matrix34
				0.999832	-0.000502979	0.0183329
				-0.000549432	0.998354	0.0573554
				-0.0183316	-0.0573558	0.998185
				-30.3721	-7.31147	33.9113
			}
		}
	}
}
{Volume "part6"
	{Box 16.3586 5.5601 37.6294}
	{Bone "part6"}
	{Position -1.31045e-005	0	0}
}
{Volume "part5"
	{Box 20.5112 5.97547 38.9882}
	{Bone "part5"}
	{Position -0.0105462	2.02396	-0.0525683}
}
{Volume "part_big3"
	{Polyhedron "part_big3.vol"}
	{Bone "part_big3"}
	{Position 1.19449e-005	0	0}
}
{Volume "part4"
	{Box 13.7997 0.762688 39.3923}
	{Bone "part4"}
	{Position 0	0	0}
}
{Volume "part3"
	{Box 13.7997 1.12413 39.3923}
	{Bone "part3"}
	{Position 0	0	0}
}
{Volume "body"
	{Polyhedron "body.vol"}
	{Bone "body"}
	{Matrix34
		0.999972	7.40083e-005	-0.00748675
		-0.00014555	0.999954	-0.00955572
		0.0074857	0.00955654	0.999926
		-0.798254	-0.050335	14.7667
	}
}
{Volume "part_big2"
	{Box 111.639 67.0008 12.3506}
	{Bone "part_big2"}
	{Position -7.82568	0.0852571	-1.54382}
}
{Volume "part_big1"
	{Box 137.855 67.2197 14.9506}
	{Bone "part_big1"}
	{Matrix34
		0.999546	0.00164662	0.0300973
		-0.00166889	0.999998	0.000714594
		-0.030096	-0.000764509	0.999547
		0.0324884	0.000823799	-1.07913
	}
}
{Volume "part1"
	{Polyhedron "part1.vol"}
	{Bone "part1"}
	{Position 0	0	0}
}
{Volume "part2"
	{Polyhedron "part2.vol"}
	{Bone "part2"}
	{Position 0	0	0}
}
{Volume "wheelright1"
	{Cylinder 9.69038 2.59746}
	{Bone "wheelright1"}
	{Matrix34
		-1	0	0
		0	1	0
		0	0	-1
		0	0	0
	}
}
{Volume "wheelleft1"
	{Cylinder 9.69038 2.24412}
	{Bone "wheelleft1"}
	{Matrix34
		-1	0	0
		0	1	0
		0	0	-1
		0	0	0
	}
}
{Volume "wheelleft2"
	{Cylinder 9.69038 2.74687}
	{Bone "wheelleft2"}
	{Matrix34
		-1	0	0
		0	1	0
		0	0	-1
		0	0	0
	}
}
{Volume "wheelright2"
	{Cylinder 9.69038 2.59746}
	{Bone "wheelright2"}
	{Matrix34
		-1	0	0
		0	1	0
		0	0	-1
		0	0	0
	}
}
