;Exported by: ubrashaev
;Date:        Sat Feb 11 19:35:07 2006
;File:        D:\-Projects1_5-\-work-\3d\reihstag_buildings\house_reich1_x.max
{Skeleton
	{bone "rh_building_cornerf2_6"
		{Orientation
			1	0	0
			0	-1	0
			0	0	1
		}
		{bone "piece00"
			{Matrix34
				0	-1	0
				1	0	0
				0	0	1
				-9.6553	1.06979	18.9832
			}
			{VolumeView "piece00.ply"}
		}
		{bone "piece01"
			{Matrix34
				0	-1	0
				1	0	0
				0	0	1
				19.1449	1.06979	17.6961
			}
			{VolumeView "piece01.ply"}
		}
		{bone "piece02"
			{Matrix34
				-0.573576	-0.819152	0
				0.819152	-0.573576	0
				0	0	1
				3.9164	-12.4964	32.8525
			}
			{VolumeView "piece02.ply"}
		}
		{bone "piece03"
			{Matrix34
				0	-1	0
				1	0	0
				0	0	1
				-11.7313	-3.25591	32.8525
			}
			{VolumeView "piece03.ply"}
		}
		{bone "piece04"
			{Matrix34
				-0.573576	-0.819152	0
				0.819152	-0.573576	0
				0	0	1
				-24.9472	-17.771	32.8525
			}
			{VolumeView "piece04.ply"}
		}
		{bone "piece05"
			{Matrix34
				0	-1	0
				1	0	0
				0	0	1
				-0.418289	1.06979	-2.43015
			}
			{VolumeView "piece05.ply"}
		}
		{bone "piece06"
			{Matrix34
				0	-1	0
				1	0	0
				0	0	1
				8.64366	1.06979	-19.5239
			}
			{VolumeView "piece06.ply"}
		}
	}
}
{Volume "piece00"
	{Box 7.17633 12.8053 22.4081}
	{Bone "piece00"}
	{Matrix34
		1	0	0
		0	0.5	-0.866025
		0	0.866025	0.5
		-4.06091e-005	-7.7069	1.82416
	}
}
{Volume "piece01"
	{Box 7.17633 19.7513 16.6875}
	{Bone "piece01"}
	{Matrix34
		1	0	0
		0	0.939693	0.34202
		0	-0.34202	0.939693
		-3.64636e-005	-5.33557	1.39336
	}
}
{Volume "piece02"
	{Box 33.3525 17.2252 3}
	{Bone "piece02"}
	{Position -0.100811	1.75462	0}
}
{Volume "piece03"
	{Box 18.8256 23.4761 3}
	{Bone "piece03"}
	{Position -0.717325	2.8253e-005	0}
}
{Volume "piece04"
	{Box 17.7311 22.8663 3}
	{Bone "piece04"}
	{Matrix34
		0.984808	0.173648	0
		-0.173648	0.984808	0
		0	0	1
		-1.45557e-005	1.92203e-005	0
	}
}
{Volume "piece05"
	{Box 7.17633 18.4103 16.3909}
	{Bone "piece05"}
	{Matrix34
		1	0	0
		0	0.984808	0.173648
		0	-0.173648	0.984808
		-3.90046e-005	-7.96238	1.72231
	}
}
{Volume "piece06"
	{Box 7.17633 19.1882 15.2783}
	{Bone "piece06"}
	{Matrix34
		1	0	0
		0	0.906308	0.422618
		0	-0.422618	0.906308
		-3.78443e-005	-7.31754	0.872763
	}
}
