;Exported by: chernenko
;Date:        Fri Aug 26 09:28:41 2005
;File:        D:\-Project-\-3dwork-\entourage\mill_entourage(bags).max
{Skeleton
	{bone "bags_big2"
		{Orientation
			1	0	0
			0	-1	0
			0	0	1
		}
		{bone "piece1"
			{Position 12.6262	11.9598	5.40337}
			{VolumeView "piece1.ply"}
		}
		{bone "piece2"
			{Position -16.5182	11.6485	5.40337}
			{VolumeView "piece2.ply"}
		}
		{bone "piece3"
			{Position -24.0268	10.8018	2.6597}
			{VolumeView "piece3.ply"}
		}
		{bone "piece4"
			{Position -24.0291	-10.4301	2.6597}
			{VolumeView "piece4.ply"}
		}
		{bone "piece5"
			{Position -3.63046	-10.1146	5.40337}
			{VolumeView "piece5.ply"}
		}
		{bone "piece6"
			{Position 19.4406	-8.9527	2.6597}
			{VolumeView "piece6.ply"}
		}
		{bone "piece8"
			{Position -16.5823	14.4594	12.2467}
			{VolumeView "piece8.ply"}
		}
		{bone "piece9"
			{Position 3.9155	11.9915	12.93}
			{VolumeView "piece9.ply"}
		}
		{bone "piece10"
			{Position -20.7074	-7.2084	10.7899}
			{VolumeView "piece10.ply"}
		}
		{bone "piece11"
			{Position -14.7754	4.10413	20.5524}
			{VolumeView "piece11.ply"}
		}
		{bone "piece12"
			{Position 3.94247	-7.77216	10.3909}
			{VolumeView "piece12.ply"}
		}
		{bone "piece13"
			{Position 5.35416	4.55078	21.1282}
			{VolumeView "piece13.ply"}
		}
		{bone "piece14"
			{Position 21.4546	0.695435	12.9301}
			{VolumeView "piece14.ply"}
		}
	}
}
{Volume "piece14"
	{Box 18.2879 10.2088 4.78566}
	{Bone "piece14"}
	{Matrix34
		0.958387	0.215588	0.187123
		-0.27146	0.891085	0.363699
		-0.0883335	-0.399361	0.912528
		1.47246e-005	-1.71472e-005	0
	}
}
{Volume "piece13"
	{Box 18.2879 10.2088 4.78566}
	{Bone "piece13"}
	{Matrix34
		0.0398058	0.98153	0.187123
		-0.930981	-0.0315814	0.363699
		0.362891	-0.188686	0.912528
		0	-1.72047e-005	0
	}
}
{Volume "piece12"
	{Box 18.2879 10.2088 4.78566}
	{Bone "piece12"}
	{Matrix34
		-0.707105	-0.683014	-0.183013
		0.707108	-0.683011	-0.183013
		0	-0.258819	0.965926
		-4.14015e-005	1.9072e-005	0
	}
}
{Volume "piece11"
	{Box 18.2879 10.2088 4.78566}
	{Bone "piece11"}
	{Matrix34
		-0.676998	0.659569	-0.326562
		-0.258777	-0.628697	-0.733332
		-0.688991	-0.411957	0.596308
		-1.96923e-005	1.98624e-005	-1.16535e-005
	}
}
{Volume "piece10"
	{Box 18.2879 10.2088 4.78566}
	{Bone "piece10"}
	{Matrix34
		0.766045	-0.642787	0
		0.642787	0.766045	0
		0	0	1
		-3.48175e-005	3.00881e-005	0
	}
}
{Volume "piece9"
	{Box 18.2879 10.2088 4.78566}
	{Bone "piece9"}
	{Matrix34
		-0.869933	-0.456292	0.187123
		0.492841	-0.790463	0.363699
		-0.0180389	0.408615	0.912528
		0	0	0
	}
}
{Volume "piece8"
	{Box 18.2879 10.2088 4.78564}
	{Bone "piece8"}
	{Matrix34
		0.823209	-0.340204	0.454519
		0.542816	0.706231	-0.45452
		-0.166366	0.620885	0.766045
		-1.81017e-005	0	-1.46467e-005
	}
}
{Volume "piece6"
	{Box 13.5186 3.50575 5.50432}
	{Bone "piece6"}
	{Matrix34
		0	1	0
		-1	0	0
		0	0	1
		0	0	0
	}
}
{Volume "piece5"
	{Box 8.31003 19.6719 1.58331}
	{Bone "piece5"}
	{Matrix34
		0	1	0
		-1	0	0
		0	0	1
		2.19809e-005	0	0
	}
}
{Volume "piece4"
	{Box 13.0275 2.83572 5.50432}
	{Bone "piece4"}
	{Matrix34
		0	1	0
		-1	0	0
		0	0	1
		0	0	0
	}
}
{Volume "piece3"
	{Box 13.8258 3.34192 5.50432}
	{Bone "piece3"}
	{Matrix34
		0	1	0
		-1	0	0
		0	0	1
		0	0	0
	}
}
{Volume "piece2"
	{Box 7.21892 25.109 1.58331}
	{Bone "piece2"}
	{Matrix34
		0	1	0
		-1	0	0
		0	0	1
		-2.28442e-005	0	0
	}
}
{Volume "piece1"
	{Box 6.59639 26.1359 1.58331}
	{Bone "piece1"}
	{Matrix34
		0	1	0
		-1	0	0
		0	0	1
		0	0	0
	}
}
