;Exported by: sana
;Date:        Tue Nov 21 16:24:07 2006
;File:        D:\-Project-\-3DWork-\Entourage\fortifikations_x.max
{Skeleton
	{bone "wire_left_br_a_x"
		{Orientation
			1	0	0
			0	-1	0
			0	0	1
		}
		{bone "piece01"
			{Position 11.054	10.8976	20.3152}
			{VolumeView "piece01.ply"}
		}
		{bone "piece02"
			{Position 21.3669	3.95231	22.2828}
			{VolumeView "piece02.ply"}
		}
		{bone "piece03"
			{Position -14.0403	-11.7483	22.053}
			{VolumeView "piece03.ply"}
		}
		{bone "piece04"
			{Position 16.806	-1.40257	18.5872}
			{VolumeView "piece04.ply"}
		}
		{bone "piece05"
			{Position -9.62206	-10.2831	10.8931}
			{VolumeView "piece05.ply"}
		}
		{bone "piece06"
			{Position -10.44	12.0937	7.28315}
			{VolumeView "piece06.ply"}
		}
		{bone "piece07"
			{Position -20.681	-5.90147	23.3074}
			{VolumeView "piece07.ply"}
		}
		{bone "piece08"
			{Position 11.8847	-9.96581	21.832}
			{VolumeView "piece08.ply"}
		}
		{bone "piece09"
			{Position 4.43684	-11.6156	10.8685}
			{VolumeView "piece09.ply"}
		}
		{bone "piece10"
			{Position 19.582	-5.61127	9.07887}
			{VolumeView "piece10.ply"}
		}
		{bone "piece11"
			{Position -20.1902	4.9598	11.5234}
			{VolumeView "piece11.ply"}
		}
	}
}
{Volume "piece01"
	{Box 2.60261 1.99335 24.918}
	{Bone "piece01"}
	{Matrix34
		-0.516563	-0.0427514	-0.855181
		-0.164373	0.985128	0.0500406
		0.840322	0.166418	-0.51591
		-1.97648e-005	0	0
	}
}
{Volume "piece02"
	{Box 3.07087 2.65945 15.0364}
	{Bone "piece02"}
	{Matrix34
		-0.998621	-0.0362332	-0.0379882
		-0.00579859	0.795328	-0.606152
		0.0521759	-0.605096	-0.794441
		0	-1.31038e-005	0
	}
}
{Volume "piece03"
	{Box 2.44622 1.77296 19.9368}
	{Bone "piece03"}
	{Matrix34
		-0.516331	-0.0567569	-0.854507
		-0.00825854	-0.997425	0.0712399
		-0.85635	0.0438403	0.514532
		0	-1.92474e-005	0
	}
}
{Volume "piece04"
	{Box 3.07087 2.65945 26.7217}
	{Bone "piece04"}
	{Matrix34
		-0.270969	0.783879	0.558667
		-0.962098	-0.202027	-0.183174
		-0.0307201	-0.587127	0.808911
		-3.03863e-005	0	-1.25237e-005
	}
}
{Volume "piece05"
	{Box 2.58096 1.81523 24.6322}
	{Bone "piece05"}
	{Matrix34
		-0.397605	-0.457682	-0.795259
		-0.368468	0.873403	-0.318432
		0.840323	0.166418	-0.51591
		0	0	0
	}
}
{Volume "piece06"
	{Box 2.23525 1.77296 23.8062}
	{Bone "piece06"}
	{Matrix34
		-0.516564	-0.0427517	-0.855181
		-0.164374	0.985128	0.0500407
		0.840322	0.166419	-0.515911
		0	0	0
	}
}
{Volume "piece07"
	{Box 3.0844 3.03584 18.4173}
	{Bone "piece07"}
	{Matrix34
		0.999506	-0.0131726	0.0285325
		-0.00662409	0.799209	0.601017
		-0.0307203	-0.60091	0.798726
		-1.51051e-005	0	0
	}
}
{Volume "piece08"
	{Box 2.44622 1.77297 22.8909}
	{Bone "piece08"}
	{Matrix34
		-0.500824	-0.125864	-0.856349
		-0.207447	0.97799	-0.0224205
		0.840323	0.166418	-0.515909
		0	0	1.25356e-005
	}
}
{Volume "piece09"
	{Box 2.30505 1.77296 21.6771}
	{Bone "piece09"}
	{Matrix34
		-0.51633	-0.0567569	-0.854507
		-0.00825857	-0.997425	0.0712398
		-0.85635	0.0438403	0.514532
		-1.80414e-005	-1.50492e-005	-1.72084e-005
	}
}
{Volume "piece10"
	{Box 3.07087 2.65945 19.8311}
	{Bone "piece10"}
	{Matrix34
		-0.998621	-0.0362332	-0.0379878
		-0.0057989	0.795328	-0.606152
		0.0521755	-0.605096	-0.794441
		0	0	0
	}
}
{Volume "piece11"
	{Box 3.08907 4.03779 19.6657}
	{Bone "piece11"}
	{Matrix34
		0.999506	-0.0131726	0.0285325
		-0.00662408	0.799209	0.601017
		-0.0307203	-0.60091	0.798726
		0	-1.55168e-005	0
	}
}
