;Exported by: sana
;Date:        Thu Mar 16 18:15:38 2006
;File:        D:\-Project-\-3DWork-\Entourage\house_euro_104c\house_euro_104c_cut.max
{Skeleton
	{bone "104c_corner16"
		{Orientation
			1	0	0
			0	-1	0
			0	0	1
		}
		{VolumeView "104c_corner16.ply"}
		{bone "fix01"
			{Position 31.6469	40.6877	117.838}
		}
		{bone "fix02"
			{Position 29.2792	-42.3872	117.838}
		}
	}
}
{Volume "body1"
	{Box 44.2655 55.9137 13.2526}
	{Bone "104c_corner16"}
	{Matrix34
		0	-0.814527	-0.580126
		0	-0.580126	0.814527
		-1	0	0
		29.399	9.85967	164.378
	}
}
{Volume "body2"
	{Box 44.2655 55.9137 13.2526}
	{Bone "104c_corner16"}
	{Matrix34
		0	-0.801996	0.59733
		0	0.59733	0.801996
		-1	0	0
		29.3989	-11.5483	164.459
	}
}
{Volume "body"
	{Box 42.1296 30.3879 13.2526}
	{Bone "104c_corner16"}
	{Matrix34
		0	-1	0
		0	0	1
		-1	0	0
		29.3989	-1.40815	201.706
	}
}
{Volume "roof1"
	{Box 72.1775 75.4775 3.2814}
	{Bone "104c_corner16"}
	{Matrix34
		1	0	0
		0	-0.588419	0.808556
		0	-0.808556	-0.588419
		-12.229	20.9741	165.672
	}
}
{Volume "roof"
	{Box 62.222 58.5097 3.2814}
	{Bone "104c_corner16"}
	{Matrix34
		1	0	0
		0	0.586194	0.810171
		0	-0.810171	0.586194
		-3.77658	-18.3465	172.768
	}
}
