;Exported by: sana
;Date:        Thu Apr 26 12:55:24 2007
;File:        D:\-Project-\-3DWork-\Entourage\School_Ru\School_ru_cut3a_x.max
{Skeleton
	{bone "school_ru_inn_r_2_2_x"
		{Orientation
			1	0	0
			0	-1	0
			0	0	1
		}
		{bone "piece03"
			{Position 9.16885	-7.11523	20.5423}
			{VolumeView "piece03.ply"}
		}
		{bone "piece04"
			{Position 9.16885	-9.63174	-7.73569}
			{VolumeView "piece04.ply"}
		}
		{bone "piece05"
			{Position 18.5213	1.51596	-18.0015}
			{VolumeView "piece05.ply"}
		}
		{bone "piece06"
			{Position -10.942	18.1432	-7.32901}
			{VolumeView "piece06.ply"}
		}
		{bone "piece07"
			{Position -32.3746	18.1714	14.3156}
			{VolumeView "piece07.ply"}
			{bone "sub_piece07"
				{Position 11.7258	-0.00920868	4.73366}
				{VolumeView "sub_piece07.ply"}
			}
		}
		{bone "piece08"
			{Position 9.16885	35.5721	15.6898}
			{VolumeView "piece08.ply"}
		}
		{bone "piece09"
			{Position 32.9189	1.51596	7.31467}
			{VolumeView "piece09.ply"}
			{bone "sub_piece09"
				{Position -2.50983	0	-11.2719}
				{VolumeView "sub_piece09.ply"}
			}
		}
		{bone "piece01"
			{Position -34.4472	17.7056	52.3245}
			{VolumeView "piece01.ply"}
		}
		{bone "piece02"
			{Position -26.0292	13.6056	37.733}
			{VolumeView "piece02.ply"}
		}
		{bone "piece10"
			{Position 2.08456	16.9176	52.5634}
			{VolumeView "piece10.ply"}
		}
		{bone "piece11"
			{Position 9.16885	-27.6535	13.7339}
			{VolumeView "piece11.ply"}
			{bone "sub_piece11"
				{Position 0	3.41694	6.38319}
				{VolumeView "sub_piece11.ply"}
			}
		}
	}
}
{Obstacle "piece01"
	{Obb2
		{Center -34.4472 -15.0801}
		{Extent 16.1933 23.8521}
		{Axis 1 0}
	}
	{Rotate}
}
{Obstacle "piece02"
	{Obb2
		{Center -26.0292 -13.6057}
		{Extent 29.3062 2.18894}
		{Axis 0.225615 0.974217}
	}
	{Rotate}
}
{Obstacle "piece10"
	{Obb2
		{Center 2.08456 -15.8043}
		{Extent 20.6257 22.2673}
		{Axis 1 0}
	}
	{Rotate}
}
{Volume "piece01"
	{Box 32.3867 48.6021 2.30029}
	{Bone "piece01"}
	{Matrix34
		1	0	0
		0	0.970025	0.243004
		0	-0.243004	0.970025
		0	-2.62548	0.707752
	}
}
{Volume "piece02"
	{Box 4.08961 58.593 3.09739}
	{Bone "piece02"}
	{Matrix34
		0.973095	0.230406	0
		-0.230406	0.973095	0
		0	0	1
		-3.05176e-005	1.52588e-005	0
	}
}
{Volume "piece03"
	{Box 3.00681 10.2919 8.85737}
	{Bone "piece03"}
	{Position 3.05176e-005	0	0.577296}
}
{Volume "piece04"
	{Box 3.00681 10.5672 19.3319}
	{Bone "piece04"}
	{Position 3.05176e-005	0	0}
}
{Volume "piece05"
	{Box 12.2826 2.95277 13.7432}
	{Bone "piece05"}
	{Matrix34
		0.946582	0	-0.322462
		0	1	0
		0.322462	0	0.946582
		0.481059	0	0.371035
	}
}
{Volume "piece06"
	{Box 18.9427 2.92596 17.2552}
	{Bone "piece06"}
	{Matrix34
		0.990342	0	-0.138649
		0	1	0
		0.138649	0	0.990342
		0.630781	0	0.432772
	}
}
{Volume "piece07"
	{Box 23.1599 2.86943 20.3443}
	{Bone "piece07"}
	{Position 0	0	0}
}
{Volume "piece08"
	{Box 3.00681 16.352 17.849}
	{Bone "piece08"}
	{Position 3.05176e-005	0	0.73659}
}
{Volume "piece09"
	{Box 19.8641 2.95277 15.5465}
	{Bone "piece09"}
	{Position 0	-1.52588e-005	-0.496164}
}
{Volume "piece10"
	{Box 41.2513 45.3583 2.35036}
	{Bone "piece10"}
	{Matrix34
		1	0	0
		0	0.969048	0.246872
		0	-0.246872	0.969048
		0	-1.1133	0.334527
	}
}
{Volume "piece11"
	{Box 3.00682 22.3172 10.8701}
	{Bone "piece11"}
	{Position 0	0	-1.44477}
}
{Volume "sub_piece07"
	{Box 12.4404 2.88782 10.877}
	{Bone "sub_piece07"}
	{Position 0	0	0}
}
{Volume "sub_piece09"
	{Box 13.0585 2.95276 8.37444}
	{Bone "sub_piece09"}
	{Position 0	0	-0.0749664}
}
{Volume "sub_piece11"
	{Box 3.00681 15.7704 10.1246}
	{Bone "sub_piece11"}
	{Position 3.05176e-005	0	0.237404}
}
