;Exported by: Sergey
;Date:        Tue Aug 28 15:35:18 2012
;File:        D:\Documents\3dsmax\scenes\Ordnance, SB 4.2-Inch Mortar Mk II\4.2-Inch Mortar Mk II_xx.max
{Skeleton
	{bone "basis"
		{Orientation
			1	0	0
			0	-1	0
			0	0	1
		}
		{bone "body"
			{parameters "ID=body;"}
			{Matrix34
				0.976763	0	0.214322
				0	1	0
				-0.214322	0	0.976763
				0	0	2.04805
			}
			{VolumeView "body.ply"}
		}
		{bone "part2"
			{parameters "ID=part2;"}
			{Matrix34
				-0.84805	0	-0.529917
				0	1	0
				0.529917	0	-0.84805
				41.9335	-0.00536513	1.73863
			}
			{VolumeView "part2.ply"}
		}
		{bone revolute "part1"
			{parameters "ID=part1;"}
			{Matrix34
				-0.0389639	0	-0.999241
				0.999241	0	-0.0389639
				0	-1	0
				23.5778	7.12348	-0.410369
			}
			{VolumeView "part1.ply"}
		}
		{bone "gun"
			{parameters "ID=gun;"}
			{Matrix34
				-0.686791	0	0.726855
				0	1	0
				-0.726855	0	-0.686791
				-22.0365	-0.00536573	1.22153
			}
			{VolumeView "gun.ply"}
		}
		{bone "part3"
			{parameters "ID=part3;"}
			{Matrix34
				0.00555067	0	0.999985
				0	1	0
				-0.999985	0	0.00555067
				52.1387	-0.0812485	0.516081
			}
			{VolumeView "part3.ply"}
		}
	}
}
{Volume "body"
	{Box 13.315 15.5442 5.11811}
	{Bone "body"}
	{Matrix34
		0.973767	0	-0.227549
		0	1	0
		0.227549	0	0.973767
		-0.327753	-0.0691628	-0.687466
	}
}
{Volume "gun"
	{Cylinder 1.88166 37.5954}
	{Bone "gun"}
	{Matrix34
		0.73385	0	-0.679311
		0	1	0
		0.679311	0	0.73385
		8.97014	-0.0638011	9.07126
	}
}
{Volume "part1"
	{Box 16.2085 11.4692 2.18009}
	{Bone "part1"}
	{Matrix34
		-0.0389637	0.999241	0
		0	0	-1
		-0.999241	-0.0389637	0
		-0.452322	-7.40132	0.0701292
	}
}
{Volume "part2"
	{Box 13.3649 8.24642 3.93701}
	{Bone "part2"}
	{Matrix34
		-0.84805	0	0.529916
		0	1	0
		-0.529916	0	-0.84805
		3.34997	-0.713772	-1.52399
	}
}
{Volume "part3"
	{Box 18.7677 3.69667 1.08268}
	{Bone "part3"}
	{Matrix34
		0.00555067	0	-0.999985
		0	1	0
		0.999985	0	0.00555067
		0.0669994	0.404762	-7.52034
	}
}
