;Exported by: skr
;Date:        Wed May 15 22:23:05 2013
;File:        E:\Documents\3dsmax\scenes\75-mm Schneider-Danglis 06-09\75-mm Schneider 1906_09_x.max
{Skeleton
	{bone revolute "basis"
		{Orientation
			1	0	0
			0	-1	0
			0	0	1
		}
		{bone "body"
			{Position 0	0	5.19523}
			{VolumeView "body.ply"}
			{bone "turret"
				{parameters "ID=body;"}
				{Position -0.916734	0.00804043	0.647022}
				{VolumeView "turret.ply"}
				{bone revolute "gun_rot"
					{parameters "ID=gun;"}
					{limits -6 28}
					{speed 0.005}
					{Matrix34
						0.861481	0	0.507789
						-0.507789	0	0.861481
						0	-1	0
						1.1891	-0.00804037	7.94221
					}
					{VolumeView "gun_rot.ply"}
					{bone "gun"
						{Matrix34
							0	0	-1
							0	1	0
							1	0	0
							-9.9314	3.19556	-0.0256405
						}
						{VolumeView "gun.ply"}
					}
				}
				{bone "pravilo"
					{Matrix34
						0	-1	0
						0.348774	0	0.937207
						-0.937207	0	0.348774
						-56.2072	-0.00430138	-1.2075
					}
					{VolumeView "pravilo.ply"}
				}
				{bone revolute "stopor"
					{Matrix34
						-0.968903	0	-0.247439
						0.247439	0	-0.968903
						0	-1	0
						-7.1042	-3.82764	4.80711
					}
					{VolumeView "stopor.ply"}
				}
				{bone "pricel"
					{Matrix34
						-1	0	0
						0	0	1
						0	1	0
						1.14059	4.50605	7.97944
					}
					{VolumeView "pricel.ply"}
				}
			}
			{bone revolute "wheelr"
				{parameters "ID=wheelright;Radius=0.45;support=1;"}
				{Matrix34
					-1	0	0
					0	0	1
					0	1	0
					0.00346206	-9.97752	3.54553
				}
				{VolumeView "wheelr.ply"}
			}
			{bone revolute "wheell"
				{parameters "ID=wheelleft;Radius=0.45;support=1;"}
				{Matrix34
					-1	0	0
					0	0	1
					0	-1	0
					0.00346206	10.0007	3.54553
				}
				{VolumeView "wheell.ply"}
			}
		}
	}
}
{Volume "body"
	{Box 12.7011 9.41689 18.3071}
	{Bone "body"}
	{Matrix34
		-1	0	0
		0	0	1
		0	1	0
		-2.43626	-0.0435076	3.27669
	}
}
{Volume "gun_rot"
	{Box 28.3174 1.58767 3.54331}
	{Bone "gun_rot"}
	{Matrix34
		-1	0	0
		0	1	0
		0	0	-1
		2.60927	0.295748	0.0376525
	}
}
{Volume "gun"
	{Cylinder 2.07247 25.5906}
	{Bone "gun"}
	{Position -0.00690407	0.00302238	13.9962}
}
{Volume "turret"
	{Box 46.4453 7.63031 8.46457}
	{Bone "turret"}
	{Matrix34
		-0.98974	0	-0.142879
		-0.142879	0	0.98974
		0	1	0
		-31.034	-0.12923	-1.60975
	}
}
{Volume "wheell"
	{Cylinder 8.95669 1.1811}
	{Bone "wheell"}
	{Matrix34
		1	0	0
		0	1	0
		0	0	-1
		-0.056515	0.0227261	0.0936063
	}
}
{Volume "wheelr"
	{Cylinder 8.95669 1.1811}
	{Bone "wheelr"}
	{Matrix34
		1	0	0
		0	1	0
		0	0	1
		-0.0565179	0.0227203	0.0225199
	}
}
