;Exported by: sana
;Date:        Mon Apr 16 12:04:43 2007
;File:        D:\-Project-\-3DWork-\Entourage\bridge_wood_struct_x.max
{Skeleton
	{bone "hand_rail4_x"
		{Orientation
			1	0	0
			0	-1	0
			0	0	1
		}
		{bone "piece07"
			{Matrix34
				0.917778	-0.297762	-0.262719
				0.302597	0.952845	-0.0228527
				0.257135	-0.0585243	0.964602
				28.0684	-0.00547791	3.74984
			}
			{VolumeView "piece07.ply"}
		}
		{bone "piece02"
			{Matrix34
				0.974033	-0.202939	-0.100377
				0.205183	0.978645	0.0124488
				0.0957071	-0.0327212	0.994872
				20.7359	-0.00541687	11.8384
			}
			{VolumeView "piece02.ply"}
		}
		{bone "piece03"
			{Matrix34
				0.976422	0.215535	-0.0120394
				-0.215519	0.976496	0.00265721
				0.0123291	0	0.999924
				21.8219	-0.00546265	-3.6967
			}
			{VolumeView "piece03.ply"}
		}
		{bone "piece05"
			{Matrix34
				0.984888	-0.0505861	0.165638
				0.0189897	0.982168	0.187042
				-0.172146	-0.181071	0.968287
				50.2084	0.0697632	-5.23546
			}
			{VolumeView "piece05.ply"}
		}
		{bone "piece06"
			{Matrix34
				0.992742	0.0328661	0.115686
				-0.0279585	0.998649	-0.0437914
				-0.116969	0.0402392	0.99232
				-29.4728	-3.03146	13.455
			}
			{VolumeView "piece06.ply"}
		}
		{bone "piece04"
			{Matrix34
				0.975804	-0.0661433	-0.208404
				0.0646845	0.99781	-0.0138147
				0.208862	0	0.977945
				-19.7846	-0.00546265	-2.80084
			}
			{VolumeView "piece04.ply"}
		}
		{bone "piece01"
			{Matrix34
				0.988952	-0.141859	0.0430075
				0.140924	0.989728	0.0240386
				-0.0459758	-0.0177122	0.998785
				-51.4408	0.0697632	4.27476
			}
			{VolumeView "piece01.ply"}
		}
		{bone "piece08"
			{Matrix34
				0.982755	-0.0926009	0.160053
				0.0989536	0.994572	-0.0321702
				-0.156205	0.0474532	0.986584
				-23.4369	-0.00547791	6.86085
			}
			{VolumeView "piece08.ply"}
		}
	}
}
{Volume "piece01"
	{Box 2.13205 2.32587 20.4387}
	{Bone "piece01"}
	{Position 4.27514e-005	-1.20225e-005	0}
}
{Volume "piece02"
	{Box 64.0539 4.2977 2.80263}
	{Bone "piece02"}
	{Position -1.01942e-005	1.39468e-005	0}
}
{Volume "piece03"
	{Box 52.3307 1.90289 3.52381}
	{Bone "piece03"}
	{Matrix34
		0.985045	0	-0.172298
		0	1	0
		0.172298	0	0.985045
		-0.660155	0.00966943	0.115719
	}
}
{Volume "piece04"
	{Box 64.7874 1.90289 3.53714}
	{Bone "piece04"}
	{Matrix34
		0.98768	0	0.156485
		0	1	0
		-0.156485	0	0.98768
		-0.214405	-0.0570234	-0.0393606
	}
}
{Volume "piece05"
	{Box 2.13205 2.32587 20.4387}
	{Bone "piece05"}
	{Position 1.50877e-005	-1.2357e-005	0}
}
{Volume "piece06"
	{Box 43.5475 4.29768 2.7997}
	{Bone "piece06"}
	{Position 0	-3.6795e-005	-1.97271e-005}
}
{Volume "piece07"
	{Box 40.8036 1.90289 3.11743}
	{Bone "piece07"}
	{Matrix34
		0.989286	0	0.145991
		0	1	0
		-0.145991	0	0.989286
		-0.271323	-0.0545491	-0.108847
	}
}
{Volume "piece08"
	{Box 52.3307 1.90289 3.31024}
	{Bone "piece08"}
	{Matrix34
		0.982917	0	-0.184052
		0	1	0
		0.184052	0	0.982916
		-0.0865957	-0.11888	0.0246624
	}
}
