;Exported by: sana
;Date:        Mon Apr 24 14:12:07 2006
;File:        D:\-Project-\-3DWork-\Entourage\e-house3a\e-house3a1()_test.max
{Skeleton
	{bone "e-h03a1_7"
		{Orientation
			1	0	0
			0	-1	0
			0	0	1
		}
		{VolumeView "e-h03a1_7.ply"}
		{bone "exterior"
			{Position 15.1454	-3.48358	86.882}
			{VolumeView "exterior.ply"}
		}
		{bone "window1"
			{Matrix34
				0	-1	0
				1	0	0
				0	0	1
				-40.2597	15.9177	30.3516
			}
			{VolumeView "window1.ply"}
		}
		{bone "window1_x"
			{Matrix34
				0	-1	0
				1	0	0
				0	0	1
				-39.482	15.9177	30.3516
			}
			{visibility 0}
			{VolumeView "window1_x.ply"}
		}
		{bone "attach3"
			{Matrix34
				-1	0	0
				0	-1	0
				0	0	1
				-20.5122	16.5562	0
			}
		}
	}
}
{Obstacle "body1"
	{Obb2
		{Center -40.3745 -0.385946}
		{Extent 5.4543 35.6492}
		{Axis 1 0}
	}
	{Rotate}
	{Tags  "body"}
}
{Obstacle "body2"
	{Obb2
		{Center -34.5274 39.2996}
		{Extent 10.5116 4.41703}
		{Axis 1 0}
	}
	{Rotate}
	{Tags  "body"}
}
{Area "interior"
	{Obb2
		{Center -26.0393 9.02731}
		{Extent 11.1809 27.3639}
		{Axis -1 0}
	}
	{Rotate}
}
{Volume "body1"
	{Box 71.2985 70.0262 10.9086}
	{Bone "e-h03a1_7"}
	{Matrix34
		0	-1	0
		0	0	1
		-1	0	0
		-40.3745	0.385947	34.4876
	}
}
{Volume "body2"
	{Box 21.0231 8.83406 63.9221}
	{Bone "e-h03a1_7"}
	{Position -34.5274	-39.2996	31.961}
}
{Volume "body3"
	{Box 28.3598 71.5004 9.02668}
	{Bone "e-h03a1_7"}
	{Matrix34
		0	-0.707107	0.707107
		0	0.707107	0.707107
		-1	0	0
		-40.2972	0.605345	83.743
	}
}
{Volume "hole"
	{Box 31.6923 24.3434 20.3244}
	{Bone "e-h03a1_7"}
	{Matrix34
		0	-1	0
		0	0	1
		-1	0	0
		-40.7222	15.2197	30.5282
	}
}
{Volume "roof1"
	{Box 60.2347 21.8721 4.77387}
	{Bone "exterior"}
	{Matrix34
		1	0	0
		0	0.707107	0.707107
		0	-0.707107	0.707107
		-3.70406	12.5646	26.3318
	}
}
{Volume "roof2"
	{Box 91.4179 30.3097 2.55343}
	{Bone "exterior"}
	{Matrix34
		1	0	0
		0	0.707107	-0.707107
		0	0.707107	0.707107
		-21.7332	29.5493	23.8076
	}
}
{Volume "roof"
	{Box 34.2206 90.4402 3.57978}
	{Bone "exterior"}
	{Matrix34
		1	0	0
		0	0.707107	0.707107
		0	-0.707107	0.707107
		-49.9788	-13.3927	0.769413
	}
}
{Volume "window1"
	{Box 31.0165 24.8457 3.79993}
	{Bone "window1"}
	{Matrix34
		1	0	0
		0	0	1
		0	-1	0
		0.101296	1.25478	0.00988457
	}
}
