;Exported by: sasha
;Date:        Tue Dec 25 10:24:26 2007
;File:        D:\-Project-\-3DWork-\a_house 303\a_house_303alt.max
{Skeleton
	{bone "303_uc1a"
		{Orientation
			1	0	0
			0	-1	0
			0	0	1
		}
		{VolumeView "303_uc1a.ply"}
		{bone "fix09"
			{Position -3.24944	-0.114342	29.5454}
		}
		{bone "exterior"
			{Position -23.2621	18.1594	60.4491}
			{VolumeView "exterior.ply"}
		}
	}
}
{Area "interior"
	{Obb2
		{Center -22.2427 -12.4835}
		{Extent 16.0509 6.18176}
		{Axis -1 0}
	}
	{Rotate}
}
{Volume "body1"
	{Box 8.72775 26.2943 22.399}
	{Bone "303_uc1a"}
	{Matrix34
		0	-0.989595	0.143883
		1	0	0
		0	0.143883	0.989595
		-12.2306	1.21412	43.4704
	}
}
{Volume "body2"
	{Box 8.72775 12.0954 12.7674}
	{Bone "303_uc1a"}
	{Matrix34
		0	-0.989595	0.143883
		1	0	0
		0	0.143883	0.989595
		-31.2834	1.71459	48.7562
	}
}
{Volume "body3"
	{Box 7.67796 4.11243 7.35403}
	{Bone "303_uc1a"}
	{Matrix34
		0	1	0
		-1	0	0
		0	0	1
		-0.872554	6.45877	58.8625
	}
}
{Volume "body4"
	{Box 11.6333 4.11243 7.35403}
	{Bone "303_uc1a"}
	{Position -4.52172	0.782715	58.8625}
}
{Volume "body5"
	{Box 19.1138 4.11243 4.11826}
	{Bone "303_uc1a"}
	{Position -24.9343	0.860177	57.2446}
}
{Volume "roof01"
	{Box 16.159 21.8288 4.52756}
	{Bone "exterior"}
	{Matrix34
		0.286577	-0.432634	-0.854811
		0.830094	0.557609	-0.003924
		0.478348	-0.708449	0.518925
		-4.95335	1.38539	1.8518
	}
}
{Volume "roof02"
	{Box 12.6889 31.6399 4.52756}
	{Bone "exterior"}
	{Matrix34
		0	1	0
		-1	0	0
		0	0	1
		1.51395	-5.73551	-7.28286
	}
}
