;Exported by: garry
;Date:        Mon Oct 22 14:48:47 2007
;File:        D:\-Projects-\-3DWork-\Model\Танки\T-34-85\sapper_tank\hi-poly\t34m.max
{Skeleton
	{animation
		{sequence "start"}
		{sequence "stop"}
		{sequence "explosion"}
		{sequence "hit"}
		{sequence "open" {resume}}
	}
	{bone "basis"
		{parameters "Wheelradius=0.4;"}
		{Orientation
			1	0	0
			0	-1	0
			0	0	1
		}
		{bone "emit1"
			{parameters "Group=crew;"}
			{Matrix34
				0	-1	0
				1	0	0
				0	0	1
				6.17846	45.0505	0.636278
			}
			{visibility 0}
		}
		{bone "emit2"
			{parameters "Group=crew;"}
			{Matrix34
				0	1	0
				-1	0	0
				0	0	1
				6.17846	-45.0004	0.636278
			}
			{visibility 0}
		}
		{bone "emit3"
			{parameters "Group=passengers;"}
			{Matrix34
				0	-1	0
				1	0	0
				0	0	1
				-18.3122	51.5494	0.636278
			}
			{visibility 0}
		}
		{bone "emit5"
			{parameters "Group=passengers;"}
			{Matrix34
				0	1	0
				-1	0	0
				0	0	1
				-36.8124	-51.7126	0.636278
			}
			{visibility 0}
		}
		{bone "emit4"
			{parameters "Group=passengers;"}
			{Matrix34
				0	-1	0
				1	0	0
				0	0	1
				-37.9437	51.5494	0.636278
			}
			{visibility 0}
		}
		{bone "emit6"
			{parameters "Group=passengers;"}
			{Matrix34
				0	1	0
				-1	0	0
				0	0	1
				-19.6774	-51.7126	0.636278
			}
			{visibility 0}
		}
		{bone "seat03"
			{Matrix34
				0	-0.965926	0.258819
				1	0	0
				0	0.258819	0.965926
				-35.2473	-27.1144	26.7887
			}
		}
		{bone "seat04"
			{Matrix34
				0	-0.965926	0.258819
				1	0	0
				0	0.258819	0.965926
				-20.8206	-27.1144	26.7887
			}
		}
		{bone "seat02"
			{Matrix34
				0	0.965926	0.258819
				-1	0	0
				0	-0.258819	0.965926
				-39.2337	27.154	26.7887
			}
		}
		{bone "seat01"
			{Matrix34
				0.330366	0.907673	0.258819
				-0.939693	0.34202	0
				-0.0885214	-0.243211	0.965926
				-26.3582	21.9554	26.7887
			}
		}
		{bone "wheelsl"
			{parameters "ID=trackleft;"}
			{Position -3.64807	24.1302	10.1084}
			{bone "fxtracel1"
				{Matrix34
					-0.996558	0	0.0829002
					0	1	0
					-0.0829002	0	-0.996558
					102.179	-3.13472	-9.07083
				}
			}
			{bone "fxtracel2"
				{Matrix34
					-0.981661	0	0.190634
					0	1	0
					-0.190633	0	-0.981661
					-36.8017	-3.94746	-9.94821
				}
			}
			{bone "trackl"
				{parameters "ID=trackleft;"}
				{Matrix34
					1	0	0
					0	0	1
					0	-1	0
					-3.75748	0	2.40862
				}
				{VolumeView "trackl.ply"}
			}
			{bone revolute "wheell2"
				{parameters "ID=trackleft;"}
				{Matrix34
					0.996195	0	-0.0871557
					-0.0871557	0	-0.996195
					0	-1	0
					39.4175	-0.219154	-0.319673
				}
				{VolumeView "wheell2.ply"}
			}
			{bone revolute "wheell3"
				{parameters "ID=trackleft;"}
				{Matrix34
					0.996195	0	-0.0871557
					-0.0871557	0	-0.996195
					0	-1	0
					19.1473	-0.219152	-0.319673
				}
				{VolumeView "wheell2.ply"}
			}
			{bone revolute "wheell4"
				{parameters "ID=trackleft;"}
				{Matrix34
					0.996195	0	-0.0871557
					-0.0871557	0	-0.996195
					0	-1	0
					-1.62498	-0.219151	-0.319673
				}
				{VolumeView "wheell2.ply"}
			}
			{bone revolute "wheell5"
				{parameters "ID=trackleft;"}
				{Matrix34
					0.996195	0	-0.0871557
					-0.0871557	0	-0.996195
					0	-1	0
					-19.3912	-0.219149	-0.319673
				}
				{VolumeView "wheell2.ply"}
			}
			{bone revolute "wheell6"
				{parameters "ID=trackleft;"}
				{Matrix34
					0.996195	0	-0.0871557
					-0.0871557	0	-0.996195
					0	-1	0
					-37.8375	-0.219147	-0.319673
				}
				{VolumeView "wheell2.ply"}
			}
		}
		{bone "wheelsr"
			{parameters "ID=trackright;"}
			{Position -3.64807	-23.4887	10.1084}
			{bone "fxtracer1"
				{Matrix34
					-0.996558	0	0.0829001
					0	1	0
					-0.0829001	0	-0.996558
					102.179	0.475306	-9.07084
				}
			}
			{bone "fxtracer2"
				{Matrix34
					-0.981661	0	0.190634
					0	1	0
					-0.190634	0	-0.981661
					-36.8017	2.88908	-9.94821
				}
			}
			{bone "trackr"
				{parameters "ID=trackright;"}
				{Matrix34
					1	0	0
					0	0	1
					0	-1	0
					-3.75748	0	2.40862
				}
				{VolumeView "trackr.ply"}
			}
			{bone revolute "wheelr2"
				{parameters "ID=trackright;"}
				{Matrix34
					1	0	0
					0	0	-1
					0	1	0
					39.4175	-0.211544	-0.319671
				}
				{VolumeView "wheelr2.ply"}
			}
			{bone revolute "wheelr3"
				{parameters "ID=trackright;"}
				{Matrix34
					1	0	0
					0	0	-1
					0	1	0
					19.1461	-0.211542	-0.319671
				}
				{VolumeView "wheelr2.ply"}
			}
			{bone revolute "wheelr4"
				{parameters "ID=trackright;"}
				{Matrix34
					1	0	0
					0	0	-1
					0	1	0
					-1.62137	-0.21154	-0.319671
				}
				{VolumeView "wheelr2.ply"}
			}
			{bone revolute "wheelr5"
				{parameters "ID=trackright;"}
				{Matrix34
					1	0	0
					0	0	-1
					0	1	0
					-19.385	-0.211538	-0.319671
				}
				{VolumeView "wheelr2.ply"}
			}
			{bone revolute "wheelr6"
				{parameters "ID=trackright;"}
				{Matrix34
					1	0	0
					0	0	-1
					0	1	0
					-37.8185	-0.211536	-0.319671
				}
				{VolumeView "wheelr2.ply"}
			}
		}
		{bone "body"
			{parameters "ID=body;"}
			{animation
				{sequence "repair" {file "body_r.anm"} {speed 0.8}}
			}
			{Matrix34
				1	0	0
				0	0	1
				0	1	0
				-1.70658	0.131394	8.08332
			}
			{VolumeView "body.ply"}
			{bone revolute "roller_joint"
				{limits -45 30}
				{Matrix34
					0.999443	-0.0333637	0
					0.0333637	0.999443	0
					0	0	-1
					53.5501	0.52587	-0.534036
				}
				{VolumeView "roller_joint.ply"}
				{bone "roller"
					{parameters "Radius=0.5;"}
					{Matrix34
						-0.999667	-0.0255255	0.00373586
						-0.00374329	0.000243543	-0.999993
						0.0255244	-0.999674	-0.000339084
						49.9871	3.28649	-0.68605
					}
					{bone revolute "wheelroller"
						{Matrix34
							-0.998802	0.00394793	0.0487755
							0.0487733	-0.000665123	0.99881
							0.00397565	0.999992	0.000471916
							-0.0503013	0.775368	0.106659
						}
						{VolumeView "wheelroller.ply"}
					}
				}
			}
			{bone revolute "wheelr7"
				{parameters "ID=trackright;"}
				{Matrix34
					1	0	0
					0	-1	0
					0	0	1
					-55.6185	4.51766	-23.4878
				}
				{VolumeView "wheelr7.ply"}
			}
			{bone revolute "wheelr1"
				{parameters "ID=trackright;"}
				{Matrix34
					1	0	0
					0	-1	0
					0	0	1
					51.8829	4.90553	-23.832
				}
				{VolumeView "wheelr1.ply"}
			}
			{bone revolute "wheell7"
				{parameters "ID=trackleft;"}
				{Matrix34
					1	0	0
					0	-1	0
					0	0	1
					-55.6185	4.51765	24.1235
				}
				{VolumeView "wheell7.ply"}
			}
			{bone revolute "wheell1"
				{parameters "ID=trackleft;"}
				{Matrix34
					1	0	0
					0	-1	0
					0	0	-1
					51.8829	4.90552	23.7793
				}
				{VolumeView "wheell1.ply"}
			}
			{bone "engine"
				{parameters "ID=engine;"}
				{animation
					{sequence "repair" {file "engine_r.anm"} {speed 0.8}}
				}
				{Position -31.2698	18.1431	-0.0460106}
				{VolumeView "engine.ply"}
			}
			{bone revolute "turret"
				{parameters "ID=turret;"}
				{Matrix34
					1	0	0
					0	0	-1
					0	1	0
					12.1559	22.746	5.21892
				}
				{VolumeView "turret.ply"}
				{bone "cover"
					{parameters "ID=turret;"}
					{Position -0.0466811	0	4.73743}
					{VolumeView "cover.ply"}
				}
			}
			{bone "visor2"
				{Matrix34
					0.999997	0.00232645	0
					0	0	1
					-0.00232682	0.999997	0
					40.245	19.8976	5.91107
				}
			}
			{bone revolute "mgun1"
				{limits -25 25}
				{Matrix34
					1	0	0
					0	0	-1
					0	1	0
					43.9496	15.361	-11.0531
				}
				{VolumeView "mgun1.ply"}
				{bone revolute "foresight4"
					{limits -30 30}
					{Matrix34
						0.999997	0	-0.00232702
						0.00232702	0	0.999997
						0	-1	0
						5.33713	0	0.305179
					}
				}
			}
			{bone "fxsmoke1"
				{Matrix34
					-0.912037	-0.409857	-0.0143511
					-0.0140106	-0.00383417	0.999894
					0.409869	-0.912142	0.00224546
					-59.1831	14.7395	-10.287
				}
			}
			{bone "fxsmoke2"
				{Matrix34
					-0.912037	-0.409857	-0.0143511
					-0.0140106	-0.00383417	0.999894
					0.409869	-0.912142	0.00224546
					-59.4708	14.5714	9.82578
				}
			}
			{bone "headlightl"
				{Matrix34
					1	0	0
					0	1	0
					0	0	1
					32.5243	22.2195	23.8827
				}
			}
			{bone "fxfire1"
				{Matrix34
					-0.0023269	0.999997	0
					0	0	1
					-0.999997	-0.00232628	0
					-21.0082	22.8664	-1.49746
				}
			}
			{bone "fxfire2"
				{Matrix34
					-0.00232622	0.999997	0
					0	0	-1
					-0.999997	-0.00232604	0
					7.48574	20.0943	-3.89122
				}
			}
			{bone "fxlight"
				{Matrix34
					1	0	0
					0	1	0
					0	0	1
					38.1176	22.2195	24.1248
				}
			}
			{bone "enumerator"
				{Matrix34
					-0.99611	-0.00208945	-0.0880942
					0.0200261	0.968192	-0.249406
					0.0858133	-0.2502	-0.964384
					26.1432	17.0159	-24.0272
				}
				{VolumeView "enumerator.ply"}
			}
			{bone "fxfire3"
				{Matrix34
					-0.0023269	0.999997	0
					0	0	1
					-0.999997	-0.00232628	0
					9.46843	22.8501	5.18784
				}
			}
		}
		{bone "link2"
			{Matrix34
				-1	0	0
				0	-1	0
				0	0	1
				-61.1141	0.360747	13.9112
			}
		}
	}
}
{Volume "body1"
	{Polyhedron "body1.vol"}
	{Bone "body"}
	{Matrix34
		1	0	0
		0	0	1
		0	1	0
		-2.02303	0.0654139	-0.04064
	}
}
{Volume "body2"
	{Polyhedron "body2.vol"}
	{Bone "body"}
	{Matrix34
		1	0	0
		0	0	1
		0	1	0
		-4.45658	18.7916	0.16432
	}
}
{Volume "crew"
	{Box 20.8925 23.4217 18.9057}
	{Bone "body"}
	{Matrix34
		1	0	0
		0	0	1
		0	1	0
		16.8298	10.843	0.515232
	}
}
{Volume "engine"
	{Polyhedron "engine.vol"}
	{Bone "engine"}
	{Matrix34
		1	0	0
		0	0	1
		0	1	0
		26.8132	0.648449	0.210313
	}
}
{Volume "inventory"
	{Box 20.8925 27.2345 18.2835}
	{Bone "body"}
	{Matrix34
		1	0	0
		0	0	1
		0	1	0
		-4.93415	11.2402	0.515226
	}
}
{Volume "ram"
	{Polyhedron "ram.vol"}
	{Bone "body"}
	{Matrix34
		0.92957	0.368645	0
		0	0	1
		-0.368645	0.92957	0
		26.8794	-8.20982	-0.131385
	}
}
{Volume "roller"
	{Cylinder 12.3745 61.963}
	{Bone "wheelroller"}
	{Matrix34
		-0.998832	0.0481488	0.00400636
		-0.0481466	-0.99884	0.000660573
		0.00403356	0.000467193	0.999992
		-0.0770758	0.0997784	0.522946
	}
}
{Volume "trackleft"
	{Box 113.395 9.45371 19.112}
	{Bone "wheelsl"}
	{Position 2.66329	-0.229122	-0.13272}
}
{Volume "trackright"
	{Box 113.395 9.80385 19.112}
	{Bone "wheelsr"}
	{Matrix34
		1.00001	0	0
		0	1.00001	0
		0	0	1.00001
		2.66329	-0.072746	-0.132627
	}
}
