;Exported by: sergienko
;Date:        Thu Jun 29 19:18:21 2006
;File:        D:\-projets1_5\3dwork\anima\construction\e_house021_corner\e_house021_corner01_x.max
{Skeleton
	{bone "022_corner8_x"
		{Orientation
			1	0	0
			0	-1	0
			0	0	1
		}
		{bone "piece1"
			{Matrix34
				0.258826	0	-0.965924
				0.965924	0	0.258826
				0	-1	0
				12.5783	-11.4308	67.0106
			}
			{VolumeView "piece1.ply"}
		}
		{bone "piece2"
			{Matrix34
				0.766045	0	-0.642787
				0.642787	0	0.766045
				0	-1	0
				-7.86225	-11.3487	80.326
			}
			{VolumeView "piece2.ply"}
		}
		{bone "piece3"
			{Matrix34
				-0.996195	0	0.0871492
				-0.0871492	0	-0.996195
				0	-1	0
				10.2571	-11.339	92.6656
			}
			{VolumeView "piece3.ply"}
		}
		{bone "piece4"
			{Matrix34
				-1	0	0
				0	-0.906308	-0.422619
				0	-0.422619	0.906308
				-7.15258	0.168177	128.656
			}
			{VolumeView "piece4.ply"}
		}
		{bone "piece5"
			{Matrix34
				1	0	0
				0	0.5	0.866025
				0	-0.866025	0.5
				36.3832	-4.68346	116.96
			}
			{VolumeView "piece5.ply"}
		}
		{bone "piece8"
			{Matrix34
				-1	0	0
				0	-0.5	-0.866026
				0	-0.866026	0.5
				-39.5008	-5.18067	113.622
			}
			{VolumeView "piece8.ply"}
		}
		{bone "piece7"
			{Matrix34
				-1	0	0
				0	-0.819152	-0.573577
				0	-0.573577	0.819152
				20.9606	2.92935	130.92
			}
			{VolumeView "piece7.ply"}
		}
	}
}
{Volume "piece1"
	{Box 13.0163 10.1645 9.84252}
	{Bone "piece1"}
	{Matrix34
		0.996195	0.0871559	0
		-0.0871559	0.996195	0
		0	0	1
		0.0875294	0.513051	0
	}
}
{Volume "piece2"
	{Box 22.95 24.6533 9.84253}
	{Bone "piece2"}
	{Matrix34
		0.658534	0.752551	0
		-0.752551	0.658534	0
		0	0	1
		2.81478e-005	3.7247e-005	2.08527e-005
	}
}
{Volume "piece3"
	{Box 13.0163 10.1645 9.84252}
	{Bone "piece3"}
	{Matrix34
		0.996195	0.0871558	0
		-0.0871558	0.996195	0
		0	0	1
		0.0875201	0.513045	0
	}
}
{Volume "piece4"
	{Box 15.9529 20.9903 3.55932}
	{Bone "piece4"}
	{Position -0.0371098	1.67789	-0.033065}
}
{Volume "piece5"
	{Box 26.8966 17.9012 4.18833}
	{Bone "piece5"}
	{Position 0	0.227554	-0.248569}
}
{Volume "piece7"
	{Box 14.3947 18.6568 3.12974}
	{Bone "piece7"}
	{Position 4.33082	-1.52159	0.0110996}
}
{Volume "piece8"
	{Box 24.9069 25.5721 3.1144}
	{Bone "piece8"}
	{Position -0.604829	0.3454	-0.107807}
}
