;Exported by: sana
;Date:        Thu Dec 14 14:35:25 2006
;File:        D:\-Project-\-3DWork-\Entourage\rus_church\church_cut03_x.max
{Skeleton
	{bone "rusch_d3_x"
		{Orientation
			1	0	0
			0	-1	0
			0	0	1
		}
		{bone "piece06"
			{Position 17.4034	-8.03192	-12.572}
			{VolumeView "piece06.ply"}
		}
		{bone "piece04"
			{Position 14.3551	19.72	-0.559898}
			{VolumeView "piece04.ply"}
			{bone "sub_piece04"
				{Position 2.18322	-10.0258	0.440523}
				{VolumeView "sub_piece04.ply"}
			}
		}
		{bone "piece07"
			{Position 17.431	-19.8158	-2.02831}
			{VolumeView "piece07.ply"}
			{bone "sub_piece07"
				{Position -0.015173	6.35077	2.71655}
				{VolumeView "sub_piece07.ply"}
			}
		}
		{bone "piece03"
			{Position -9.8866	-12.7549	-4.75734}
			{VolumeView "piece03.ply"}
		}
		{bone "piece01"
			{Position 18.263	-13.1378	6.32392}
			{VolumeView "piece01.ply"}
		}
		{bone "piece02"
			{Position -2.42838	5.2706	13.1494}
			{VolumeView "piece02.ply"}
		}
		{bone "piece05"
			{Position 8.95631	3.29401	12.5645}
			{VolumeView "piece05.ply"}
		}
	}
}
{Volume "piece01"
	{Box 3.92932 4.67906 35.461}
	{Bone "piece01"}
	{Matrix34
		-0.153976	0.031033	-0.987587
		-0.988037	-0.0135798	0.153619
		-0.00864399	0.999427	0.0327526
		-0.444101	2.309e-005	0
	}
}
{Volume "piece02"
	{Box 2.47297 3.17993 34.722}
	{Bone "piece02"}
	{Matrix34
		-0.36596	0.163532	-0.91615
		0.0528242	0.986503	0.154989
		0.929131	0.00832488	-0.369658
		0	-6.01417e-005	-0.0936557
	}
}
{Volume "piece03"
	{Box 5.90552 17.477 26.6873}
	{Bone "piece03"}
	{Matrix34
		0	-1	0
		0	0	1
		-1	0	0
		1.48264	-6.12767e-005	1.25052
	}
}
{Volume "piece04"
	{Box 12.7814 9.47118 11.119}
	{Bone "piece04"}
	{Matrix34
		0	-1	0
		0	0	1
		-1	0	0
		1.52588e-005	-0.266449	0
	}
}
{Volume "piece05"
	{Box 40.6355 2.71498 31.8283}
	{Bone "piece05"}
	{Matrix34
		0	-1	0
		0.365118	0	0.930961
		-0.930961	0	0.365118
		0.4138	3.0538e-005	-0.546079
	}
}
{Volume "piece06"
	{Box 13.9498 9.05806 7.97783}
	{Bone "piece06"}
	{Matrix34
		0	-0.857212	-0.514963
		0	-0.514963	0.857212
		-1	0	0
		2.28882e-005	0.169861	-0.676018
	}
}
{Volume "piece07"
	{Box 8.63418 10.908 7.94078}
	{Bone "piece07"}
	{Matrix34
		0	-0.748001	-0.663698
		0	-0.663698	0.748001
		-1	0	0
		0	-0.41806	-0.531044
	}
}
{Volume "sub_piece04"
	{Box 8.73669 8.29645 9.59805}
	{Bone "sub_piece04"}
	{Matrix34
		0	-0.995821	0.0913275
		0	0.0913275	0.995821
		-1	0	0
		0	-6.10352e-005	3.05176e-005
	}
}
{Volume "sub_piece07"
	{Box 7.10117 7.70912 7.91177}
	{Bone "sub_piece07"}
	{Matrix34
		0	-0.784232	-0.620468
		0	-0.620468	0.784232
		-1	0	0
		1.52588e-005	0.153696	0.237644
	}
}
