;Exported by: sergienko
;Date:        Mon Nov 28 11:21:07 2005
;File:        D:\-projets1_5\3dwork\anima\construction\hangar_old\Tower_hangar_x.max
{Skeleton
	{bone "air_force_hangar_c3_x"
		{Orientation
			1	0	0
			0	-1	0
			0	0	1
		}
		{bone "piece5"
			{Position 13.1179	32.7858	43.9127}
			{VolumeView "piece5.ply"}
		}
		{bone "piece6"
			{Position 5.56762	32.7296	58.1601}
			{VolumeView "piece6.ply"}
		}
		{bone "piece13"
			{Position 38.0068	32.7401	55.3919}
			{VolumeView "piece13.ply"}
		}
		{bone "piece4"
			{Position 4.91806	34.036	24.4277}
			{VolumeView "piece4.ply"}
		}
		{bone "piece2"
			{Position 4.25307	34.036	6.97416}
			{VolumeView "piece2.ply"}
		}
		{bone "piece7"
			{Position -19.4762	32.7296	57.7304}
			{VolumeView "piece7.ply"}
		}
		{bone "piece12"
			{Position 39.858	8.76157	50.1613}
			{VolumeView "piece12.ply"}
		}
		{bone "piece1"
			{Position 22.1981	33.9034	17.502}
			{VolumeView "piece1.ply"}
		}
		{bone "piece3"
			{Position -12.8704	34.036	16.3513}
			{VolumeView "piece3.ply"}
		}
		{bone "piece9"
			{Position 40.9723	12.3373	16.1352}
			{VolumeView "piece9.ply"}
		}
		{bone "piece10"
			{Position 39.858	-19.0264	40.7782}
			{VolumeView "piece10.ply"}
		}
		{bone "piece11"
			{Position 39.858	-14.1796	58.1601}
			{VolumeView "piece11.ply"}
		}
		{bone "piece8"
			{Position 40.9723	-11.8622	15.8078}
			{VolumeView "piece8.ply"}
		}
		{bone "fx_dust"
			{Position 10.0946	45.6243	36.7191}
		}
	}
}
{Volume "piece10"
	{Box 24.2032 18.6129 0.590551}
	{Bone "piece10"}
	{Matrix34
		0	1	0
		0	0	1
		1	0	0
		0.295272	0	0
	}
}
{Volume "piece11"
	{Box 30.7771 14.3243 0.590551}
	{Bone "piece11"}
	{Matrix34
		0	1	0
		0	0	1
		1	0	0
		0.295272	0	0
	}
}
{Volume "piece12"
	{Box 24.2032 18.6129 0.590551}
	{Bone "piece12"}
	{Matrix34
		0	-0.500001	0.866025
		0	-0.866025	-0.500001
		1	0	0
		0.295273	0	0
	}
}
{Volume "piece13"
	{Box 13.7795 13.7795 18.29}
	{Bone "piece13"}
	{Position 0	0	0}
}
{Volume "piece1"
	{Box 20.3243 17.3469 2.61281}
	{Bone "piece1"}
	{Matrix34
		0.707107	0	0.707107
		0.707107	0	-0.707107
		0	1	0
		0	0	0
	}
}
{Volume "piece2"
	{Box 23.6568 11.2098 2.61281}
	{Bone "piece2"}
	{Orientation
		1	0	0
		0	0	1
		0	-1	0
	}
}
{Volume "piece3"
	{Box 22.7674 18.4 2.61281}
	{Bone "piece3"}
	{Matrix34
		-0.965926	0	0.258818
		-0.258818	0	-0.965926
		0	-1	0
		0	0	0
	}
}
{Volume "piece4"
	{Box 19.0846 13.8021 2.61281}
	{Bone "piece4"}
	{Matrix34
		1	0	0
		0	0	1
		0	-1	0
		0	0	0
	}
}
{Volume "piece5"
	{Box 22.7674 18.4 0.590551}
	{Bone "piece5"}
	{Matrix34
		-1	0	0
		0	0	1
		0	1	0
		0	0.295275	0
	}
}
{Volume "piece6"
	{Box 23.8942 14.3243 0.590551}
	{Bone "piece6"}
	{Matrix34
		1	0	0
		0	0	1
		0	-1	0
		0	-0.295275	0
	}
}
{Volume "piece7"
	{Box 22.7674 18.4 0.590551}
	{Bone "piece7"}
	{Matrix34
		1	0	0
		0	0	1
		0	-1	0
		0	-0.295276	0
	}
}
{Volume "piece8"
	{Box 24.1584 18.9662 2.61281}
	{Bone "piece8"}
	{Matrix34
		0	-0.906308	-0.422618
		0	0.422618	-0.906308
		1	0	0
		0	0	0
	}
}
{Volume "piece9"
	{Box 22.7674 18.4 2.61281}
	{Bone "piece9"}
	{Matrix34
		0	-0.906308	-0.422618
		0	0.422618	-0.906308
		1	0	0
		0	0	0
	}
}
