;Exported by: shevchenko
;Date:        Sun Jul 10 15:17:53 2005
;File:        D:\-Projects1_5-\-3DWork-\euro_corner_x.max
{Skeleton
	{animation
		{sequence "crush" {speed 0.4}}
	}
	{bone "107_corner2"
		{parameters "CommonMesh;"}
		{Orientation
			1	0	0
			0	-1	0
			0	0	1
		}
		{VolumeView "107_corner2.ply"}
		{bone "piece0"
			{Matrix34
				1	0	0
				0	0	1
				0	-1	0
				-10.9103	-27.6212	81.6222
			}
			{VolumeView "piece0.ply"}
		}
		{bone "piece1"
			{Matrix34
				-1	0	0
				0	0	1
				0	1	0
				5.32841	-27.5256	60.8134
			}
			{VolumeView "piece1.ply"}
		}
		{bone "piece2"
			{Matrix34
				-1	0	0
				0	0	-1
				0	-1	0
				-13.0731	-21.4669	23.1658
			}
			{VolumeView "piece2.ply"}
		}
		{bone "piece3"
			{Matrix34
				0	-1	0
				0	0	1
				-1	0	0
				24.2044	26.9691	22.9707
			}
			{VolumeView "piece3.ply"}
		}
		{bone "piece4"
			{Matrix34
				0	-0.965915	0.258859
				0	0.258859	0.965915
				-1	0	0
				30.113	-14.3751	70.5313
			}
			{VolumeView "piece4.ply"}
		}
		{bone "piece5"
			{Matrix34
				0	-1	0
				0	0	1
				-1	0	0
				24.2043	-16.8759	22.5403
			}
			{VolumeView "piece5.ply"}
		}
		{bone "piece6"
			{Matrix34
				0	-1	0
				0	0	1
				-1	0	0
				30.113	22.4544	84.9779
			}
			{VolumeView "piece6.ply"}
		}
		{bone "piece7"
			{Matrix34
				0	-1	0
				0	0	1
				-1	0	0
				30.113	15.9704	59.694
			}
			{VolumeView "piece7.ply"}
		}
	}
}
{Volume "piece7"
	{Box 5.9055 36.6075 18.7167}
	{Bone "piece7"}
	{Matrix34
		0	0	1
		0.998482	-0.0550703	0
		0.0550703	0.998482	0
		0.135285	-0.68059	0.0176255
	}
}
{Volume "piece6"
	{Box 5.9055 16.4734 21.1499}
	{Bone "piece6"}
	{Matrix34
		0	0	1
		0.998482	-0.0550703	0
		0.0550703	0.998482	0
		0.430805	-1.80663	0.0176085
	}
}
{Volume "piece5"
	{Box 5.9055 10.9156 36.1181}
	{Bone "piece5"}
	{Matrix34
		0	0	1
		0.998647	0.051995	0
		-0.051995	0.998647	0
		-0.608901	0.534956	0.0295121
	}
}
{Volume "piece4"
	{Box 5.9055 17.1063 46.8504}
	{Bone "piece4"}
	{Matrix34
		0	0	1
		0.967465	-0.253005	0
		0.253005	0.967465	0
		1.05161	0.0476715	0.0176532
	}
}
{Volume "piece3"
	{Box 5.9055 15.374 27.3622}
	{Bone "piece3"}
	{Matrix34
		0	0	1
		0.992008	-0.126171	0
		0.126171	0.992008	0
		1.16132	-0.836802	0.0295325
	}
}
{Volume "piece2"
	{Box 5.9055 10.9156 36.1181}
	{Bone "piece2"}
	{Matrix34
		0	0	1
		0.998647	0.051995	0
		-0.051995	0.998647	0
		-0.392041	0.695789	0.00943382
	}
}
{Volume "piece1"
	{Box 5.9055 27.8217 15.9092}
	{Bone "piece1"}
	{Matrix34
		0	0	-1
		-0.998482	-0.0550703	0
		-0.0550703	0.998482	0
		-0.222066	-0.478418	0.00440333
	}
}
{Volume "piece0"
	{Box 5.9055 11.8608 21.1499}
	{Bone "piece0"}
	{Matrix34
		0	0	1
		0.946908	0.321504	0
		-0.321504	0.946908	0
		-0.988827	0.308708	0.019848
	}
}
