;Exported by: sana
;Date:        Fri Feb 02 14:44:07 2007
;File:        D:\-Project-\-3DWork-\Entourage\house_ru_140\house_ru_140_cut_x.max
{Skeleton
	{bone "h_w_4_cut1_x"
		{Orientation
			1	0	0
			0	-1	0
			0	0	1
		}
		{bone "piece14"
			{Position -12.675	1.26683	7.71303}
			{VolumeView "piece14.ply"}
		}
		{bone "piece11"
			{Position 8.2714	24.0827	17.172}
			{VolumeView "piece11.ply"}
		}
		{bone "piece12"
			{Position 12.7004	-21.2077	-3.8041}
			{VolumeView "piece12.ply"}
		}
		{bone "piece04"
			{Position -6.81235	11.7673	-25.667}
			{VolumeView "piece04.ply"}
			{bone "sub_piece04"
				{Position 1.14441e-005	-0.596601	4.54085}
				{VolumeView "sub_piece04.ply"}
			}
		}
		{bone "piece01"
			{Position -6.81235	25.5444	-1.61887}
			{VolumeView "piece01.ply"}
			{bone "sub_piece01"
				{Position 0	-4.99206	-6.23426}
				{VolumeView "sub_piece01.ply"}
			}
		}
		{bone "piece05"
			{Position -3.95134	0.350006	-29.0775}
			{VolumeView "piece05.ply"}
		}
		{bone "piece10"
			{Position -18.8148	0.350006	0.759262}
			{VolumeView "piece10.ply"}
		}
		{bone "piece08"
			{Position -20.8558	0.35001	-9.33801}
			{VolumeView "piece08.ply"}
		}
		{bone "piece13"
			{Position 21.3812	8.94709	12.579}
			{VolumeView "piece13.ply"}
		}
		{bone "piece15"
			{Position -12.8142	18.9839	18.9381}
			{VolumeView "piece15.ply"}
		}
		{bone "piece07"
			{Position -13.6876	0.350006	-14.7456}
			{VolumeView "piece07.ply"}
		}
		{bone "piece06"
			{Position -14.4487	0.350006	-20.4898}
			{VolumeView "piece06.ply"}
		}
		{bone "piece09"
			{Position -5.95728	-3.00447	-13.9367}
			{VolumeView "piece09.ply"}
		}
		{bone "piece02"
			{Position -6.81235	9.67917	-0.476803}
			{VolumeView "piece02.ply"}
			{bone "sub_piece02"
				{Position 0	1.19325	-4.37514}
				{VolumeView "sub_piece02.ply"}
			}
		}
		{bone "piece03"
			{Position -6.81235	20.6833	-16.7841}
			{VolumeView "piece03.ply"}
		}
	}
}
{Volume "piece01"
	{Box 11.7864 9.89042 2.25}
	{Bone "piece01"}
	{Matrix34
		0	-1	0
		0	0	1
		-1	0	0
		0	0.466459	0
	}
}
{Volume "piece02"
	{Box 12.4691 7.2545 2.25}
	{Bone "piece02"}
	{Matrix34
		0	-0.995854	-0.0909637
		0	-0.0909637	0.995854
		-1	0	0
		0	-0.231673	0.527134
	}
}
{Volume "piece03"
	{Box 7.79892 8.32702 2.25}
	{Bone "piece03"}
	{Matrix34
		0	-0.998585	-0.0531847
		0	-0.0531847	0.998585
		-1	0	0
		0	0.247803	0.00063324
	}
}
{Volume "piece04"
	{Box 10.9179 7.03749 2.25}
	{Bone "piece04"}
	{Matrix34
		0	-0.973874	-0.227089
		0	-0.227089	0.973874
		-1	0	0
		0	-0.10588	-0.566563
	}
}
{Volume "piece05"
	{Box 3.93701 9.57622 4.01124}
	{Bone "piece05"}
	{Matrix34
		0	1	0
		-0.993852	0	0.11072
		0.11072	0	0.993852
		0.480944	0	-0.021753
	}
}
{Volume "piece06"
	{Box 3.93701 30.571 4.8824}
	{Bone "piece06"}
	{Matrix34
		0	1	0
		-0.999255	0	0.0386061
		0.0386061	0	0.999255
		0.281724	0	0.174891
	}
}
{Volume "piece07"
	{Box 3.93701 29.0488 5.56724}
	{Bone "piece07"}
	{Matrix34
		0	1	0
		-1	0	0
		0	0	1
		0	0	0
	}
}
{Volume "piece08"
	{Box 3.937 27.0135 5.74745}
	{Bone "piece08"}
	{Matrix34
		0	1	0
		-0.998304	0	-0.0582092
		-0.0582092	0	0.998304
		0.0392381	0	-0.190607
	}
}
{Volume "piece09"
	{Box 35.0472 1.28586 9.52946}
	{Bone "piece09"}
	{Matrix34
		0	1	0
		-1	0	0
		0	0	1
		2.36893	-15.94	9.195
	}
}
{Volume "piece10"
	{Box 3.93701 36.0783 4.93754}
	{Bone "piece10"}
	{Matrix34
		0	1	0
		-1	0	0
		0	0	1
		0	0	0
	}
}
{Volume "piece11"
	{Box 1.96851 1.96851 34.9592}
	{Bone "piece11"}
	{Matrix34
		-0.00224778	0.706438	-0.707772
		0.0636809	0.706438	0.704904
		0.997968	-0.043487	-0.0465745
		0	0	-1.00602e-005
	}
}
{Volume "piece12"
	{Box 40.5277 36.2101 1.87395}
	{Bone "piece12"}
	{Matrix34
		0	0.980621	0.195915
		-1	0	0
		0	-0.195915	0.980621
		-4.08283	-1.10391	-0.2728
	}
}
{Volume "piece13"
	{Box 38.6481 33.415 1.95891}
	{Bone "piece13"}
	{Matrix34
		0	0.844105	0.536177
		-1	0	0
		0	-0.536177	0.844105
		0	-2.90942	-1.72575
	}
}
{Volume "piece14"
	{Box 23.2875 45.9983 1.78314}
	{Bone "piece14"}
	{Matrix34
		0	0.848303	0.529511
		-1	0	0
		0	-0.529511	0.848303
		0	-1.9598	-0.868351
	}
}
{Volume "piece15"
	{Box 29.9528 39.5674 2.18348}
	{Bone "piece15"}
	{Matrix34
		-0.335302	0.796959	0.502423
		-0.942111	-0.283642	-0.178815
		0	-0.533295	0.845929
		-2.17341	0.597496	0.345507
	}
}
{Volume "sub_piece01"
	{Box 5.60989 6.74143 2.25}
	{Bone "sub_piece01"}
	{Matrix34
		0	-0.473899	-0.880579
		0	-0.880579	0.473899
		-1	0	0
		0	0.0401819	0.0860014
	}
}
{Volume "sub_piece02"
	{Box 9.41317 4.56075 2.25}
	{Bone "sub_piece02"}
	{Matrix34
		0	-0.967261	-0.253785
		0	-0.253785	0.967261
		-1	0	0
		0	0.0903349	-0.328053
	}
}
{Volume "sub_piece04"
	{Box 9.2143 4.72515 2.25}
	{Bone "sub_piece04"}
	{Matrix34
		0	-0.97017	-0.242426
		0	-0.242426	0.97017
		-1	0	0
		0	-0.00414377	0.319638
	}
}
