;Exported by: sk
;Date:        Tue Jan 10 12:12:22 2006
;File:        D:\-Projects1_5-\-3DWork-\-Model-\Americos\Planer\Hamilcar\NEW\Hamilcar_x.max
{Skeleton
	{bone "basis"
		{parameters "SteerMax=45;"}
		{Orientation
			1	0	0
			0	-1	0
			0	0	1
		}
		{bone "body"
			{parameters "ID=Body;"}
			{Position -111.093	-0.301717	17.8541}
			{VolumeView "body.ply"}
			{bone "door"
				{parameters "ID=Body;"}
				{Matrix34
					-0.988992	0	-0.147968
					-0.147968	0	0.988992
					0	1	0
					180.247	-25.8117	-26.5138
				}
				{VolumeView "door.ply"}
			}
			{bone "door_pilots"
				{parameters "ID=Body;"}
				{Matrix34
					0.998119	0.0612968	0.000563622
					-0.0611054	0.995649	-0.0703535
					-0.00487362	0.0701868	0.997522
					41.6184	23.223	-49.5562
				}
				{VolumeView "door_pilots.ply"}
			}
			{bone "enumerator1"
				{parameters "ID=wingRight;"}
				{Matrix34
					0.994587	-0.103764	0.00553367
					0.103855	0.994388	-0.0201671
					-0.00341	0.0206326	0.999781
					169.002	27.7193	-19.7411
				}
				{VolumeView "enumerator1.ply"}
			}
			{bone "enumerator2"
				{parameters "ID=wingRight;"}
				{Matrix34
					-0.994587	0.103764	0.00553367
					-0.103855	-0.994388	-0.0201671
					0.00341	-0.0206326	0.999781
					151.698	-28.0343	-19.7411
				}
				{VolumeView "enumerator2.ply"}
			}
			{bone "body_back"
				{parameters "ID=body_back;"}
				{Matrix34
					-1	0	0
					0	0	1
					0	1	0
					-134.746	-0.0524734	-41.0701
				}
				{VolumeView "body_back.ply"}
				{bone "rudder"
					{parameters "ID=Body_back;"}
					{Matrix34
						1	0	0
						0	0	-1
						0	1	0
						14.9586	98.6558	0.000129711
					}
					{VolumeView "rudder.ply"}
				}
			}
			{bone "part4"
				{parameters "ID=Part2;"}
				{Position -150.505	74.5665	-19.1646}
				{VolumeView "part4.ply"}
				{bone "elevator1"
					{parameters "ID=Body_back;"}
					{Matrix34
						-1	0	0
						0	0	1
						0	1	0
						-11.6263	-15.6313	0
					}
					{VolumeView "elevator1.ply"}
				}
			}
			{bone "part3"
				{parameters "ID=Part1;"}
				{Position -147.558	-63.7353	-19.165}
				{VolumeView "part3.ply"}
				{bone "elevator2"
					{parameters "ID=Body_back;"}
					{Matrix34
						-1	0	0
						0	0	1
						0	-1	0
						-14.5611	4.80001	0.000389099
					}
					{VolumeView "elevator2.ply"}
				}
			}
			{bone "pivot_back"
				{Position -138.367	0.30167	-30.2472}
				{bone "wheel_back"
					{parameters "ID=Body_back;Radius=0.13;Support;"}
					{Matrix34
						-1	0	0
						0	0	1
						0	1	0
						-0.211456	-0.387691	-15.1341
					}
					{VolumeView "wheel_back.ply"}
				}
			}
			{bone "pivot_front"
				{Position 216.73	0.301788	-65.2306}
				{bone "wingl1"
					{parameters "ID=wingleft;"}
					{Position -133.159	134.475	56.4133}
					{VolumeView "wingl1.ply"}
					{bone "wingl2"
						{parameters "ID=wingL2;"}
						{Position -1.37337	122.97	0.756599}
						{VolumeView "wingl2.ply"}
						{bone "aileron1"
							{parameters "ID=wingL1;"}
							{Matrix34
								-0.998601	0.0528772	0
								0	0	1
								0.0528772	0.998601	0
								-21.9123	-9.27239	-1.89647
							}
							{VolumeView "aileron1.ply"}
						}
					}
					{bone "enumerator3"
						{parameters "ID=wingRight;"}
						{Matrix34
							0.00553292	0.994587	-0.103764
							-0.0201672	0.103856	0.994388
							0.999781	-0.00340924	0.0206326
							8.58764	-47.0578	6.89978
						}
						{VolumeView "enumerator3.ply" {NoCastShadows}}
					}
					{bone "flap1"
						{parameters "ID=wingL1;"}
						{Matrix34
							-0.997823	0.0659441	0
							0	0	1
							0.0659442	0.997823	0
							-32.1723	-39.706	-1.48517
						}
						{VolumeView "flap1.ply"}
					}
				}
				{bone "wingr1"
					{parameters "ID=wingright;"}
					{Position -126.925	-135.162	56.4807}
					{VolumeView "wingr1.ply"}
					{bone "wingr2"
						{parameters "ID=wingR2;"}
						{Position -12.5734	-104.888	0.283081}
						{VolumeView "wingr2.ply"}
						{bone "wingr3"
							{parameters "ID=wingR3;"}
							{Position -0.310928	-61.2174	0.36895}
							{VolumeView "wingr3.ply"}
						}
						{bone "aileron2"
							{parameters "ID=wingR1;"}
							{Matrix34
								-0.998601	-0.0528782	0
								0	0	1
								0.0528781	-0.998601	0
								-16.9458	-8.41676	-1.49025
							}
							{VolumeView "aileron2.ply"}
						}
					}
					{bone "flap2"
						{parameters "ID=wingR1;"}
						{Matrix34
							-0.997823	-0.0659445	0
							0	0	1
							0.0659445	-0.997823	0
							-38.4059	40.0983	-1.55249
						}
						{VolumeView "flap2.ply"}
					}
				}
				{bone "part1"
					{parameters "ID=wingL1;"}
					{Position -102.899	44.2709	-2.21052}
					{VolumeView "part1.ply"}
					{bone "wheell"
						{parameters "ID=body;Radius=0.55;support;"}
						{Matrix34
							-1	0	0
							0	0	1
							0	1	0
							-0.410187	24.3812	10.5339
						}
						{VolumeView "wheell.ply"}
					}
				}
				{bone "part2"
					{parameters "ID=wingR1;"}
					{Position -102.899	-44.8338	-2.29327}
					{VolumeView "part2.ply"}
					{bone "wheelr"
						{parameters "ID=Body;Radius=0.55;support;"}
						{Matrix34
							1	0	0
							0	0	-1
							0	1	0
							-0.410248	-27.4046	10.6167
						}
						{VolumeView "wheelr.ply"}
					}
				}
			}
			{bone "rod"
				{parameters "ID=Body;"}
				{Matrix34
					0.0781816	-0.00103608	-0.996939
					2.16245e-005	-0.999999	0.00104095
					-0.996939	-0.000102941	-0.0781815
					183.38	-0.518881	-7.77448
				}
				{VolumeView "rod.ply"}
			}
			{bone "trap"
				{parameters "ID=Body;"}
				{Matrix34
					0.984808	0	0.173648
					0	1	0
					-0.173648	0	0.984808
					167.735	0.301795	-50.3966
				}
				{VolumeView "trap.ply"}
			}
		}
	}
}
