;Exported by: sana
;Date:        Thu Mar 22 14:28:38 2007
;File:        D:\-Project-\-3DWork-\Entourage\SelSovet\SelSovet_cut2_x.max
{Skeleton
	{bone "sels_wall2_14_x"
		{Orientation
			1	0	0
			0	-1	0
			0	0	1
		}
		{bone "piece07"
			{Position -24.2562	21.8028	9.88128}
			{VolumeView "piece07.ply"}
			{bone "sub_piece07"
				{Position 0	-8.54855	-2.96631}
				{VolumeView "sub_piece07.ply"}
			}
		}
		{bone "piece03"
			{Position -24.2562	-5.64626	11.5677}
			{VolumeView "piece03.ply"}
		}
		{bone "piece06"
			{Position -24.2562	-17.2635	-1.5072}
			{VolumeView "piece06.ply"}
			{bone "sub_piece06"
				{Position 0	6.28427	-10.209}
				{VolumeView "sub_piece06.ply"}
			}
		}
		{bone "piece08"
			{Position -13.5596	6.84497	24.548}
			{VolumeView "piece08.ply"}
		}
		{bone "piece02"
			{Position 15.8929	16.0283	34.7049}
			{VolumeView "piece02.ply"}
		}
		{bone "piece01"
			{Matrix34
				0.890895	0.427834	0.152526
				-0.421699	0.903857	-0.0721969
				-0.16875	0	0.985659
				8.62284	-0.439896	22.6078
			}
			{VolumeView "piece01.ply"}
		}
		{bone "piece04"
			{Position 3.89715	-4.44775	12.3107}
			{VolumeView "piece04.ply"}
		}
		{bone "piece05"
			{Position -2.37757	-4.44775	1.10179}
			{VolumeView "piece05.ply"}
		}
	}
}
{Volume "piece01"
	{Box 49.0343 3.07309 3.0731}
	{Bone "piece01"}
	{Position 0	1.14326e-005	0}
}
{Volume "piece02"
	{Box 33.3638 56.1889 2.62967}
	{Bone "piece02"}
	{Matrix34
		0.897607	0.150566	0.414286
		-0.136707	0.9886	-0.0630965
		-0.419063	0	0.907957
		-1.07072	0.368989	1.93678
	}
}
{Volume "piece03"
	{Box 4.32877 21.6589 7.96717}
	{Bone "piece03"}
	{Position 0	0	1.01986}
}
{Volume "piece04"
	{Box 17.3297 1.96851 7.30084}
	{Bone "piece04"}
	{Position 0	0	0.430561}
}
{Volume "piece05"
	{Box 16.2719 1.96851 9.81849}
	{Bone "piece05"}
	{Matrix34
		0.833535	0	-0.552466
		0	1	0
		0.552466	0	0.833535
		-0.830176	0	-0.835948
	}
}
{Volume "piece06"
	{Box 4.32877 12.4031 15.0402}
	{Bone "piece06"}
	{Matrix34
		1	0	0
		0	0.895242	0.445579
		0	-0.445579	0.895242
		0	0.424594	0.497888
	}
}
{Volume "piece07"
	{Box 4.32877 13.1357 13.0088}
	{Bone "piece07"}
	{Position 0	0	0.254861}
}
{Volume "piece08"
	{Box 29.5356 51.4896 2.84256}
	{Bone "piece08"}
	{Matrix34
		0.910455	0	0.413609
		0	1	0
		-0.413609	0	0.910455
		-2.43785	0	-1.22558
	}
}
{Volume "sub_piece06"
	{Box 4.32877 9.45754 10.0926}
	{Bone "sub_piece06"}
	{Matrix34
		1	0	0
		0	0.961131	0.276094
		0	-0.276094	0.961131
		0	0.144713	0.52864
	}
}
{Volume "sub_piece07"
	{Box 4.32877 7.77643 9.48236}
	{Bone "sub_piece07"}
	{Matrix34
		1	0	0
		0	0.9096	0.415486
		0	-0.415486	0.9096
		0	-0.489359	-0.422415
	}
}
