;Exported by: shevchenko
;Date:        Thu Jul 20 18:58:15 2006
;File:        D:\-Projects1_5-\-3DWork-\bsh\bsh_c90_1_x.max
{Skeleton
	{bone "bsh90_c2_4"
		{Orientation
			1	0	0
			0	-1	0
			0	0	1
		}
		{bone "piece0"
			{Matrix34
				-1	0	0
				0	0	1
				0	1	0
				1.67783	-29.1544	-30.1318
			}
			{VolumeView "piece0.ply"}
		}
		{bone "piece1"
			{Matrix34
				-1	0	0
				0	0	1
				0	1	0
				17.8688	-19.3177	-23.4014
			}
			{VolumeView "piece1.ply"}
		}
		{bone "piece2"
			{Matrix34
				-1	0	0
				0	0	1
				0	1	0
				35.2974	-19.3177	-28.2789
			}
			{VolumeView "piece2.ply"}
		}
		{bone "piece3"
			{Matrix34
				0	1	0
				0	0	1
				1	0	0
				51.1284	-8.2383	-8.87677
			}
			{VolumeView "piece3.ply"}
		}
		{bone "piece4"
			{Matrix34
				0	1	0
				0	0	1
				1	0	0
				51.1284	-1.69661	-21.5306
			}
			{VolumeView "piece4.ply"}
		}
		{bone "piece5"
			{Matrix34
				0	1	0
				0	0	1
				1	0	0
				51.1284	14.2588	-10.0788
			}
			{VolumeView "piece5.ply"}
		}
		{bone "piece6"
			{Matrix34
				0	1	0
				0	0	1
				1	0	0
				51.1284	39.3125	-5.89441
			}
			{VolumeView "piece6.ply"}
		}
		{bone "piece7"
			{Matrix34
				0	1	0
				0	0	1
				1	0	0
				51.1284	15.839	9.71896
			}
			{VolumeView "piece7.ply"}
		}
		{bone "piece8"
			{Matrix34
				0	-1	0
				0	0	1
				-1	0	0
				21.9408	-13.3715	-1.51025
			}
			{VolumeView "piece8.ply"}
		}
		{bone "piece9"
			{Matrix34
				0	-1	0
				0	0	1
				-1	0	0
				29.2134	5.64579	21.3105
			}
			{VolumeView "piece9.ply"}
		}
	}
}
{Volume "piece0"
	{Box 9.84254 24.6882 23.8676}
	{Bone "piece0"}
	{Matrix34
		-1	0	0
		0	0	1
		0	1	0
		0	1.92551	1.71593
	}
}
{Volume "piece1"
	{Box 20.3815 9.84254 14.3378}
	{Bone "piece1"}
	{Matrix34
		-1	0	0
		0	0	1
		0	1	0
		1.0186	0.743646	0
	}
}
{Volume "piece2"
	{Box 14.362 9.84253 23.3368}
	{Bone "piece2"}
	{Matrix34
		-0.939693	-0.34202	0
		0	0	1
		-0.34202	0.939693	0
		-0.00042703	0.631202	-2.92857e-005
	}
}
{Volume "piece3"
	{Box 9.84253 32.3341 20.3588}
	{Bone "piece3"}
	{Matrix34
		0	0	1
		0.819152	0.573577	0
		-0.573577	0.819152	0
		-2.43045	2.44374	-1.90491e-005
	}
}
{Volume "piece4"
	{Box 9.84252 19.7277 14.1964}
	{Bone "piece4"}
	{Matrix34
		0	0	1
		0.939693	-0.34202	0
		0.34202	0.939693	0
		0.375767	-0.780511	-1.83293e-005
	}
}
{Volume "piece5"
	{Box 9.84252 17.0288 13.9455}
	{Bone "piece5"}
	{Matrix34
		0	0	1
		0.819152	0.573577	0
		-0.573577	0.819152	0
		1.44208	-0.979337	1.1246e-005
	}
}
{Volume "piece6"
	{Box 9.84252 19.9536 21.8235}
	{Bone "piece6"}
	{Matrix34
		0	0	1
		0.766045	0.642787	0
		-0.642787	0.766045	0
		-2.88773	0.641743	0
	}
}
{Volume "piece7"
	{Box 9.84252 24.5419 14.7725}
	{Bone "piece7"}
	{Matrix34
		0	0	1
		0.866026	0.5	0
		-0.5	0.866026	0
		0.986748	-1.42208	-1.88192e-005
	}
}
{Volume "piece8"
	{Box 29.6523 2.01062 30.0252}
	{Bone "piece8"}
	{Matrix34
		0	0	-1
		-0.766044	-0.642788	0
		-0.642788	0.766044	0
		1.13055	-1.90376	-5.1721
	}
}
{Volume "piece9"
	{Box 23.4253 2.01062 24.0201}
	{Bone "piece9"}
	{Matrix34
		0	0	-1
		-0.766044	-0.642788	0
		-0.642788	0.766044	0
		2.05537	-3.16272	-2.17037
	}
}
