;Exported by: dima
;Date:        Thu Mar 27 14:56:29 2008
;File:        D:\Попов Дмитрий\Домик\house 102\social\hangar_underground.max
{Skeleton
	{bone "ue_gate_x"
		{Orientation
			1	0	0
			0	-1	0
			0	0	1
		}
		{bone "piece3"
			{Position -22.6391	-2.80347	74.3136}
			{VolumeView "piece3.ply"}
		}
		{bone "piece2"
			{Position 25.67	-2.80347	74.5061}
			{VolumeView "piece2.ply"}
		}
		{bone "piece1"
			{Position 45.219	-5.05858	67.1894}
			{VolumeView "piece1.ply"}
		}
		{bone "fx_wood1a"
			{Position 20.6038	-0.0881996	23.841}
		}
		{bone "fx_wood1"
			{Position -14.2455	-0.0881996	23.841}
		}
	}
}
{Volume "body12"
	{Box 60.5458 8.33729 1.73165}
	{Bone "piece2"}
	{Matrix34
		1	0	0
		0	0.906308	0.422618
		0	-0.422618	0.906308
		-0.271729	-0.298623	0.0681975
	}
}
{Volume "body13"
	{Box 61.568 9.29403 1.73165}
	{Bone "piece3"}
	{Matrix34
		1	0	0
		0	0.906308	0.422618
		0	-0.422618	0.906308
		-0.56958	-0.298623	0.0681975
	}
}
{Volume "body14"
	{Box 1.69843 9.84073 1.07362}
	{Bone "piece1"}
	{Matrix34
		0.995298	-0.0875509	0.0414429
		0.0966353	0.926869	-0.362733
		-0.00665459	0.365032	0.930971
		0.147673	0.238968	-0.125259
	}
}
