;Exported by: sana
;Date:        Thu Apr 26 12:55:23 2007
;File:        D:\-Project-\-3DWork-\Entourage\School_Ru\School_ru_cut3a_x.max
{Skeleton
	{bone "school_ru_inn_r_2_5_x"
		{Orientation
			1	0	0
			0	-1	0
			0	0	1
		}
		{bone "piece10"
			{Position -0.25058	12.0052	44.6877}
			{VolumeView "piece10.ply"}
			{bone "sub_piece10"
				{Position -30.5995	6.00232	1.58009}
				{VolumeView "sub_piece10.ply"}
			}
		}
		{bone "piece03"
			{Position 20.5636	39.2547	42.7817}
			{VolumeView "piece03.ply"}
		}
		{bone "piece02"
			{Position -1.13995	54	43.3741}
			{VolumeView "piece02.ply"}
		}
		{bone "piece01"
			{Position -42.5944	46.894	45.0439}
			{VolumeView "piece01.ply"}
		}
		{bone "piece05"
			{Matrix34
				1	0	0
				0	0.8105	-0.585739
				0	0.585739	0.8105
				0.731934	29.0244	32.113
			}
			{VolumeView "piece05.ply"}
		}
		{bone "piece06"
			{Matrix34
				0.995332	0.0964849	-0.00237245
				-0.0965141	0.995031	-0.0244669
				0	0.0245816	0.999698
				0.851532	18.481	18.8633
			}
			{VolumeView "piece06.ply"}
		}
		{bone "piece04"
			{Matrix34
				0.985272	0.0953714	0.141926
				-0.0943971	0.995442	-0.0135977
				-0.142576	0	0.989784
				15.774	3.4069	35.3748
			}
			{VolumeView "piece04.ply"}
		}
		{bone "piece07"
			{Matrix34
				0.991722	0	0.128407
				0	1	0
				-0.128407	0	0.991722
				-24.8419	29.0243	41.4018
			}
			{VolumeView "piece07.ply"}
		}
		{bone "piece11"
			{Position 12.4733	0	-3.31482}
			{VolumeView "piece11.ply"}
			{bone "sub_piece11"
				{Position -5.74048	0	8.46349}
				{VolumeView "sub_piece11.ply"}
			}
		}
		{bone "piece09"
			{Position -7.64795	0	-10.4162}
			{VolumeView "piece09.ply"}
			{bone "sub_piece09"
				{Position -11.1652	0	4.0784}
				{VolumeView "sub_piece09.ply"}
			}
		}
		{bone "piece08"
			{Position -13.8094	0	11.2066}
			{VolumeView "piece08.ply"}
		}
	}
}
{Volume "piece01"
	{Box 44.1782 35.3077 8.5994}
	{Bone "piece01"}
	{Position 0	3.05176e-005	0}
}
{Volume "piece02"
	{Box 49.8591 49.5197 1.55358}
	{Bone "piece02"}
	{Matrix34
		1	0	0
		0	0.973281	-0.229617
		0	0.229617	0.973281
		0	-0.00134695	0.0607796
	}
}
{Volume "piece03"
	{Box 25.4373 43.0029 1.57625}
	{Bone "piece03"}
	{Matrix34
		0.884713	0	-0.466136
		0	1	0
		0.466136	0	0.884713
		0.74898	1.09752	-0.56822
	}
}
{Volume "piece04"
	{Box 4.01345 52.1392 4.49843}
	{Bone "piece04"}
	{Matrix34
		0.924788	0.380483	0
		-0.367564	0.893388	0.25837
		0.0983054	-0.238937	0.966046
		-0.406474	1.23908	0.407409
	}
}
{Volume "piece05"
	{Box 3.26791 3.0974 26.8347}
	{Bone "piece05"}
	{Position 0	0	1.52588e-005}
}
{Volume "piece06"
	{Box 3.14615 78.8058 2.98199}
	{Bone "piece06"}
	{Position 3.05179e-005	0	0}
}
{Volume "piece07"
	{Box 67.3159 3.26793 3.09739}
	{Bone "piece07"}
	{Position 0	0	0}
}
{Volume "piece08"
	{Box 14.7507 2.95276 11.1171}
	{Bone "piece08"}
}
{Volume "piece09"
	{Box 19.4372 2.95276 12.6979}
	{Bone "piece09"}
}
{Volume "piece10"
	{Box 45.5662 34.47 1.67819}
	{Bone "piece10"}
	{Matrix34
		1	0	0
		0	0.966616	0.25623
		0	-0.25623	0.966616
		-1.41965	0.277578	-0.293259
	}
}
{Volume "piece11"
	{Box 17.6683 2.95276 21.2251}
	{Bone "piece11"}
	{Position 1.12592	0	-0.558552}
}
{Volume "sub_piece09"
	{Box 9.58888 2.95276 10.4343}
	{Bone "sub_piece09"}
	{Matrix34
		0.931003	0	-0.365012
		0	1	0
		0.365012	0	0.931003
		0.894926	0	0.249757
	}
}
{Volume "sub_piece10"
	{Box 31.9429 22.4654 1.53881}
	{Bone "sub_piece10"}
	{Matrix34
		1	0	0
		0	0.962094	0.272717
		0	-0.272717	0.962094
		0	-0.0110917	0.149089
	}
}
{Volume "sub_piece11"
	{Box 14.4007 2.95276 13.2084}
	{Bone "sub_piece11"}
	{Matrix34
		0.649544	0	0.760324
		0	1	0
		-0.760324	0	0.649544
		0.315186	0	1.38789
	}
}
