;Exported by: sana
;Date:        Tue Feb 28 19:53:48 2006
;File:        D:\-Project-\-3DWork-\Entourage\e-house3a\e_farm112_new_x.max
{Skeleton
	{bone "farm_corn3"
		{Orientation
			1	0	0
			0	-1	0
			0	0	1
		}
		{bone "exterior"
			{Position 18.8189	-6.16144	92.6772}
		}
		{bone "piece1"
			{Matrix34
				-1	0	0
				0	-1	0
				0	0	-1
				40.0637	1.13873	59.6788
			}
			{VolumeView "piece1.ply"}
		}
		{bone "piece2"
			{Matrix34
				-1	0	0
				0	-1	0
				0	0	-1
				18.7317	1.13873	90.3358
			}
			{VolumeView "piece2.ply"}
		}
		{bone "piece3"
			{Position -9.01294	18.7264	111.761}
			{VolumeView "piece3.ply"}
			{bone "sub_piece3"
				{Position -0.62207	0	-12.4404}
				{VolumeView "sub_piece3.ply"}
			}
		}
		{bone "piece4"
			{Position -33.505	18.7264	96.9876}
			{VolumeView "piece4.ply"}
			{bone "sub_piece4"
				{Position 3.42108	0	-13.1402}
				{VolumeView "sub_piece4.ply"}
			}
		}
		{bone "piece6"
			{Position -6.48761	18.7264	58.987}
			{VolumeView "piece6.ply"}
		}
		{bone "piece7"
			{Position 17.6561	18.7264	84.1584}
			{VolumeView "piece7.ply"}
			{bone "sub_piece7"
				{Position -11.7407	0	-7.0755}
				{VolumeView "sub_piece7.ply"}
			}
		}
		{bone "piece8"
			{Position 31.8849	18.7264	51.1912}
			{VolumeView "piece8.ply"}
			{bone "sub_piece8"
				{Position -10.9631	0	3.96537}
				{VolumeView "sub_piece8.ply"}
			}
		}
		{bone "piece9"
			{Position 31.5739	18.7264	19.9612}
			{VolumeView "piece9.ply"}
		}
		{bone "piece5"
			{Position 2.4873	-6.16602	116.881}
			{VolumeView "piece5.ply"}
		}
		{bone "piece10"
			{Position -20.1534	8.00635	52.6213}
			{VolumeView "piece10.ply"}
			{bone "sub_piece10"
				{Position 0.621715	0	-14.9287}
				{VolumeView "sub_piece10.ply"}
			}
		}
		{bone "piece11"
			{Position -33.6193	29.9612	9.77965}
			{VolumeView "piece11.ply"}
			{bone "sub_piece11"
				{Position 2.33251	-3.39922e-005	7.80896}
				{VolumeView "sub_piece11.ply"}
			}
		}
		{bone "piece12"
			{Position -33.9304	29.9612	47.7231}
			{VolumeView "piece12.ply"}
			{bone "sub_piece12"
				{Position -0.621741	-3.55492e-005	-15.7788}
				{VolumeView "sub_piece12.ply"}
			}
		}
		{bone "piece13"
			{Position -22.0931	31.1544	67.827}
			{VolumeView "piece13.ply"}
			{bone "sub_piece13"
				{Position 0	-2.33255	7.80895}
				{VolumeView "sub_piece13.ply"}
			}
		}
		{bone "piece14"
			{Position -31.9429	30.061	112.751}
			{VolumeView "piece14.ply"}
			{bone "sub_piece14"
				{Position 0	2.33254	-7.80901}
				{VolumeView "sub_piece14.ply"}
			}
		}
		{bone "piece15"
			{Position 29.7706	12.4749	77.3148}
			{VolumeView "piece15.ply"}
		}
	}
}
{Volume "piece10"
	{Box 14.3065 5.5 19.7492}
	{Bone "piece10"}
	{Position 3.5875e-005	0	0}
}
{Volume "piece11"
	{Box 14.9285 5.5 14.9285}
	{Bone "piece11"}
	{Position -1.84095e-005	0	-1.86606}
}
{Volume "piece12"
	{Box 14.3065 5.5 16.9843}
	{Bone "piece12"}
	{Position -0.304279	0	0.0211639}
}
{Volume "piece13"
	{Box 5.5 14.9285 18.6606}
	{Bone "piece13"}
	{Position 0	0	0}
}
{Volume "piece14"
	{Box 5.5 13.2864 14.7419}
	{Bone "piece14"}
	{Position 0	-0.949088	2.24149}
}
{Volume "piece15"
	{Box 3.62337 24.9612 57.9737}
	{Bone "piece15"}
	{Matrix34
		0.819152	0	0.573576
		0	1	0
		-0.573576	0	0.819152
		0.414808	1.71146	-0.145383
	}
}
{Volume "piece1"
	{Box 3.40955 55.0201 2.95276}
	{Bone "piece1"}
	{Matrix34
		-1	0	0
		0	-1	0
		0	0	-1
		0	0	0
	}
}
{Volume "piece2"
	{Box 3.40958 62.9042 2.95276}
	{Bone "piece2"}
	{Matrix34
		-1	0	0
		0	-1	0
		0	0	-1
		-3.05176e-005	3.94205	0
	}
}
{Volume "piece3"
	{Box 21.9822 8 15.224}
	{Bone "piece3"}
	{Matrix34
		0.984808	0	0.173648
		0	1	0
		-0.173648	0	0.984808
		0.163374	0	-0.926506
	}
}
{Volume "piece4"
	{Box 18.8161 8 18.6606}
	{Bone "piece4"}
	{Position 0	0	0}
}
{Volume "piece5"
	{Box 3.99063 56.5644 29.5027}
	{Bone "piece5"}
	{Matrix34
		0.819152	0	0.573576
		0	1	0
		-0.573576	0	0.819152
		3.54636	4.77347	-4.73514
	}
}
{Volume "piece6"
	{Box 15.8615 8 29.5211}
	{Bone "piece6"}
	{Position 0	0	-0.318839}
}
{Volume "piece7"
	{Box 13.9955 8 25.8107}
	{Bone "piece7"}
	{Matrix34
		0.819152	0	0.573576
		0	1	0
		-0.573576	0	0.819152
		-0.39447	0	-1.72093
	}
}
{Volume "piece8"
	{Box 17.5876 8 30.0047}
	{Bone "piece8"}
	{Position 1.58768	0	-0.416995}
}
{Volume "piece9"
	{Box 20.732 8 22.8998}
	{Bone "piece9"}
	{Position 0.265442	0	-0.295119}
}
{Volume "sub_piece10"
	{Box 12.7514 5.5 13.529}
	{Bone "sub_piece10"}
	{Position -2.97858e-005	2.83249e-005	0}
}
{Volume "sub_piece11"
	{Box 11.1964 5.5 10.3982}
	{Bone "sub_piece11"}
	{Position 0.498151	0	2.72474}
}
{Volume "sub_piece12"
	{Box 12.7514 5.5 11.7702}
	{Bone "sub_piece12"}
	{Matrix34
		0.984808	0	0.173648
		0	1	0
		-0.173648	0	0.984808
		-0.155276	0	0.534055
	}
}
{Volume "sub_piece13"
	{Box 5.5 11.1964 15.9973}
	{Bone "sub_piece13"}
	{Position 0	0	0}
}
{Volume "sub_piece14"
	{Box 5.5 9.06907 12.4779}
	{Bone "sub_piece14"}
	{Position 2.32039e-005	1.36291	-1.57656}
}
{Volume "sub_piece3"
	{Box 14.9285 8 9.01929}
	{Bone "sub_piece3"}
	{Position 0	0	0}
}
{Volume "sub_piece4"
	{Box 15.395 8 9.1748}
	{Bone "sub_piece4"}
	{Position 0	0	-1.52588e-005}
}
{Volume "sub_piece7"
	{Box 11.8402 8 17.541}
	{Bone "sub_piece7"}
	{Matrix34
		0.939693	0	0.34202
		0	1	0
		-0.34202	0	0.939693
		-0.341041	0	0.0352479
	}
}
{Volume "sub_piece8"
	{Box 11.6473 8 18.5922}
	{Bone "sub_piece8"}
	{Matrix34
		0.906308	0	-0.422618
		0	1	0
		0.422618	0	0.906308
		-0.642196	0	0.66567
	}
}
