;Exported by: sana
;Date:        Thu Jul 06 15:44:29 2006
;File:        D:\ss\store_1\store_03n_x.max
{Skeleton
	{bone "door1"
		{Orientation
			1	0	0
			0	-1	0
			0	0	1
		}
		{bone "piece01"
			{Matrix34
				0.766684	0.63496	-0.0949781
				0.20915	-0.107146	0.971996
				0.607002	-0.765079	-0.214949
				-13.6188	-40.2049	36.8918
			}
			{VolumeView "piece01.ply"}
		}
		{bone "piece02"
			{Matrix34
				-0.196568	0.979025	0.0535737
				0.255408	-0.00162576	0.966832
				0.94664	0.203731	-0.249732
				-13.507	39.5581	34.0124
			}
			{VolumeView "piece02.ply"}
		}
		{bone "piece03"
			{Matrix34
				-0.0201847	0.993426	0.112686
				0.280754	-0.102542	0.954286
				0.959568	0.0508989	-0.276838
				-13.507	39.5581	36.2922
			}
			{VolumeView "piece03.ply"}
		}
	}
}
{Volume "piece01"
	{Box 38.282 57.9383 3.03835}
	{Bone "piece01"}
	{Position 19.8929	0.675786	-0.717771}
}
{Volume "piece02"
	{Box 40.6287 36.321 1.9685}
	{Bone "piece02"}
	{Position -20.3164	11.9269	-0.0625913}
}
{Volume "piece03"
	{Box 40.6019 36.9397 1.04847}
	{Bone "piece03"}
	{Position -19.845	-9.9647	-0.661851}
}
