;Exported by: sana
;Date:        Mon Jul 03 10:28:06 2006
;File:        D:\-Project-\-3DWork-\Entourage\e-house3a\farm_construction_x04.max
{Skeleton
	{bone "ch_farm_corner_inner01"
		{Orientation
			1	0	0
			0	-1	0
			0	0	1
		}
		{VolumeView "ch_farm_corner_inner01.ply"}
		{bone "piece01"
			{Position -22.7542	31.1315	52.6892}
			{VolumeView "piece01.ply"}
			{bone "sub_piece01"
				{Position 0	-7.62228	-4.43825}
				{VolumeView "sub_piece01.ply"}
			}
		}
		{bone "piece02"
			{Position -22.7542	-2.14108	35.7562}
			{VolumeView "piece02.ply"}
			{bone "sub_piece02"
				{Position 0	5.78906	-3.08747}
				{VolumeView "sub_piece02.ply"}
			}
		}
		{bone "piece03"
			{Position -22.7542	23.2017	35.2738}
			{VolumeView "piece03.ply"}
			{bone "sub_piece03"
				{Position 0	-0.820099	-7.71873}
				{VolumeView "sub_piece03.ply"}
			}
		}
		{bone "piece04"
			{Position -22.3639	-16.8213	52.7857}
			{VolumeView "piece04.ply"}
			{bone "sub_piece04"
				{Position 0	8.9248	-1.68844}
				{VolumeView "sub_piece04.ply"}
			}
		}
		{bone "piece06"
			{Position 24.7412	11.8758	47.9521}
			{VolumeView "piece06.ply"}
			{bone "sub_piece06"
				{Position -7.70923	0	-3.87888}
				{VolumeView "sub_piece06.ply"}
			}
		}
		{bone "piece07"
			{Position 0.886108	11.8758	50.4249}
			{VolumeView "piece07.ply"}
			{bone "sub_piece07"
				{Position -4.41223	0	-6.93349}
				{VolumeView "sub_piece07.ply"}
			}
		}
		{bone "piece08"
			{Position -13.8053	11.8758	36.1215}
			{VolumeView "piece08.ply"}
			{bone "sub_piece08"
				{Position 3.24866	0	-5.81832}
				{VolumeView "sub_piece08.ply"}
			}
		}
		{bone "piece09"
			{Position 7.28625	11.8758	30.0123}
			{VolumeView "piece09.ply"}
			{bone "sub_piece09"
				{Position -1.84241	0	-6.10923}
				{VolumeView "sub_piece09.ply"}
			}
		}
		{bone "piece05"
			{Matrix34
				0	-1	0
				0.0938485	0	0.995587
				-0.995587	0	0.0938485
				-27.0899	-20.7583	59.1423
			}
			{VolumeView "piece05.ply"}
		}
	}
}
{Volume "piece01"
	{Box 7.87402 19.4899 12.9289}
	{Bone "piece01"}
	{Position 0	0	-2.56578e-005}
}
{Volume "piece02"
	{Box 7.87402 10.4203 14.1832}
	{Bone "piece02"}
	{Position 0	0	-1.89821e-005}
}
{Volume "piece03"
	{Box 7.87402 16.3059 9.74591}
	{Bone "piece03"}
	{Matrix34
		1	0	0
		0	0.982583	-0.185826
		0	0.185826	0.982583
		0	-0.0895222	0.353215
	}
}
{Volume "piece04"
	{Box 7.87402 14.0867 13.1219}
	{Bone "piece04"}
	{Position 0	0	-2.18198e-005}
}
{Volume "piece05"
	{Box 29.5981 39.3701 0.984253}
	{Bone "piece05"}
	{Position 0	0	0.492049}
}
{Volume "piece06"
	{Box 11.7918 3.93701 13.867}
	{Bone "piece06"}
	{Matrix34
		0.701851	0	-0.712324
		0	1	0
		0.712324	0	0.701851
		-0.451061	0	1.53948
	}
}
{Volume "piece07"
	{Box 18.2307 3.93701 9.11536}
	{Bone "piece07"}
}
{Volume "piece08"
	{Box 10.0812 3.93701 10.0366}
	{Bone "piece08"}
	{Matrix34
		0.854866	0	0.518849
		0	1	0
		-0.518849	0	0.854866
		-0.234484	0	0.492432
	}
}
{Volume "piece09"
	{Box 11.7763 3.93701 12.7576}
	{Bone "piece09"}
	{Matrix34
		0.985814	0	-0.167842
		0	1	0
		0.167842	0	0.985814
		-0.0939199	0	0.283881
	}
}
{Volume "sub_piece01"
	{Box 7.87402 12.5218 8.39416}
	{Bone "sub_piece01"}
	{Matrix34
		1	0	0
		0	0.744054	-0.66812
		0	0.66812	0.744054
		0	-1.21417	-0.636524
	}
}
{Volume "sub_piece02"
	{Box 7.87402 8.59678 11.6302}
	{Bone "sub_piece02"}
	{Matrix34
		1	0	0
		0	0.900071	-0.435742
		0	0.435742	0.900071
		0	0.67756	-0.824975
	}
}
{Volume "sub_piece03"
	{Box 7.87402 12.35 7.0511}
	{Bone "sub_piece03"}
	{Matrix34
		1	0	0
		0	0.98458	-0.174933
		0	0.174933	0.98458
		0	-0.312816	-0.122413
	}
}
{Volume "sub_piece04"
	{Box 7.87402 8.5688 10.3238}
	{Bone "sub_piece04"}
	{Matrix34
		1	0	0
		0	0.941683	-0.336501
		0	0.336501	0.941683
		0	0.3523	-1.04172
	}
}
{Volume "sub_piece06"
	{Box 8.46568 3.93701 11.0083}
	{Bone "sub_piece06"}
	{Matrix34
		0.901086	0	0.43364
		0	1	0
		-0.43364	0	0.901086
		-1.08256	0	-0.676793
	}
}
{Volume "sub_piece07"
	{Box 10.9578 3.93701 7.50854}
	{Bone "sub_piece07"}
	{Matrix34
		0.984479	0	-0.175504
		0	1	0
		0.175504	0	0.984479
		-0.0814135	0	-0.456818
	}
}
{Volume "sub_piece08"
	{Box 6.3982 3.93701 7.77002}
	{Bone "sub_piece08"}
	{Matrix34
		0.528107	0	-0.849178
		0	1	0
		0.849178	0	0.528107
		0.771778	0	-0.536395
	}
}
{Volume "sub_piece09"
	{Box 11.9489 3.93701 5.60013}
	{Bone "sub_piece09"}
	{Matrix34
		0.925959	0	-0.377623
		0	1	0
		0.377623	0	0.925959
		-0.315837	0	-0.77446
	}
}
