;Exported by: kolesnikov
;Date:        Sat Oct 29 09:42:30 2005
;File:        D:\-Project-\-3DWork-\barricade_cobble.max
{Skeleton
	{bone "barricade_cobl3_c4_x"
		{Orientation
			1	0	0
			0	-1	0
			0	0	1
		}
		{bone "piece5"
			{Position 30.4222	23.1599	31.5608}
			{VolumeView "piece5.ply"}
		}
		{bone "piece6"
			{Position 36.0262	38.4441	18.9631}
			{VolumeView "piece6.ply"}
		}
		{bone "piece4"
			{Position 24.067	20.4434	16.3316}
			{VolumeView "piece4.ply"}
		}
		{bone "piece2"
			{Position 10.9175	-0.685791	15.6939}
			{VolumeView "piece2.ply"}
		}
		{bone "piece3"
			{Position 17.9566	19.9192	15.3988}
			{VolumeView "piece3.ply"}
		}
		{bone "piece7"
			{Position 11.1859	9.28546	15.1517}
			{VolumeView "piece7.ply"}
		}
		{bone "fx_stone1"
			{Position 38.7914	22.132	17.1361}
		}
	}
}
{Volume "body46"
	{Box 21.6318 7.12802 8.19046}
	{Bone "piece4"}
	{Matrix34
		0.350404	-0.927898	-0.127368
		0.907896	0.369919	-0.197194
		0.230091	-0.0465395	0.972056
		-0.38583	-0.196891	0.210344
	}
}
{Volume "body49"
	{Box 1.53802 23.0178 1.31047}
	{Bone "piece3"}
	{Matrix34
		-0.880614	-0.312957	0.355775
		-0.433243	0.835861	-0.3371
		-0.19188	-0.450992	-0.871658
		-0.619822	0.819364	-0.25617
	}
}
{Volume "body50"
	{Box 4.7331 9.94423 1.13252}
	{Bone "piece2"}
	{Matrix34
		-0.153229	-0.98732	-0.0414739
		0.964451	-0.15856	0.211404
		-0.2153	-0.0076063	0.976518
		0.0799212	0.0542572	0.0623073
	}
}
{Volume "body51"
	{Box 4.7331 9.94423 0.747464}
	{Bone "piece7"}
	{Matrix34
		-0.153229	-0.98732	-0.0414738
		0.298537	-0.00624195	-0.954377
		0.942017	-0.15862	0.295708
		0.0329306	-0.0574543	0.298226
	}
}
{Volume "piecebody17"
	{Box 9.5556 1.47819 16.014}
	{Bone "piece6"}
	{Matrix34
		0.22955	0.969869	0.0816142
		0.415541	-0.173486	0.892876
		0.880132	-0.171046	-0.442845
		1.09866	-0.489733	0.120315
	}
}
{Volume "piecebody18"
	{Box 15.926 1.47819 10.0717}
	{Bone "piece5"}
	{Matrix34
		0.0230449	0.969869	0.242534
		-0.633605	-0.173486	0.753954
		0.773313	-0.171046	0.610516
		-0.39178	0.0787192	0.54759
	}
}
