;Exported by: klimenko
;Date:        Wed Sep 07 18:00:14 2005
;File:        D:\-Project-\-3DWork-\RR_gad.max
{Skeleton
	{bone "post_hydrant"
		{Orientation
			1	0	0
			0	-1	0
			0	0	1
		}
		{VolumeView "post_hydrant.ply"}
		{bone "fx_water"
			{Matrix34
				0.240383	-0.177076	-0.95439
				0.483419	0.874452	-0.0404856
				0.841737	-0.451639	0.295805
				37.8873	-27.7544	94.9053
			}
		}
	}
}
{Volume "body1"
	{Box 37.0188 6.8115 5.93535}
	{Bone "post_hydrant"}
	{Matrix34
		0.799953	-0.600062	0
		0.600062	0.799953	0
		0	0	1
		19.3034	-14.0758	101.188
	}
}
{Volume "body"
	{Box 8.89414 8.01353 116.379}
	{Bone "post_hydrant"}
	{Matrix34
		0.811379	-0.584521	0
		0.584521	0.811379	0
		0	0	1
		0.0312051	0.685943	57.2804
	}
}
