;Exported by: klimenko
;Date:        Tue Jan 31 18:51:29 2006
;File:        D:\-Project-\-3DWork-\entourage\barricade_cobble_copy.max
{Skeleton
	{bone "barricade_cobl2_c1"
		{Orientation
			1	0	0
			0	-1	0
			0	0	1
		}
		{bone "fx_stone1"
			{Position 41.022	11.9913	17.1361}
		}
		{bone "piece1"
			{parameters "Land;Ground;"}
			{Position 20.9173	17.4883	9.9752}
			{VolumeView "piece1.ply" {Ground}}
		}
		{bone "piece2"
			{parameters "Land;Ground;"}
			{Position 41.0442	-32.589	17.4677}
			{VolumeView "piece2.ply" {Ground}}
		}
		{bone "piece3"
			{parameters "Land;Ground;"}
			{Position 49.9887	-0.0333343	3.28247}
			{VolumeView "piece3.ply" {Ground}}
		}
		{bone "piece5"
			{parameters "Land;Ground;"}
			{Position 45.4634	-20.8945	19.9054}
			{VolumeView "piece5.ply" {Ground}}
		}
		{bone "piece6"
			{parameters "Land;Ground;"}
			{Position 45.4014	-7.80775	13.3439}
			{VolumeView "piece6.ply" {Ground}}
		}
		{bone "piece4"
			{parameters "Land;Ground;"}
			{Position 27.6324	18.2953	15.2237}
			{VolumeView "piece4.ply" {Ground}}
		}
		{bone "sub_piece1"
			{parameters "Land;Ground;"}
			{Position 39.6686	15.0597	3.98898}
			{VolumeView "sub_piece1.ply" {Ground}}
		}
		{bone "sub_piece2"
			{parameters "Land;Ground;"}
			{Position 25.7312	1.26269	15.2508}
			{VolumeView "sub_piece2.ply" {Ground}}
		}
		{bone "sub_piece3"
			{parameters "Land;Ground;"}
			{Position 37.2509	-0.340602	17.6869}
			{VolumeView "sub_piece3.ply" {Ground}}
		}
		{bone "sub_piece4"
			{parameters "Land;Ground;"}
			{Position 35.3943	-11.1705	17.0673}
			{VolumeView "sub_piece4.ply" {Ground}}
		}
		{bone "sub_piece5"
			{parameters "Land;Ground;"}
			{Position 34.809	-18.2749	13.1223}
			{VolumeView "sub_piece5.ply" {Ground}}
		}
		{bone "sub_piece6"
			{parameters "Land;Ground;"}
			{Position 52.5241	-14.7407	7.49894}
			{VolumeView "sub_piece6.ply" {Ground}}
		}
		{bone "sub_piece7"
			{parameters "Land;Ground;"}
			{Position 51.9455	-22.5652	10.5971}
			{VolumeView "sub_piece7.ply" {Ground}}
		}
	}
}
{Volume "piece1"
	{Box 6.26325 5.48299 7.52103}
	{Bone "piece1"}
	{Matrix34
		0.713902	0.580505	0.39161
		-0.459723	0.810389	-0.363214
		-0.528203	0.079267	0.84541
		-0.812388	-0.0994316	-0.0427929
	}
}
{Volume "piece2"
	{Box 5.16131 5.02187 5.69875}
	{Bone "piece2"}
	{Matrix34
		0.890644	-0.106329	0.442095
		0.00763489	0.975634	0.219271
		-0.454638	-0.191917	0.869754
		0.289461	0.395926	0.163144
	}
}
{Volume "piece3"
	{Box 6.99781 7.33414 6.7709}
	{Bone "piece3"}
	{Matrix34
		0.976127	-0.111687	0.186284
		-0.00548069	0.844723	0.535175
		-0.21713	-0.523419	0.823946
		0.0868771	0.471047	0.142856
	}
}
{Volume "piece4"
	{Box 5.56355 5.68811 6.75615}
	{Bone "piece4"}
	{Matrix34
		0.816646	-0.295001	0.496049
		0.212022	0.952744	0.217546
		-0.536783	-0.0724844	0.840601
		0.0602682	0.106919	-1.10429
	}
}
{Volume "piece5"
	{Box 4.50466 4.67886 7.10012}
	{Bone "piece5"}
	{Matrix34
		0.86534	-0.410066	0.288154
		0.494166	0.793981	-0.354109
		-0.0835804	0.44882	0.889705
		-0.339597	-0.259484	0.224404
	}
}
{Volume "piece6"
	{Box 5.188 6.19548 5.35151}
	{Bone "piece6"}
	{Matrix34
		0.949777	-0.0502827	0.308861
		0.244632	0.734791	-0.632644
		-0.195136	0.676427	0.710189
		0.0959677	0.328082	0.335479
	}
}
{Volume "sub_piece1"
	{Box 6.39185 6.75463 4.66656}
	{Bone "sub_piece1"}
	{Matrix34
		0.944623	-0.0604242	0.322547
		-0.0568365	0.937921	0.34216
		-0.323198	-0.341544	0.882548
		0.388469	0.410539	-1.06082
	}
}
{Volume "sub_piece2"
	{Box 5.54791 5.50349 5.52971}
	{Bone "sub_piece2"}
	{Matrix34
		0.906529	0.384171	0.17498
		-0.402495	0.911573	0.0838568
		-0.127292	-0.146447	0.980994
		-0.250752	0.18192	0.792786
	}
}
{Volume "sub_piece3"
	{Box 7.91248 8.29272 5.88333}
	{Bone "sub_piece3"}
	{Matrix34
		0.952047	0.223871	-0.208538
		-0.14384	0.929093	0.340729
		0.27003	-0.294393	0.916742
		-0.599256	-0.897227	-0.325862
	}
}
{Volume "sub_piece4"
	{Box 5.33453 5.41541 5.60986}
	{Bone "sub_piece4"}
	{Matrix34
		0.929116	0.344736	0.133793
		-0.357236	0.930237	0.0839143
		-0.0955303	-0.125761	0.98745
		0.114771	-0.309964	0.604555
	}
}
{Volume "sub_piece5"
	{Box 4.9294 4.94269 6.77376}
	{Bone "sub_piece5"}
	{Matrix34
		0.873888	0.201247	-0.442515
		-0.0685432	0.952201	0.297682
		0.48127	-0.229809	0.845912
		0.00452534	0.454864	-1.36966
	}
}
{Volume "sub_piece6"
	{Box 5.4485 4.63739 6.1057}
	{Bone "sub_piece6"}
	{Matrix34
		0.89105	-0.448244	0.0714618
		0.405275	0.856564	0.319454
		-0.204405	-0.255687	0.944903
		-0.252434	0.331726	0.64884
	}
}
{Volume "sub_piece7"
	{Box 5.14352 5.26076 5.23081}
	{Bone "sub_piece7"}
	{Matrix34
		0.962104	-0.272684	0
		0.272684	0.962104	0
		0	0	1
		0	-5.53811e-005	0.360739
	}
}
