;Exported by: sana
;Date:        Thu Mar 22 14:28:30 2007
;File:        D:\-Project-\-3DWork-\Entourage\SelSovet\SelSovet_cut2_x.max
{Skeleton
	{bone "sels_wall1_2_x"
		{Orientation
			1	0	0
			0	-1	0
			0	0	1
		}
		{bone "piece03"
			{Position 23.1222	-1.52588e-005	-4.98957}
			{VolumeView "piece03.ply"}
		}
		{bone "piece02"
			{Position -18.0473	0	10.3963}
			{VolumeView "piece02.ply"}
		}
		{bone "piece01"
			{Position -26.6004	0	-11.2168}
			{VolumeView "piece01.ply"}
		}
	}
}
{Volume "piece01"
	{Box 17.3356 4.5834 15.6935}
	{Bone "piece01"}
	{Matrix34
		0.824374	0	0.566045
		0	1	0
		-0.566045	0	0.824374
		-0.121118	0	-1.30793
	}
}
{Volume "piece02"
	{Box 23.6448 4.5834 18.5259}
	{Bone "piece02"}
	{Matrix34
		0.980692	0	0.19556
		0	1	0
		-0.19556	0	0.980692
		0.270679	0	-1.35739
	}
}
{Volume "piece03"
	{Box 26.8825 4.5834 32.9745}
	{Bone "piece03"}
	{Matrix34
		0.992282	0	0.124002
		0	1	0
		-0.124002	0	0.992282
		0	3.05176e-005	0
	}
}
