;Exported by: Normand
;Date:        Sat May 19 13:07:39 2012
;File:        C:\Users\Normand\Marder135_xx.max
{Skeleton
	{bone revolute "basis"
		{parameters "Wheelradius=0.4;"}
		{limits 0 0}
		{Orientation
			1	0	0
			0	-1	0
			0	0	1
		}
		{bone "wheelsr"
			{parameters "ID=trackright;"}
			{Matrix34
				0.00385004	0.99999	0.00213957
				-0.999985	0.00385842	-0.00392864
				-0.00393686	-0.00212441	0.99999
				22.007	-12.7909	9.98212
			}
			{VolumeView "wheelsr.ply"}
			{bone revolute "wheelr11"
				{parameters "ID=trackright;"}
				{Matrix34
					-0.0112492	0.999813	0.0157571
					0.00548686	-0.0156962	0.999862
					-0.999922	-0.0113341	0.00530926
					1.06784	-2.90684	-5.09067
				}
				{VolumeView "wheelr11.ply"}
			}
			{bone revolute "wheelr12"
				{parameters "ID=trackright;"}
				{Matrix34
					-0.0112492	0.999813	0.0157571
					0.00548686	-0.0156962	0.999862
					-0.999922	-0.0113341	0.00530926
					1.03569	7.80427	-5.0485
				}
				{VolumeView "wheelr11.ply"}
			}
			{bone revolute "wheelr13"
				{parameters "ID=trackright;"}
				{Matrix34
					-0.0112492	0.999813	0.0157571
					0.00548686	-0.0156962	0.999862
					-0.999922	-0.0113341	0.00530926
					1.0043	18.2614	-5.00733
				}
				{VolumeView "wheelr11.ply"}
			}
			{bone revolute "wheelr14"
				{parameters "ID=trackright;"}
				{Matrix34
					-0.0112492	0.999813	0.0157571
					0.00548686	-0.0156962	0.999862
					-0.999922	-0.0113341	0.00530926
					0.972017	29.0171	-4.96499
				}
				{VolumeView "wheelr11.ply"}
			}
			{bone revolute "wheelr15"
				{parameters "ID=trackright;"}
				{Matrix34
					-0.0112492	0.999813	0.0157571
					0.00548686	-0.0156962	0.999862
					-0.999922	-0.0113341	0.00530926
					0.940992	39.3533	-4.9243
				}
				{VolumeView "wheelr11.ply"}
			}
			{bone revolute "wheelr16"
				{parameters "ID=trackright;"}
				{Matrix34
					-0.0112492	0.999813	0.0157571
					0.00548686	-0.0156962	0.999862
					-0.999922	-0.0113341	0.00530926
					0.909005	50.0099	-4.88234
				}
				{VolumeView "wheelr11.ply"}
			}
			{bone "trackr"
				{parameters "CommonMesh;ID=trackright;"}
				{Matrix34
					0.00301724	-0.999988	-0.0039368
					0	-0.00393681	0.999992
					-0.999995	-0.00301722	0
					-0.151315	22.8573	-0.416162
				}
				{VolumeView "trackr.ply"}
			}
		}
		{bone "wheelsl"
			{parameters "ID=trackleft;"}
			{Matrix34
				0.0021841	-0.999995	-0.00213709
				-0.99999	-0.00217566	-0.00394154
				-0.00393688	-0.00214568	0.99999
				22.0283	12.879	10.037
			}
			{VolumeView "wheelsl.ply"}
			{bone revolute "wheell11"
				{parameters "ID=trackleft;"}
				{Matrix34
					-0.0112487	0.999813	0.0157569
					0.00548713	-0.015696	0.999862
					-0.999922	-0.0113336	0.00530953
					1.15492	-2.90658	-5.09067
				}
				{VolumeView "wheell11.ply"}
			}
			{bone revolute "wheell12"
				{parameters "ID=trackleft;"}
				{Matrix34
					-0.0112487	0.999813	0.0157569
					0.00548713	-0.015696	0.999862
					-0.999922	-0.0113336	0.00530953
					1.12244	7.8028	-5.04851
				}
				{VolumeView "wheell11.ply"}
			}
			{bone revolute "wheell13"
				{parameters "ID=trackleft;"}
				{Matrix34
					-0.0112487	0.999813	0.0157569
					0.00548713	-0.015696	0.999862
					-0.999922	-0.0113336	0.00530953
					1.09067	18.2799	-5.00726
				}
				{VolumeView "wheell11.ply"}
			}
			{bone revolute "wheell14"
				{parameters "ID=trackleft;"}
				{Matrix34
					-0.0112487	0.999813	0.0157569
					0.00548713	-0.015696	0.999862
					-0.999922	-0.0113336	0.00530953
					1.05807	29.0299	-4.96494
				}
				{VolumeView "wheell11.ply"}
			}
			{bone revolute "wheell15"
				{parameters "ID=trackleft;"}
				{Matrix34
					-0.0112487	0.999813	0.0157569
					0.00548713	-0.015696	0.999862
					-0.999922	-0.0113336	0.00530953
					1.02678	39.3455	-4.92433
				}
				{VolumeView "wheell11.ply"}
			}
			{bone revolute "wheell16"
				{parameters "ID=trackleft;"}
				{Matrix34
					-0.0112487	0.999813	0.0157569
					0.00548713	-0.015696	0.999862
					-0.999922	-0.0113336	0.00530953
					0.994454	50.0049	-4.88236
				}
				{VolumeView "wheell11.ply"}
			}
			{bone "trackl"
				{parameters "CommonMesh;ID=trackleft;"}
				{Matrix34
					0.00301676	-0.999988	-0.00393661
					0	-0.00393662	0.999992
					0.999995	0.00301674	1.15193e-005
					-0.0854597	22.8575	-0.416162
				}
				{VolumeView "trackl.ply"}
			}
		}
		{bone "body"
			{parameters "ID=body;"}
			{Matrix34
				0.999997	0.00171645	-0.00178481
				-0.00171489	0.999998	0.000858983
				0.00178628	-0.000855918	0.999998
				0.334103	-0.51507	10.4815
			}
			{VolumeView "body.ply"}
			{bone "fxfire1"
				{Matrix34
					0.999997	-0.00254678	1.09784e-005
					-1.42157e-005	-0.00128103	0.999999
					-0.00254677	-0.999996	-0.00128106
					4.89232	-0.393938	9.16162
				}
			}
			{bone "gun_sup1"
				{parameters "ID=body;"}
				{Matrix34
					-0.00270574	-0.999996	-0.00128394
					-1.39959e-005	-0.0012839	0.999999
					-0.999996	0.00270574	-1.05426e-005
					16.9597	5.20311	15.2858
				}
				{VolumeView "gun_sup1.ply"}
				{bone "gun_sup2"
					{parameters "ID=body;"}
					{Matrix34
						-0.00168055	0.999999	0
						0.00205031	0	0.999998
						0.999996	0.00168055	-0.00205033
						5.60005	3.22508	0.0760784
					}
					{VolumeView "gun_sup2.ply"}
				}
			}
			{bone "headr"
				{parameters "ID=body;"}
				{Matrix34
					0.00254506	0.999996	0.00128412
					0.0223352	-0.00134064	0.99975
					0.999747	-0.00251576	-0.0223384
					27.4856	-12.8662	8.40339
				}
				{VolumeView "headr.ply"}
			}
			{bone "part3"
				{parameters "ID=part3;"}
				{Matrix34
					0.999995	-0.0027585	-0.00129826
					0.0012963	-0.00071732	0.999999
					-0.00275942	-0.999996	-0.000713743
					18.5414	-0.380952	12.4353
				}
				{VolumeView "part3.ply"}
			}
			{bone revolute "turret"
				{parameters "ID=turret;"}
				{limits -20 20}
				{speed 0.01}
				{Matrix34
					0.999996	-0.00254532	-0.00129937
					0.00270949	0.989012	0.147811
					0.000908878	-0.147814	0.989015
					-10.9555	-0.400993	21.9895
				}
				{VolumeView "turret.ply"}
				{bone revolute "gun_rot"
					{parameters "ID=gun;"}
					{limits -17 10}
					{speed 0.01}
					{Matrix34
						1	0	0
						0	0	-1
						0	1	0
						-1.06732	0.231326	-0.691235
					}
					{VolumeView "gun_rot.ply"}
					{bone "gun"
						{parameters "ID=gun;"}
						{Matrix34
							0.989607	0.130454	0.0605019
							-0.0610482	0.000190377	0.998135
							0.130199	-0.991454	0.00815228
							24.9855	-0.937204	0.325722
						}
						{VolumeView "gun.ply"}
					}
					{bone "gun_shield"
						{parameters "ID=gun_rot;"}
						{Matrix34
							0	-0.00128278	0.999999
							-0.553099	-0.833115	-0.00106972
							0.833116	-0.553098	-0.000708275
							7.17736	-5.68436	-0.248217
						}
						{VolumeView "gun_shield.ply"}
					}
				}
				{bone "part4"
					{parameters "ID=part4;"}
					{Matrix34
						0	0.999999	0.00128257
						-0.538766	-0.00108169	0.842455
						0.842456	-0.000689544	0.538765
						5.17559	-0.0861635	7.91829
					}
					{VolumeView "part4.ply"}
				}
			}
			{bone "part2"
				{parameters "ID=part2;"}
				{Matrix34
					0.992558	-0.0104638	-0.12132
					0.121263	-0.0059638	0.992602
					-0.01111	-0.999927	-0.0046506
					30.7348	-0.501895	6.38587
				}
				{VolumeView "part2.ply"}
			}
			{bone revolute "wheelr1"
				{parameters "CommonMesh;ID=trackright;"}
				{Matrix34
					-0.999963	0.0028911	0.00815667
					0.00815668	-2.33054e-005	0.999967
					0.00289122	0.999996	0
					36.3377	-13.2709	0.202577
				}
				{VolumeView "wheelr1.ply"}
			}
			{bone revolute "wheelr18"
				{parameters "ID=trackright;"}
				{Matrix34
					-0.999996	0.00288989	0
					0	3.0525e-005	1
					-0.00288997	-0.999996	3.05027e-005
					9.38319	-12.1784	3.16504
				}
				{VolumeView "wheelr18.ply"}
			}
			{bone revolute "wheelr17"
				{parameters "ID=trackright;"}
				{Matrix34
					-0.999996	0.0028899	0
					0	2.38493e-005	1
					-0.00288996	-0.999996	2.38344e-005
					30.0911	-12.2784	3.94966
				}
				{VolumeView "wheelr17.ply"}
			}
			{bone revolute "wheelr2"
				{parameters "ID=trackright;"}
				{Matrix34
					-0.999996	0.00289112	0
					0	6.06477e-005	1
					-0.00289118	-0.999996	6.06552e-005
					-39.7344	-12.3136	0.575398
				}
				{VolumeView "wheelr2.ply"}
			}
			{bone revolute "wheelr20"
				{parameters "ID=trackleft;"}
				{Matrix34
					-0.999996	0.0028899	0
					0	2.38493e-005	1
					-0.00288996	-0.999996	2.38344e-005
					-32.1454	-12.1053	3.68631
				}
				{VolumeView "wheelr17.ply"}
			}
			{bone revolute "wheelr19"
				{parameters "ID=trackright;"}
				{Matrix34
					-0.999996	0.00288989	0
					0	3.0525e-005	1
					-0.00288997	-0.999996	3.05027e-005
					-11.85	-12.117	3.16504
				}
				{VolumeView "wheelr18.ply"}
			}
			{bone revolute "wheell18"
				{parameters "ID=trackleft;"}
				{Matrix34
					-0.999998	0.00220125	0
					0	-0.0025983	0.999997
					0.00220129	0.999994	0.00259832
					9.43535	11.5184	3.22661
				}
				{VolumeView "wheell18.ply"}
			}
			{bone revolute "wheell19"
				{parameters "ID=trackleft;"}
				{Matrix34
					-0.999998	0.00220125	0
					0	-0.0025983	0.999997
					0.00220129	0.999994	0.00259832
					-11.7956	11.573	3.22661
				}
				{VolumeView "wheell18.ply"}
			}
			{bone revolute "wheell17"
				{parameters "ID=trackleft;"}
				{Matrix34
					-0.999998	0.00220123	0
					0	-0.00259126	0.999997
					0.00220123	0.999994	0.00259127
					30.1519	11.6114	3.98034
				}
				{VolumeView "wheell17.ply"}
			}
			{bone revolute "wheell20"
				{parameters "ID=trackleft;"}
				{Matrix34
					-0.999998	0.00220123	0
					0	-0.00259126	0.999997
					0.00220123	0.999994	0.00259127
					-32.0935	11.7701	3.71956
				}
				{VolumeView "wheell17.ply"}
			}
			{bone "detail1"
				{parameters "ID=body;"}
				{Matrix34
					-0.00254552	-0.999996	-0.0012839
					0.197615	-0.00176159	0.980278
					-0.980276	0.0022416	0.197619
					36.2417	-19.1748	5.35813
				}
				{VolumeView "detail1.ply"}
			}
			{bone revolute "wheell2"
				{parameters "ID=trackleft;"}
				{Matrix34
					-0.999998	0.00220003	0
					0	-0.00262846	0.999996
					0.00220005	0.999994	0.00262847
					-39.6722	12.1014	0.606746
				}
				{VolumeView "wheell2.ply"}
			}
			{bone revolute "part1"
				{parameters "ID=part1;"}
				{Matrix34
					-0.999964	0.00217893	0.00815576
					0.00815013	-0.00258593	0.999963
					-0.00219999	-0.999994	-0.0025681
					36.3946	12.5979	0.269011
				}
				{VolumeView "part1.ply"}
			}
			{bone "engine"
				{parameters "ID=engine;"}
				{VolumeView "engine.ply"}
				{bone "engine_hutch1"
					{parameters "ID=engine;"}
					{Matrix34
						0.999997	-0.0025458	1.14478e-005
						0	0.00720777	0.999974
						-0.00254585	-0.999971	0.00720774
						9.76073	7.72265	13.1845
					}
					{VolumeView "engine_hutch1.ply"}
				}
				{bone "engine_hutch2"
					{parameters "ID=engine;"}
					{Matrix34
						0.999997	-0.00254581	1.14776e-005
						0	0.00484699	0.999988
						-0.00254586	-0.999985	0.00484698
						9.70515	-6.9456	13.1655
					}
					{VolumeView "engine_hutch2.ply"}
				}
				{bone "door_engine"
					{parameters "ID=engine;"}
					{Matrix34
						0.00387161	-0.999943	0.00998832
						0.00212456	0.0099963	0.999948
						-0.99999	-0.0038501	0.00216277
						1.39658	-14.6775	6.6043
					}
					{VolumeView "door_engine.ply"}
				}
			}
			{bone "part5"
				{parameters "ID=part5;"}
				{Position 0	0	0}
				{VolumeView "part5.ply"}
			}
			{bone "detail2"
				{parameters "ID=detail2;"}
				{Matrix34
					0.999387	-0.00258906	0.0349107
					0.00254582	0.999996	0.00128391
					-0.0349139	-0.00119424	0.99939
					29.7131	11.608	7.61172
				}
				{VolumeView "detail2.ply"}
			}
			{bone "part6"
				{parameters "ID=part6;"}
				{Position 0	0	0}
				{VolumeView "part6.ply"}
				{bone "door_back"
					{parameters "ID=body;"}
					{Matrix34
						0.999998	0	0.00177385
						-0.00177373	-0.0116932	0.99993
						1.83526e-005	-0.999932	-0.0116932
						-48.6974	-0.124339	13.0732
					}
					{VolumeView "door_back.ply"}
				}
			}
		}
	}
}
{Volume "body"
	{Box 74 9.33566 26}
	{Bone "body"}
	{Matrix34
		1.08	-0.00274959	1.2402e-005
		-1.58456e-005	-0.00138613	1.08
		-0.00274939	-1.08	-0.00138611
		-3.52271	0.186978	0.886311
	}
}
{Volume "engine"
	{Polyhedron "engine.vol"}
	{Bone "engine"}
	{Matrix34
		0.999997	-0.00254582	1.14553e-005
		0.00254582	0.999996	0.00128387
		-1.47e-005	-0.0012839	0.999999
		5.601	-0.320248	6.07018
	}
}
{Volume "gun"
	{Cylinder 1.2 60}
	{Bone "gun"}
	{Matrix34
		0	0.999999	0.00128134
		-0.00132567	-0.00128215	0.999998
		0.999999	0	0.00132638
		4.43705	-0.414092	-0.795604
	}
}
{Volume "part1"
	{Cylinder 4.81778 1.95}
	{Bone "part1"}
	{Matrix34
		-0.999965	0.00832214	0.000345243
		0.00832169	0.999964	-0.00128419
		0.000355892	0.00128142	0.999999
		-0.0354539	0.0356446	0.303136
	}
}
{Volume "part2"
	{Box 10.5 19 0.2}
	{Bone "part2"}
	{Matrix34
		0.996841	-0.0790404	-0.00772141
		-0.00809299	-0.00438092	-0.999958
		0.0790035	0.996862	-0.00500681
		-5.16999	0.428177	-0.206143
	}
}
{Volume "part3"
	{Polyhedron "part3.vol"}
	{Bone "part3"}
	{Matrix34
		0.46291	-0.886405	-0.000604503
		-0.000214878	0.000569679	-1
		0.886406	0.46291	7.32951e-005
		2.21	-4.46481	-0.151447
	}
}
{Volume "part4"
	{Polyhedron "part4.vol"}
	{Bone "part4"}
	{Matrix34
		1	0	0
		0	0.843169	0.537648
		0	-0.537648	0.84317
		0.449094	-7.8207	1.89404
	}
}
{Volume "part5"
	{Polyhedron "part5.vol"}
	{Bone "part5"}
	{Matrix34
		0.999997	-0.00254579	0.000165459
		-0.000168715	-0.0012835	0.999999
		-0.00254561	-0.999996	-0.0012839
		-26.0253	18.6075	19.4854
	}
}
{Volume "part6"
	{Polyhedron "part6.vol"}
	{Bone "part6"}
	{Matrix34
		0.999997	-0.00254584	0.000165481
		-0.000168707	-0.00128374	0.999999
		-0.00254561	-0.999996	-0.00128417
		-26.0253	18.6075	19.4854
	}
}
{Volume "trackleft"
	{Box 78 14.5 4}
	{Bone "wheelsl"}
	{Matrix34
		0.0032581	-1.07999	-0.00425153
		0	-0.00425156	1.07999
		1.08	0.00325808	1.24407e-005
		-0.202678	23.1073	-2.08254
	}
}
{Volume "trackright"
	{Box 78 14.5 4}
	{Bone "wheelsr"}
	{Matrix34
		0.00325861	-1.07999	-0.00425174
		0	-0.00425176	1.07999
		-1.07999	-0.0032586	-1.0604e-005
		-0.208085	22.9912	-2.10306
	}
}
{Volume "body2"
	{Polyhedron "body2.vol"}
	{Bone "body"}
	{Matrix34
		0.999997	-0.00254583	1.14478e-005
		0.00254582	0.999996	0.00128388
		-1.47e-005	-0.00128389	0.999999
		28.435	-0.198775	5.30073
	}
}