;Exported by: shevchenko
;Date:        Tue Mar 14 11:55:09 2006
;File:        D:\-Projects1_5-\-3DWork-\euro1_corner2_lm_corner_x.max
{Skeleton
	{bone "101_f3w10"
		{Orientation
			1	0	0
			0	-1	0
			0	0	1
		}
		{bone "piece0"
			{Matrix34
				0	-1	0
				0	0	1
				-1	0	0
				-34.1492	-15.7585	-22.2443
			}
			{VolumeView "piece0.ply"}
		}
		{bone "piece7"
			{Matrix34
				0	-1	0
				0	0	1
				-1	0	0
				-28.569	25.7496	-32.6522
			}
			{VolumeView "piece7.ply"}
		}
		{bone "piece1"
			{Matrix34
				-1	0	0
				0	-1	0
				0	0	1
				32.4648	-14.9942	19.937
			}
			{VolumeView "piece1.ply"}
		}
		{bone "piece9"
			{Matrix34
				0	-1	0
				0	0	1
				-1	0	0
				-11.9391	5.10414	0.590881
			}
			{VolumeView "piece9.ply"}
		}
		{bone "piece3"
			{Matrix34
				-1	0	0
				0	0	1
				0	1	0
				32.4546	2.296	43.1352
			}
			{VolumeView "piece3.ply"}
		}
		{bone "sub_piece1"
			{Matrix34
				0	-1	0
				0	0	1
				-1	0	0
				-23.6417	33.035	-27.4381
			}
			{VolumeView "sub_piece1.ply"}
		}
		{bone "piece5"
			{Matrix34
				0	-1	0
				0	0	1
				-1	0	0
				-23.6417	-24.891	-28.9833
			}
			{VolumeView "piece5.ply"}
		}
		{bone "sub_piece0"
			{Matrix34
				0	-1	0
				0	0	1
				-1	0	0
				-23.6417	2.44354	-38.9538
			}
			{VolumeView "sub_piece0.ply"}
		}
		{bone "sub_piece3"
			{Matrix34
				0	-0.985495	0.169704
				0	0.169704	0.985495
				-1	0	0
				-23.6417	4.168	-21.1815
			}
			{VolumeView "sub_piece3.ply"}
		}
		{bone "piece2"
			{Matrix34
				-1	0	0
				0	0	1
				0	1	0
				9.20474	35.2191	-26.997
			}
			{VolumeView "piece2.ply"}
		}
		{bone "piece12"
			{Matrix34
				-0.5	0	0.866026
				0.866026	0	0.5
				0	1	0
				8.99968	35.2191	13.2459
			}
			{VolumeView "piece12.ply"}
		}
		{bone "piece11"
			{Matrix34
				-0.0286337	0	-0.99959
				-0.99959	0	0.0286337
				0	1	0
				-11.9869	35.2191	-24.9367
			}
			{VolumeView "piece11.ply"}
		}
		{bone "piece10"
			{Matrix34
				-1	0	0
				0	0	1
				0	1	0
				-10.9364	35.2191	-5.41449
			}
			{VolumeView "piece10.ply"}
		}
		{bone "piece8"
			{Matrix34
				0	-1	0
				0	0	1
				-1	0	0
				-2.39903	14.5365	-36.5892
			}
			{VolumeView "piece8.ply"}
		}
		{bone "piece4"
			{Matrix34
				0	-1	0
				0	0	1
				-1	0	0
				8.82503	-2.79942	-36.5892
			}
			{VolumeView "piece4.ply"}
		}
		{bone "sub_piece2"
			{Matrix34
				0	-1	0
				0	0	1
				-1	0	0
				3.17862	-20.0293	-36.5892
			}
			{VolumeView "sub_piece2.ply"}
		}
		{bone "piece6"
			{Matrix34
				0	-1	0
				0	0	1
				-1	0	0
				16.4138	-3.7496	30.5941
			}
			{VolumeView "piece6.ply"}
		}
	}
}
{Volume "piece0"
	{Box 1.9685 38.7082 26.5071}
	{Bone "piece0"}
	{Matrix34
		0	-0.707107	-0.707107
		-1	0	0
		0	0.707107	-0.707107
		-1.66834	0.674505	1.98829
	}
}
{Volume "piece10"
	{Box 18.9422 5.90553 14.4094}
	{Bone "piece10"}
	{Matrix34
		-0.81675	0.576991	0
		0	0	1
		0.576991	0.81675	0
		-1.40902	0.176253	0
	}
}
{Volume "piece11"
	{Box 17.5324 5.90553 15.6477}
	{Bone "piece11"}
	{Matrix34
		-0.0286337	-0.99959	0
		0	0	1
		-0.99959	0.0286337	0
		0.381328	-0.0109304	0
	}
}
{Volume "piece12"
	{Box 16.2299 5.90553 8.94043}
	{Bone "piece12"}
	{Matrix34
		-0.395314	0.918546	0
		0	0	1
		0.918546	0.395314	0
		-0.480509	-0.277041	0
	}
}
{Volume "piece1"
	{Box 4.92126 4.92126 39.4874}
	{Bone "piece1"}
	{Matrix34
		-1	0	0
		0	-1	0
		0	0	1
		0	0	1.02203
	}
}
{Volume "piece2"
	{Box 16.1417 5.90553 15.1575}
	{Bone "piece2"}
	{Matrix34
		-1	0	0
		0	0	1
		0	1	0
		0	0.551554	0
	}
}
{Volume "piece3"
	{Box 5.90552 55.1089 5.90552}
	{Bone "piece3"}
	{Matrix34
		-0.704988	-0.70922	0
		0	0	1
		-0.70922	0.704988	0
		-0.134058	-0.042765	0
	}
}
{Volume "piece4"
	{Box 43.1936 14.212 3.93701}
	{Bone "piece4"}
	{Matrix34
		0	0	-1
		-1	0	0
		0	1	0
		0	0	5.4115
	}
}
{Volume "piece5"
	{Box 5.90552 14.5276 33.8583}
	{Bone "piece5"}
	{Matrix34
		0	0	-1
		-0.998021	-0.0628816	0
		-0.0628816	0.998021	0
		0.833277	0.070385	0
	}
}
{Volume "piece6"
	{Box 1.9685 47.2241 44.6671}
	{Bone "piece6"}
	{Matrix34
		0	-0.707107	-0.707107
		-1	0	0
		0	0.707107	-0.707107
		-5.39001	0.359048	0.0283086
	}
}
{Volume "piece7"
	{Box 3.93702 34.0238 3.93702}
	{Bone "piece7"}
	{Matrix34
		0	0	-1
		-1	0	0
		0	1	0
		0	0	0
	}
}
{Volume "piece8"
	{Box 31.925 11.5595 3.93701}
	{Bone "piece8"}
	{Matrix34
		0	0	-1
		-1	0	0
		0	1	0
		-1.54963e-005	0	0
	}
}
{Volume "piece9"
	{Box 1.9685 47.2241 36.3147}
	{Bone "piece9"}
	{Matrix34
		0	-0.707107	-0.707107
		-1	0	0
		0	0.707107	-0.707107
		3.46373	0.776908	1.26086
	}
}
{Volume "sub_piece0"
	{Box 5.90552 18.4055 17.5394}
	{Bone "sub_piece0"}
	{Matrix34
		0	0	-1
		-1	0	0
		0	1	0
		0	0.682852	0
	}
}
{Volume "sub_piece1"
	{Box 5.90552 13.3858 26.3202}
	{Bone "sub_piece1"}
	{Matrix34
		0	0	-1
		-0.992424	0.122861	0
		0.122861	0.992424	0
		-0.651027	-0.707831	0
	}
}
{Volume "sub_piece2"
	{Box 43.8697 10.033 3.93701}
	{Bone "sub_piece2"}
	{Matrix34
		0	0	-1
		-1	0	0
		0	1	0
		-1.04522e-005	0	0
	}
}
{Volume "sub_piece3"
	{Box 5.90552 29.1753 11.4163}
	{Bone "sub_piece3"}
	{Matrix34
		0	0	-1
		-0.985495	0.169704	0
		0.169704	0.985495	0
		-0.105693	-0.613783	0
	}
}
