;Exported by: kolesnikov
;Date:        Thu Aug 11 14:26:29 2005
;File:        D:\-Project-\-3DWork-\Constructions\Vorota.max
{Skeleton
	{animation
		{sequence "open" {speed 0.4} {resume}}
	}
	{bone "gate"
		{Orientation
			1	0	0
			0	-1	0
			0	0	1
		}
		{VolumeView "gate.ply"}
		{bone "right"
			{Matrix34
				0	0	-1
				0	1	0
				-1	0	0
				94.8155	10.0229	6.30606
			}
			{VolumeView "right.ply"}
			{bone "wire_right"
				{Position -24.7048	-7.46927	47.6545}
				{VolumeView "wire_right.ply"}
			}
			{bone "box162"
				{Matrix34
					0	0	-1
					0.258819	0.965926	0
					-0.965926	0.258819	0
					-27.5322	-1.4683	94.3962
				}
			}
			{bone "lock"
				{Matrix34
					0	0	-1
					0	1	0
					-1	0	0
					-18.8375	-1.70681	95.0234
				}
				{VolumeView "lock.ply"}
			}
		}
		{bone "left"
			{Matrix34
				0.999986	-0.00535483	0
				0.00535481	0.999986	0
				0	0	1
				-97.4059	9.7957	31.9261
			}
			{VolumeView "left.ply"}
			{bone "wire_left"
				{Matrix34
					0.99971	0.0229298	-0.00741673
					-0.0228133	0.999621	0.0154329
					0.00776787	-0.0152592	0.999853
					-0.916201	-4.58526	6.468
				}
				{VolumeView "wire_left.ply"}
			}
		}
	}
}
{Obstacle "left"
	{Obb2
		{Center 115.653 30.5066}
		{Extent 49.4254 3.93973}
		{Axis -0.422618 -0.906308}
	}
	{Rotate}
}
{Obstacle "right"
	{Obb2
		{Center -118.631 28.7287}
		{Extent 49.4254 3.93701}
		{Axis 0.5 -0.866025}
	}
	{Rotate}
}
{Obstacle "close"
	{Obb2
		{Center 0.365471 -9.65915}
		{Extent 102.97 6.12065}
		{Axis -1 0}
	}
	{Rotate}
}
{Volume "body"
	{Box 3.20178 3.40437 75.1509}
	{Bone "gate"}
	{Matrix34
		0	1	0
		-1	0	0
		0	0	1
		-97.0932	9.92727	36.0639
	}
}
{Volume "body1"
	{Box 3.20178 3.40437 75.1509}
	{Bone "gate"}
	{Matrix34
		0	1	0
		-1	0	0
		0	0	1
		96.6955	9.92727	36.0639
	}
}
{Volume "left"
	{Box 1.7638 93.0827 52.0276}
	{Bone "left"}
	{Matrix34
		-0.0228136	0.999621	0.0154321
		-0.99971	-0.0229299	0.00741667
		0.00776789	-0.0152582	0.999853
		49.5949	-0.113942	0.263344
	}
}
{Volume "lock"
	{Box 9.85403 3.37978 12.8697}
	{Bone "lock"}
	{Matrix34
		1	0	0
		0	1	0
		0	0	1
		0	0	6.43483
	}
}
{Volume "right"
	{Box 1.7638 93.0827 52.0276}
	{Bone "right"}
	{Matrix34
		0	1	0
		0	0	1
		-1	0	0
		-25.3807	-0.0801865	47.3458
	}
}
