;Exported by: golanov
;Date:        Tue Jan 24 09:50:20 2006
;File:        D:\-Projects-\-3DWork-\Constructions\house_euro_114corner\house_euro_114c_x.max
{Skeleton
	{bone "114c_f1c1_x"
		{Orientation
			1	0	0
			0	-1	0
			0	0	1
		}
		{bone "piece0"
			{Matrix34
				0	-1	0
				0	0	1
				-1	0	0
				30.555	-32.8259	20.2154
			}
			{VolumeView "piece0.ply"}
			{bone "sub_piece0"
				{Position 6.93085	-12.9104	-1.16944}
				{VolumeView "sub_piece0.ply"}
			}
		}
		{bone "piece1"
			{Matrix34
				0	-1	0
				0	0	1
				-1	0	0
				-20.1704	-32.84	-16.2664
			}
			{VolumeView "piece1.ply"}
		}
		{bone "sub_piece1"
			{Matrix34
				0	-1	0
				0	0	1
				-1	0	0
				-2.29085	-32.8111	-21.0026
			}
			{VolumeView "sub_piece1.ply"}
		}
		{bone "piece2"
			{Matrix34
				0	-1	0
				0	0	1
				-1	0	0
				-36.9461	17.1305	12.4247
			}
			{VolumeView "piece2.ply"}
			{bone "sub_piece2"
				{Position -7.95882	-24.28	0}
				{VolumeView "sub_piece2.ply"}
			}
		}
		{bone "piece3"
			{Matrix34
				0	-1	0
				0	0	1
				-1	0	0
				-36.9461	-25.5012	18.007
			}
			{VolumeView "piece3.ply"}
		}
		{bone "sub_piece3"
			{Matrix34
				0	-1	0
				0	0	1
				-1	0	0
				-36.9461	-23.5081	-12.7454
			}
			{VolumeView "sub_piece3.ply"}
		}
	}
}
{Volume "piece0"
	{Box 15.039 7.87402 19.4882}
	{Bone "piece0"}
	{Matrix34
		0	0.737489	-0.675359
		-1	0	0
		0	0.675359	0.737489
		0.0162108	4.98698	0.0542858
	}
}
{Volume "piece1"
	{Box 9.31159 7.87402 29.5887}
	{Bone "piece1"}
	{Matrix34
		0	-0.58812	-0.808773
		-1	0	0
		0	0.808773	-0.58812
		0.00210343	0.535569	1.31066
	}
}
{Volume "piece2"
	{Box 33.5273 9.84252 30.9583}
	{Bone "piece2"}
	{Matrix34
		0.923971	-0.382462	0
		0	0	-1
		0.382462	0.923971	0
		2.31413	0.17428	-0.0109914
	}
}
{Volume "piece3"
	{Box 21.5433 9.84252 15.3543}
	{Bone "piece3"}
	{Matrix34
		0.995231	-0.0975495	0
		0	0	-1
		0.0975495	0.995231	0
		0.753412	0.0401231	-0.0110195
	}
}
{Volume "sub_piece0"
	{Box 8.06191 0.19685 29.5276}
	{Bone "sub_piece0"}
	{Matrix34
		0.667995	0	-0.744166
		-0.744166	0	-0.667995
		0	1	0
		-0.0053106	-0.00608726	0.0208644
	}
}
{Volume "sub_piece1"
	{Box 11.0852 7.87402 24.2531}
	{Bone "sub_piece1"}
	{Matrix34
		0	1	0
		-1	0	0
		0	0	1
		0.0309774	1.05941	-1.64125
	}
}
{Volume "sub_piece2"
	{Box 28.7129 9.84252 17.9891}
	{Bone "sub_piece2"}
	{Matrix34
		0.959113	-0.283022	0
		0	0	-1
		0.283022	0.959113	0
		-0.795974	0.0112497	-0.0110052
	}
}
{Volume "sub_piece3"
	{Box 25.6365 9.84252 16.208}
	{Bone "sub_piece3"}
	{Matrix34
		0.995231	-0.0975495	0
		0	0	-1
		0.0975495	0.995231	0
		0.212637	0.436558	-0.0110134
	}
}
