;Exported by: skr
;Date:        Fri May 17 17:30:05 2013
;File:        E:\Documents\3dsmax\scenes\76-mm short canon M1913\76-mm short canon M1913_xx.max
{Skeleton
	{bone revolute "basis"
		{Orientation
			1	0	0
			0	-1	0
			0	0	1
		}
		{bone "body"
			{Position 0	0	-2.93815}
			{VolumeView "body.ply"}
			{bone "turret"
				{parameters "ID=body;"}
				{Matrix34
					0.984524	0	-0.175252
					0	1	0
					0.175252	0	0.984524
					-0.916734	0.00804043	4.15446
				}
				{VolumeView "turret.ply"}
				{bone "shield"
					{Matrix34
						-0.996917	0	-0.0784591
						-0.0784591	0	0.996917
						0	1	0
						0.689942	-11.7638	2.96177
					}
					{VolumeView "shield.ply"}
					{bone revolute "shield2"
						{parameters "ID=shield;"}
						{Matrix34
							-0.0428599	0.999081	0
							0.999081	0.0428599	0
							0	0	-1
							-10.0516	-2.20448	2.75102
						}
						{VolumeView "shield2.ply"}
					}
				}
				{bone revolute "gun_rot"
					{parameters "ID=gun;"}
					{limits -6 28}
					{speed 0.005}
					{Matrix34
						0.991264	0	-0.13189
						0.13189	0	0.991264
						0	-1	0
						0.562293	-0.00804058	8.01102
					}
					{VolumeView "gun_rot.ply"}
					{bone "gun"
						{Matrix34
							0	0	-1
							0	1	0
							1	0	0
							-3.17315	3.19556	-0.0256405
						}
						{VolumeView "gun.ply"}
					}
				}
			}
		}
	}
}
{Volume "body"
	{Box 12.7011 9.41689 18.3071}
	{Bone "body"}
	{Matrix34
		-1	0	0
		0	0	1
		0	1	0
		-2.43626	-0.0435076	3.27669
	}
}
{Volume "gun_rot"
	{Box 28.3174 1.58767 3.54331}
	{Bone "gun_rot"}
	{Matrix34
		-1	0	0
		0	1	0
		0	0	-1
		2.60927	0.29575	0.0376527
	}
}
{Volume "gun"
	{Cylinder 2.07247 25.5906}
	{Bone "gun"}
	{Position -0.00690407	0.00302334	13.9962}
}
{Volume "shield2"
	{Box 0.295276 5.09383 23.622}
	{Bone "shield2"}
	{Matrix34
		-1	0	0
		0	1	0
		0	0	-1
		-0.0719512	-2.49419	-9.13482
	}
}
{Volume "shield3"
	{Box 26.0724 2.95276 0.301609}
	{Bone "shield"}
	{Matrix34
		0	0	1
		0.211405	0.977399	0
		-0.977399	0.211405	0
		-9.60318	2.32277	11.8244
	}
}
{Volume "shield4"
	{Box 26.0724 16.7323 0.301609}
	{Bone "shield"}
	{Matrix34
		0	0	1
		0.510588	0.859826	0
		-0.859826	0.510588	0
		-4.95211	10.968	11.8244
	}
}
{Volume "shield"
	{Box 26.0724 2.95276 0.301609}
	{Bone "shield"}
	{Matrix34
		0	0	1
		0	1	0
		-1	0	0
		-9.99224	-0.647873	11.8244
	}
}
{Volume "turret"
	{Box 46.4453 7.63031 8.46457}
	{Bone "turret"}
	{Matrix34
		-0.975479	0	-0.220093
		-0.220093	0	0.975479
		0	1	0
		-30.8121	-0.129225	-4.03969
	}
}
