;Exported by: sk
;Date:        Fri Aug 29 11:11:32 2008
;File:        D:\-Projects1_5-\-3DWork-\-Model-\Eng\Universal Carrier\Universal Carrier.max
{Skeleton
	{animation
		{sequence "start" {speed 0.8}}
		{sequence "stop" {speed 0.8}}
;		{sequence "fire_mgun"}
	}
	{bone revolute "basis"
		{parameters "WheelRadius=0.3;"}
		{limits -0 0}
		{Orientation
			1	0	0
			0	-1	0
			0	0	1
		}
		{bone "emit4"
			{parameters "Group=passengers;"}
			{Matrix34
				0	1	0
				-1	0	0
				0	0	1
				-11.7257	-37.8912	0
			}
			{visibility 0}
		}
		{bone "emit3"
			{parameters "Group=passengers;"}
			{Matrix34
				0	-1	0
				1	0	0
				0	0	1
				-22.7183	36.5607	0
			}
			{visibility 0}
		}
		{bone "emit1"
			{parameters "Group=crew;"}
			{Matrix34
				0	-1	0
				1	0	0
				0	0	1
				12.8484	38.9944	0
			}
			{visibility 0}
		}
		{bone "emit2"
			{parameters "Group=crew;"}
			{Matrix34
				0	1	0
				-1	0	0
				0	0	1
				14.0644	-37.8912	0
			}
			{visibility 0}
		}
		{bone "wheelsl"
			{Position 1.45122	12.932	0}
			{bone "fxtracel1"
				{Matrix34
					-1	0	0
					0	-1	0
					0	0	1
					16.1664	4.85151	1.60477
				}
			}
			{bone "fxtracel2"
				{Matrix34
					-1	0	0
					0	-1	0
					0	0	1
					-10.9819	4.85152	1.60477
				}
			}
			{bone "fxtracel3"
				{Matrix34
					-0.984808	0	0.173648
					0	-1	0
					0.173648	0	0.984808
					-33.776	4.85153	4.81164
				}
			}
			{bone "trackl"
				{parameters "ID=trackleft;"}
				{Matrix34
					1	0	0
					0	0	1
					0	-1	0
					-1.9278	4.70467	10.4601
				}
				{VolumeView "trackl.ply"}
			}
			{bone revolute "wheell2"
				{parameters "ID=trackleft;"}
				{Matrix34
					0	0	-1
					-1	0	0
					0	1	0
					10.1982	3.79131	6.92136
				}
				{VolumeView "wheell2.ply"}
			}
			{bone revolute "wheell3"
				{parameters "ID=trackleft;"}
				{Matrix34
					0	0	-1
					-1	0	0
					0	1	0
					-2.83623	3.79131	6.92136
				}
				{VolumeView "wheell3.ply"}
			}
			{bone revolute "wheell4"
				{parameters "ID=trackleft;"}
				{Matrix34
					0	0	-1
					-1	0	0
					0	1	0
					-19.7121	3.79131	6.92136
				}
				{VolumeView "wheell4.ply"}
			}
		}
		{bone "wheelsr"
			{Position 1.45123	-12.6597	0}
			{bone "fxtracer1"
				{Matrix34
					-1	0	0
					0	-1	0
					0	0	1
					16.1664	-4.76452	1.60477
				}
			}
			{bone "fxtracer2"
				{Matrix34
					-1	0	0
					0	-1	0
					0	0	1
					-10.9819	-4.76451	1.60477
				}
			}
			{bone "fxtracer3"
				{Matrix34
					-0.984808	0	0.173648
					0	-1	0
					0.173648	0	0.984808
					-33.776	-4.7645	4.81164
				}
			}
			{bone "trackr"
				{parameters "ID=trackright;"}
				{Matrix34
					1	0	0
					0	0	1
					0	-1	0
					-1.9278	-4.8825	10.4601
				}
				{VolumeView "trackr.ply"}
			}
			{bone revolute "wheelr2"
				{parameters "ID=trackright;"}
				{Matrix34
					-1	0	0
					0	0	1
					0	1	0
					10.1982	29.383	6.92136
				}
				{VolumeView "wheelr2.ply"}
			}
			{bone revolute "wheelr3"
				{parameters "ID=trackright;"}
				{Matrix34
					-1	0	0
					0	0	1
					0	1	0
					-2.83623	29.383	6.92136
				}
				{VolumeView "wheelr3.ply"}
			}
			{bone revolute "wheelr4"
				{parameters "ID=trackright;"}
				{Matrix34
					-1	0	0
					0	0	1
					0	1	0
					-19.7121	29.383	6.92136
				}
				{VolumeView "wheelr4.ply"}
			}
		}
		{bone "body"
			{parameters "ID=body;"}
			{Position 0.728065	0	20.1107}
			{VolumeView "body.ply"}
			
			{bone "gunner"
				{Matrix34
					0	-1	0
					1	0	0
					0	0	1
					-8.52013	12.1626	-10.4144
				}
			}
			{bone "charger"
				{Matrix34
					0	1	0
					-1	0	0
					0	0	1
					-8.52013	-14.3802	-10.4144
				}
			}
			
			
			
		{bone "plita"
			{Position -4.69382	-0.0167586	7.3}
			{VolumeView "plita.ply"}
			{bone revolute "turret"
				{limits -10 10}
				{Position 1.73168	-0.0145119	0.0960858}
				{VolumeView "turret.ply"}
				{bone "gun_root"
					{parameters "ID=gun;"}
					{Matrix34
						0.833785	0	-0.552089
						0.552089	0	0.833785
						0	-1	0
						0.102785	0.325345	1.09812
					}
					{VolumeView "gun_root.ply"}
					{bone "gun"
						{parameters "ID=gun;"}
						{Matrix34
							1	0	0
							0	0	-1
							0	1	0
							-0.140657	1.13363	0.294076
						}
						{VolumeView "gun.ply"}
						{bone revolute "foresight1"
							{limits -10 20}
							{Matrix34
								0	0	1
								-1	0	0
								0	-1	0
								0.0415753	0	10.0474
							}
						}
						{bone "homut"
							{parameters "ID=gun;"}
							{Position 0	0	4.62993}
							{VolumeView "homut.ply"}
							{bone "ruchka"
								{Matrix34
									0	-1	0
									-0.997564	0	0.0697624
									-0.0697624	0	-0.997564
									-0.798626	-0.0226975	0.038003
								}
								{VolumeView "ruchka.ply"}
							}
						}
						{bone "homut2"
							{parameters "ID=gun;"}
							{Position 0	0	7.74629}
							{VolumeView "homut2.ply"}
							{bone "pricel"
								{Matrix34
									0.543334	0	-0.839517
									0.839517	0	0.543334
									0	-1	0
									-0.05337	-0.963823	0.0695868
								}
								{VolumeView "pricel.ply"}
								{bone "visor2"
									{Matrix34
										-0.010464	0.999945	0
										-0.999945	-0.010464	0
										0	0	1
										-0.901529	0.574314	-0.0929308
									}
								}
							}
						}
					}
				}
			}
		}
			
			
			
			
			{bone "fxfire1"
				{Matrix34
					0	1	0
					0	0	-1
					-1	0	0
					-17.7779	8.06877	0.215214
				}
			}
			{bone "fxsmoke2"
				{Matrix34
					-0.566051	-0.82437	0
					0	0	1
					-0.82437	0.566051	0
					-33.5672	5.35184	-9.35561
				}
			}
			{bone "fxsmoke1"
				{Matrix34
					-0.91014	0.414302	0
					0	0	1
					0.414302	0.91014	0
					-33.7909	-6.89937	-9.2148
				}
			}
			{bone "visor1"
				{Position 22.2292	-7.36526	8.64297}
			}
			{bone "fxfire2"
				{Matrix34
					0	1	0
					0	0	-1
					-1	0	0
					-3.17011	14.1231	-3.01075
				}
			}
			{bone "commander"
				{Matrix34
					0.965926	0	0.258819
					0	1	0
					-0.258819	0	0.965926
					16.0795	6.33581	-11.9094
				}
			}
			{bone "driver"
				{Matrix34
					0.984808	0	0.173648
					0	1	0
					-0.173648	0	0.984808
					12.9546	-7.74394	-11.9094
				}
			}
			{bone "enumerator"
				{Matrix34
					0.987688	-0.140734	0.0683066
					0.156434	0.888557	-0.43127
					0	0.436646	0.899633
					-17.7055	21.0492	4.04499
				}
				{VolumeView "enumerator.ply"}
			}
			{bone "enumerator01"
				{Matrix34
					-0.987688	0.140734	0.0683066
					-0.156435	-0.888557	-0.43127
					0	-0.436646	0.899633
					-16.6985	-21.0424	4.04499
				}
				{VolumeView "enumerator01.ply"}
			}
			{bone "visor2"
				{Matrix34
					1	0	0
					0	0	1
					0	-1	0
					17.5038	-6.94353	13.0796
				}
			}
			{bone revolute "mgun_rot"
				{limits -25 25}
				{speed 0.02}
				{Position 26.1489	5.3167	-0.388657}
				{VolumeView "mgun_rot.ply"}
				{bone revolute "mgun"
					{limits -25 25}
					{speed 0.02}
					{Matrix34
						1	0	0
						0	0	1
						0	-1	0
						-4.193556	-0.00616741	0.0682392
					}
;					{VolumeView "mgun.ply"}
					{bone "foresight4"
						{Position 12.6096	1.05359 -0.0467472}
					}
				}
			}
			{bone "seat01"
				{Matrix34
					0.836516	-0.482963	0.258819
					0.5	0.866025	0
					-0.224144	0.12941	0.965926
					-5.18671	11.3725	-8.90494
				}
			}
			{bone "seat02"
				{Matrix34
					0.88914	0.377417	0.258819
					-0.390731	0.920505	0
					-0.238244	-0.101129	0.965926
					-11.9884	-10.2284	-8.90494
				}
			}
			{bone revolute "wheell1"
				{parameters "ID=trackleft;"}
				{Matrix34
					0	0	-1
					-1	0	0
					0	1	0
					29.6743	17.2495	-9.04007
				}
				{VolumeView "wheell1.ply"}
			}
			{bone revolute "wheell5"
				{parameters "ID=trackleft;"}
				{Matrix34
					0	0	-1
					-1	0	0
					0	1	0
					-31.1906	19.0248	-8.34414
				}
				{VolumeView "wheell5.ply"}
			}
			{bone revolute "wheelr1"
				{parameters "ID=trackright;"}
				{Matrix34
					-1	0	0
					0	0	-1
					0	-1	0
					29.6743	-17.1836	-9.04007
				}
				{VolumeView "wheelr1.ply"}
			}
			{bone revolute "wheelr5"
				{parameters "ID=trackright;"}
				{Matrix34
					-1	0	0
					0	0	1
					0	1	0
					-31.1907	19.0248	-8.34414
				}
				{VolumeView "wheelr5.ply"}
			}
		}
		{bone "link2"
			{Matrix34
				-1	0	0
				0	-1	0
				0	0	1
				-39.9025	0.0182167	19.9096
			}
		}
	}
}
{Volume "body10"
	{Box 14.6561 0.51888 13.6225}
	{Bone "body"}
	{Matrix34
		0.669486	-0.742824	0
		0.742824	0.669486	0
		0	0	1
		23.7821	15.1124	2.93645
	}
}
{Volume "body11"
	{Box 9.23335 0.51888 13.1316}
	{Bone "body"}
	{Matrix34
		-0.912742	-0.408537	0
		0.408537	-0.912742	0
		0	0	1
		24.5311	0.360279	2.691
	}
}
{Volume "body12"
	{Box 33.141 7.66904 9.4124}
	{Bone "body"}
	{Position -9.29903	0.42208	2.83924}
}
{Volume "body1"
	{Box 33.141 0.51888 12.5499}
	{Bone "body"}
	{Position -9.29903	20.5823	4.40798}
}
{Volume "body2"
	{Box 33.141 0.51888 12.5499}
	{Bone "body"}
	{Position -9.29903	-20.5281	4.40798}
}
{Volume "body3"
	{Box 41.5827 0.51888 12.5499}
	{Bone "body"}
	{Matrix34
		0	-1	0
		1	0	0
		0	0	1
		-25.5975	-0.026912	4.40798
	}
}
{Volume "body4"
	{Box 41.5827 0.51888 12.5499}
	{Bone "body"}
	{Matrix34
		0	-1	0
		1	0	0
		0	0	1
		7.15045	-0.0269078	4.40798
	}
}
{Volume "body5"
	{Box 19.5439 0.51888 9.6634}
	{Bone "body"}
	{Matrix34
		0	-1	0
		1	0	0
		0	0	1
		20.4406	-11.0358	2.96474
	}
}
{Volume "body6"
	{Box 8.013 0.51888 15.0849}
	{Bone "body"}
	{Matrix34
		0	-1	0
		1	0	0
		0	0	1
		28.5814	5.83919	3.44229
	}
}
{Volume "body7"
	{Box 12.2134 0.51888 9.6634}
	{Bone "body"}
	{Position 13.1496	20.5823	2.96474}
}
{Volume "body9"
	{Box 13.5878 0.51888 9.6634}
	{Bone "body"}
	{Position 13.7601	-20.5281	2.96474}
}
{Volume "body"
	{Polyhedron "body.vol"}
	{Bone "body"}
	{Position 1.26638	-0.12138	-13.1667}
}
{Volume "engine"
	{Box 19.5344 7.21279 14.637}
	{Bone "body"}
	{Matrix34
		-1	0	0
		0	-1	0
		0	0	1
		-19.5783	0.457288	-2.59743
	}
}
{Volume "inventory"
	{Box 16.1406 6.9075 16.4686}
	{Bone "body"}
	{Position -1.33528	0.309747	-1.6068}
}
{Volume "trackleft"
	{Box 68.2702 4.64734 15.9835}
	{Bone "wheelsl"}
	{Matrix34
		-1	0	0
		0	-1	0
		0	0	1
		-1.82641	4.77833	8.79503
	}
}
{Volume "trackright"
	{Box 67.8812 4.92071 15.9835}
	{Bone "wheelsr"}
	{Matrix34
		-1	0	0
		0	-1	0
		0	0	1
		-1.82824	-4.72147	8.79503
	}
}
