;Exported by: kolesnikov
;Date:        Tue Jul 19 11:15:47 2005
;File:        D:\-Project-\-3DWork-\Constructions\barricade_hlam.max
{Skeleton
	{bone "wardrobe2"
		{Orientation
			1	0	0
			0	-1	0
			0	0	1
		}
		{VolumeView "wardrobe2.ply"}
		{bone "object14"
			{Matrix34
				0.0317054	0.00872645	-0.999459
				0.99222	0.12017	0.032525
				0.120389	-0.992715	-0.00484851
				10.7786	-6.42302	13.8852
			}
			{VolumeView "object14.ply"}
		}
	}
}
{Obstacle "rectangle02"
	{Obb2
		{Center 0.200165 -0.616039}
		{Extent 19.5792 9.27476}
		{Axis -1 0}
	}
	{Rotate}
}
{Volume "body55"
	{Box 37.2713 15.5501 0.651254}
	{Bone "wardrobe2"}
	{Position 1.01611	2.05918	40.3508}
}
{Volume "body54"
	{Box 22.3546 0.572059 38.9879}
	{Bone "wardrobe2"}
	{Position 5.91461	8.79449	20.9687}
}
{Volume "body53"
	{Box 0.70224 15.103 38.9879}
	{Bone "wardrobe2"}
	{Matrix34
		0.99878	0	-0.0493812
		0	1	0
		0.0493812	0	0.99878
		17.8917	1.69634	20.9449
	}
}
{Volume "body52"
	{Box 11.704 15.103 38.9879}
	{Bone "wardrobe2"}
	{Matrix34
		0.999346	0	-0.0361531
		0	1	0
		0.0361531	0	0.999346
		-11.8378	1.69634	20.956
	}
}
