;Exported by: shevchenko
;Date:        Thu Jun 29 12:52:38 2006
;File:        D:\-Projects1_5-\-3DWork-\bsh\bsh_c135-a1_x.max
{Skeleton
	{bone "bsh135_c3_1"
		{Orientation
			1	0	0
			0	-1	0
			0	0	1
		}
		{bone "piece0"
			{Matrix34
				-0.122788	-0.122788	-0.984808
				-0.696364	-0.696364	0.173648
				-0.707107	0.707107	0
				-20.8218	8.95886	54.18
			}
			{VolumeView "piece0.ply"}
		}
		{bone "piece1"
			{Matrix34
				-0.707107	-0.707107	0
				0	0	1
				-0.707107	0.707107	0
				-11.337	18.4234	24.5068
			}
			{VolumeView "piece1.ply"}
		}
		{bone "piece3"
			{Matrix34
				0	0	-1
				-0.707106	0.707107	0
				0.707107	0.707106	0
				6.8821	10.0324	12.2312
			}
			{VolumeView "piece3.ply"}
		}
		{bone "piece2"
			{Matrix34
				-0.707106	0.707107	0
				0	0	1
				0.707107	0.707106	0
				4.42855	12.486	40.9321
			}
			{VolumeView "piece2.ply"}
		}
		{bone "piece4"
			{Matrix34
				-0.298836	0.298836	-0.906308
				-0.640856	0.640857	0.422618
				0.707107	0.707106	0
				26.6094	-9.69501	35.1265
			}
			{VolumeView "piece4.ply"}
		}
		{bone "piece5"
			{Matrix34
				-0.122788	0.122788	-0.984808
				-0.696364	0.696364	0.173648
				0.707107	0.707107	0
				21.8913	-6.20946	54.3126
			}
			{VolumeView "piece5.ply"}
		}
	}
}
{Volume "piece0"
	{Box 12.7007 24.6168 9.84252}
	{Bone "piece0"}
	{Matrix34
		0.988561	-0.150824	0
		0.150824	0.988561	0
		0	0	1
		-1.03447	0.0914796	0
	}
}
{Volume "piece1"
	{Box 19.839 36.2775 9.84252}
	{Bone "piece1"}
	{Matrix34
		0.997818	-0.0660268	0
		0.0660268	0.997818	0
		0	0	1
		0.332229	0.657677	1.62125e-005
	}
}
{Volume "piece2"
	{Box 20.725 33.7836 7.7756}
	{Bone "piece2"}
	{Matrix34
		0.991429	0.130648	0
		-0.130648	0.991429	0
		0	0	1
		0.0472308	0.864229	0.104267
	}
}
{Volume "piece3"
	{Box 17.2441 36.2712 7.7756}
	{Bone "piece3"}
	{Position 0	0	0.101957}
}
{Volume "piece4"
	{Box 35.3811 17.1222 7.7756}
	{Bone "piece4"}
	{Matrix34
		0.819152	0.573577	0
		-0.573576	0.819152	0
		0	0	1
		0	0	0.00609756
	}
}
{Volume "piece5"
	{Box 12.7007 24.6168 9.84252}
	{Bone "piece5"}
	{Matrix34
		0.988561	-0.150824	0
		0.150824	0.98856	0
		0	0	1
		-1.03447	0.0914764	0
	}
}
