;Exported by: sasha
;Date:        Thu Nov 15 17:38:43 2007
;File:        D:\alexander\1\ruin_wood1n_x.max
{Skeleton
	{bone "trash5_w_inn_x"
		{Orientation
			1	0	0
			0	-1	0
			0	0	1
		}
		{bone "piece02"
			{Matrix34
				0.120851	0.992671	0
				-0.0131967	0.00160654	-0.999912
				-0.992583	0.12084	0.0132941
				3.97287	19.1707	2.72355
			}
			{VolumeView "piece02.ply"}
		}
		{bone "piece03"
			{Matrix34
				-0.888437	-0.458999	0
				0.00610199	-0.011811	-0.999912
				0.458958	-0.888358	0.0132941
				21.1331	16.5371	2.72352
			}
			{VolumeView "piece03.ply"}
		}
		{bone "piece01"
			{Matrix34
				0.451011	-0.888588	0.0836737
				-0.611204	-0.239177	0.75447
				-0.6504	-0.391416	-0.650979
				43.9754	18.3971	18.2164
			}
			{VolumeView "piece01.ply"}
		}
		{bone "fx_dust1a"
			{Matrix34
				0	0	1
				0	1	0
				-1	0	0
				-4.3823	19.9198	4.47923
			}
		}
		{bone "fx_haulm1"
			{Matrix34
				0	0	1
				0	1	0
				-1	0	0
				-20.4805	15.1218	15.2128
			}
		}
		{bone "fx_dust1"
			{Matrix34
				0	0	1
				0	1	0
				-1	0	0
				-45.0552	16.6425	5.9619
			}
		}
		{bone "fx_dust1b"
			{Matrix34
				0	0	1
				0	1	0
				-1	0	0
				29.8872	3.65567	4.47923
			}
		}
		{bone "fx_haulm1a"
			{Matrix34
				0	0	1
				0	1	0
				-1	0	0
				32.836	-6.97702	15.2128
			}
		}
	}
}
{Volume "piece01"
	{Cylinder 1.7772 25.4588}
	{Bone "piece01"}
	{Position 0	0	10.3966}
}
{Volume "piece02"
	{Cylinder 1.11623 49.4385}
	{Bone "piece02"}
	{Position -0.0218504	-0.131976	24.7192}
}
{Volume "piece03"
	{Cylinder 1.11623 49.4385}
	{Bone "piece03"}
	{Position -0.0218543	-0.131975	24.7193}
}
