;Exported by: Ekaterina
;Date:        Fri Sep 05 11:01:26 2008
;File:        D:\-Project-\-3DWork-\Constructions\da_wataz_tauwa.max
{Skeleton
	{bone "w_tower_c2"
		{Orientation
			1	0	0
			0	-1	0
			0	0	1
		}
		{VolumeView "w_tower_c2.ply"}
		{bone "window1"
			{Matrix34
				0	-1	0
				0	0	1
				-1	0	0
				6.75531	-3.54517	174.064
			}
			{VolumeView "window1.ply"}
		}
		{bone "window12"
			{Matrix34
				0	-1	0
				0	0	1
				-1	0	0
				-18.9356	9.11737	123.937
			}
			{VolumeView "window12.ply"}
		}
		{bone "window12_x"
			{Matrix34
				0	-1	0
				0	0	1
				-1	0	0
				-18.1995	9.27634	123.937
			}
			{visibility 0}
			{VolumeView "window12_x.ply"}
		}
		{bone "window13"
			{Matrix34
				0	-1	0
				0	0	1
				-1	0	0
				-18.9356	-15.3484	123.937
			}
			{VolumeView "window13.ply"}
		}
		{bone "window13_x"
			{Matrix34
				0	-1	0
				0	0	1
				-1	0	0
				-18.1995	-15.3484	123.937
			}
			{visibility 0}
			{VolumeView "window13_x.ply"}
		}
		{bone "window1_x"
			{Matrix34
				0	-1	0
				0	0	1
				-1	0	0
				6.75531	-3.54516	174.064
			}
			{visibility 0}
			{VolumeView "window1_x.ply"}
		}
		{bone "attach1"
			{Matrix34
				-1	0	0
				0	-1	0
				0	0	1
				14.6828	-3.97326	154.041
			}
		}
		{bone "attach12"
			{Matrix34
				-1	0	0
				0	-1	0
				0	0	1
				-4.65098	9.42673	96.5224
			}
		}
		{bone "attach13"
			{Matrix34
				-1	0	0
				0	-1	0
				0	0	1
				-4.65098	-14.3841	96.5224
			}
		}
		{bone "fix01"
			{Position -16.9416	2.01543	6.84577}
		}
	}
}
{Volume "body10"
	{Box 16.2072 6.81561 4.26037}
	{Bone "w_tower_c2"}
	{Matrix34
		0.999959	-0.00402961	-0.00806364
		0.00406833	0.99998	0.00479081
		0.00804418	-0.00482343	0.999956
		-2.2897	-28.2709	151.944
	}
}
{Volume "body11"
	{Polyhedron "body11.vol"}
	{Bone "w_tower_c2"}
	{Matrix34
		0.999959	-0.00402961	-0.00806364
		0.00406833	0.99998	0.00479081
		0.00804418	-0.00482343	0.999956
		3.68095	1.11409	81.5362
	}
}
{Volume "body1"
	{Polyhedron "body1.vol"}
	{Bone "w_tower_c2"}
	{Matrix34
		0.622202	-0.782702	0.0155953
		0.782456	0.622397	0.0196119
		-0.0250567	0	0.999686
		-7.73114	33.9318	90.1492
	}
}
{Volume "body3"
	{Box 2.34036 25.9939 21.5153}
	{Bone "w_tower_c2"}
	{Position 7.44733	-3.6269	176.597}
}
{Volume "body4"
	{Polyhedron "body4.vol"}
	{Bone "w_tower_c2"}
	{Matrix34
		0.42628	0	-0.904591
		0	1	0
		0.904591	0	0.42628
		-29.0179	-3.6269	148.889
	}
}
{Volume "body5"
	{Polyhedron "body5.vol"}
	{Bone "w_tower_c2"}
	{Matrix34
		0.233564	-0.233414	-0.94391
		0.674123	0.73845	-0.0158002
		0.700718	-0.632621	0.329825
		-13.3587	45.7768	148.753
	}
}
{Volume "body6"
	{Polyhedron "body6.vol"}
	{Bone "w_tower_c2"}
	{Matrix34
		0.306883	0.217994	-0.926446
		-0.572619	0.819815	0.00322513
		0.760217	0.529511	0.376415
		-22.582	-44.5517	148.133
	}
}
{Volume "body7"
	{Polyhedron "body7.vol"}
	{Bone "w_tower_c2"}
	{Matrix34
		0.305984	-0.0264485	-0.951669
		0.107711	0.994158	0.00700219
		0.945924	-0.104647	0.307045
		0.913635	0.232292	185.485
	}
}
{Volume "body8"
	{Box 43.5209 6.81561 4.68172}
	{Bone "w_tower_c2"}
	{Matrix34
		0.999959	-0.00402961	-0.00806364
		0.00406833	0.99998	0.00479081
		0.00804418	-0.00482343	0.999956
		9.65498	-3.84	152.176
	}
}
{Volume "body9"
	{Box 21.3252 6.81561 4.26037}
	{Bone "w_tower_c2"}
	{Matrix34
		0.999959	-0.00402961	-0.00806364
		0.00406833	0.99998	0.00479081
		0.00804418	-0.00482343	0.999956
		-0.773087	20.7529	152.168
	}
}
{Volume "body"
	{Polyhedron "body.vol"}
	{Bone "w_tower_c2"}
	{Position -16.8821	-3.47385	79.9612}
}
{Volume "hole12"
	{Box 14.9315 15.8563 23.4516}
	{Bone "w_tower_c2"}
	{Position -17.3249	8.639	129.334}
}
{Volume "hole13"
	{Box 14.9315 15.8563 23.4516}
	{Bone "w_tower_c2"}
	{Position -17.5586	-16.0646	129.334}
}
{Volume "hole1"
	{Box 9.46684 10.1607 12.9678}
	{Bone "w_tower_c2"}
	{Position 7.63247	-3.51586	174.178}
}
{Volume "window12"
	{Box 18.1126 26.8107 1.6084}
	{Bone "window12"}
	{Position 0.308174	6.33764	-0.804199}
}
{Volume "window13"
	{Box 18.1126 26.7019 1.6084}
	{Bone "window13"}
	{Position 0.30817	6.28326	-0.804199}
}
{Volume "window1"
	{Box 11.2172 14.0209 0.325195}
	{Bone "window1"}
	{Position 0.101631	-0.0572357	-0.162598}
}
