;Exported by: dima
;Date:        Mon Mar 17 10:59:28 2008
;File:        D:\Попов Дмитрий\Домик\house 102\Tobruck\house_n4_af.max
{Skeleton
	{bone "house_n4_f2_c4"
		{Orientation
			1	0	0
			0	-1	0
			0	0	1
		}
		{VolumeView "house_n4_f2_c4.ply"}
		{bone "window3"
			{Matrix34
				0	1	0
				-1	0	0
				0	0	1
				12.0003	-8.97883	24.6804
			}
			{VolumeView "window3.ply"}
		}
		{bone "window1"
			{Matrix34
				0	1	0
				-1	0	0
				0	0	1
				-4.95857	-8.96229	24.6804
			}
			{VolumeView "window1.ply"}
		}
		{bone "window2"
			{Matrix34
				0	1	0
				-1	0	0
				0	0	1
				-22.1489	-8.98148	24.6804
			}
			{VolumeView "window2.ply"}
		}
		{bone "window1_x"
			{Matrix34
				0	1	0
				-1	0	0
				0	0	1
				-4.95857	-8.96231	24.6804
			}
			{visibility 0}
			{VolumeView "window1_x.ply"}
		}
		{bone "window2_x"
			{Matrix34
				0	1	0
				-1	0	0
				0	0	1
				-22.1489	-8.98148	24.6804
			}
			{visibility 0}
			{VolumeView "window2_x.ply"}
		}
		{bone "window3_x"
			{Matrix34
				0	1	0
				-1	0	0
				0	0	1
				12.0003	-8.97882	24.6804
			}
			{visibility 0}
			{VolumeView "window3_x.ply"}
		}
		{bone "attach2"
			{Matrix34
				0	-1	0
				1	0	0
				0	0	1
				-22.8046	8.21027	-1.34504
			}
		}
		{bone "attach1"
			{Matrix34
				0	-1	0
				1	0	0
				0	0	1
				-6.02394	8.21027	-1.34504
			}
		}
		{bone "attach3"
			{Matrix34
				0	-1	0
				1	0	0
				0	0	1
				10.7332	8.21027	-1.34504
			}
		}
		{bone "fix08"
			{Position 3.49169	8.75353	-30.8633}
		}
		{bone "door01"
			{Matrix34
				0	-0.939693	-0.34202
				1	0	0
				0	-0.34202	0.939693
				2.29958	51.1018	-64.5217
			}
		}
		{bone "ladder_bottom01"
			{Matrix34
				0	-0.939693	-0.34202
				1	0	0
				0	-0.34202	0.939693
				2.29958	35.1509	-38.4156
			}
		}
		{bone "ladder_top01"
			{Matrix34
				0	-0.939693	-0.34202
				1	0	0
				0	-0.34202	0.939693
				2.29958	5.53708	0.517746
			}
		}
	}
}
{Obstacle "abstacl01"
	{Obb2
		{Center 2.06611 -39.4678}
		{Extent 12.2207 5.15557}
		{Axis -1 0}
	}
	{Rotate}
}
{Volume "body10"
	{Box 3.77806 3.17199 84.7442}
	{Bone "house_n4_f2_c4"}
	{Matrix34
		0	0	1
		0	1	0
		-1	0	0
		0.053093	-13.9561	35.6342
	}
}
{Volume "body11"
	{Box 2.7202 2.69619 61.0158}
	{Bone "house_n4_f2_c4"}
	{Matrix34
		0	0	1
		0	1	0
		-1	0	0
		-7.47921	-13.9561	21.1044
	}
}
{Volume "body12"
	{Box 2.7202 2.69619 61.0158}
	{Bone "house_n4_f2_c4"}
	{Matrix34
		0	0	1
		0	1	0
		-1	0	0
		-7.47921	-13.9561	28.4426
	}
}
{Volume "body13"
	{Box 6.5139 15.0344 62.8605}
	{Bone "house_n4_f2_c4"}
	{Matrix34
		0	-1	0
		1	0	0
		0	0	1
		28.0941	-9.67551	25.698
	}
}
{Volume "body14"
	{Box 6.5139 12.3102 62.8605}
	{Bone "house_n4_f2_c4"}
	{Matrix34
		0	-1	0
		1	0	0
		0	0	1
		-36.3646	-9.67551	25.698
	}
}
{Volume "body15"
	{Box 6.5139 50.9839 20.3145}
	{Bone "house_n4_f2_c4"}
	{Matrix34
		0	-1	0
		1	0	0
		0	0	1
		-4.66985	-9.67551	4.42497
	}
}
{Volume "body16"
	{Box 6.5139 50.9839 21.3507}
	{Bone "house_n4_f2_c4"}
	{Matrix34
		0	-1	0
		1	0	0
		0	0	1
		-4.66985	-9.67551	46.3845
	}
}
{Volume "body17"
	{Box 6.5139 50.9839 17.5076}
	{Bone "house_n4_f2_c4"}
	{Matrix34
		0	0	1
		1	0	0
		0	1	0
		-10.8674	0.32735	43.8256
	}
}
{Volume "body18"
	{Box 6.5139 22.0251 26.6116}
	{Bone "house_n4_f2_c4"}
	{Matrix34
		0	0	1
		1	0	0
		0	1	0
		25.7001	4.87933	44.0803
	}
}
{Volume "body19"
	{Box 6.5139 80.1597 14.1165}
	{Bone "house_n4_f2_c4"}
	{Matrix34
		0	1	0
		1	0	0
		0	0	-1
		-0.763287	8.04202	-8.98616
	}
}
{Volume "body1"
	{Box 6.5139 14.6559 71.6534}
	{Bone "house_n4_f2_c4"}
	{Position 38.8254	12.388	20.6244}
}
{Volume "body20"
	{Box 6.5139 72.9453 19.0572}
	{Bone "house_n4_f2_c4"}
	{Matrix34
		0	0.906308	0.422618
		0	0.422618	-0.906308
		-1	0	0
		2.75296	25.3896	-30.75
	}
}
{Volume "body2"
	{Box 6.5139 18.7743 62.8605}
	{Bone "house_n4_f2_c4"}
	{Position 38.8254	-3.87985	25.7938}
}
{Volume "body3"
	{Box 6.5139 21.0668 78.5757}
	{Bone "house_n4_f2_c4"}
	{Matrix34
		0	0	1
		0	1	0
		-1	0	0
		-0.116245	-1.42828	-4.19093
	}
}
{Volume "body4"
	{Box 4.10375 25.1236 6.70093}
	{Bone "house_n4_f2_c4"}
	{Matrix34
		-1	0	0
		0	0.939693	-0.34202
		0	-0.34202	-0.939693
		34.36	-4.46059	-10.4703
	}
}
{Volume "body5"
	{Box 4.10375 25.1236 6.70093}
	{Bone "house_n4_f2_c4"}
	{Matrix34
		-1	0	0
		0	0.939693	-0.34202
		0	-0.34202	-0.939693
		25.2972	-4.46059	-10.4703
	}
}
{Volume "body6"
	{Box 4.10375 25.1236 6.70093}
	{Bone "house_n4_f2_c4"}
	{Matrix34
		-1	0	0
		0	0.939693	-0.34202
		0	-0.34202	-0.939693
		3.33824	-4.46059	-10.4703
	}
}
{Volume "body7"
	{Box 4.10375 25.1236 6.70093}
	{Bone "house_n4_f2_c4"}
	{Matrix34
		-1	0	0
		0	0.939693	-0.34202
		0	-0.34202	-0.939693
		-5.79762	-4.46059	-10.4703
	}
}
{Volume "body8"
	{Box 3.77806 3.17199 79.8329}
	{Bone "house_n4_f2_c4"}
	{Matrix34
		0	0	1
		0	1	0
		-1	0	0
		1.68579	-12.3773	-5.57591
	}
}
{Volume "body9"
	{Box 3.77806 3.17199 79.8329}
	{Bone "house_n4_f2_c4"}
	{Matrix34
		0	0	1
		0	1	0
		-1	0	0
		1.68579	-13.9561	13.4706
	}
}
{Volume "hole1"
	{Box 16.5734 15.2333 20.009}
	{Bone "house_n4_f2_c4"}
	{Matrix34
		0	1	0
		-1	0	0
		0	0	1
		-4.98341	-9.85385	24.4724
	}
}
{Volume "hole2"
	{Box 16.5734 15.2333 20.009}
	{Bone "house_n4_f2_c4"}
	{Matrix34
		0	1	0
		-1	0	0
		0	0	1
		-21.7641	-9.85385	24.4724
	}
}
{Volume "hole3"
	{Box 16.5734 15.2333 20.009}
	{Bone "house_n4_f2_c4"}
	{Matrix34
		0	1	0
		-1	0	0
		0	0	1
		11.7738	-9.85385	24.4724
	}
}
{Volume "window1"
	{Box 13.1804 16.9611 21.7599}
	{Bone "window1"}
	{Position -0.891571	-0.0966415	-0.278183}
}
{Volume "window2"
	{Box 13.1804 16.9611 21.7599}
	{Bone "window2"}
	{Position -0.872375	-0.506263	-0.278183}
}
{Volume "window3"
	{Box 13.1804 16.9611 21.7599}
	{Bone "window3"}
	{Position -0.875031	0.105026	-0.278183}
}
