;Exported by: Normand
;Date:        Sat Dec 29 21:20:05 2012
;File:        C:\Users\Normand\gaz61_xx.max
{Skeleton
	{bone "basis"
		{Orientation
			1	0	0
			0	-1	0
			0	0	1
		}
		{bone "pivot_back"
			{parameters "ID=body;"}
			{Matrix34
				0.999615	7.89741e-005	-0.0277508
				-0.000670568	0.999773	-0.0213095
				0.0277429	0.0213199	0.999388
				-31.0346	0.039764	6.49412
			}
			{VolumeView "pivot_back.ply"}
			{bone revolute "wheelr2"
				{parameters "ID=wheelright2;"}
				{Matrix34
					-0.999947	-0.0082557	0.00609882
					0.00617063	-0.00869269	0.999943
					-0.00820222	0.999928	0.00874318
					0.397314	-13.6202	-1.76531
				}
				{VolumeView "wheelr2.ply"}
			}
			{bone revolute "wheell2"
				{parameters "ID=wheelleft2;"}
				{Matrix34
					-0.999946	0.0081461	0.0064486
					0.00616863	-0.0339438	0.999405
					-0.00836015	-0.99939	-0.0338918
					0.40729	13.8018	-1.18033
				}
				{VolumeView "wheell2.ply"}
			}
		}
		{bone "body"
			{parameters "ID=body;"}
			{Matrix34
				0.999297	-6.38512e-005	-0.0374957
				0.00358903	0.99557	0.0939557
				0.0373236	-0.0940242	0.99487
				-2.38558	0.23145	10.5665
			}
			{VolumeView "body.ply"}
			{bone "part2"
				{parameters "ID=body;"}
				{Matrix34
					0.928151	-0.372041	-0.010996
					0.372064	0.928207	0
					0.0102066	-0.00409121	0.99994
					-24.631	-14.4671	8.73557
				}
				{VolumeView "part2.ply"}
			}
			{bone "doorr1"
				{parameters "ID=body;"}
				{Matrix34
					1	0	-0.000209484
					0	1	0
					0.000209484	0	1
					-10.285	-14.4061	5.50642
				}
				{VolumeView "doorr1.ply"}
			}
			{bone "engine"
				{parameters "ID=engine;"}
				{Matrix34
					0.999998	0	0.0019741
					0	1	0
					-0.00197411	0	0.999998
					18.4985	-0.252245	11.6127
				}
				{VolumeView "engine.ply"}
				{bone "engine_door1"
					{parameters "ID=engine;"}
					{Matrix34
						-0.00036169	0.989385	-0.145317
						-0.0372931	-0.145229	-0.988695
						-0.999304	0.00506172	0.0369498
						0.674585	-0.0151658	0.960842
					}
					{VolumeView "engine_door1.ply"}
					{bone "part1"
						{parameters "ID=engine;"}
						{Matrix34
							0.999271	-0.000200566	0.0381796
							0.00924975	-0.968925	-0.247184
							0.0370428	0.247357	-0.968216
							-3.01249	-7.97314	0.522996
						}
						{VolumeView "part1.ply"}
					}
				}
			}
			{bone "part3"
				{parameters "ID=body;"}
				{Matrix34
					0.544526	0.838744	-0.000209492
					-0.838744	0.544526	0
					0.000114068	0.0001757	1
					-10.285	13.9248	5.5064
				}
				{VolumeView "part3.ply"}
			}
			{bone "part6"
				{parameters "ID=body;"}
				{Matrix34
					-0.944623	0.327972	-0.010996
					-0.327992	-0.944681	0
					-0.0103877	0.0036066	0.99994
					-24.631	14.1657	8.73556
				}
				{VolumeView "part6.ply"}
			}
			{bone "buffer_f"
				{parameters "ID=body;"}
				{Matrix34
					0.999846	0.0145047	-0.00988469
					-0.0109196	0.954909	0.296697
					0.0137425	-0.296543	0.954921
					-2.64864	-0.366998	-2.11409
				}
				{VolumeView "buffer_f.ply"}
			}
			{bone "part5"
				{parameters "ID=body;"}
				{Matrix34
					0.99994	0	-0.010996
					0	1	0
					0.010996	0	0.99994
					-2.64864	-0.366998	-2.11409
				}
				{VolumeView "part5.ply"}
			}
			{bone "fxfire"
				{Matrix34
					0.999999	0	0.00119317
					-0.00119318	0	0.999999
					0	-1	0
					19.1388	-0.154462	6.67563
				}
			}
		}
		{bone "pivot_front"
			{parameters "ID=body;"}
			{Matrix34
				0.999926	-6.3804e-005	-0.0121892
				5.42835e-005	1	-0.00078139
				0.0121892	0.000780671	0.999925
				26.2745	0.0381606	6.1092
			}
			{VolumeView "pivot_front.ply"}
			{bone revolute "steer_r"
				{Matrix34
					-0.999994	0.00122051	-0.00330694
					0.00127104	0.999882	-0.0153227
					-0.00328784	0.0153268	0.999877
					0.257114	-12.3749	-1.1526
				}
				{bone revolute "part4"
					{parameters "ID=wheelright1;"}
					{Matrix34
						0.914978	0.33079	0.23107
						-0.403502	0.748668	0.526006
						-0.00100261	0.574521	-0.818489
						0.329414	-1.31809	-0.0269194
					}
					{VolumeView "part4.ply"}
				}
			}
			{bone revolute "steer_l"
				{Matrix34
					-0.999985	-0.00433796	-0.00323567
					-0.0042879	0.999873	-0.0153226
					-0.00330172	0.0153085	0.999877
					0.237843	12.4592	-1.32679
				}
				{bone revolute "wheell1"
					{parameters "ID=wheelleft2;"}
					{Matrix34
						0.999608	0.0120729	0.0252646
						-0.0249081	-0.0288166	0.999274
						0.0127921	-0.999512	-0.0285046
						0.303528	1.37704	0.27775
					}
					{VolumeView "wheell1.ply"}
				}
			}
		}
	}
}
{Volume "body"
	{Polyhedron "body.vol"}
	{Bone "body"}
	{Matrix34
		0.999932	-0.00113908	0.011604
		0.00119098	0.999989	-0.00446524
		-0.0115988	0.00447879	0.999923
		-6.02006	-0.0830104	-3.57014
	}
}
{Volume "engine"
	{Polyhedron "engine.vol"}
	{Bone "engine"}
	{Matrix34
		0.999824	0.000123851	0.0187341
		-4.04399e-005	0.99999	-0.00445567
		-0.0187349	0.00445417	0.999815
		3.24868	0.00658637	-5.93466
	}
}
{Volume "part5"
	{Box 2.98581 27.0713 3.28439}
	{Bone "part5"}
	{Matrix34
		0.999926	5.53091e-005	0.0121891
		-0.000119366	0.999986	0.00525461
		-0.0121886	-0.00525567	0.999912
		-41.4369	-0.130834	-0.0709968
	}
}
{Volume "part3"
	{Polyhedron "doorl1.vol"}
	{Bone "part3"}
	{Matrix34
		0.980996	-0.194027	0.000356198
		-0.0014026	-0.00525571	0.999985
		-0.194022	-0.980982	-0.00542797
		9.03059	-1.54518	3.63939
	}
}
{Volume "part6"
	{Box 13.9124 23.5441 0.844884}
	{Bone "part6"}
	{Matrix34
		0.999926	5.76251e-005	0.0121891
		-0.0121886	-0.0052557	0.999912
		0.000121682	-0.999986	-0.00525461
		7.16171	-0.775697	0.136168
	}
}
{Volume "part2"
	{Box 13.8013 23.7745 0.604437}
	{Bone "part2"}
	{Matrix34
		0.999926	5.76251e-005	0.0121891
		-0.0121886	-0.0052557	0.999912
		0.000121682	-0.999986	-0.00525461
		7.05986	0.807513	-0.083789
	}
}
{Volume "part1"
	{Box 22.4996 11.3026 1.26758}
	{Bone "part1"}
	{Matrix34
		0.0354174	-0.194154	-0.980332
		-0.719598	0.675746	-0.159829
		0.693487	0.711105	-0.115779
		-4.46505	4.81633	0.401468
	}
}

{Volume "wheelleft1"
	{Box 10 10 4}
	{Bone "wheell1"}
	{Matrix34
		-0.999388	0.0339149	-0.00862683
		0.03402	0.999345	-0.0123425
		-0.00820259	0.0126285	0.999887
		-0.0334092	-0.224985	-0.125304
	}
}
{Volume "wheelleft2"
	{Box 10 10 3}
	{Bone "wheell2"}
	{Matrix34
		-0.999388	0.0339154	-0.00862683
		0.0340205	0.999345	-0.0123425
		-0.00820258	0.0126285	0.999887
		0.0208068	0.205793	-0.431069
	}
}
{Volume "wheelright2"
	{Box 10 10 3}
	{Bone "wheelr2"}
	{Matrix34
		-0.999388	0.0339153	-0.00862702
		0.0340204	0.999345	-0.0123427
		0.00820276	-0.0126287	-0.999887
		-0.0255453	0.184374	-0.180456
	}
}
