;Exported by: sana
;Date:        Tue Apr 25 15:20:21 2006
;File:        D:\-Project-\-3DWork-\Entourage\e-house023_corner_x.max
{Skeleton
	{bone "barn_corner6"
		{Orientation
			1	0	0
			0	-1	0
			0	0	1
		}
		{bone "exterior"
			{Position 4.8819	8.09055	97.5787}
		}
		{bone "piece0"
			{Position 21.5649	1.63338	96.2242}
			{VolumeView "piece0.ply"}
		}
		{bone "piece1"
			{Position 17.5595	-24.2979	122.461}
			{VolumeView "piece1.ply"}
		}
		{bone "piece2"
			{Position 21.5403	-0.480976	70.3617}
			{VolumeView "piece2.ply"}
		}
		{bone "piece3"
			{Position 12.9074	-9.74923	112.604}
			{VolumeView "piece3.ply"}
		}
		{bone "piece4"
			{Position 5.79068	22.9392	80.1274}
			{VolumeView "piece4.ply"}
		}
		{bone "piece5"
			{Position -1.86102	30.9288	58.03}
			{VolumeView "piece5.ply"}
			{bone "sub_piece5"
				{Position -0.477844	0	-16.2472}
				{VolumeView "sub_piece5.ply"}
			}
		}
		{bone "piece6"
			{Position -0.24823	30.9288	23.7437}
			{VolumeView "piece6.ply"}
			{bone "sub_piece6"
				{Position -8.42224	0	-7.7652}
				{VolumeView "sub_piece6.ply"}
			}
		}
		{bone "piece7"
			{Position -20.9774	16.4752	62.6787}
			{VolumeView "piece7.ply"}
			{bone "sub_piece7"
				{Position 0	-14.6055	-2.83764}
				{VolumeView "sub_piece7.ply"}
			}
		}
		{bone "piece8"
			{Position -20.9774	-1.80243	37.598}
			{VolumeView "piece8.ply"}
			{bone "sub_piece8"
				{Position 0	-6.92717	-9.93173}
				{VolumeView "sub_piece8.ply"}
			}
		}
		{bone "piece9"
			{Position -20.9774	-15.7403	106.412}
			{VolumeView "piece9.ply"}
			{bone "sub_piece9"
				{Position 0	-1.50225	-22.3673}
				{VolumeView "sub_piece9.ply"}
			}
		}
		{bone "piece10"
			{Position -20.9774	-31.6811	60.2584}
			{VolumeView "piece10.ply"}
			{bone "sub_piece10"
				{Position 0	1.6692	-15.9409}
				{VolumeView "sub_piece10.ply"}
			}
		}
	}
}
{Volume "piece0"
	{Box 2.14214 75.0975 3.20587}
	{Bone "piece0"}
	{Matrix34
		1	0	0
		0	0.702147	-0.712032
		0	0.712032	0.702147
		0	0.142708	0.0372696
	}
}
{Volume "piece10"
	{Box 7 20.1973 28.2987}
	{Bone "piece10"}
	{Position 0	0	1.92431}
}
{Volume "piece1"
	{Box 62.7783 2.78737 2.92747}
	{Bone "piece1"}
}
{Volume "piece2"
	{Box 2.78737 56.9343 2.92747}
	{Bone "piece2"}
	{Position 0	0	0}
}
{Volume "piece3"
	{Box 50.022 2.97826 46.3867}
	{Bone "piece3"}
	{Matrix34
		1	0	0
		0	0.706537	0.707676
		0	-0.707676	0.706537
		-4.51527	0.833645	2.23312
	}
}
{Volume "piece4"
	{Box 35.2894 2.87075 47.5263}
	{Bone "piece4"}
	{Matrix34
		1	0	0
		0	0.693511	0.720446
		0	-0.720446	0.693511
		-5.15016	-0.0211743	2.17135
	}
}
{Volume "piece5"
	{Box 22.2778 7.00001 21.6039}
	{Bone "piece5"}
	{Position -0.615997	0	0}
}
{Volume "piece6"
	{Box 18.431 7.00001 16.8253}
	{Bone "piece6"}
	{Matrix34
		0.986882	0	0.161446
		0	1	0
		-0.161446	0	0.986882
		-0.178847	0	0.0632235
	}
}
{Volume "piece7"
	{Box 7.00002 18.5648 29.4981}
	{Bone "piece7"}
	{Position 0	2.06716	0.434658}
}
{Volume "piece8"
	{Box 7.00002 24.8327 17.3597}
	{Bone "piece8"}
	{Matrix34
		1	0	0
		0	0.824243	-0.566237
		0	0.566237	0.824243
		0	0.40688	2.31748
	}
}
{Volume "piece9"
	{Box 7 17.7983 30.0131}
	{Bone "piece9"}
	{Matrix34
		1	0	0
		0	0.709071	0.705137
		0	-0.705137	0.709071
		-1.18342e-005	-1.58903	-1.69109
	}
}
{Volume "sub_piece10"
	{Box 7 14.8742 24.2825}
	{Bone "sub_piece10"}
	{Matrix34
		1	0	0
		0	0.540032	-0.841645
		0	0.841645	0.540032
		0	1.09266	-0.874362
	}
}
{Volume "sub_piece5"
	{Box 11.2249 7 13.3453}
	{Bone "sub_piece5"}
	{Matrix34
		0.985226	0	0.171259
		0	1	0
		-0.171259	0	0.985226
		-0.0975422	0	-0.477424
	}
}
{Volume "sub_piece6"
	{Box 10.0637 7 13.0479}
	{Bone "sub_piece6"}
	{Matrix34
		0.637729	0	0.770261
		0	1	0
		-0.770261	0	0.637729
		-1.25645	0	-0.231875
	}
}
{Volume "sub_piece7"
	{Box 7 13.7692 17.8462}
	{Bone "sub_piece7"}
	{Matrix34
		1	0	0
		0	0.94909	0.315004
		0	-0.315004	0.94909
		0	-0.149273	-1.26604
	}
}
{Volume "sub_piece8"
	{Box 7 15.2551 22.4106}
	{Bone "sub_piece8"}
	{Matrix34
		1	0	0
		0	0.553704	0.832713
		0	-0.832713	0.553704
		-3.33217e-005	-1.07936	-1.1043
	}
}
{Volume "sub_piece9"
	{Box 7 27.041 14.3971}
	{Bone "sub_piece9"}
	{Matrix34
		1	0	0
		0	0.865472	0.500957
		0	-0.500957	0.865472
		0	0.552483	1.19333
	}
}
