;Exported by: garry
;Date:        Tue Jul 08 10:27:00 2008
;File:        D:\-Projects-\-3DWork-\Model\Танки\archer\archer.max
{Skeleton
	{animation
		{sequence "start" {speed 0.8}}
		{sequence "stop" {speed 0.8}}
;		{sequence "fire"}
		{sequence "hit"}
	}
	{bone revolute "basis"
		{parameters "WheelRadius=0.4;"}
		{limits -0 0}
		{Orientation
			1	0	0
			0	-1	0
			0	0	1
		}
		{bone "emit1"
			{Matrix34
				0.0348996	0.999391	0
				-0.999391	0.0348996	0
				0	0	1
				-16.3947	-42.806	0.347137
			}
			{visibility 0}
		}
		{bone "emit2"
			{Matrix34
				0	-1	0
				1	0	0
				0	0	1
				-16.5797	43.876	0.347138
			}
			{visibility 0}
		}
		{bone "wheelsr"
			{parameters "ID=trackright;"}
			{Matrix34
				1	0	0
				0	0	1
				0	-1	0
				3.59185	-17.6661	8.56196
			}
			{VolumeView "wheelsr.ply"}
			{bone revolute "wheelr7"
				{parameters "ID=trackright;"}
				{Position -31.282	-1.86536	4.92064}
				{VolumeView "wheelr7.ply"}
			}
			{bone revolute "wheelr6"
				{parameters "ID=trackright;"}
				{Position -19.2863	-3.23421	4.90273}
				{VolumeView "wheelr6.ply"}
			}
			{bone "trackr"
				{parameters "ID=trackright;"}
				{Position -2.41005	2.0383	3.99756}
				{VolumeView "trackr.ply"}
			}
			{bone revolute "wheelr5"
				{parameters "ID=trackright;"}
				{Position -9.07974	-3.23421	4.90273}
				{VolumeView "wheelr6.ply"}
			}
			{bone revolute "wheelr4"
				{parameters "ID=trackright;"}
				{Position 9.07224	-3.23421	4.90273}
				{VolumeView "wheelr6.ply"}
			}
			{bone revolute "wheelr3"
				{parameters "ID=trackright;"}
				{Position 19.2889	-3.23421	4.90273}
				{VolumeView "wheelr6.ply"}
			}
			{bone revolute "wheelr2"
				{parameters "ID=trackright;"}
				{Position 31.2635	-1.86536	4.92063}
				{VolumeView "wheelr7.ply"}
			}
			{bone "fxtracer1"
				{Matrix34
					-1	0	0
					0	-1	0
					0	0	-1
					33.6947	-8.05349	3.47789
				}
			}
			{bone "fxtracer2"
				{Matrix34
					-0.965926	0.258819	0
					0	0	-1
					0.258819	0.965926	0
					-31.5912	-8.96022	3.60641
				}
			}
		}
		{bone "wheelsl"
			{parameters "ID=trackleft;"}
			{Matrix34
				1	0	0
				0	0	1
				0	-1	0
				3.59186	18.7349	8.56196
			}
			{VolumeView "wheelsl.ply"}
			{bone revolute "wheell7"
				{parameters "ID=trackleft;"}
				{Position -31.282	-1.86536	-4.92064}
				{VolumeView "wheell7.ply"}
			}
			{bone revolute "wheell6"
				{parameters "ID=trackleft;"}
				{Position -19.2863	-3.23421	-4.90273}
				{VolumeView "wheell6.ply"}
			}
			{bone "trackl"
				{parameters "ID=trackleft;"}
				{Position -2.41005	2.0383	-3.99756}
				{VolumeView "trackl.ply"}
			}
			{bone revolute "wheell2"
				{parameters "ID=trackleft;"}
				{Position 31.267	-1.86536	-4.92065}
				{VolumeView "wheell7.ply"}
			}
			{bone revolute "wheell5"
				{parameters "ID=trackleft;"}
				{Position -9.07812	-3.23421	-4.90273}
				{VolumeView "wheell6.ply"}
			}
			{bone revolute "wheell4"
				{parameters "ID=trackleft;"}
				{Position 9.08451	-3.23421	-4.90273}
				{VolumeView "wheell6.ply"}
			}
			{bone revolute "wheell3"
				{parameters "ID=trackleft;"}
				{Position 19.2924	-3.23421	-4.90274}
				{VolumeView "wheell6.ply"}
			}
			{bone "fxtracel1"
				{Matrix34
					-1	0	0
					0	1	0
					0	0	-1
					33.6461	-8.23813	-4.13216
				}
			}
			{bone "fxtracel2"
				{Matrix34
					-0.965926	0.258819	0
					0	0	1
					0.258819	0.965926	0
					-31.4987	-8.96431	-3.89006
				}
			}
		}
		{bone "body"
			{parameters "ID=body;"}
			{Matrix34
				-1	0	0
				0	0	1
				0	1	0
				1.58127	-0.806981	19.0091
			}
			{VolumeView "body.ply"}
				{bone "visor15"
					{Matrix34
						300.979925	330.199368	0
						-330.199368	0.979925	0
						0	0	1
						55.682715	6.52132	-3.799
					}
				}				
			{bone "detail4"
				{Matrix34
					0	0	1
					-0.000670068	1	0
					-1	-0.000670067	0
					-51.6568	-4.54823	-6.50126
				}
				{VolumeView "detail4.ply"}
			}
			{bone "detail2"
				{Matrix34
					0	0	1
					-0.00160592	0.999999	0
					-0.999999	-0.00160592	0
					-51.6833	-4.68591	10.6692
				}
				{VolumeView "detail2.ply"}
			}
			{bone "detail1"
				{Matrix34
					1	0	-0.000220625
					0	1	0
					0.000220625	0	1
					2.05064	7.47924	27.5998
				}
				{VolumeView "detail1.ply"}
			}
			{bone "enumerator2"
				{Matrix34
					0.98798	-0.0453981	-0.147763
					-0.00182004	0.952419	-0.304786
					0.154569	0.301392	0.940889
					21.5039	15.8961	21.8637
				}
				{VolumeView "enumerator2.ply"}
			}
			{bone "enumerator1"
				{Matrix34
					-0.98798	-0.0453988	0.147763
					0.00181955	0.952419	0.304787
					-0.154569	0.301392	-0.940888
					21.5039	15.8961	-19.2226
				}
				{VolumeView "enumerator1.ply"}
			}
			{bone revolute "mantlet"
				{parameters "ID=mantlet;"}
				{limits -20 20}
				{speed 0.01}
				{Matrix34
					-1	0	0
					0	0	1
					0	1	0
					20.374	0.690876	-0.707509
				}
				{VolumeView "mantlet.ply"}
				{bone revolute "gun_rot"
					{parameters "ID=gun;"}
					{limits -5 20}
					{speed 0.02}
					{Matrix34
						1	0	0
						0	0	1
						0	-1	0
						22.9407	2.04888	15.7111
					}
					{VolumeView "gun_rot.ply"}
					{bone "gun"
						{parameters "ID=gun;"}
						{Position 30.0121	0.178429	0.0016287}
						{VolumeView "gun.ply"}
						{bone "foresight1"
							{Position 44.2841	-0.0996132	-0.00162816}
						}
					}
				}
				{bone "visor2"
					{Position 27.01	10.2451	18.6875}
				}
				{bone "charger"
					{Matrix34
						0.999992	0	0.00392898
						0	1	0
						-0.00392898	0	0.999992
						7.69807	11.8668	-4.73902
					}
				}
			}
			{bone "engine"
				{parameters "ID=engine;"}
				{Matrix34
					-1	0	0
					0	1	0
					0	0	-1
					-19.8622	0.695601	1.33974
				}
				{VolumeView "engine.ply"}
			}
			{bone revolute "wheell1"
				{parameters "ID=trackleft;"}
				{Matrix34
					-1	0	0
					0	1	0
					0	0	1
					-47.3234	-5.33414	23.7103
				}
				{VolumeView "wheell1.ply"}
			}
			{bone revolute "wheelr1"
				{parameters "ID=trackright;"}
				{Matrix34
					-1	0	0
					0	1	0
					0	0	-1
					-47.3234	-5.33412	-21.0276
				}
				{VolumeView "wheelr1.ply"}
			}
			{bone revolute "wheelr8"
				{parameters "ID=trackright;"}
				{Matrix34
					-1	0	0
					0	1	0
					0	0	-1
					47.1511	-4.69927	-21.7798
				}
				{VolumeView "wheelr8.ply"}
			}
			{bone revolute "wheell8"
				{parameters "ID=trackleft;"}
				{Matrix34
					-1	0	0
					0	1	0
					0	0	-1
					47.1511	-4.69929	24.4625
				}
				{VolumeView "wheell8.ply"}
			}
			{bone "fxsmoke1"
				{Matrix34
					0.586147	-0.0474834	-0.808812
					0.166208	0.984097	0.0626769
					0.792973	-0.171168	0.584718
					34.7925	5.72239	-27.5212
				}
			}
			{bone "seat01"
				{Matrix34
					-0.20901	0	0.977913
					0.977914	0	0.20901
					0	1	0
					-28.7478	-0.191875	28.7672
				}
			}
			{bone "seat02"
				{Matrix34
					-0.293446	0	0.955976
					0.955976	0	0.293445
					0	1	0
					-13.464	-0.191874	28.7672
				}
			}
			{bone "seat03"
				{Matrix34
					-0.73033	0.155205	-0.665229
					-0.668439	0.038264	0.742782
					0.140738	0.987141	0.0757997
					-14.1492	-0.612665	-26.2217
				}
			}
			{bone "seat04"
				{Matrix34
					-0.783059	0.159493	-0.60115
					-0.613218	-0.0366118	0.789065
					0.103841	0.98652	0.126473
					-29.7905	-1.5352	-27.3553
				}
			}
			{bone "visor1"
				{Matrix34
					-1	0	0
					0	0	1
					0	1	0
					-8.8129	19.6573	0.465129
				}
			}
			{bone "fxfire2"
				{Matrix34
					0	1	0
					0	0	-1
					-1	0	0
					-35.2707	6.37518	-2.06113
				}
			}
			{bone "commander"
				{Matrix34
					-0.705933	0.0008367	-0.708278
					-0.708278	-0.00257766	0.705929
					-0.00123501	0.999996	0.0024122
					29.9212	-6.63572	14.7803
				}
			}
			{bone "gunner"
				{Matrix34
					-0.866526	0	0.499132
					0.499132	0	0.866526
					0	1	0
					28.9127	-6.40501	-12.6348
				}
			}
			{bone "driver"
				{Matrix34
					0.966935	0.255022	0
					0	0	-1
					-0.255022	0.966935	0
					37.891	-7.64619	1.44754
				}
			}
			{bone "highlight"
				{Matrix34
					1	0	0
					0	0	-1
					0	1	0
					25.8367	20.7004	1.00304
				}
				{VolumeView "highlight.ply"}
			}
			{bone "fxsmoke2"
				{Matrix34
					0.513424	-0.0474833	-0.85682
					0.171038	0.984097	0.0479525
					0.840917	-0.171168	0.513381
					34.7925	5.72239	-27.5212
				}
			}
		}
		{bone "fxfire1"
			{Matrix34
				0	0	1
				0	-1	0
				1	0	0
				17.3084	6.37004	23.7048
			}
		}
		{bone "fxshot"
			{Matrix34
				0	0	1
				0	-1	0
				1	0	0
				1.17235	-1.62852	11.9468
			}
		}
	}
}
{Volume "body1"
	{Polyhedron "body1.vol"}
	{Bone "body"}
	{Matrix34
		1	0	0
		0	0	-1
		0	1	0
		-8.81135	-10.073	0.285449
	}
}
{Volume "body2"
	{Polyhedron "body2.vol"}
	{Bone "body"}
	{Matrix34
		-1	0	0
		0	0	1
		0	1	0
		-0.443175	10.6848	1.34137
	}
}
{Volume "body3"
	{Polyhedron "body3.vol"}
	{Bone "body"}
	{Matrix34
		-1	0	0
		0	0	1
		0	1	0
		42.9393	2.54428	1.34138
	}
}
{Volume "body4"
	{Polyhedron "body4.vol"}
	{Bone "body"}
	{Matrix34
		-1	0	0
		0	1	0
		0	0	-1
		25.0232	13.791	21.2541
	}
}
{Volume "body5"
	{Polyhedron "body5.vol"}
	{Bone "body"}
	{Matrix34
		-1	0	0
		0	1	0
		0	0	-1
		4.75762	13.6352	18.7248
	}
}
{Volume "body6"
	{Polyhedron "body6.vol"}
	{Bone "body"}
	{Matrix34
		-1	0	0
		0	0	1
		0	1	0
		25.0232	13.791	-18.5713
	}
}
{Volume "body7"
	{Polyhedron "body7.vol"}
	{Bone "body"}
	{Matrix34
		-0.866026	0	0.5
		0.5	0	0.866026
		0	1	0
		4.75763	13.6353	-16.0421
	}
}
{Volume "engine"
	{Polyhedron "engine.vol"}
	{Bone "engine"}
	{Matrix34
		-1	0	0
		0	0	1
		0	1	0
		4.2944	-1.31847	0.880789
	}
}
{Volume "gun"
	{Cylinder 2.37221 89.8547}
	{Bone "gun"}
	{Matrix34
		0	0	-1
		0	1	0
		1	0	0
		-1.42004	-0.185814	-0.00772929
	}
}
{Volume "inventory"
	{Box 25.6574 8.97005 13.518}
	{Bone "body"}
	{Matrix34
		-1	0	0
		0	0	1
		0	1	0
		19.8693	0.174077	-10.762
	}
}
{Volume "ram"
	{Polyhedron "ram.vol"}
	{Bone "body"}
	{Matrix34
		0.92957	0.368645	0
		0	0	-1
		-0.368645	0.92957	0
		-4.46	-19.231	1.34136
	}
}
{Volume "sticky"
	{Box 27.3583 37.9828 24.3622}
	{Bone "highlight"}
	{Position -5.119	-0.194021	-8.34569}
}
{Volume "trackleft"
	{Box 108.403 8.88667 19.9072}
	{Bone "wheelsl"}
	{Matrix34
		-1	0	0
		0	0	1
		0	1	0
		-1.77123	0.678093	-3.68887
	}
}
{Volume "trackright"
	{Box 108.403 8.91721 19.9072}
	{Bone "wheelsr"}
	{Matrix34
		1	0	0
		0	0	-1
		0	1	0
		-1.73664	0.667932	3.7635
	}
}
{Volume "mantlet"
	{Polyhedron "mantlet.vol"}
	{Bone "mantlet"}
	{Position 20.8172	2.04888	9.99397}
}
