;Exported by: sana
;Date:        Mon Mar 26 18:40:48 2007
;File:        D:\-Project-\-3DWork-\Entourage\factory2_gluk\factory2_back_x.max
{Skeleton
	{bone "factory_back_wall3_x"
		{Orientation
			1	0	0
			0	-1	0
			0	0	1
		}
		{bone "piece01"
			{Position 7.27881	7.86298	177.165}
			{VolumeView "piece01.ply"}
		}
		{bone "piece05"
			{Position 50.1969	7.86295	161.718}
			{VolumeView "piece05.ply"}
			{bone "sub_piece05"
				{Position 0	0	-14.1967}
				{VolumeView "sub_piece05.ply"}
			}
		}
		{bone "piece04"
			{Position 44.6858	7.86295	110.731}
			{VolumeView "piece04.ply"}
		}
		{bone "piece06"
			{Position -24.076	7.86298	118.11}
			{VolumeView "piece06.ply"}
			{bone "sub_piece06"
				{Position 17.989	0	-3.37874}
				{VolumeView "sub_piece06.ply"}
			}
		}
		{bone "piece02"
			{Position -42.6709	7.86298	173.257}
			{VolumeView "piece02.ply"}
		}
		{bone "piece03"
			{Position -50.1968	7.86298	136.158}
			{VolumeView "piece03.ply"}
		}
		{bone "piece07"
			{Position -50.1968	7.86295	88.5937}
			{VolumeView "piece07.ply"}
			{bone "sub_piece07"
				{Position -4.68526	0	9.45201}
				{VolumeView "sub_piece07.ply"}
			}
		}
		{bone "piece08"
			{Position 47.1839	7.86295	65.2844}
			{VolumeView "piece08.ply"}
			{bone "sub_piece08"
				{Position 6.78294	0	14.7721}
				{VolumeView "sub_piece08.ply"}
			}
		}
		{bone "piece09"
			{Position -41.3914	7.86298	44.3924}
			{VolumeView "piece09.ply"}
			{bone "sub_piece09"
				{Position -13.1325	0	-5.74822}
				{VolumeView "sub_piece09.ply"}
			}
		}
	}
}
{Volume "piece01"
	{Box 23.38 7.87404 19.6851}
	{Bone "piece01"}
	{Position 3.05176e-005	0	0}
}
{Volume "piece02"
	{Box 36.7054 7.87404 27.5021}
	{Bone "piece02"}
	{Position 3.43323e-005	0	0}
}
{Volume "piece03"
	{Box 21.6535 7.87404 23.4313}
	{Bone "piece03"}
	{Position 2.28882e-005	0	0}
}
{Volume "piece04"
	{Box 25.487 7.87401 35.4765}
	{Bone "piece04"}
	{Matrix34
		0.455134	0	0.890423
		0	1	0
		-0.890423	0	0.455134
		0.457435	0	0.55339
	}
}
{Volume "piece05"
	{Box 21.6535 7.87402 24.2851}
	{Bone "piece05"}
	{Position 6.10352e-005	0	0}
}
{Volume "piece06"
	{Box 35.0209 7.87404 19.685}
	{Bone "piece06"}
	{Position 3.8147e-005	0	0}
}
{Volume "piece07"
	{Box 21.6535 7.87402 27.8702}
	{Bone "piece07"}
	{Position 3.43323e-005	0	0}
}
{Volume "piece08"
	{Box 15.6276 7.87402 33.5466}
	{Bone "piece08"}
	{Position 6.10352e-005	0	0}
}
{Volume "piece09"
	{Box 20.0632 7.87402 33.9251}
	{Bone "piece09"}
	{Matrix34
		0.959785	0	0.280737
		0	1	0
		-0.280737	0	0.959785
		-1.42951	0	0.0199406
	}
}
{Volume "sub_piece05"
	{Box 23.1693 7.87402 12.3708}
	{Bone "sub_piece05"}
	{Matrix34
		0.973983	0	0.22662
		0	1	0
		-0.22662	0	0.973983
		0.992338	0	-1.04167
	}
}
{Volume "sub_piece06"
	{Box 23.8268 7.87402 12.9276}
	{Bone "sub_piece06"}
	{Position 0	0	0}
}
{Volume "sub_piece07"
	{Box 12.283 7.87402 20.0614}
	{Bone "sub_piece07"}
	{Position 3.05176e-005	3.05176e-005	0}
}
{Volume "sub_piece08"
	{Box 14.1137 7.87401 17.6146}
	{Bone "sub_piece08"}
	{Position 3.05176e-005	0	0}
}
{Volume "sub_piece09"
	{Box 10.9195 7.87402 22.996}
	{Bone "sub_piece09"}
	{Matrix34
		0.959348	0	0.282227
		0	1	0
		-0.282227	0	0.959348
		-1.26648	6.10352e-005	-1.31768
	}
}
