;Exported by: sergienko
;Date:        Fri Apr 21 17:12:24 2006
;File:        D:\-projets1_5\3dwork\anima\construction\catholic_church\Catholic_church_gals_new02.max
{Skeleton
	{bone "church_tower_corner2"
		{Orientation
			1	0	0
			0	-1	0
			0	0	1
		}
		{VolumeView "church_tower_corner2.ply"}
		{bone "window1_x"
			{Matrix34
				0	-1	0
				1	0	0
				0	0	1
				-14.7289	-28.8388	182.871
			}
			{visibility 0}
			{VolumeView "window1_x.ply"}
		}
		{bone "window1"
			{Matrix34
				0	-1	0
				1	0	0
				0	0	1
				-14.6649	-29.8373	182.871
			}
			{VolumeView "window1.ply"}
			{bone "fx_glass1"
				{Position 5.65515	0.012333	1.55176}
			}
		}
		{bone "roof_hide"
			{Position 9.71436	-2.99287	0}
			{VolumeView "roof_hide.ply"}
		}
		{bone "attach2"
			{Matrix34
				0	-1	0
				1	0	0
				0	0	1
				-7.89807	-8.52318	211.879
			}
		}
	}
}
{Volume "body1"
	{Box 49.038 135.642 8.84036}
	{Bone "church_tower_corner2"}
	{Matrix34
		0	1	0
		0	0	1
		1	0	0
		34.4935	-8.16334	230.232
	}
}
{Volume "body2"
	{Box 58.7067 137.732 8.84036}
	{Bone "church_tower_corner2"}
	{Matrix34
		1	0	0
		0	0	1
		0	-1	0
		9.76099	-29.6333	229.155
	}
}
{Volume "hole2"
	{Box 33.6562 47.5125 32.0761}
	{Bone "church_tower_corner2"}
	{Matrix34
		-1	0	0
		0	0	1
		0	1	0
		-16.9698	-28.4262	255.125
	}
}
{Volume "roof1"
	{Polyhedron "roof1.vol"}
	{Bone "roof_hide"}
	{Matrix34
		0.359885	-0.391036	-0.847097
		-0.932889	-0.136995	-0.333094
		0.0142035	0.910122	-0.414096
		-7.27728	-9.92868	353.628
	}
}
{Volume "roof2"
	{Polyhedron "roof2.vol"}
	{Bone "roof_hide"}
	{Matrix34
		0.371753	-0.359336	-0.855966
		0.167106	0.932889	-0.319053
		0.913168	-0.0244281	0.406851
		9.07056	8.54191	353.628
	}
}
{Volume "roof3"
	{Polyhedron "roof3.vol"}
	{Bone "roof_hide"}
	{Matrix34
		0	-1	0
		0.422618	0	0.906308
		-0.906308	0	0.422618
		-32.0608	23.6569	404.864
	}
}
{Volume "roof4"
	{Polyhedron "roof4.vol"}
	{Bone "roof_hide"}
	{Matrix34
		-1	0	0
		0	-0.422618	0.906308
		0	0.906308	0.422618
		-24.2548	29.573	405.712
	}
}
{Volume "window1"
	{Box 4.77198 21.0402 35.7475}
	{Bone "window1"}
	{Matrix34
		1	0	0
		0	1	0
		0	0	1
		-0.450313	-0.146632	0.149834
	}
}
