;Exported by: dima
;Date:        Wed Jan 09 17:44:22 2008
;File:        D:\Попов Дмитрий\Домик\house 102\a_house_104.max
{Skeleton
	{bone "basis"
		{Orientation
			1	0	0
			0	-1	0
			0	0	1
		}
		{bone "104_w1"
			{VolumeView "104_w1.ply"}
		}
	}
}
{Obstacle "obstacle1"
	{Obb2
		{Center -27.8239 28.0539}
		{Extent 2.71507 2.21951}
		{Axis 0 1}
	}
	{Rotate}
}
{Obstacle "obstacle2"
	{Obb2
		{Center 27.0637 28.0539}
		{Extent 2.71507 2.21951}
		{Axis 0 1}
	}
	{Rotate}
}
{Obstacle "obstacle3"
	{Obb2
		{Center -28.8726 -22.569}
		{Extent 2.36211 1.99756}
		{Axis 0 1}
	}
	{Rotate}
}
{Obstacle "obstacle4"
	{Obb2
		{Center 27.5768 -21.7972}
		{Extent 2.52502 1.86439}
		{Axis 0 1}
	}
	{Rotate}
}
{Volume "body1"
	{Box 4.70193 3.47952 48.939}
	{Bone "104_w1"}
	{Matrix34
		0	1	0
		-1	0	0
		0	0	1
		-27.9962	-28.496	24.4695
	}
}
{Volume "body2"
	{Box 4.70193 3.47952 48.939}
	{Bone "104_w1"}
	{Matrix34
		0	1	0
		-1	0	0
		0	0	1
		26.8298	-28.496	24.4695
	}
}
{Volume "body3"
	{Box 6.53549 31.3927 31.8104}
	{Bone "104_w1"}
	{Matrix34
		0.243211	0.26161	-0.934028
		-0.965926	-0.0225579	-0.257834
		-0.0885216	0.96491	0.247209
		-16.169	-14.4693	54.2458
	}
}
{Volume "body4"
	{Box 30.9527 26.924 6.45174}
	{Bone "104_w1"}
	{Matrix34
		0.983725	0	0.179682
		0.0601609	0.942283	-0.329369
		-0.169312	0.334818	0.926947
		-15.9524	13.2753	52.8964
	}
}
{Volume "body5"
	{Box 6.53549 31.3927 31.8104}
	{Bone "104_w1"}
	{Matrix34
		-0.243211	0.293297	-0.924568
		-0.965926	0.0137552	0.258454
		0.0885213	0.955922	0.279958
		14.2638	-14.6122	54.9815
	}
}
{Volume "body6"
	{Box 30.9527 27.5807 6.45174}
	{Bone "104_w1"}
	{Matrix34
		0.984178	0.004666	-0.177124
		-0.057233	0.954438	-0.292869
		0.167687	0.298373	0.939604
		13.3067	13.4127	53.0086
	}
}
{Volume "body7"
	{Box 4.70193 3.47952 48.939}
	{Bone "104_w1"}
	{Matrix34
		0	1	0
		-1	0	0
		0	0	1
		-28.7809	22.5432	24.4695
	}
}
{Volume "body8"
	{Box 4.70193 3.47952 48.939}
	{Bone "104_w1"}
	{Matrix34
		0	1	0
		-1	0	0
		0	0	1
		27.4868	21.7108	24.4695
	}
}
