;Exported by: klimenko
;Date:        Wed Jan 18 14:52:55 2006
;File:        D:\-Project-\-3DWork-\village\MTS_gr.max
{Skeleton
	{bone "object07"
		{Orientation
			1	0	0
			0	-1	0
			0	0	1
		}
		{bone "sub_piece4"
			{Position 16.8518	7.5188	50.4285}
			{VolumeView "sub_piece4.ply"}
		}
		{bone "sub_piece7"
			{Position 16.7937	-23.7551	43.5431}
			{VolumeView "sub_piece7.ply"}
		}
		{bone "piece2"
			{Position -31.2855	20.5768	38.7306}
			{VolumeView "piece2.ply"}
		}
		{bone "sub_piece2"
			{Position -7.15198	20.5864	37.781}
			{VolumeView "sub_piece2.ply"}
		}
		{bone "piece7"
			{Position 16.8546	-16.1791	63.5946}
			{VolumeView "piece7.ply"}
		}
		{bone "piece9"
			{Position 2.86774	5.02679	60.7255}
			{VolumeView "piece9.ply"}
		}
		{bone "piece4"
			{Position 10.5074	20.4717	41.9723}
			{VolumeView "piece4.ply"}
		}
		{bone "piece5"
			{Position 16.8014	13.0972	27.539}
			{VolumeView "piece5.ply"}
		}
		{bone "sub_piece6"
			{Position 16.7965	-6.30542	29.048}
			{VolumeView "sub_piece6.ply"}
		}
		{bone "piece3"
			{Position -10.0499	20.6426	18.0946}
			{VolumeView "piece3.ply"}
		}
		{bone "sub_piece1"
			{Position 10.0131	30.9025	30.9384}
			{VolumeView "sub_piece1.ply"}
		}
		{bone "sub_piece8"
			{Position -37.3671	6.93304	57.6503}
			{VolumeView "sub_piece8.ply"}
		}
		{bone "piece1"
			{Position -32.5865	20.5898	21.835}
			{VolumeView "piece1.ply"}
		}
		{bone "sub_piece3"
			{Position 8.51465	20.6089	23.4829}
			{VolumeView "sub_piece3.ply"}
		}
		{bone "piece6"
			{Position 16.9418	-7.34863	8.55997}
			{VolumeView "piece6.ply"}
		}
		{bone "piece8"
			{Position 16.7897	-23.5664	14.7492}
			{VolumeView "piece8.ply"}
		}
		{bone "sub_piece5"
			{Position 16.8048	9.26733	8.11168}
			{VolumeView "sub_piece5.ply"}
		}
	}
}
{Volume "piece1"
	{Box 16.4446 5.39056 23.8085}
	{Bone "piece1"}
	{Position 0	0	0}
}
{Volume "piece2"
	{Box 18.4272 5.17145 15.2388}
	{Bone "piece2"}
	{Position 0	0	1.19688}
}
{Volume "piece3"
	{Box 21.0363 5.25946 17.7961}
	{Bone "piece3"}
	{Position 0	0	-0.988668}
}
{Volume "piece4"
	{Box 10.4421 4.92389 10.2784}
	{Bone "piece4"}
}
{Volume "piece5"
	{Box 5.33582 11.1596 20.9931}
	{Bone "piece5"}
	{Matrix34
		1	0	0
		0	0.994887	0.100999
		0	-0.100999	0.994887
		0	0.526524	-0.22431
	}
}
{Volume "piece6"
	{Box 5.45563 13.8452 11.1364}
	{Bone "piece6"}
}
{Volume "piece7"
	{Box 5.31287 11.2526 24.6729}
	{Bone "piece7"}
	{Matrix34
		1	0	0
		0	0.896174	0.443704
		0	-0.443704	0.896174
		0	-0.530494	1.27602
	}
}
{Volume "piece8"
	{Box 5.414 19.9191 16.7387}
	{Bone "piece8"}
	{Matrix34
		1	0	0
		0	0.894551	-0.446967
		0	0.446967	0.894551
		0	0.155183	-0.602524
	}
}
{Volume "piece9"
	{Box 27.4151 62.4064 3.0013}
	{Bone "piece9"}
	{Matrix34
		1	0	0
		0	0.845316	-0.534267
		0	0.534267	0.845316
		3.59338	-3.97059	0.607621
	}
}
{Volume "sub_piece1"
	{Box 5.3161 6.87261 38.4193}
	{Bone "sub_piece1"}
	{Matrix34
		1	0	0
		0	0.998588	-0.0531199
		0	0.0531199	0.998588
		0	3.3898	0
	}
}
{Volume "sub_piece2"
	{Box 19.0908 5.15222 15.3418}
	{Bone "sub_piece2"}
	{Position 0	0	-0.342942}
}
{Volume "sub_piece3"
	{Box 12.3483 5.19568 25.7122}
	{Bone "sub_piece3"}
	{Position 0.883301	0	0}
}
{Volume "sub_piece4"
	{Box 5.29071 20.8212 18.7835}
	{Bone "sub_piece4"}
	{Position 0	0	-1.52889}
}
{Volume "sub_piece5"
	{Box 5.39648 11.2878 10.313}
	{Bone "sub_piece5"}
	{Matrix34
		1	0	0
		0	0.805115	0.593119
		0	-0.593119	0.805115
		0	-1.30701	1.48741
	}
}
{Volume "sub_piece6"
	{Box 5.29547 22.4185 21.8484}
	{Bone "sub_piece6"}
	{Matrix34
		1	0	0
		0	0.989991	-0.14113
		0	0.14113	0.989991
		0	-0.0920011	0.200218
	}
}
{Volume "sub_piece7"
	{Box 5.16241 14.8405 24.8541}
	{Bone "sub_piece7"}
	{Matrix34
		1	0	0
		0	0.588715	-0.808341
		0	0.808341	0.588715
		0	0	0
	}
}
{Volume "sub_piece8"
	{Box 26.5865 59.6909 3.01409}
	{Bone "sub_piece8"}
	{Matrix34
		1	0	0
		0	0.833594	-0.552378
		0	0.552378	0.833594
		2.07825	-2.84106	0.561347
	}
}
