;Exported by: shevchenko
;Date:        Fri Jul 21 17:52:54 2006
;File:        D:\-Projects1_5-\-3DWork-\bsh\bsh_c135-a1.max
{Skeleton
	{bone "bsh135_c2_3"
		{Orientation
			1	0	0
			0	-1	0
			0	0	1
		}
		{VolumeView "bsh135_c2_3.ply"}
		{bone "fix28"
			{Position -50.2153	-11.0572	-49.2333}
		}
	}
}
{Volume "body1"
	{Box 85.5673 9.84252 44.2913}
	{Bone "bsh135_c2_3"}
	{Matrix34
		0	0.642788	-0.766044
		1	0	0
		0	-0.766044	-0.642788
		-50.2153	6.44938	-5.64674
	}
}
{Volume "body2"
	{Box 33.4388 9.84252 33.3071}
	{Bone "bsh135_c2_3"}
	{Matrix34
		0	-0.173648	0.984808
		1	0	0
		0	0.984808	0.173648
		-50.2154	-18.9493	-19.916
	}
}
{Volume "roof1"
	{Box 76.9771 3.93701 42.4626}
	{Bone "bsh135_c2_3"}
	{Matrix34
		-1	0	0
		0	0.766044	0.642788
		0	0.642788	-0.766044
		-7.39609	4.07168	20.0008
	}
}
{Volume "roof2"
	{Box 45.3362 3.93701 42.4626}
	{Bone "bsh135_c2_3"}
	{Matrix34
		-1	0	0
		0	0.766044	0.642788
		0	0.642788	-0.766044
		-23.0729	30.5324	-11.5338
	}
}
{Volume "roof3"
	{Box 80.9575 3.93701 39.0656}
	{Bone "bsh135_c2_3"}
	{Matrix34
		-1	0	0
		0	0.766044	-0.642788
		0	-0.642788	-0.766044
		-5.67444	-21.0294	20.3776
	}
}
{Volume "roof4"
	{Box 57.9688 3.93701 16.4076}
	{Bone "bsh135_c2_3"}
	{Matrix34
		-1	0	0
		0	0.766044	-0.642788
		0	-0.642788	-0.766044
		-16.5612	-38.6636	-0.638091
	}
}
