;Exported by: sana
;Date:        Tue Dec 27 15:46:22 2005
;File:        D:\-Project-\-3DWork-\Entourage\house_euro_115c\house_euro_115s_n_x.max
{Skeleton
	{bone "115s_corner15"
		{Orientation
			1	0	0
			0	-1	0
			0	0	1
		}
		{bone "piece0"
			{Position 41.0345	-27.0797	149.264}
			{VolumeView "piece0.ply"}
		}
		{bone "piece1"
			{Position -10.8719	9.91109	173.719}
			{VolumeView "piece1.ply"}
		}
		{bone "piece2"
			{Position 8.12903	9.91108	208.234}
			{VolumeView "piece2.ply"}
		}
		{bone "piece3"
			{Position 5.0884	8.80216	216.289}
			{VolumeView "piece3.ply"}
			{bone "sub_piece3"
				{Position 24.075	0.178467	-28.6593}
				{VolumeView "sub_piece3.ply"}
			}
		}
		{bone "piece4"
			{Position 14.4091	-29.7608	203.683}
			{VolumeView "piece4.ply"}
			{bone "sub_piece4"
				{Position 7.3358	0	-29.1365}
				{VolumeView "sub_piece4.ply"}
			}
		}
		{bone "piece5"
			{Position 11.2061	-29.7608	131.255}
			{VolumeView "piece5.ply"}
		}
		{bone "piece6"
			{Position 32.252	-11.9692	165.179}
			{VolumeView "piece6.ply"}
			{bone "sub_piece6"
				{Position -1.63734e-005	-2.97101	-18.4783}
				{VolumeView "sub_piece6.ply"}
			}
		}
		{bone "piece7"
			{Position 32.252	23.5381	149.889}
			{VolumeView "piece7.ply"}
		}
	}
}
{Volume "piece0"
	{Box 9.40898 9.5114 50.2987}
	{Bone "piece0"}
	{Position 0	-2.84713	0.732513}
}
{Volume "piece1"
	{Box 83.5453 5.90551 5.90552}
	{Bone "piece1"}
	{Position 0	0	0}
}
{Volume "piece2"
	{Box 7.9995 5.90551 85.3315}
	{Bone "piece2"}
	{Matrix34
		0.790568	0	0.612374
		0	1	0
		-0.612374	0	0.790568
		0.272823	0	-0.0761436
	}
}
{Volume "piece3"
	{Box 3.3855 64.1969 37.7602}
	{Bone "piece3"}
	{Matrix34
		0.791043	0	0.61176
		0	1	0
		-0.61176	0	0.791043
		5.09583	0	-4.55777
	}
}
{Volume "piece4"
	{Box 38.2743 8.25 25.0244}
	{Bone "piece4"}
	{Matrix34
		0.616069	0	-0.787692
		0	1	0
		0.787692	0	0.616069
		-2.60736	1.52588e-005	-3.89453
	}
}
{Volume "piece5"
	{Box 22.9125 8.25 34.9432}
	{Bone "piece5"}
	{Matrix34
		0.910366	0	-0.413804
		0	1	0
		0.413804	0	0.910366
		0.426042	1.52588e-005	-0.894456
	}
}
{Volume "piece6"
	{Box 8.25001 24.6377 21.8667}
	{Bone "piece6"}
	{Position 0	0	1.40719}
}
{Volume "piece7"
	{Box 8.25 15.6522 26.5218}
	{Bone "piece7"}
	{Position 0	0	0}
}
{Volume "sub_piece3"
	{Box 2.25846 64.5548 26.5923}
	{Bone "sub_piece3"}
	{Matrix34
		0.786918	0	0.617058
		0	1	0
		-0.617058	0	0.786918
		-0.078587	0	-0.514747
	}
}
{Volume "sub_piece4"
	{Box 30.1698 8.25 26.9999}
	{Bone "sub_piece4"}
	{Position 0	1.52588e-005	0.461132}
}
{Volume "sub_piece6"
	{Box 8.25001 17.2464 20.7058}
	{Bone "sub_piece6"}
	{Position 0	0	-1.02387}
}
