;Exported by: Sergey
;Date:        Sun Jan 29 12:16:14 2017
;File:        D:\Sergey\documents\3dsMax\scenes\_resource_MoW_old\-vehicle_cannon\25-mm azp 1940 72-k\25-mm azp 72-k_xx.max
{Skeleton
	{bone "basis"
		{Orientation
			1	0	0
			0	-1	0
			0	0	1
		}
		{bone "body"
			{Matrix34
				-0.995869	0	0.0907995
				0	-1	0
				0.0907995	0	0.995869
				0.0965886	-0.14036	2.8185
			}
			{VolumeView "body.ply"}
			{bone revolute "turret"
				{parameters "ID=turret;"}
				{speed 0.01}
				{Matrix34
					-0.600375	-0.799719	0
					0.799719	-0.600375	0
					0	0	1
					0	0	3.61539
				}
				{VolumeView "turret.ply"}
				{bone revolute "gun_rot"
					{parameters "ID=gun;"}
					{limits -5 50}
					{speed 0.006}
					{Matrix34
						-0.741886	1.03787e-05	0.670527
						0.670527	0	0.741886
						1.37063e-05	1	0
						2.43811	-2.92331	9.79824
					}
					{VolumeView "gun_rot.ply"}
					{bone prizmatic "gun"
						{parameters "ID=gun;"}
						{Position -21.4381	13.273	3.40221}
						{VolumeView "gun.ply"}
					}
				}
				{bone "shield"
					{parameters "ID=shield;"}
					{Matrix34
						0	1	0
						0.264715	0	0.964327
						0.964327	0	-0.264715
						11.0217	9.25268	9.13887
					}
					{VolumeView "shield.ply"}
				}
				{bone "fx_invers"
					{Matrix34
						0.307526	0	-0.95154
						0.95154	0	0.307526
						0	-1	0
						12.4092	0.680719	0.160279
					}
				}
			}
			{bone prizmatic "domkrat1"
				{Matrix34
					-1	0	0
					0	-1	1.55029e-05
					0	1.55029e-05	1
					25.2671	-0.255905	-3.24828
				}
				{VolumeView "domkrat1.ply"}
			}
			{bone revolute "standr"
				{Matrix34
					0	1	0
					-1	0	0
					0	0	1
					0.00504152	12.4827	-0.448619
				}
				{VolumeView "standr.ply"}
				{bone prizmatic "domkrat2"
					{Matrix34
						0	1	0
						-1	0	1.55029e-05
						1.55029e-05	0	1
						8.00187	-0.0322457	-0.0188022
					}
					{VolumeView "domkrat2.ply"}
				}
			}
			{bone revolute "standl"
				{Matrix34
					0	1	0
					-1	0	0
					0	0	1
					0.00507952	-12.6107	-0.448619
				}
				{VolumeView "standl.ply"}
				{bone prizmatic "domkrat3"
					{Matrix34
						0	1	0
						-1	0	1.55029e-05
						1.55029e-05	0	1
						-7.91951	-0.0322399	-0.0188012
					}
					{VolumeView "domkrat3.ply"}
				}
			}
		}
		{bone "pivot_front"
			{Position 19.4237	-1.49906e-05	5.47735}
			{VolumeView "pivot_front.ply"}
		}
		{bone "pivot_back"
			{Position -27.412	-0.431392	6.00805}
			{VolumeView "pivot_back.ply"}
			{bone revolute "wheelright1"
				{parameters "ID=wheelright;Support=1;Radius=0.38;"}
				{Matrix34
					-1	0	0
					0	0	1
					0	1	0
					1.95369	-15.4182	0.323424
				}
				{VolumeView "wheelright1.ply"}
			}
			{bone revolute "wheelleft1"
				{parameters "ID=wheelleft;Support=1;Radius=0.38;"}
				{Matrix34
					-1	0	0
					0	0	1
					0	-1	0
					1.95366	16.2871	0.323424
				}
				{VolumeView "wheelleft1.ply"}
			}
		}
		{bone revolute "farkop"
			{Matrix34
				0.99997	0	0.00776426
				-0.00776426	0	0.99997
				0	-1	0
				-40.1201	1.16669	0.564538
			}
			{VolumeView "farkop.ply"}
		}
	}
}
{Volume "body1"
	{Box 2.42962 3.30094 26.2141}
	{Bone "body"}
	{Matrix34
		-1	0	0
		0	0	1
		0	1	0
		0.0410868	-0.128686	1.1536
	}
}
{Volume "body"
	{Box 52.934 3.28418 3.35121}
	{Bone "body"}
	{Matrix34
		-1	0	0
		0	0	1
		0	1	0
		1.06125	-0.223073	1.17017
	}
}
{Volume "farkop"
	{Box 12.3203 1.69332 1.75171}
	{Bone "farkop"}
	{Position -5.16624	-0.0123072	0.989103}
}
{Volume "gun_rot"
	{Box 16.9906 4.39008 3.01609}
	{Bone "gun_rot"}
	{Matrix34
		-0.858503	0.512809	1.52476e-05
		0.512809	0.858503	0
		-1.34205e-05	0	-1
		-3.17522	1.79832	3.46398
	}
}
{Volume "gun"
	{Cylinder 0.669911 24.682}
	{Bone "gun"}
	{Matrix34
		1.46158e-05	0	1
		0.514419	0.857539	0
		-0.857539	0.514419	1.44672e-05
		0.604108	-0.41689	0.00994166
	}
}
{Volume "pivot_back"
	{Cylinder 1.14987 27.7195}
	{Bone "pivot_back"}
	{Matrix34
		1	0	0
		0	0	1
		0	-1	0
		5.90624	0.594008	1.15155
	}
}
{Volume "pivot_front"
	{Cylinder 1.01766 27.508}
	{Bone "pivot_front"}
	{Matrix34
		1	0	0
		0	0	1
		0	-1	0
		0.102473	-0.315897	-2.08731
	}
}
{Volume "shield1"
	{Box 0.19685 14.2715 34.6187}
	{Bone "shield"}
	{Matrix34
		0	0.637536	0.77042
		0	0.770421	-0.637536
		-1	0	0
		-9.28968	5.57356	-4.25821
	}
}
{Volume "shield"
	{Box 0.19685 10.1752 34.276}
	{Bone "shield"}
	{Matrix34
		0	0.136269	0.990672
		0	0.990672	-0.136269
		-1	0	0
		-9.12002	-4.83165	0.915978
	}
}
{Volume "turret1"
	{Box 11.126 8.51206 5.40214}
	{Bone "turret"}
	{Matrix34
		1	0	0
		0	0	1
		0	-1	0
		2.4241	0.588254	5.01683
	}
}
{Volume "turret"
	{Cylinder 12.5807 0.871313}
	{Bone "turret"}
	{Matrix34
		1	0	0
		0	1	0
		0	0	1
		-0.196565	-0.0842499	0.392407
	}
}
{Volume "wheelleft1"
	{Cylinder 7.99399 4.06922}
	{Bone "wheelleft1"}
	{Matrix34
		-1	0	0
		0	1	0
		0	0	1
		0	0	0.0666993
	}
}
{Volume "wheelright1"
	{Cylinder 7.99399 4.06922}
	{Bone "wheelright1"}
	{Matrix34
		-1	0	0
		0	1	0
		0	0	-1
		0	0	0.238113
	}
}
