;Exported by: sergienko
;Date:        Fri Jul 14 16:27:35 2006
;File:        D:\-projets1_5\3dwork\anima\construction\house_euro_100c\euro_corner_n_x.max
{Skeleton
	{bone "100_corner11_n_x"
		{Orientation
			1	0	0
			0	-1	0
			0	0	1
		}
		{bone "piece1"
			{Matrix34
				0.939693	0	0.34202
				-0.34202	0	0.939693
				0	-1	0
				-26.3536	26.4537	63.2515
			}
			{VolumeView "piece1.ply"}
		}
		{bone "piece4"
			{Matrix34
				0.658429	0	0.752643
				-0.752643	0	0.658429
				0	-1	0
				-32.1645	26.0287	82.2831
			}
			{VolumeView "piece4.ply"}
		}
		{bone "piece2"
			{Matrix34
				0.707107	0	-0.707107
				0.707107	0	0.707107
				0	-1	0
				2.80997	26.4537	80.1533
			}
			{VolumeView "piece2.ply"}
		}
		{bone "piece3"
			{Matrix34
				0.642788	0	-0.766044
				0.766044	0	0.642788
				0	-1	0
				21.965	26.0287	63.8833
			}
			{VolumeView "piece3.ply"}
		}
		{bone "piece10"
			{Matrix34
				1	0	0
				0	-0.539635	0.841899
				0	-0.841899	-0.539635
				19.5396	22.4624	110.907
			}
			{VolumeView "piece10.ply"}
		}
		{bone "piece11"
			{Matrix34
				1	0	0
				0	-0.539635	0.841899
				0	-0.841899	-0.539635
				-22.9308	20.1135	114.572
			}
			{VolumeView "piece11.ply"}
		}
		{bone "piece8"
			{Matrix34
				1	0	0
				0	-0.539635	0.841899
				0	-0.841899	-0.539635
				-17.31	2.21431	142.497
			}
			{VolumeView "piece8.ply"}
		}
		{bone "piece5"
			{Matrix34
				1	0	0
				0	-0.539635	0.841899
				0	-0.841899	-0.539635
				13.5831	11.4187	128.137
			}
			{VolumeView "piece5.ply"}
		}
		{bone "piece7"
			{Matrix34
				1	0	0
				0	-0.539635	0.841899
				0	-0.841899	-0.539635
				28.993	5.10421	137.988
			}
			{VolumeView "piece7.ply"}
		}
		{bone "piece9"
			{Matrix34
				1	0	0
				0	-0.539635	0.841899
				0	-0.841899	-0.539635
				29.3336	-9.16049	161.44
			}
			{VolumeView "piece9.ply"}
		}
		{bone "piece6"
			{Matrix34
				1	0	0
				0	-0.539635	0.841899
				0	-0.841899	-0.539635
				-5.90347	-9.08574	160.126
			}
			{VolumeView "piece6.ply"}
		}
	}
}
{Volume "piece10"
	{Box 27.3827 24.6522 2.53174}
	{Bone "piece10"}
	{Position 0.100876	-0.784019	-0.0115992}
}
{Volume "piece11"
	{Box 23.5926 24.7275 2.75031}
	{Bone "piece11"}
	{Position -3.89591	0.417142	-6.40729e-005}
}
{Volume "piece1"
	{Box 21.1953 15.0252 5.90551}
	{Bone "piece1"}
	{Matrix34
		0.932409	-0.361405	0
		0.361405	0.932409	0
		0	0	1
		0.487902	0.478895	0
	}
}
{Volume "piece2"
	{Box 18.799 33.1287 5.90551}
	{Bone "piece2"}
	{Matrix34
		0.668938	0.743318	0
		-0.743318	0.668938	0
		0	0	1
		-0.380493	-0.783599	0
	}
}
{Volume "piece3"
	{Box 23.8351 12.4977 5.90551}
	{Bone "piece3"}
	{Matrix34
		0.619257	0.785188	0
		-0.785188	0.619257	0
		0	0	1
		1.0963	1.2797	0
	}
}
{Volume "piece4"
	{Box 23.8351 12.4977 5.90551}
	{Bone "piece4"}
	{Matrix34
		0.619257	0.785188	0
		-0.785188	0.619257	0
		0	0	1
		1.0963	1.2797	0
	}
}
{Volume "piece5"
	{Box 24.7749 17.3859 1.8214}
	{Bone "piece5"}
	{Position -1.68054	-0.589385	0.209844}
}
{Volume "piece6"
	{Box 21.7518 20.761 1.8214}
	{Bone "piece6"}
	{Position 3.05805	0.926271	0.209846}
}
{Volume "piece7"
	{Box 25.0857 23.4709 1.8214}
	{Bone "piece7"}
	{Position -1.20969	0.624086	0.20984}
}
{Volume "piece8"
	{Box 23.9056 17.4383 1.8214}
	{Bone "piece8"}
	{Position -1.79524	-0.0933073	0.209845}
}
{Volume "piece9"
	{Box 18.5591 23.4709 1.8214}
	{Bone "piece9"}
	{Position -0.404686	-0.829503	0.209837}
}
