;Exported by: vic
;Date:        Thu Nov 17 14:22:06 2005
;File:        D:\-Projects-\-3DWork-\Constructions\NEW\S2\dot_Pak-40_l_3.max
{Skeleton
	{bone "dot_cannon_pak_4a"
		{Orientation
			1	0	0
			0	-1	0
			0	0	1
		}
		{VolumeView "dot_cannon_pak_4a.ply"}
	}
}
{Obstacle "obstacle01"
	{Polygon2
		{Radius 0}
		{Vertex -23.4498 6.51132}
		{Vertex -40.3881 -20.2404}
		{Vertex -20.8956 -20.2404}
		{Vertex -16.5938 -0.47909}
	}
	{Rotate}
}
{Obstacle "obstacle02"
	{Polygon2
		{Radius 0}
		{Vertex -21.0636 -20.1732}
		{Vertex 15.9721 -20.1732}
		{Vertex 9.98992 0.05863}
		{Vertex -16.6274 0.05863}
	}
	{Rotate}
}
{Obstacle "obstacle03"
	{Polygon2
		{Radius 0}
		{Vertex 15.7882 -20.2155}
		{Vertex 48.2977 -20.2155}
		{Vertex 24.4384 14.1952}
		{Vertex 10.0848 0.126713}
	}
	{Rotate}
}
{Volume "body03"
	{Box 31.6932 6.88976 15.8621}
	{Bone "dot_cannon_pak_4a"}
	{Position -3.50496	2.80839	7.78594}
}
{Volume "body04"
	{Box 12.7344 6.88976 15.8221}
	{Bone "dot_cannon_pak_4a"}
	{Matrix34
		0.707107	0.707107	0
		-0.707107	0.707107	0
		0	0	1
		-21.5538	-0.654732	7.68862
	}
}
{Volume "body05"
	{Box 21.193 6.88976 15.8221}
	{Bone "dot_cannon_pak_4a"}
	{Matrix34
		0.707107	-0.707107	0
		0.707107	0.707107	0
		0	0	1
		17.3971	-3.63903	7.68862
	}
}
{Volume "body06"
	{Box 38.6657 2.8248 15.748}
	{Bone "dot_cannon_pak_4a"}
	{Matrix34
		1	0	0
		0	0.543679	0.839293
		0	-0.839293	0.543679
		-3.50496	10.878	7.37583
	}
}
{Volume "body07"
	{Box 18.9462 2.8248 15.748}
	{Bone "dot_cannon_pak_4a"}
	{Matrix34
		0.707107	-0.707107	0
		0.217738	0.217738	0.951409
		-0.672748	-0.672748	0.307929
		24.0071	3.09611	9.34596
	}
}
