;Exported by: sana
;Date:        Mon May 23 10:04:03 2005
;File:        D:\work\new_wood3_x.max
{Skeleton
	{bone "woods1"
		{Orientation
			1	0	0
			0	-1	0
			0	0	1
		}
		{bone "piece2"
			{Matrix34
				0.999085	0.0427735	0
				-0.0427735	0.999085	0
				0	0	1
				-0.205402	0.621064	1.76523
			}
			{VolumeView "piece2.ply"}
		}
		{bone "piece3"
			{Matrix34
				0.997656	0.0610485	0.0309208
				-0.0610192	0.998135	-0.00189118
				-0.0309786	0	0.99952
				-1.85376	-11.8727	2.32037
			}
			{VolumeView "piece3.ply"}
		}
		{bone "piece4"
			{Position 0.938198	16.6037	0.98895}
			{VolumeView "piece4.ply"}
		}
		{bone "piece5"
			{Position 16.8531	-13.9769	13.3153}
			{VolumeView "piece5.ply"}
		}
		{bone "piece6"
			{Matrix34
				1	0	0
				0	0.871125	-0.491061
				0	0.491061	0.871125
				7.31339	7.97249	18.988
			}
			{VolumeView "piece6.ply"}
		}
		{bone "fx_wood"
			{Matrix34
				1	0	0
				0	0	1
				0	-1	0
				-17.0421	-0.105929	6.21623
			}
		}
		{bone "fx_wood1"
			{Matrix34
				1	0	0
				0	0	1
				0	-1	0
				18.9197	-0.105929	10.2807
			}
		}
		{bone "piece1"
			{Position -23.4932	-22.6512	10.1759}
			{VolumeView "piece1.ply"}
		}
		{bone "piece7"
			{Position 2.076	19.2014	15.2469}
			{VolumeView "piece7.ply"}
		}
		{bone "piece8"
			{Position 17.2532	-23.2355	14.7512}
			{VolumeView "piece8.ply"}
		}
	}
}
{Volume "piece8"
	{Box 19.5902 6.13443 5.87895}
	{Bone "piece8"}
	{Matrix34
		0.949709	0.288347	0.122101
		-0.277049	0.955479	-0.101501
		-0.145933	0.0625679	0.987314
		-0.832569	0.148684	-0.531647
	}
}
{Volume "piece7"
	{Box 19.5902 6.13443 5.87895}
	{Bone "piece7"}
	{Matrix34
		0.945073	-0.309981	-0.10368
		0.308132	0.950743	-0.033804
		0.109051	0	0.994036
		-6.16679	2.08166	0.395096
	}
}
{Volume "piece1"
	{Box 27.3345 6.58365 6.06073}
	{Bone "piece1"}
	{Matrix34
		0.987956	0.148422	-0.0437456
		-0.148277	0.988924	0.00656466
		0.0442356	0	0.999021
		-0.173883	0.00379657	0.20119
	}
}
{Volume "piece6"
	{Box 78.026 6.45506 5.71856}
	{Bone "piece6"}
	{Matrix34
		0.997619	0.00729096	0.0685806
		-0.0399401	0.871752	0.488317
		-0.056225	-0.489893	0.869967
		-6.71433	-0.0240978	0.0586301
	}
}
{Volume "piece5"
	{Box 48.996 6.6066 6.47396}
	{Bone "piece5"}
	{Matrix34
		0.984701	0.134906	-0.110294
		-0.135734	0.990745	0
		0.109273	0.0149706	0.993899
		1.01957	0.0863258	-0.477772
	}
}
{Volume "piece4"
	{Box 68.7022 5.9769 5.49542}
	{Bone "piece4"}
	{Matrix34
		0.998848	0.0479875	0
		-0.0479875	0.998848	0
		0	0	1
		0.00250614	-5.66474e-005	0.0577533
	}
}
{Volume "piece3"
	{Box 72.59 6.45506 5.547}
	{Bone "piece3"}
	{Matrix34
		0.999758	-0.0210442	0.00635619
		0.0210491	0.999778	-0.000703798
		-0.00633998	0.000837419	0.99998
		0.0243297	-0.2154	0.19615
	}
}
{Volume "piece2"
	{Box 74.9814 5.9769 5.49542}
	{Bone "piece2"}
	{Matrix34
		0.999986	0.00521936	0
		-0.00521937	0.999986	0
		0	0	1
		0.109797	0.873012	-0.0258751
	}
}
