;Exported by: sana
;Date:        Mon Apr 30 15:59:30 2007
;File:        D:\-Project-\-3DWork-\Entourage\School_Ru\School_ru_cut3a_x01.max
{Skeleton
	{bone "school_ru_inn_l_1_12_x"
		{Orientation
			1	0	0
			0	-1	0
			0	0	1
		}
		{bone "piece03"
			{Position 6.70455	0	-14.3871}
			{VolumeView "piece03.ply"}
			{bone "sub_piece03"
				{Position 1.47974	0	10.0138}
				{VolumeView "sub_piece03.ply"}
			}
		}
		{bone "piece02"
			{Position -14.3238	0	20.2671}
			{VolumeView "piece02.ply"}
			{bone "sub_piece02"
				{Position 2.73932	0	-12.2177}
				{VolumeView "sub_piece02.ply"}
			}
		}
		{bone "piece01"
			{Position 12.682	0	19.0361}
			{VolumeView "piece01.ply"}
			{bone "sub_piece01"
				{Position -2.17477	0	-9.25422}
				{VolumeView "sub_piece01.ply"}
			}
		}
	}
}
{Volume "piece01"
	{Box 17.9365 2.95276 14.0084}
	{Bone "piece01"}
	{Position -1.13247	0	-0.211657}
}
{Volume "piece02"
	{Box 13.0501 2.95276 16.3557}
	{Bone "piece02"}
	{Position 0.692284	0	0}
}
{Volume "piece03"
	{Box 22.3689 2.95276 14.6347}
	{Bone "piece03"}
	{Matrix34
		0.954307	0	-0.298829
		0	1	0
		0.298829	0	0.954307
		0.62456	0	-0.557729
	}
}
{Volume "sub_piece01"
	{Box 13.872 2.95276 8.78152}
	{Bone "sub_piece01"}
	{Position 0	0	-0.154321}
}
{Volume "sub_piece02"
	{Box 15.6353 2.95276 9.16208}
	{Bone "sub_piece02"}
	{Matrix34
		0.994222	0	-0.107343
		0	1	0
		0.107343	0	0.994222
		-0.379775	0	-0.0311637
	}
}
{Volume "sub_piece03"
	{Box 18.0491 2.95276 8.01125}
	{Bone "sub_piece03"}
	{Matrix34
		0.950419	0	-0.310973
		0	1	0
		0.310973	0	0.950419
		0.175929	0	0.102685
	}
}
