;Exported by: sana
;Date:        Thu Mar 22 14:28:28 2007
;File:        D:\-Project-\-3DWork-\Entourage\SelSovet\SelSovet_cut2_x.max
{Skeleton
	{bone "sels_wall1_14_x"
		{Orientation
			1	0	0
			0	-1	0
			0	0	1
		}
		{bone "piece04"
			{Position 8.55473	1.78819	7.59296}
			{VolumeView "piece04.ply"}
			{bone "sub_piece04"
				{Position -11.0884	0	3.48606}
				{VolumeView "sub_piece04.ply"}
			}
		}
		{bone "piece05"
			{Position 2.93208	1.78819	-15.4201}
			{VolumeView "piece05.ply"}
		}
		{bone "piece02"
			{Position -17.9726	21.0618	-10.8974}
			{VolumeView "piece02.ply"}
			{bone "sub_piece02"
				{Position 0	-13.6463	-3.6002}
				{VolumeView "sub_piece02.ply"}
			}
		}
		{bone "piece03"
			{Position -17.9726	7.91725	11.5381}
			{VolumeView "piece03.ply"}
		}
		{bone "piece01"
			{Position -17.9726	-21.0309	-10.6493}
			{VolumeView "piece01.ply"}
			{bone "sub_piece01"
				{Position 0	9.74536	9.74814}
				{VolumeView "sub_piece01.ply"}
			}
		}
	}
}
{Volume "piece01"
	{Box 4.32877 16.4943 17.4029}
	{Bone "piece01"}
	{Matrix34
		1	0	0
		0	0.982195	-0.187863
		0	0.187863	0.982195
		0	1.29632	1.11836
	}
}
{Volume "piece02"
	{Box 4.32877 18.8177 19.6202}
	{Bone "piece02"}
	{Position 0	0	0}
}
{Volume "piece03"
	{Box 4.32877 11.4995 14.5987}
	{Bone "piece03"}
	{Position 0	0	-0.549413}
}
{Volume "piece04"
	{Box 15.8953 1.96851 17.1713}
	{Bone "piece04"}
	{Matrix34
		0.960423	0	-0.278544
		0	1	0
		0.278544	0	0.960423
		-0.139993	0	-0.731128
	}
}
{Volume "piece05"
	{Box 17.465 1.96851 14.8252}
	{Bone "piece05"}
	{Matrix34
		0.997356	0	-0.0726751
		0	1	0
		0.0726751	0	0.997356
		-0.678046	0	0.0729241
	}
}
{Volume "sub_piece01"
	{Box 4.32877 10.5065 13.5731}
	{Bone "sub_piece01"}
	{Position 0	1.52588e-005	0.831306}
}
{Volume "sub_piece02"
	{Box 4.32877 11.4043 13.9741}
	{Bone "sub_piece02"}
	{Matrix34
		1	0	0
		0	0.976065	-0.21748
		0	0.21748	0.976065
		0	-0.196114	-0.126034
	}
}
{Volume "sub_piece04"
	{Box 12.4474 1.96851 8.16361}
	{Bone "sub_piece04"}
	{Matrix34
		0.895306	0	0.445452
		0	1	0
		-0.445452	0	0.895306
		-0.387495	0	0.443436
	}
}
