;Exported by: sana
;Date:        Thu Mar 22 14:28:23 2007
;File:        D:\-Project-\-3DWork-\Entourage\SelSovet\SelSovet_cut2_x.max
{Skeleton
	{bone "selsov_oven_x"
		{Orientation
			1	0	0
			0	-1	0
			0	0	1
		}
		{VolumeView "selsov_oven_x.ply"}
		{bone "piece03"
			{Position 19.0293	3.30903	1.40302}
			{VolumeView "piece03.ply"}
			{bone "sub_piece03"
				{Position -5.60972	0	-4.34711}
				{VolumeView "sub_piece03.ply"}
			}
		}
		{bone "piece04"
			{Position -2.79129	3.30903	-6.64531}
			{VolumeView "piece04.ply"}
			{bone "sub_piece04"
				{Position 3.98765	0	11.6256}
				{VolumeView "sub_piece04.ply"}
			}
		}
		{bone "piece02"
			{Position 8.04127	3.30903	31.7819}
			{VolumeView "piece02.ply"}
			{bone "sub_piece02"
				{Position 2.52261	0	-12.2886}
				{VolumeView "sub_piece02.ply"}
			}
		}
		{bone "piece05"
			{Position -18.4786	3.30903	5.41568}
			{VolumeView "piece05.ply"}
			{bone "sub_piece05"
				{Position 5.26934	0	3.34056}
				{VolumeView "sub_piece05.ply"}
			}
		}
		{bone "piece01"
			{Position -16.1137	3.30903	29.6958}
			{VolumeView "piece01.ply"}
			{bone "sub_piece01"
				{Position 9.63433	0	-5.59383}
				{VolumeView "sub_piece01.ply"}
			}
		}
	}
}
{Obstacle "selsov_oven_x"
	{Obb2
		{Center 0.238068 -0.0813713}
		{Extent 26.1013 9.95674}
		{Axis 1 0}
	}
	{Rotate}
}
{Volume "selsov_oven_x"
	{Box 52.2026 19.9135 41.0431}
	{Bone "selsov_oven_x"}
	{Position 0.238068	0.0813713	-35.1357}
}
{Volume "piece01"
	{Box 15.3516 3.93701 13.8034}
	{Bone "piece01"}
	{Matrix34
		0.991222	0	-0.132211
		0	1	0
		0.132211	0	0.991222
		-0.471736	0	-0.723039
	}
}
{Volume "piece02"
	{Box 15.6796 3.93701 19.1182}
	{Bone "piece02"}
	{Matrix34
		0.971366	0	0.237589
		0	1	0
		-0.237589	0	0.971366
		0.753609	0	0.713339
	}
}
{Volume "piece03"
	{Box 17.1853 3.93701 21.7575}
	{Bone "piece03"}
	{Position 0	0	0}
}
{Volume "piece04"
	{Box 18.106 3.93701 11.3922}
	{Bone "piece04"}
	{Matrix34
		0.877091	0	0.480324
		0	1	0
		-0.480324	0	0.877091
		0.000688195	0	0.943387
	}
}
{Volume "piece05"
	{Box 11.2382 3.93701 21.9151}
	{Bone "piece05"}
	{Position -0.951259	0	0.247133}
}
{Volume "sub_piece01"
	{Box 8.38767 3.93701 11.5984}
	{Bone "sub_piece01"}
	{Matrix34
		0.82498	0	-0.565162
		0	1	0
		0.565162	0	0.82498
		-0.907525	0	-0.235665
	}
}
{Volume "sub_piece02"
	{Box 14.4309 3.93701 8.20806}
	{Bone "sub_piece02"}
	{Matrix34
		0.923906	0	0.382619
		0	1	0
		-0.382619	0	0.923906
		0.285094	0	0.279917
	}
}
{Volume "sub_piece03"
	{Box 6.94032 3.93701 13.3761}
	{Bone "sub_piece03"}
	{Matrix34
		0.817244	0	0.576292
		0	1	0
		-0.576292	0	0.817244
		-0.689156	0	-1.39012
	}
}
{Volume "sub_piece04"
	{Box 10.692 3.93701 7.57395}
	{Bone "sub_piece04"}
	{Matrix34
		0.994171	0	0.107817
		0	1	0
		-0.107817	0	0.994171
		0.0556784	0	-0.513407
	}
}
{Volume "sub_piece05"
	{Box 8.271 3.93701 12.4822}
	{Bone "sub_piece05"}
	{Matrix34
		0.753792	0	0.657114
		0	1	0
		-0.657114	0	0.753792
		-0.54624	0	0.378658
	}
}
