;Exported by: sana
;Date:        Thu Apr 19 13:50:52 2007
;File:        D:\-Project-\-3DWork-\Entourage\School_Ru\School_ru_cut3a_x.max
{Skeleton
	{bone "school_ru_wall1_7_x"
		{Orientation
			1	0	0
			0	-1	0
			0	0	1
		}
		{bone "piece02"
			{Position 3.79596	-9.51954	-8.94404}
			{VolumeView "piece02.ply"}
			{bone "sub_piece02"
				{Position 2.42029	0	-12.7341}
				{VolumeView "sub_piece02.ply"}
			}
		}
		{bone "piece03"
			{Position -7.34586	24.8338	-19.1509}
			{VolumeView "piece03.ply"}
		}
		{bone "piece01"
			{Position -7.34583	-0.696014	-4.86345}
			{VolumeView "piece01.ply"}
		}
		{bone "piece06"
			{Position -7.34586	10.4246	10.6016}
			{VolumeView "piece06.ply"}
			{bone "sub_piece06"
				{Position 0	-9.03425	4.47114}
				{VolumeView "sub_piece06.ply"}
			}
		}
		{bone "piece04"
			{Position -7.34586	-21.7089	20.2112}
			{VolumeView "piece04.ply"}
			{bone "sub_piece04"
				{Position 0	-4.57849	-13.0115}
				{VolumeView "sub_piece04.ply"}
			}
		}
		{bone "piece05"
			{Position -7.34586	-28.27	-14.7}
			{VolumeView "piece05.ply"}
			{bone "sub_piece05"
				{Position 0	7.38571	-1.14273}
				{VolumeView "sub_piece05.ply"}
			}
		}
	}
}
{Volume "piece01"
	{Box 3.50092 11.8357 14.2304}
	{Bone "piece01"}
	{Matrix34
		1	0	0
		0	0.61963	0.784894
		0	-0.784894	0.61963
		0	0.095653	-0.395964
	}
}
{Volume "piece02"
	{Box 14.9195 2.95276 18.4424}
	{Bone "piece02"}
	{Matrix34
		0.971158	0	0.238437
		0	1	0
		-0.238437	0	0.971158
		-0.596924	0	-0.194541
	}
}
{Volume "piece03"
	{Box 3.50089 16.2398 9.27231}
	{Bone "piece03"}
	{Position -3.05176e-005	0	0}
}
{Volume "piece04"
	{Box 3.50085 23.6735 14.1968}
	{Bone "piece04"}
	{Matrix34
		1	0	0
		0	0.845047	0.534692
		0	-0.534692	0.845047
		0	0.8984	-0.999988
	}
}
{Volume "piece05"
	{Box 3.50085 9.86181 16.1587}
	{Bone "piece05"}
}
{Volume "piece06"
	{Box 3.50089 13.3179 21.4133}
	{Bone "piece06"}
	{Position -3.05176e-005	1.46114	0}
}
{Volume "sub_piece02"
	{Box 14.4924 2.95277 8.21218}
	{Bone "sub_piece02"}
	{Matrix34
		0.923317	0	0.384038
		0	1	0
		-0.384038	0	0.923317
		0.277071	0	-0.618092
	}
}
{Volume "sub_piece04"
	{Box 3.50085 13.827 9.75928}
	{Bone "sub_piece04"}
}
{Volume "sub_piece05"
	{Box 3.50085 8.58534 10.0334}
	{Bone "sub_piece05"}
	{Matrix34
		1	0	0
		0	0.98296	0.183817
		0	-0.183817	0.98296
		0	0.4566	0.151592
	}
}
{Volume "sub_piece06"
	{Box 3.50089 13.7632 12.8661}
	{Bone "sub_piece06"}
	{Position -3.05176e-005	0	0.377265}
}
