;Exported by: vic
;Date:        Thu Sep 22 11:55:32 2005
;File:        D:\-Projects-\-3DWork-\Constructions\NEW\S2\Oksana\soldier26_v2.max
{Skeleton
	{bone "euro_king2"
		{Orientation
			1	0	0
			0	-1	0
			0	0	1
		}
		{VolumeView "euro_king2.ply"}
	}
}
{Obstacle "obstacle"
	{Obb2
		{Center 0.818056 0.0583161}
		{Extent 15.7113 15.6286}
		{Axis -1 -2.38531e-007}
	}
	{Rotate}
}
{Volume "body"
	{Box 21.6535 36.2112 21.6535}
	{Bone "euro_king2"}
	{Matrix34
		-1	0	0
		0	0	1
		0	1	0
		0.841913	-0.0153532	17.8901
	}
}
{Volume "body7"
	{Box 7.53479 10.5306 5.65109}
	{Bone "euro_king2"}
	{Matrix34
		-0.681541	0	-0.73178
		-0.73178	0	0.681541
		0	1	0
		-10.9151	6.19908	52.2343
	}
}
{Volume "body6"
	{Box 6.51004 19.9778 5.8436}
	{Bone "euro_king2"}
	{Matrix34
		-1	0	0
		0	0.0609386	0.998142
		0	0.998142	-0.0609386
		3.56057	-3.38467	45.769
	}
}
{Volume "body5"
	{Box 4.35683 12.5206 6.05124}
	{Bone "euro_king2"}
	{Matrix34
		0	1	0
		0	0	1
		1	0	0
		-3.29758	4.77781	41.5425
	}
}
{Volume "body4"
	{Box 21.7189 42.0393 12.4868}
	{Bone "euro_king2"}
	{Matrix34
		0	1	0
		-0.00233193	0	0.999997
		0.999997	0	0.00233193
		-4.30746	0.869494	68.4199
	}
}
{Volume "body3"
	{Box 19.028 5.23337 7.79773}
	{Bone "euro_king2"}
	{Matrix34
		-0.982982	0	0.183701
		0.183701	0	0.982982
		0	1	0
		11.1407	-6.0316	71.9922
	}
}
{Volume "body2"
	{Box 7.09113 10.5154 5.76005}
	{Bone "euro_king2"}
	{Matrix34
		-0.990821	0	0.13518
		0.13518	0	0.990821
		0	1	0
		-3.75472	0.884716	94.6492
	}
}
