;Exported by: kolesnikov
;Date:        Mon Aug 01 17:42:14 2005
;File:        D:\-Project-\-3DWork-\Constructions\dot_small.max
{Skeleton
	{bone "cww04_x"
		{Orientation
			1	0	0
			0	-1	0
			0	0	1
		}
		{bone "piece1"
			{Matrix34
				0.96225	0.0871557	-0.257834
				-0.269506	0.172987	-0.947334
				-0.0379635	0.98106	0.189946
				-12.3514	-9.47333	26.0332
			}
			{VolumeView "piece1.ply"}
			{bone "armatura48"
				{Matrix34
					0.951251	-0.167731	-0.258819
					-0.254887	0.0449432	-0.965926
					0.173648	0.984808	0
					2.1947	-9.78624	6.38272
				}
				{VolumeView "armatura48.ply"}
			}
		}
		{bone "piece2"
			{Position -6.72113	-18.7986	6.29234}
			{VolumeView "piece2.ply"}
			{bone "armatura46"
				{Matrix34
					0	0.965926	-0.258819
					0	-0.258819	-0.965926
					-1	0	0
					5.18363	13.1264	7.2726
				}
				{VolumeView "armatura46.ply"}
			}
		}
		{bone "piece3"
			{Matrix34
				1	0	0
				0	0	-1
				0	1	0
				-6.75305	14.3772	41.1255
			}
			{VolumeView "piece3.ply"}
			{bone "armatura47"
				{Matrix34
					0	0.965926	-0.258819
					0	-0.258819	-0.965926
					-1	0	0
					8.63692	13.1264	-12.5144
				}
				{VolumeView "armatura47.ply"}
			}
		}
	}
}
{Volume "body95"
	{Box 3.2624 15.4643 20.1367}
	{Bone "piece3"}
	{Matrix34
		0	-1	0
		0.984808	0	0.173648
		-0.173648	0	0.984808
		-0.259376	-0.0327754	-2.71053
	}
}
{Volume "body94"
	{Box 3.2624 15.4643 14.0816}
	{Bone "piece2"}
	{Matrix34
		0	-1	0
		0.996195	0	0.0871557
		-0.0871557	0	0.996195
		-2.57796	-0.0327763	14.0221
	}
}
{Volume "body96"
	{Box 6.65529 24.6584 13.5923}
	{Bone "piece1"}
	{Matrix34
		-0.984808	0.173648	0
		0.0301537	0.17101	0.984808
		0.17101	0.969846	-0.173648
		-10.0142	-0.334536	13.0604
	}
}
