;Exported by: sasha
;Date:        Thu Feb 28 10:55:49 2008
;File:        D:\-Project-\-3D-\africa\africabuilds\b1_v2_X_v1.max
{Skeleton
	{bone "n1_af_uc1_x"
		{Orientation
			1	0	0
			0	-1	0
			0	0	1
		}
		{bone "piece0"
			{Matrix34
				0.973346	0	-0.229342
				0	1	0
				0.229342	0	0.973346
				9.44809	1.58527	44.8741
			}
			{VolumeView "piece0.ply"}
			{bone "sub_piece0"
				{Position -4.14607	5.66183	0}
				{VolumeView "sub_piece0.ply"}
			}
		}
		{bone "piece1"
			{Matrix34
				0.973346	0	-0.229342
				0	1	0
				0.229342	0	0.973346
				5.36914	25.5254	45.8352
			}
			{VolumeView "piece1.ply"}
			{bone "sub_piece1"
				{Matrix34
					0.999892	0	-0.014678
					0	1	0
					0.014678	0	0.999892
					-5.19603	-0.343945	2.79681
				}
				{VolumeView "sub_piece1.ply"}
			}
		}
		{bone "piece2"
			{Matrix34
				0	-1	0
				0	0	1
				-1	0	0
				-2.37817	27.6098	18.8089
			}
			{VolumeView "piece2.ply"}
			{bone "sub_piece2"
				{Position 10.0344	0.308754	0}
				{VolumeView "sub_piece2.ply"}
			}
		}
		{bone "piece3"
			{Matrix34
				0	-1	0
				0	0	1
				-1	0	0
				-2.37818	26.6836	40.1127
			}
			{VolumeView "piece3.ply"}
			{bone "sub_piece3"
				{Position -2.26419	-9.15963	1.07288e-005}
				{VolumeView "sub_piece3.ply"}
			}
		}
		{bone "piece4"
			{Matrix34
				0	-1	0
				0	0	1
				-1	0	0
				-2.37817	11.2975	38.0029
			}
			{VolumeView "piece4.ply"}
			{bone "sub_piece4"
				{Position 0.205816	-8.13047	0}
				{VolumeView "sub_piece4.ply"}
			}
		}
		{bone "piece5"
			{Matrix34
				0	-1	0
				0	0	1
				-1	0	0
				-2.37818	-1.20694	35.9445
			}
			{VolumeView "piece5.ply"}
			{bone "sub_piece5"
				{Position 0.360191	-10.6519	0}
				{VolumeView "sub_piece5.ply"}
			}
		}
		{bone "piece6"
			{Matrix34
				0.973346	0	-0.229342
				0	1	0
				0.229342	0	0.973346
				23.8546	-1.53543	41.4796
			}
			{VolumeView "piece6.ply"}
			{bone "sub_piece6"
				{Position 13.419	-1.73867	-3.05176e-005}
				{VolumeView "sub_piece6.ply"}
			}
		}
		{bone "piece7"
			{Matrix34
				1	0	0
				0	0	1
				0	-1	0
				10.1545	-9.74029	34.2634
			}
			{VolumeView "piece7.ply"}
			{bone "sub_piece7"
				{Position -0.153374	-9.96932	1.81198e-005}
				{VolumeView "sub_piece7.ply"}
			}
		}
		{bone "piece8"
			{Matrix34
				1	0	0
				0	0	1
				0	-1	0
				26.1054	-9.74029	35.4137
			}
			{VolumeView "piece8.ply"}
		}
		{bone "piece9"
			{Matrix34
				1	0	0
				0	0	1
				0	-1	0
				22.7312	-9.74029	4.96891
			}
			{VolumeView "piece9.ply"}
			{bone "sub_piece9"
				{Position -10.7362	4.29448	1.33514e-005}
				{VolumeView "sub_piece9.ply"}
			}
		}
		{bone "piece10"
			{Matrix34
				0	-1	0
				0	0	1
				-1	0	0
				-2.37817	3.93891	17.4709
			}
			{VolumeView "piece10.ply"}
		}
		{bone "piece11"
			{Matrix34
				1	0	0
				0	0	1
				0	-1	0
				37.3017	-9.74029	19.0793
			}
			{VolumeView "piece11.ply"}
		}
		{bone "piece12"
			{Matrix34
				0.969875	0	-0.243604
				0	1	0
				0.243604	0	0.969875
				-0.630688	36.0429	50.0966
			}
			{VolumeView "piece12.ply"}
		}
		{bone "piece13"
			{Matrix34
				0.969875	0	-0.243604
				0	1	0
				0.243604	0	0.969875
				2.24725	14.29	49.4241
			}
			{VolumeView "piece13.ply"}
		}
		{bone "piece14"
			{Position -1.4509	13.3626	48.4902}
			{VolumeView "piece14.ply"}
			{bone "sub_piece14"
				{Matrix34
					0.969875	0	-0.243604
					0	1	0
					0.243604	0	0.969875
					3.97205	-11.8179	0.865105
				}
				{VolumeView "sub_piece14.ply"}
			}
		}
		{bone "piece15"
			{Position 34.8046	-5.37925	39.649}
			{VolumeView "piece15.ply"}
			{bone "sub_piece15"
				{Matrix34
					0.969875	0	-0.243604
					0	1	0
					0.243604	0	0.969875
					-6.72739	6.70164	3.58618
				}
				{VolumeView "sub_piece15.ply"}
			}
		}
	}
}
{Volume "piece0"
	{Box 12.9286 12.8394 2.95276}
	{Bone "piece0"}
	{Position 0	0	0}
}
{Volume "piece10"
	{Box 13.5851 9.46837 5.90551}
	{Bone "piece10"}
	{Position 0	0	0}
}
{Volume "piece11"
	{Box 13.1902 17.1779 5.90551}
	{Bone "piece11"}
	{Position 0	0	0}
}
{Volume "piece12"
	{Box 18.4085 9.16556 0.919495}
	{Bone "piece12"}
	{Position 0	0	0}
}
{Volume "piece13"
	{Box 24.6922 10.2187 0.821915}
	{Bone "piece13"}
	{Position 0	0	0}
}
{Volume "piece14"
	{Box 2.58088 61.5917 3.635}
	{Bone "piece14"}
	{Position 0	0	0}
}
{Volume "piece15"
	{Box 2.11444 21.1775 3.42914}
	{Bone "piece15"}
}
{Volume "piece1"
	{Box 7.4005 15.0685 2.95276}
	{Bone "piece1"}
	{Position 0	0	0}
}
{Volume "piece2"
	{Box 13.7909 9.88004 5.90551}
	{Bone "piece2"}
}
{Volume "piece3"
	{Box 11.1151 13.3792 5.90551}
	{Bone "piece3"}
	{Position 0	0	0}
}
{Volume "piece4"
	{Box 13.0705 12.8646 5.90551}
	{Bone "piece4"}
	{Position 0	0	0}
}
{Volume "piece5"
	{Box 9.46838 14.5113 5.90551}
	{Bone "piece5"}
	{Position 0	0	0}
}
{Volume "piece6"
	{Box 15.9601 8.02463 2.95276}
	{Bone "piece6"}
	{Position 0	0	0}
}
{Volume "piece7"
	{Box 16.2577 14.1104 5.90551}
	{Bone "piece7"}
	{Position 0	1.52588e-005	0}
}
{Volume "piece8"
	{Box 12.8834 9.04907 5.90551}
	{Bone "piece8"}
	{Position 0	0	0}
}
{Volume "piece9"
	{Box 15.0307 14.4172 5.90551}
	{Bone "piece9"}
	{Position 0	0	0}
}
{Volume "sub_piece0"
	{Box 8.20296 11.3236 2.95276}
	{Bone "sub_piece0"}
	{Position 0	0	1.52588e-005}
}
{Volume "sub_piece14"
	{Box 21.6238 9.92647 0.821915}
	{Bone "sub_piece14"}
	{Position 0	-1.52588e-005	0}
}
{Volume "sub_piece15"
	{Box 30.6584 10.371 1.40164}
	{Bone "sub_piece15"}
	{Position 0	-1.52588e-005	0}
}
{Volume "sub_piece1"
	{Box 17.3018 9.38467 0.821915}
	{Bone "sub_piece1"}
	{Position 0	-1.52588e-005	0}
}
{Volume "sub_piece2"
	{Box 10.6005 10.4976 5.90552}
	{Bone "sub_piece2"}
	{Position 0	0	0}
}
{Volume "sub_piece3"
	{Box 10.7034 13.3792 5.90552}
	{Bone "sub_piece3"}
	{Position 0	0	0}
}
{Volume "sub_piece4"
	{Box 12.2471 8.54212 5.90552}
	{Bone "sub_piece4"}
	{Position 0	0	0}
}
{Volume "sub_piece5"
	{Box 9.36546 11.3209 5.90552}
	{Bone "sub_piece5"}
	{Position 0	-1.52588e-005	0}
}
{Volume "sub_piece6"
	{Box 9.98621 4.54729 2.95275}
	{Bone "sub_piece6"}
	{Position 0	0	1.14441e-005}
}
{Volume "sub_piece7"
	{Box 13.4969 12.2699 5.90551}
	{Bone "sub_piece7"}
	{Position 0	0	0}
}
{Volume "sub_piece9"
	{Box 14.4172 13.8037 5.90551}
	{Bone "sub_piece9"}
	{Position 0	0	0}
}
