;Exported by: klimenko
;Date:        Tue Aug 30 17:56:43 2005
;File:        D:\-Project-\-3DWork-\da_wataz_tauwa_x.max
{Skeleton
	{bone "w_tower_c2"
		{Orientation
			1	0	0
			0	-1	0
			0	0	1
		}
		{bone "piece4"
			{parameters "Model =entity/construction/1/123;"}
			{Position -10.7061	10.1943	92.4606}
			{VolumeView "piece4.ply"}
		}
		{bone "piece1"
			{parameters "Model =entity/construction/1/123;"}
			{Position -5.47949	28.0145	128.493}
			{VolumeView "piece1.ply"}
		}
		{bone "piece2"
			{parameters "Model =entity/construction/1/123;"}
			{Position -13.8376	-0.790184	139.686}
			{VolumeView "piece2.ply"}
		}
		{bone "piece3"
			{parameters "Model =entity/construction/1/123;"}
			{Position -12.3086	-24.7356	134.121}
			{VolumeView "piece3.ply"}
		}
		{bone "piece5"
			{parameters "Model =entity/construction/1/123;"}
			{Position -9.73962	-18.4293	100.248}
			{VolumeView "piece5.ply"}
		}
		{bone "piece7"
			{parameters "Model =entity/construction/1/123;"}
			{Position 5.8938	-8.47266	84.675}
			{VolumeView "piece7.ply"}
		}
		{bone "piece6"
			{parameters "Model =entity/construction/1/123;"}
			{Position 5.78821	24.614	84.675}
			{VolumeView "piece6.ply"}
		}
		{bone "piece10"
			{parameters "Model =entity/construction/1/123;"}
			{Position 13.9089	11.037	176.548}
			{VolumeView "piece10.ply"}
		}
		{bone "piece11"
			{parameters "Model =entity/construction/1/123;"}
			{Position 12.0407	-9.97777	176.548}
			{VolumeView "piece11.ply"}
		}
		{bone "piece14"
			{Matrix34
				0	1	0
				-1	0	0
				0	0	1
				2.41089	23.7916	152.06
			}
		}
		{bone "piece13"
			{Matrix34
				0	1	0
				-1	0	0
				0	0	1
				12.4975	-5.36077	151.441
			}
		}
		{bone "piece15"
			{Matrix34
				0	1	0
				-1	0	0
				0	0	1
				0.804443	-25.1363	152.06
			}
		}
		{bone "piece9"
			{parameters "Model =entity/construction/1/123;"}
			{Position -5.84204	25.023	156.393}
			{VolumeView "piece9.ply"}
		}
		{bone "piece8"
			{parameters "Model =entity/construction/1/123;"}
			{Position -11.2937	-32.2908	152.716}
			{VolumeView "piece8.ply"}
		}
		{bone "piece12"
			{parameters "Model =entity/construction/1/123;"}
			{Position 17.7216	0.650169	191.2}
			{VolumeView "piece12.ply"}
		}
	}
}
{Volume "piece12"
	{Box 32.1234 30.3611 1.68197}
	{Bone "piece12"}
	{Matrix34
		0.936513	0	0.350634
		0	1	0
		-0.350634	0	0.936513
		-0.182468	0	-0.499206
	}
}
{Volume "piece8"
	{Box 24.3897 21.1379 1.78204}
	{Bone "piece8"}
	{Matrix34
		0.746626	-0.661146	0.0737293
		0.618806	0.730911	0.287834
		-0.24419	-0.16928	0.954838
		-3.31291	3.19263	0.569925
	}
}
{Volume "piece9"
	{Box 40.7048 30.3515 2.46776}
	{Bone "piece9"}
	{Matrix34
		0.90175	0.0082516	0.43218
		0	0.999818	-0.0190895
		-0.432258	0.017214	0.901585
		-2.32932	-9.3015	0.342699
	}
}
{Volume "piece15"
	{Box 6.07479 20.3346 3.34921}
	{Bone "piece15"}
	{Position 0	0	0}
}
{Volume "piece13"
	{Box 8.37376 43.7207 4.58751}
	{Bone "piece13"}
	{Position 4.89364	0	0}
}
{Volume "piece14"
	{Box 6.0748 23.5474 3.34921}
	{Bone "piece14"}
	{Position 0	0	0}
}
{Volume "piece11"
	{Box 4.94 8.51954 21.0034}
	{Bone "piece11"}
	{Position 0	0	0}
}
{Volume "piece10"
	{Box 2.11248 8.8533 21.0045}
	{Bone "piece10"}
	{Matrix34
		0.857632	-0.514264	0
		0.514264	0.857632	0
		0	0	1
		0	0	0
	}
}
{Volume "piece6"
	{Box 28.9706 30.9212 9.25799}
	{Bone "piece6"}
	{Position 0	0	0}
}
{Volume "piece7"
	{Box 29.0797 37.8619 9.25799}
	{Bone "piece7"}
	{Position 0	0	0}
}
{Volume "piece5"
	{Box 8.76771 24.867 33.6626}
	{Bone "piece5"}
	{Position -3.11755	2.47704	0.424271}
}
{Volume "piece3"
	{Box 13.5758 16.3576 32.989}
	{Bone "piece3"}
	{Position 0	0	-0.687263}
}
{Volume "piece2"
	{Box 10.0149 18.2489 23.2343}
	{Bone "piece2"}
}
{Volume "piece1"
	{Box 15.0847 35.6198 44.5931}
	{Bone "piece1"}
	{Matrix34
		0.786653	-0.617396	0
		0.617396	0.786653	0
		0	0	1
		-3.84907	2.88831	-0.513216
	}
}
{Volume "piece4"
	{Box 6.26129 37.6718 21.7283}
	{Bone "piece4"}
	{Position 0	0	0}
}
