;Exported by: sana
;Date:        Thu Mar 22 14:28:29 2007
;File:        D:\-Project-\-3DWork-\Entourage\SelSovet\SelSovet_cut2_x.max
{Skeleton
	{bone "sels_wall1_16_x"
		{Orientation
			1	0	0
			0	-1	0
			0	0	1
		}
		{bone "piece03"
			{Position 12.3788	-0.0245667	3.63362}
			{VolumeView "piece03.ply"}
		}
		{bone "piece02"
			{Position -12.9541	-0.00938416	-4.91298}
			{VolumeView "piece02.ply"}
		}
		{bone "piece01"
			{Position -29.7704	-0.00408936	8.46778}
			{VolumeView "piece01.ply"}
			{bone "sub_piece01"
				{Position -4.58319	0.00151062	-11.802}
				{VolumeView "sub_piece01.ply"}
			}
		}
	}
}
{Volume "piece01"
	{Box 24.6719 3.97653 18.7567}
	{Bone "piece01"}
	{Matrix34
		0.978254	0	-0.207411
		0	1	0
		0.207411	0	0.978254
		0.232031	0	0.444649
	}
}
{Volume "piece02"
	{Box 17.0141 3.96591 16.5017}
	{Bone "piece02"}
	{Matrix34
		0.990589	0	0.13687
		0	1	0
		-0.13687	0	0.990589
		0.125477	0	-0.908132
	}
}
{Volume "piece03"
	{Box 19.2 3.69012 15.4245}
	{Bone "piece03"}
	{Position 0	0	1.22772}
}
{Volume "sub_piece01"
	{Box 15.5041 3.97955 13.5488}
	{Bone "sub_piece01"}
	{Matrix34
		0.985363	0	-0.170467
		0	1	0
		0.170467	0	0.985363
		0.32038	0	-0.386291
	}
}
