;Exported by: kenny
;Date:        Thu May 15 11:36:00 2008
;File:        D:\-Project-\-3D-\africa\africabuilds\algere_storage_new.max
{Skeleton
	{bone "t_build1a_f2_w3"
		{Orientation
			1	0	0
			0	-1	0
			0	0	1
		}
		{VolumeView "t_build1a_f2_w3.ply"}
		{bone "exterior"
			{Position -38.0012	9.46243	31.3684}
			{VolumeView "exterior.ply"}
		}
		{bone "fix14"
			{Matrix34
				0	-1	0
				1	0	0
				0	0	1
				37.7358	25.0305	-10.0324
			}
		}
		{bone "fix15"
			{Matrix34
				0	-1	0
				1	0	0
				0	0	1
				15.2498	-8.23388	-78.8542
			}
		}
		{bone "fix13"
			{Matrix34
				0	-1	0
				1	0	0
				0	0	1
				15.0401	-39.116	9.04214
			}
		}
	}
}
{Area "interior"
	{Obb2
		{Center -41.7879 -8.30494}
		{Extent 49.6231 29.4249}
		{Axis -1 0}
	}
	{Rotate}
}
{Volume "body1"
	{Polyhedron "body1.vol"}
	{Bone "t_build1a_f2_w3"}
	{Matrix34
		-1	0	0
		0	-1	0
		0	0	1
		15.1231	-0.66489	50.8497
	}
}
{Volume "body"
	{Polyhedron "body.vol"}
	{Bone "t_build1a_f2_w3"}
	{Matrix34
		0	1	0
		-1	0	0
		0	0	1
		19.4818	25.3686	42.721
	}
}
{Volume "roof1"
	{Box 128.298 23.0148 2.68848}
	{Bone "exterior"}
	{Matrix34
		1	0	0
		0	0.919835	-0.392306
		0	0.392306	0.919835
		-2.74992	-17.6899	7.75694
	}
}
{Volume "roof2"
	{Box 138.416 24.4453 2.68848}
	{Bone "exterior"}
	{Matrix34
		1	0	0
		0	0.755369	0.655299
		0	-0.655299	0.755369
		3.0284	22.6579	-3.60823
	}
}
{Volume "roof4"
	{Polyhedron "roof4.vol"}
	{Bone "exterior"}
	{Matrix34
		1	0	0
		0	0.819152	0.573577
		0	-0.573577	0.819152
		-49.4797	18.4809	10.5106
	}
}
{Volume "roof"
	{Box 121.718 24.4453 2.68848}
	{Bone "exterior"}
	{Matrix34
		1	0	0
		0	0.748804	-0.662792
		0	0.662792	0.748804
		0.0178986	3.02853	-4.20729
	}
}
