;Exported by: golanov
;Date:        Mon Jun 19 17:14:54 2006
;File:        D:\-Projects-\-3DWork-\Constructions\entourage\train\passenger car07.max
{Skeleton
	{bone "heap05"
		{Orientation
			1	0	0
			0	-1	0
			0	0	1
		}
		{VolumeView "heap05.ply"}
	}
}
{Obstacle "rectangle05"
	{Obb2
		{Center 1.26128 0.25573}
		{Extent 34.8279 11.2868}
		{Axis -1 0}
	}
	{Rotate}
}
{Volume "body01"
	{Box 15.748 9.84253 9.84252}
	{Bone "heap05"}
	{Matrix34
		-0.979859	0.175965	-0.0944047
		0.199479	0.840863	-0.503148
		-0.00915495	-0.511846	-0.859028
		4.19783	-4.50793	3.62242
	}
}
{Volume "body02"
	{Box 15.748 9.84252 9.84252}
	{Bone "heap05"}
	{Matrix34
		0.199479	0.840863	-0.503148
		-0.00915526	-0.511845	-0.859029
		-0.979859	0.175965	-0.0944042
		15.8396	4.47881	-2.38794
	}
}
{Volume "body03"
	{Box 12.0558 32.7658 2.95275}
	{Bone "heap05"}
	{Matrix34
		-0.927033	-0.314498	0.20421
		-0.374897	0.788833	-0.487027
		-0.00791863	-0.528047	-0.849178
		-19.9264	-0.193317	-3.01931
	}
}
{Volume "body04"
	{Box 15.748 9.84252 9.84252}
	{Bone "heap05"}
	{Matrix34
		1	0	0
		0	0.841698	-0.539949
		0	0.539949	0.841698
		-27.9727	-8.50147	5.78967
	}
}
{Volume "body05"
	{Box 15.748 9.84252 9.84252}
	{Bone "heap05"}
	{Matrix34
		-0.399188	0.696195	-0.596625
		-0.916869	-0.30311	0.25976
		0	0.650721	0.759317
		28.1914	-2.3777	3.70648
	}
}
