;Exported by: sana
;Date:        Sat Aug 11 10:43:19 2007
;File:        D:\-Project-\-3DWork-\Entourage\SelSovet\SelSovet_cut2.max
{Skeleton
	{bone "sels_wall2_7"
		{Orientation
			1	0	0
			0	-1	0
			0	0	1
		}
		{VolumeView "sels_wall2_7.ply"}
		{bone "exterior"
			{Position -53.9169	-15.5656	8.28608}
			{VolumeView "exterior.ply"}
		}
		{bone "fix24"
			{Position 1.62131	-0.552811	-41.9204}
		}
		{bone "fix25"
			{Position 2.21936	54.8223	-60.8196}
		}
	}
}
{Area "interior"
	{Obb2
		{Center -55.4022 4.01434}
		{Extent 52.2291 43.169}
		{Axis -1 0}
	}
	{Rotate}
}
{Volume "body1"
	{Box 38.8342 26.4227 11.1788}
	{Bone "sels_wall2_7"}
	{Matrix34
		0	-0.869376	-0.494152
		0	-0.494152	0.869376
		-1	0	0
		0.353121	-15.2686	8.77446
	}
}
{Volume "body"
	{Box 56.0211 48.8291 11.1788}
	{Bone "sels_wall2_7"}
	{Matrix34
		0	-0.869966	0.493111
		0	0.493111	0.869966
		-1	0	0
		0.353121	6.04757	-4.42809
	}
}
{Volume "roof1"
	{Box 77.3062 45.4784 3.78039}
	{Bone "exterior"}
	{Matrix34
		1	0	0
		0	0.867481	-0.49747
		0	0.49747	0.867481
		9.31615	29.4943	4.10114
	}
}
{Volume "roof2"
	{Box 42.5184 45.4784 3.78039}
	{Bone "exterior"}
	{Matrix34
		0.910663	0	-0.413149
		0.000558977	0.999999	0.0012321
		0.413149	-0.00135297	0.910662
		-22.2337	-16.6951	6.83293
	}
}
{Volume "roof"
	{Box 77.3062 45.4784 3.78039}
	{Bone "exterior"}
	{Matrix34
		1	0	0
		0	0.86259	0.505903
		0	-0.505903	0.86259
		9.31615	-10.3176	4.45813
	}
}
