;Exported by: sana
;Date:        Mon Jan 16 09:45:46 2006
;File:        D:\-Project-\-3DWork-\Entourage\house_euro_105c\house_euro_105c_x.max
{Skeleton
	{bone "105c_corn24"
		{Orientation
			1	0	0
			0	-1	0
			0	0	1
		}
		{bone "piece0"
			{Position 17.8014	32.4808	46.22}
			{VolumeView "piece0.ply"}
		}
		{bone "piece1"
			{Position 17.8014	-3.53784	49.6746}
			{VolumeView "piece1.ply"}
			{bone "sub_piece1"
				{Position 0	1.3116	-14.5592}
				{VolumeView "sub_piece1.ply"}
			}
		}
		{bone "piece2"
			{Position 17.8014	-29.8578	46.6486}
			{VolumeView "piece2.ply"}
		}
		{bone "piece3"
			{Position 17.8014	-27.3343	25.876}
			{VolumeView "piece3.ply"}
			{bone "sub_piece3"
				{Position 0	9.96744	-0.226521}
				{VolumeView "sub_piece3.ply"}
			}
		}
		{bone "piece4"
			{Position 17.8014	0.868988	19.3065}
			{VolumeView "piece4.ply"}
			{bone "sub_piece4"
				{Position 0	-9.51437	-4.92707}
				{VolumeView "sub_piece4.ply"}
			}
		}
		{bone "piece5"
			{Position -13.5221	-11.2893	48.7865}
			{VolumeView "piece5.ply"}
			{bone "sub_piece5"
				{Position 11.0167	0	-0.688545}
				{VolumeView "sub_piece5.ply"}
			}
		}
		{bone "piece6"
			{Position 1.45374	-11.2893	27.6138}
			{VolumeView "piece6.ply"}
			{bone "sub_piece6"
				{Position -0.688568	0	-11.7626}
				{VolumeView "sub_piece6.ply"}
			}
		}
	}
}
{Volume "piece0"
	{Box 9.5 10.6017 25.3717}
	{Bone "piece0"}
	{Matrix34
		1	0	0
		0	0.981763	0.190112
		0	-0.190112	0.981763
		0	0	-1.35567e-005
	}
}
{Volume "piece1"
	{Box 9.5 27.4105 18.6889}
	{Bone "piece1"}
	{Position 0	0	-1.34386e-005}
}
{Volume "piece2"
	{Box 9.5 19.1739 13.7573}
	{Bone "piece2"}
	{Matrix34
		1	0	0
		0	0.998646	-0.0520231
		0	0.0520231	0.998646
		0	-0.489411	-0.849035
	}
}
{Volume "piece3"
	{Box 9.5 12.6028 22.9931}
	{Bone "piece3"}
	{Position 0	-0.665749	-1.43923e-005}
}
{Volume "piece4"
	{Box 9.5 17.6696 20.7277}
	{Bone "piece4"}
	{Position -6.27189e-005	0	-1.24849e-005}
}
{Volume "piece5"
	{Box 14.954 9.5 19.1645}
	{Bone "piece5"}
	{Matrix34
		0.970009	0	0.243067
		0	1	0
		-0.243067	0	0.970009
		-0.453713	0	-1.15318
	}
}
{Volume "piece6"
	{Box 12.6233 9.5 21.8039}
	{Bone "piece6"}
	{Position 0	0	0}
}
{Volume "sub_piece1"
	{Box 9.5 18.9016 11.9336}
	{Bone "sub_piece1"}
	{Position 0	0	-1.15313e-005}
}
{Volume "sub_piece3"
	{Box 9.5 10.3661 15.052}
	{Bone "sub_piece3"}
	{Matrix34
		1	0	0
		0	0.981531	-0.191305
		0	0.191305	0.981531
		0	0.192328	0.0976056
	}
}
{Volume "sub_piece4"
	{Box 9.5 10.5338 13.5104}
	{Bone "sub_piece4"}
	{Matrix34
		1	0	0
		0	0.991344	0.131287
		0	-0.131287	0.991344
		-6.22756e-005	-0.15589	-1.26299
	}
}
{Volume "sub_piece5"
	{Box 11.5905 9.5 16.4103}
	{Bone "sub_piece5"}
	{Matrix34
		0.962415	0	0.271584
		0	1	0
		-0.271584	0	0.962415
		1.22655	0	1.20999
	}
}
{Volume "sub_piece6"
	{Box 8.19827 9.5 11.7018}
	{Bone "sub_piece6"}
	{Matrix34
		0.455555	0	-0.890208
		0	1	0
		0.890208	0	0.455555
		1.05611	0	-0.282868
	}
}
