;Exported by: vic
;Date:        Fri Jan 27 15:15:19 2006
;File:        D:\-Projects-\-3DWork-\Constructions\NEW\Ruini\Soldiers2\e_house200_end.max
{Skeleton
	{bone "e_house_200_r_1"
		{Orientation
			1	0	0
			0	-1	0
			0	0	1
		}
		{VolumeView "e_house_200_r_1.ply"}
		{bone "window1"
			{Position 0.150356	-24.5652	-23.8715}
			{VolumeView "window1.ply"}
		}
		{bone "fix05"
			{Matrix34
				-1	0	0
				0	-1	0
				0	0	1
				-1.96997	-19.8047	-42.1719
			}
		}
		{bone "window1_x"
			{Position 0.150352	-24.2413	-23.8715}
			{VolumeView "window1_x.ply"}
		}
	}
}
{Volume "body"
	{Polyhedron "body.vol"}
	{Bone "e_house_200_r_1"}
	{Matrix34
		1	0	0
		0	0.959872	-0.280437
		0	0.280437	0.959872
		-0.120365	-28.3815	-40.835
	}
}
{Volume "body1"
	{Polyhedron "body1.vol"}
	{Bone "e_house_200_r_1"}
	{Matrix34
		-1	0	0
		0	-0.959872	-0.280437
		0	-0.280437	0.959872
		-0.120365	28.8074	-40.835
	}
}
{Volume "body2"
	{Polyhedron "body2.vol"}
	{Bone "e_house_200_r_1"}
	{Matrix34
		0	-1	0
		0.97687	0	-0.213832
		0.213832	0	0.97687
		-28.7148	0.212929	-40.835
	}
}
{Volume "body3"
	{Polyhedron "body3.vol"}
	{Bone "e_house_200_r_1"}
	{Matrix34
		0	1	0
		-0.97687	0	-0.213832
		-0.213832	0	0.97687
		28.5095	0.212929	-40.835
	}
}
{Volume "body4"
	{Box 27.9819 17.8932 2.9638}
	{Bone "e_house_200_r_1"}
	{Position -0.168827	0.335114	27.839}
}
{Volume "body5"
	{Polyhedron "body5.vol"}
	{Bone "e_house_200_r_1"}
	{Matrix34
		1	0	0
		0	1	0.000175834
		0	-0.000175834	1
		0.326855	-16.829	-32.4235
	}
}
{Volume "hole1"
	{Box 11.6344 17.3847 18.5827}
	{Bone "e_house_200_r_1"}
	{Matrix34
		1	0	0
		0	0	1
		0	-1	0
		0.218599	-20.6092	-23.9979
	}
}
{Volume "window1"
	{Box 11.8978 1.37355 17.0775}
	{Bone "window1"}
	{Matrix34
		1	0	0
		0	1	0
		0	0	1
		-0.276707	0.0897233	0.00314236
	}
}
