;Exported by: sana
;Date:        Mon Aug 29 14:35:25 2005
;File:        D:\-Project-\-3DWork-\Entourage\Новая папка\fire_build06_cut02_06_x02.max
{Skeleton
	{animation
		{sequence "crush" {speed 0.4}}
	}
	{bone "station_corner2"
		{parameters "CommonMesh;"}
		{Orientation
			1	0	0
			0	-1	0
			0	0	1
		}
		{VolumeView "station_corner2.ply"}
		{bone "piece0"
			{Position 30.0099	42.5428	104.716}
			{VolumeView "piece0.ply"}
			{bone "sub_piece0"
				{Position 0	0.0912666	-21.9091}
				{VolumeView "sub_piece0.ply"}
			}
		}
		{bone "piece1"
			{Position 30.0099	45.3726	56.516}
			{VolumeView "piece1.ply"}
			{bone "sub_piece1"
				{Position 0	-1.55199	-17.8923}
				{VolumeView "sub_piece1.ply"}
			}
		}
		{bone "piece2"
			{Position 30.0099	9.77013	91.7535}
			{VolumeView "piece2.ply"}
			{bone "sub_piece2"
				{Position 0	1.64319	-20.6311}
				{VolumeView "sub_piece2.ply"}
			}
		}
		{bone "piece3"
			{Position 30.0099	-30.8531	71.305}
			{VolumeView "piece3.ply"}
			{bone "sub_piece3"
				{Position 0	10.684	-19.4443}
				{VolumeView "sub_piece3.ply"}
			}
		}
		{bone "piece4"
			{Position 30.0099	6.57503	43.0972}
			{VolumeView "piece4.ply"}
			{bone "sub_piece4"
				{Position 0	-7.02921	-23.461}
				{VolumeView "sub_piece4.ply"}
			}
		}
		{bone "piece5"
			{Position 30.0099	-33.683	23.5615}
			{VolumeView "piece5.ply"}
			{bone "sub_piece5"
				{Position 0	16.7057	-16.4318}
				{VolumeView "sub_piece5.ply"}
			}
		}
		{bone "piece6"
			{Position 30.0099	27.2975	15.5279}
			{VolumeView "piece6.ply"}
		}
		{bone "piece7"
			{Position -26.0926	-47.7487	7.32943}
			{VolumeView "piece7.ply"}
		}
		{bone "piece8"
			{Position -14.9623	-47.7487	35.6114}
			{VolumeView "piece8.ply"}
			{bone "sub_piece8"
				{Position 2.64573	0	-15.6919}
				{VolumeView "sub_piece8.ply"}
			}
		}
		{bone "piece9"
			{Position 10.309	-47.7487	34.699}
			{VolumeView "piece9.ply"}
			{bone "sub_piece9"
				{Position 0.729854	0	-16.6955}
				{VolumeView "sub_piece9.ply"}
			}
		}
		{bone "piece10"
			{Position 22.4231	-47.7487	65.6267}
			{VolumeView "piece10.ply"}
		}
		{bone "exterior"
			{Position 0.531467	-11.6288	98.0358}
		}
	}
}
{Volume "piece10"
	{Box 14.9219 7 23.5871}
	{Bone "piece10"}
	{Position -0.301523	0	0.62496}
}
{Volume "piece9"
	{Box 18.969 7.00001 21.1512}
	{Bone "piece9"}
	{Matrix34
		0.939693	0	-0.34202
		0	1	0
		0.34202	0	0.939693
		-0.862672	0	0.559993
	}
}
{Volume "sub_piece9"
	{Box 12.1156 7 15.2759}
	{Bone "sub_piece9"}
	{Matrix34
		0.766044	0	-0.642788
		0	1	0
		0.642788	0	0.766044
		1.08859	1.54566e-005	-0.0949259
	}
}
{Volume "piece8"
	{Box 19.7499 7.00001 18.7728}
	{Bone "piece8"}
	{Matrix34
		0.939693	0	0.34202
		0	1	0
		-0.34202	0	0.939693
		-0.564565	0	0.728109
	}
}
{Volume "sub_piece8"
	{Box 15.4237 7.00001 11.955}
	{Bone "sub_piece8"}
	{Matrix34
		0.939693	0	0.34202
		0	1	0
		-0.34202	0	0.939693
		-0.195603	1.68422e-005	-0.0151533
	}
}
{Volume "piece7"
	{Box 17.3414 7.00001 11.3858}
	{Bone "piece7"}
	{Position 0.518331	0	-1.60568}
}
{Volume "piece6"
	{Box 7.00001 23.3697 24.6843}
	{Bone "piece6"}
	{Position 0	0	-3.08553}
}
{Volume "piece5"
	{Box 7 20.8137 35.9675}
	{Bone "piece5"}
	{Position 0	0	0}
}
{Volume "sub_piece5"
	{Box 7 20.2659 15.1538}
	{Bone "sub_piece5"}
	{Position 0	0	0}
}
{Volume "piece4"
	{Box 7 18.1681 30.7111}
	{Bone "piece4"}
	{Position 0	-0.699501	-1.14625}
}
{Volume "sub_piece4"
	{Box 7 16.2821 12.1669}
	{Bone "sub_piece4"}
	{Matrix34
		1	0	0
		0	0.984808	0.173648
		0	-0.173648	0.984808
		0	0.955867	-0.08037
	}
}
{Volume "piece3"
	{Box 7.00001 23.3478 29.2268}
	{Bone "piece3"}
	{Matrix34
		1	0	0
		0	0.819152	-0.573576
		0	0.573576	0.819152
		0	0.41669	0.393866
	}
}
{Volume "sub_piece3"
	{Box 7 17.3462 18.0367}
	{Bone "sub_piece3"}
	{Matrix34
		1	0	0
		0	0.422618	-0.906308
		0	0.906308	0.422618
		0	0.490419	0.624046
	}
}
{Volume "piece2"
	{Box 7 27.5471 22.8147}
	{Bone "piece2"}
	{Matrix34
		1	0	0
		0	0.984808	0.173648
		0	-0.173648	0.984808
		0	-0.448392	-0.854236
	}
}
{Volume "sub_piece2"
	{Box 7 19.8205 13.7735}
	{Bone "sub_piece2"}
	{Matrix34
		1	0	0
		0	0.939693	-0.34202
		0	0.34202	0.939693
		0	-0.559557	0.340115
	}
}
{Volume "piece1"
	{Box 7 21.0547 21.5075}
	{Bone "piece1"}
	{Matrix34
		1	0	0
		0	0.984808	-0.173648
		0	0.173648	0.984808
		0	0.245111	0.349048
	}
}
{Volume "sub_piece1"
	{Box 7 18.1097 14.073}
	{Bone "sub_piece1"}
	{Matrix34
		1	0	0
		0	0.906308	0.422618
		0	-0.422618	0.906308
		0	1.54537	-0.104835
	}
}
{Volume "piece0"
	{Box 7.00001 29.3948 21.7777}
	{Bone "piece0"}
	{Position 0	0	-2.07407}
}
{Volume "sub_piece0"
	{Box 7 20.8137 15.3364}
	{Bone "sub_piece0"}
	{Position 0	0	0}
}
