;Exported by: sana
;Date:        Mon Nov 20 15:49:32 2006
;File:        D:\-Project-\-3DWork-\Entourage\fortifikations.max
{Skeleton
	{bone "wire_left_br_a"
		{Orientation
			1	0	0
			0	-1	0
			0	0	1
		}
		{VolumeView "wire_left_br_a.ply"}
	}
}
{Obstacle "obstacle"
	{Obb2
		{Center -2.20462 0.997643}
		{Extent 22.279 15.5782}
		{Axis -1 0}
	}
	{Rotate}
}
{Volume "body_vol01"
	{Box 14.2581 2.89225 2.3597}
	{Bone "wire_left_br_a"}
	{Matrix34
		-0.999904	0.0119523	-0.00704882
		0.00639179	-0.0541548	-0.998512
		-0.0123162	-0.998461	0.0540732
		0.726107	-12.6876	15.8545
	}
}
{Volume "body_vol02"
	{Box 49.4851 2.89225 2.3597}
	{Bone "wire_left_br_a"}
	{Matrix34
		-0.85742	-0.0128249	-0.514457
		0.513967	-0.0715683	-0.854819
		-0.0258559	-0.997353	0.0679557
		-0.887585	-10.3968	14.7108
	}
}
{Volume "body_vol03"
	{Box 49.4851 2.89225 2.3597}
	{Bone "wire_left_br_a"}
	{Matrix34
		0.849578	-0.029383	-0.526643
		0.523061	-0.0817747	0.848363
		-0.0679936	-0.996217	-0.0541049
		-1.00764	-11.4225	13.9623
	}
}
{Volume "body_vol04"
	{Box 49.4851 2.89225 2.3597}
	{Bone "wire_left_br_a"}
	{Matrix34
		-0.855883	0.0529016	-0.514457
		0.506974	-0.110734	-0.854819
		-0.102189	-0.992441	0.0679557
		0.439254	11.4965	13.9945
	}
}
{Volume "body_vol05"
	{Box 31.6579 3.56325 3.49236}
	{Bone "wire_left_br_a"}
	{Matrix34
		-0.0436282	-0.602932	-0.796599
		0.0950158	0.79124	-0.604079
		0.994519	-0.102044	0.0227676
		19.9581	-2.00608	14.1453
	}
}
{Volume "body_vol06"
	{Box 35.4568 3.56325 3.49236}
	{Bone "wire_left_br_a"}
	{Matrix34
		0.0346761	0.585283	-0.810087
		0.202058	0.789729	0.579224
		0.97876	-0.18377	-0.0908763
		18.1422	0.739942	15.4091
	}
}
{Volume "body_vol07"
	{Box 35.4568 3.56325 3.49236}
	{Bone "wire_left_br_a"}
	{Matrix34
		0.0346761	0.585283	-0.810087
		0.202058	0.789729	0.579224
		0.97876	-0.18377	-0.0908763
		-20.3761	0.921468	14.7985
	}
}
{Volume "body_vol08"
	{Box 43.0521 2.89225 2.3597}
	{Bone "wire_left_br_a"}
	{Matrix34
		-0.97145	0.132084	-0.197077
		0.180783	-0.125803	-0.975444
		-0.153633	-0.983223	0.0983325
		-0.0636649	2.79599	16.272
	}
}
