;Exported by: sana
;Date:        Mon Apr 23 19:01:27 2007
;File:        D:\-Project-\-3DWork-\Entourage\School_Ru\School_ru_cut3a_x.max
{Skeleton
	{bone "school_ru_wall2_11_x"
		{Orientation
			1	0	0
			0	-1	0
			0	0	1
		}
		{bone "piece01"
			{Position 0.465668	4.31287	-4.96658}
			{VolumeView "piece01.ply"}
		}
		{bone "piece03"
			{Position 0.465668	27.7372	9.20023}
			{VolumeView "piece03.ply"}
			{bone "sub_piece03"
				{Position 0	-1.47714	-9.36444}
				{VolumeView "sub_piece03.ply"}
			}
		}
		{bone "piece02"
			{Position 0.465668	-15.3597	11.7155}
			{VolumeView "piece02.ply"}
		}
		{bone "piece04"
			{Position 4.5072	-0.392975	27.0551}
			{VolumeView "piece04.ply"}
		}
	}
}
{Volume "piece01"
	{Box 3.50089 20.0285 13.4841}
	{Bone "piece01"}
	{Matrix34
		1	0	0
		0	0.89162	-0.452784
		0	0.452784	0.89162
		-3.05176e-005	0.230396	-0.231779
	}
}
{Volume "piece02"
	{Box 3.50089 16.1411 10.1289}
	{Bone "piece02"}
	{Position -3.05176e-005	0	0.612905}
}
{Volume "piece03"
	{Box 3.50085 14.0887 19.2991}
	{Bone "piece03"}
	{Matrix34
		1	0	0
		0	0.854749	0.519042
		0	-0.519042	0.854749
		0	-0.00317067	-0.0730052
	}
}
{Volume "piece04"
	{Box 27.7445 66.4539 2.50217}
	{Bone "piece04"}
	{Matrix34
		0.891676	0	0.452675
		0	1	0
		-0.452675	0	0.891676
		-0.321569	-1.23454	-0.568968
	}
}
{Volume "sub_piece03"
	{Box 3.50085 12.2618 11.211}
	{Bone "sub_piece03"}
	{Matrix34
		1	0	0
		0	0.524921	0.851151
		0	-0.851151	0.524921
		0	-0.732269	0.328376
	}
}
