;Exported by: sana
;Date:        Tue Apr 25 15:20:17 2006
;File:        D:\-Project-\-3DWork-\Entourage\e-house023_corner_x.max
{Skeleton
	{bone "barn_corner7"
		{Orientation
			1	0	0
			0	-1	0
			0	0	1
		}
		{bone "piece0"
			{Position 10.0814	-30.1134	96.8543}
			{VolumeView "piece0.ply"}
		}
		{bone "piece1"
			{Position 9.86337	-34.3015	70.3617}
			{VolumeView "piece1.ply"}
		}
		{bone "piece2"
			{Position -46.6702	-18.6774	89.1834}
			{VolumeView "piece2.ply"}
		}
		{bone "piece3"
			{Position -3.16046	-18.772	89.9808}
			{VolumeView "piece3.ply"}
		}
		{bone "piece4"
			{Position 46.0008	-18.8489	89.1243}
			{VolumeView "piece4.ply"}
		}
		{bone "exterior"
			{Position -3.9567	-11.6142	85.5906}
		}
		{bone "piece5"
			{Position -43.1876	-0.512711	57.1684}
			{VolumeView "piece5.ply"}
			{bone "sub_piece5"
				{Position 17.4124	0	4.56429}
				{VolumeView "sub_piece5.ply"}
			}
		}
		{bone "piece6"
			{Position 11.0448	-0.512711	59.7871}
			{VolumeView "piece6.ply"}
			{bone "sub_piece6"
				{Position -4.05476	1.81924e-005	-10.7282}
				{VolumeView "sub_piece6.ply"}
			}
		}
		{bone "piece7"
			{Position -15.4415	-0.512711	33.5988}
			{VolumeView "piece7.ply"}
			{bone "sub_piece7"
				{Position 9.9753	0	-3.70336}
				{VolumeView "sub_piece7.ply"}
			}
		}
		{bone "piece8"
			{Position 46.693	-0.512711	57.8442}
			{VolumeView "piece8.ply"}
			{bone "sub_piece8"
				{Position -7.34926	0	-5.99768}
				{VolumeView "sub_piece8.ply"}
			}
		}
		{bone "piece9"
			{Position 44.4886	-0.512711	31.5862}
			{VolumeView "piece9.ply"}
			{bone "sub_piece9"
				{Position -0.806218	0	-12.5164}
				{VolumeView "sub_piece9.ply"}
			}
		}
	}
}
{Volume "piece0"
	{Box 2.14213 74.2056 2.63826}
	{Bone "piece0"}
	{Matrix34
		1	0	0
		0	0.701185	-0.71298
		0	0.71298	0.701185
		0	-0.0313296	-0.0384121
	}
}
{Volume "piece1"
	{Box 2.78737 61.868 2.92747}
	{Bone "piece1"}
	{Position 0	0	0}
}
{Volume "piece2"
	{Box 53.9883 61.0528 3.13415}
	{Bone "piece2"}
	{Matrix34
		1	0	0
		0	0.714906	-0.69922
		0	0.69922	0.714906
		6.35468	5.91342	-2.38999
	}
}
{Volume "piece3"
	{Box 55.2518 61.2589 2.90082}
	{Bone "piece3"}
	{Matrix34
		1	0	0
		0	0.716611	-0.697473
		0	0.697473	0.716611
		4.1328	5.24284	-3.27366
	}
}
{Volume "piece4"
	{Box 38.3763 61.9901 3.0104}
	{Bone "piece4"}
	{Matrix34
		1	0	0
		0	0.711313	-0.702875
		0	0.702875	0.711313
		-3.20617	6.06899	-2.3751
	}
}
{Volume "piece5"
	{Box 22.2269 7.00001 20.4495}
	{Bone "piece5"}
	{Position 0.256805	0	1.60355}
}
{Volume "piece6"
	{Box 27.8106 7.00001 15.9082}
	{Bone "piece6"}
	{Position 0.832733	0	1.54011}
}
{Volume "piece7"
	{Box 13.7145 7.00001 23.887}
	{Bone "piece7"}
	{Position -2.02736	0	-0.279858}
}
{Volume "piece8"
	{Box 23.3419 7.00001 17.5166}
	{Bone "piece8"}
	{Matrix34
		0.999939	0	0.0110324
		0	1	0
		-0.0110324	0	0.999939
		-1.56163	0	2.59657
	}
}
{Volume "piece9"
	{Box 15.7437 7.00001 18.8952}
	{Bone "piece9"}
	{Position 0	0	0}
}
{Volume "sub_piece5"
	{Box 14.6941 7 12.9022}
	{Bone "sub_piece5"}
	{Position 0	0	0.94987}
}
{Volume "sub_piece6"
	{Box 20.3617 7.00001 13.1814}
	{Bone "sub_piece6"}
	{Matrix34
		0.968373	0	-0.249509
		0	1	0
		0.249509	0	0.968373
		-1.29977	0	-0.698337
	}
}
{Volume "sub_piece7"
	{Box 13.8734 7 17.5374}
	{Bone "sub_piece7"}
	{Matrix34
		0.929851	0	-0.367937
		0	1	0
		0.367937	0	0.929851
		0.879959	0	-1.47947
	}
}
{Volume "sub_piece8"
	{Box 17.841 7 11.1438}
	{Bone "sub_piece8"}
	{Matrix34
		0.759307	0	-0.650733
		0	1	0
		0.650733	0	0.759307
		-1.0946	1.15177e-005	-1.76011
	}
}
{Volume "sub_piece9"
	{Box 13.5331 7 12.0444}
	{Bone "sub_piece9"}
	{Position 0	1.11053e-005	0}
}
