;Exported by: JJ
;Date:        Wed Dec 28 12:50:50 2011
;File:        D:\^4VxC^0Control\3Dmodeli\J2M_worked.max
{Skeleton
	{animation
		{sequence "wheels" {speed 1}}
		{sequence "engine_start" {speed 0.3}}
		{sequence "engine_work" {speed 0.7}}
		{sequence "engine_stop" {speed 0.3}}
		{sequence "open" {speed 0.5}}
	}
	{bone "basis"
		{parameters "Wheelradius=0.03;"}
		{Orientation
			1	0	0
			0	-1	0
			0	0	1
		}
		{bone "rectangle02"
			{Matrix34
				0.00787496	0.999969	0
				-0.999969	0.00787496	0
				0	0	1
				23.9387	0.517405	-37.4466
			}
		}
		{bone "emit1"
			{Matrix34
				0.783405	-0.621512	0
				0.621512	0.783405	0
				0	0	1
				-18.1117	40.8019	-26.5429
			}
		}
		{bone "body"
			{parameters "ID=body;"}
			{Matrix34
				0.00787496	0.999969	0
				-0.999969	0.00787496	0
				0	0	1
				-21.9215	1.44199	10.1885
			}
			{VolumeView "body.ply"}
			{bone "engine"
				{parameters "ID=engine;"}
				{Position 0.0388173	-86.3919	-9.31163}
				{VolumeView "engine.ply"}
				{bone "fxsmoke1"
					{Matrix34
						0.174478	0.984661	0
						-0.980148	0.173678	0.0956324
						0.0941655	-0.0166857	0.995417
						12.5132	18.9324	-0.569741
					}
				}
				{bone "fxsmoke2"
					{Matrix34
						-0.314996	0.949093	0
						-0.944743	-0.313552	0.0956324
						0.090764	0.0301238	0.995417
						-11.9578	18.9324	-0.569741
					}
				}
				{bone "propeller_work"
					{parameters "id=Propeller;"}
					{Position -0.392135	-13.9195	0.632666}
					{visibility 0}
					{VolumeView "propeller_work.ply"}
				}
				{bone "propeller"
					{parameters "id=Propeller;"}
					{Position -0.0939014	-15.0541	0.585446}
					{VolumeView "propeller.ply"}
				}
			}
			{bone "pivot_front"
				{Matrix34
					-0.0148745	-0.999889	0
					0.999889	-0.0148745	0
					0	0	1
					0.490963	-59.9288	-41.5662
				}
				{bone "wingr1"
					{parameters "ID=wingright;"}
					{Matrix34
						-0.0113799	0.999935	3.57661e-005
						-0.998937	-0.0113702	0.0446769
						0.0446744	0.000472701	0.999001
						-9.83787	-61.1953	27.1707
					}
					{VolumeView "wingr1.ply"}
					{bone "retract_wheelr"
						{parameters "id=retract_wheelR;"}
						{Matrix34
							0.999929	0.0119295	0.000399118
							-0.0119223	0.999821	-0.0147075
							-0.000574489	0.0147017	0.999892
							26.9057	-11.2774	-3.39162
						}
						{VolumeView "retract_wheelr.ply"}
						{bone revolute "wheelr"
							{parameters "id=retract_wheelR;Radius=0.5;support;"}
							{Matrix34
								-0.00901834	0.999879	0.0126673
								-0.0170282	-0.0128196	0.999773
								0.999814	0.00880057	0.0171417
								1.9769	0.449306	-23.4145
							}
							{VolumeView "wheelr.ply"}
						}
					}
					{bone "aileron2"
						{parameters "id=wingL1;"}
						{Matrix34
							0.136071	0.00260408	0.990696
							0.00628083	-0.999979	0.0017658
							0.990679	0.00598212	-0.136084
							-7.56695	14.1954	1.33308
						}
						{VolumeView "aileron2.ply"}
					}
					{bone "rocket07"
						{parameters "ID=wingR1;"}
						{Matrix34
							0.00349489	-0.998995	0.0446767
							0.999994	0.0034898	-0.000191965
							3.58763e-005	0.0446771	0.999001
							14.8793	0.608614	-6.44121
						}
						{VolumeView "rocket07.ply"}
					}
					{bone "rocket05"
						{parameters "ID=wingR1;"}
						{Matrix34
							0.00349489	-0.998995	0.0446767
							0.999994	0.0034898	-0.000191965
							3.58763e-005	0.0446771	0.999001
							9.57868	0.611048	-5.97198
						}
						{VolumeView "rocket05.ply"}
					}
					{bone "rocket03"
						{parameters "ID=wingR1;"}
						{Matrix34
							0.00349489	-0.998995	0.0446767
							0.999994	0.0034898	-0.000191965
							3.58763e-005	0.0446771	0.999001
							4.16599	0.623127	-5.2785
						}
						{VolumeView "rocket03.ply"}
					}
					{bone "rocket01"
						{parameters "ID=wingR1;"}
						{Matrix34
							0.00349489	-0.998995	0.0446767
							0.999994	0.0034898	-0.000191965
							3.58763e-005	0.0446771	0.999001
							-1.34964	0.634773	-4.58666
						}
						{VolumeView "rocket01.ply"}
					}
				}
				{bone "wingl1"
					{parameters "ID=wingleft;"}
					{Matrix34
						-0.0194003	0.999812	0.000378132
						-0.998813	-0.0193978	0.0446753
						0.0446742	0.000489032	0.999001
						-10.8284	62.4796	27.2914
					}
					{VolumeView "wingl1.ply"}
					{bone "retract_wheell"
						{parameters "id=retract_wheelL;"}
						{Matrix34
							0.999754	0.00536292	0.0215418
							-0.0051192	0.999922	-0.011353
							-0.0216011	0.0112399	0.999703
							-29.1388	-10.1684	-3.39937
						}
						{VolumeView "retract_wheell.ply"}
						{bone revolute "wheell"
							{parameters "id=retract_wheelL;Radius=0.5;support;"}
							{Matrix34
								0.044736	0.998964	0.00833788
								0.00411882	-0.00853061	0.999955
								0.99899	-0.0446996	-0.00449597
								-2.22945	0.240173	-23.3132
							}
							{VolumeView "wheell.ply"}
						}
					}
					{bone "aileron1"
						{Matrix34
							-0.517296	0.0920798	0.850838
							0.12539	0.99162	-0.0310805
							-0.846571	0.090609	-0.524507
							4.23832	12.7627	1.8291
						}
						{VolumeView "aileron1.ply"}
					}
					{bone "rocket02"
						{parameters "ID=wingL1;"}
						{Matrix34
							-0.00452653	-0.998991	0.0446767
							0.99999	-0.00453889	-0.000175301
							0.000377907	0.0446754	0.999001
							-7.01936	1.47487	-5.62506
						}
						{VolumeView "rocket02.ply"}
					}
					{bone "rocket04"
						{parameters "ID=wingL1;"}
						{Matrix34
							-0.00452653	-0.998991	0.0446767
							0.99999	-0.00453889	-0.000175301
							0.000377907	0.0446754	0.999001
							-12.4224	1.47328	-6.20815
						}
						{VolumeView "rocket04.ply"}
					}
					{bone "rocket00"
						{parameters "ID=wingL1;"}
						{Matrix34
							-0.00452653	-0.998991	0.0446767
							0.99999	-0.00453889	-0.000175301
							0.000377907	0.0446754	0.999001
							-1.5687	1.47201	-5.13697
						}
						{VolumeView "rocket00.ply"}
					}
					{bone "rocket06"
						{parameters "ID=wingL1;"}
						{Matrix34
							-0.00452653	-0.998991	0.0446767
							0.99999	-0.00453889	-0.000175301
							0.000377907	0.0446754	0.999001
							-17.7687	1.47493	-6.71324
						}
						{VolumeView "rocket06.ply"}
					}
				}
			}
			{bone "pivot_back"
				{Matrix34
					0.0274713	-0.999623	0
					0.999623	0.0274713	0
					0	0	1
					-0.0307029	62.4957	-14.9607
				}
				{bone "retract_wheelback"
					{parameters "id=retract_wheelBack;"}
					{Matrix34
						0.0317986	0.999494	0
						-0.998496	0.0317668	0.0446769
						0.0446543	-0.00142066	0.999001
						1.67043	-0.0143166	0.380598
					}
					{VolumeView "retract_wheelback.ply"}
					{bone "wheelback"
						{parameters "id=retract_wheelBack;Radius=0.2;support;"}
						{Matrix34
							-0.0174525	0.999846	-0.00204371
							0.00724581	0.00217047	0.999971
							0.999821	0.0174372	-0.00728258
							-0.0110965	1.64964	-0.464712
						}
						{VolumeView "wheelback.ply"}
					}
				}
			}
			{bone "elevator2"
				{parameters "ID=wingright;"}
				{Position 21.8165	44.1282	-3.15699}
				{VolumeView "elevator2.ply"}
				{bone revolute "elevator_l"
					{Matrix34
						-0.0174523	0	0.999848
						0	1	0
						-0.999848	0	-0.0174524
						1.85806	2.57526	0.235896
					}
					{VolumeView "elevator_l.ply"}
				}
			}
			{bone "elevator1"
				{parameters "ID=wingleft;"}
				{Position -21.9089	44.118	-3.12812}
				{VolumeView "elevator1.ply"}
				{bone revolute "elevator_r"
					{Matrix34
						-0.00872665	0	0.999962
						-0.0634949	0.997982	-0.000554119
						-0.997944	-0.0634973	-0.00870904
						-1.76846	2.48535	0.303456
					}
					{VolumeView "elevator_r.ply"}
				}
			}
			{bone revolute "rudder"
				{Position -0.0453271	55.2783	13.652}
				{VolumeView "rudder.ply"}
			}
			{bone "driver"
				{Matrix34
					0.0213655	-0.972031	0.233881
					0.999772	0.0207727	-0.00499818
					0	0.233934	0.972252
					0.70311	-27.9399	-13.2503
				}
			}
			{bone "cabin"
				{parameters "ID=cabin;"}
				{Position 0.0413063	-24.2189	7.59864}
				{VolumeView "cabin.ply"}
			}
			{bone revolute "barrel00"
				{Matrix34
					0.00637606	-0.99998	0
					-0.00872647	-5.56417e-005	0.999962
					-0.999942	-0.00637582	-0.00872665
					43.4	-72.0722	-14.6811
				}
			}
			{bone revolute "barrel01"
				{Matrix34
					0.00637606	-0.99998	0
					-0.00872647	-5.56417e-005	0.999962
					-0.999942	-0.00637582	-0.00872665
					34.404	-72.0722	-15.8792
				}
			}
			{bone revolute "barrel02"
				{Matrix34
					0.00637606	-0.99998	0
					-0.00872647	-5.56417e-005	0.999962
					-0.999942	-0.00637582	-0.00872665
					-34.3907	-72.0722	-15.6716
				}
			}
			{bone revolute "barrel03"
				{Matrix34
					0.00637606	-0.99998	0
					-0.00872647	-5.56417e-005	0.999962
					-0.999942	-0.00637582	-0.00872665
					-43.3598	-72.0722	-14.5073
				}
			}
			{bone revolute "gun_rot1"
				{limits -7 7}
				{speed 0.01}
				{Matrix34
					0.999985	0.00537619	0
					4.69155e-005	-0.0087264	0.999962
					0.00537599	-0.999947	-0.00872653
					1.15673	-96.36	-15.0234
				}
				{bone revolute "gun_rot"
					{limits -30 30}
					{speed 0.01}
					{Matrix34
						0.0159035	0.00872564	0.999835
						-0.00872493	0.999925	-0.00858765
						-0.999835	-0.00858691	0.0159784
						-0.00690937	0.0112071	1.28508
					}
					{bone revolute "shooter00"
						{Matrix34
							0.999889	0.000129683	0.014903
							-0.000129695	1	0
							-0.014903	0	0.999889
							-23.0552	-0.030724	-42.7449
						}
					}
					{bone revolute "shooter01"
						{Matrix34
							0.999889	0.000129683	0.014903
							-0.000129695	1	0
							-0.014903	0	0.999889
							-22.7927	-1.14197	-33.7272
						}
					}
					{bone revolute "shooter02"
						{Matrix34
							0.999889	0.000129683	0.014903
							-0.000129695	1	0
							-0.014903	0	0.999889
							-24.257	-0.347881	35.0685
						}
					}
					{bone revolute "shooter03"
						{Matrix34
							0.999889	0.000129683	0.014903
							-0.000129695	1	0
							-0.014903	0	0.999889
							-24.9013	0.889908	43.9852
						}
					}
					{bone "foresight1"
						{Matrix34
							0.999889	0.000129683	0.014903
							-0.000129695	1	0
							-0.014903	0	0.999889
							-12.0807	23.9045	0.89913
						}
					}
					{bone "foresight3"
						{Matrix34
							0.999889	0.000129683	0.014903
							-0.000129695	1	0
							-0.014903	0	0.999889
							-10.8587	23.9048	0.925137
						}
					}
					{bone "shooter_r00"
						{Matrix34
							0.999637	0.000234994	0.0269447
							8.39232e-005	0.99993	-0.0118343
							-0.0269456	0.0118323	0.999567
							-37.764	-3.41286	62.2636
						}
					}
					{bone "shooter_r01"
						{Matrix34
							0.999637	0.000234994	0.0269447
							8.39232e-005	0.99993	-0.0118343
							-0.0269456	0.0118323	0.999567
							-35.1381	-4.88768	-61.1057
						}
					}
					{bone "shooter_r02"
						{Matrix34
							0.999637	0.000234994	0.0269447
							8.39232e-005	0.99993	-0.0118343
							-0.0269456	0.0118323	0.999567
							-37.6476	-4.22884	56.8016
						}
					}
					{bone "shooter_r03"
						{Matrix34
							0.999637	0.000234994	0.0269447
							8.39232e-005	0.99993	-0.0118343
							-0.0269456	0.0118323	0.999567
							-35.256	-5.20938	-55.5643
						}
					}
					{bone "shooter_r04"
						{Matrix34
							0.999637	0.000234994	0.0269447
							8.39232e-005	0.99993	-0.0118343
							-0.0269456	0.0118323	0.999567
							-37.5334	-4.82837	51.4398
						}
					}
					{bone "shooter_r05"
						{Matrix34
							0.999637	0.000234994	0.0269447
							8.39232e-005	0.99993	-0.0118343
							-0.0269456	0.0118323	0.999567
							-35.3685	-5.93912	-50.2705
						}
					}
					{bone "shooter_r06"
						{Matrix34
							0.999637	0.000234994	0.0269447
							8.39232e-005	0.99993	-0.0118343
							-0.0269456	0.0118323	0.999567
							-37.4179	-5.31658	46.0203
						}
					}
					{bone "shooter_r07"
						{Matrix34
							0.999637	0.000234994	0.0269447
							8.39232e-005	0.99993	-0.0118343
							-0.0269456	0.0118323	0.999567
							-35.4821	-6.26851	-44.9278
						}
					}
				}
			}
		}
	}
}
{Obstacle "rectangle01"
	{Obb2
		{Center 0.164098 -2.31198}
		{Extent 17.3588 86.1512}
		{Axis -0.00787496 0.999969}
	}
	{Rotate}
}
{Volume "body"
	{Polyhedron "body.vol"}
	{Bone "body"}
	{Position 0.305584	3.04921	-6.79517}
}
{Volume "elevator1"
	{Polyhedron "elevator1.vol"}
	{Bone "elevator1"}
	{Position -1.78623	-5.0095	0.596485}
}
{Volume "elevator2"
	{Polyhedron "elevator2.vol"}
	{Bone "elevator2"}
	{Position 6.91435	-5.75896	-1.50394}
}
{Volume "elevator_l"
	{Polyhedron "elevator_l.vol"}
	{Bone "elevator_l"}
	{Matrix34
		-0.0174525	0	-0.999848
		0	1	0
		0.999848	0	-0.0174525
		-2.04976	2.63457	0.791218
	}
}
{Volume "elevator_r"
	{Polyhedron "elevator_r.vol"}
	{Bone "elevator_r"}
	{Matrix34
		-0.00874424	-0.0634974	-0.997944
		-0.000555903	0.997982	-0.0634949
		0.999962	0	-0.00876189
		-1.93187	-0.327415	-0.554882
	}
}
{Volume "engine"
	{Polyhedron "engine.vol"}
	{Bone "engine"}
	{Position 0.434005	5.2137	0.14423}
}
{Volume "propeller"
	{Polyhedron "propeller.vol"}
	{Bone "propeller"}
	{Matrix34
		1	0	0
		0	0	1
		0	-1	0
		0.995877	0.803429	-0.437778
	}
}
{Volume "retract_wheell"
	{Polyhedron "retract_wheell.vol"}
	{Bone "retract_wheell"}
	{Matrix34
		-0.00892057	-0.999398	0.0335325
		0.0221378	0.0333283	0.999199
		-0.999715	0.00965559	0.0218272
		-0.978771	0.697411	-8.67208
	}
}
{Volume "retract_wheelr"
	{Polyhedron "retract_wheelr.vol"}
	{Bone "retract_wheelr"}
	{Matrix34
		-0.00840542	-0.999515	0.0299828
		0.000967289	0.0299758	0.99955
		-0.999964	0.00843046	0.000714906
		1.96545	0.927986	-8.54654
	}
}
{Volume "rudder"
	{Polyhedron "rudder.vol"}
	{Bone "rudder"}
	{Position 0.153289	-5.89377	0.281494}
}
{Volume "wheelback"
	{Cylinder 1.06465 0.851764}
	{Bone "wheelback"}
	{Matrix34
		-1.18265	0.0503581	-0.0158831
		0.0504647	1.18272	-0.00769084
		0.0155412	-0.00836025	-1.18369
		-0.0438623	0.0331	-0.113727
	}
}
{Volume "wheell"
	{Cylinder 1.06465 0.851764}
	{Bone "wheell"}
	{Matrix34
		-5.60045	0.23569	0.199734
		0.239026	5.60314	0.0904915
		-0.198098	0.100061	-5.6725
		0.036903	-0.192579	-0.0785607
	}
}
{Volume "wheelr"
	{Cylinder 1.06465 0.851764}
	{Bone "wheelr"}
	{Matrix34
		-5.60302	0.240808	-0.093594
		0.239081	5.60292	0.103009
		0.0990946	0.100107	-5.67509
		0.099606	0.00285157	0.223622
	}
}
{Volume "wingleft"
	{Polyhedron "wingleft.vol"}
	{Bone "wingl1"}
	{Matrix34
		0.99999	-0.004539	-0.000175531
		0.00452662	0.998991	-0.0446767
		0.000378141	0.0446754	0.999001
		-8.71077	-0.351608	-8.84014
	}
}
{Volume "wingright"
	{Polyhedron "wingright.vol"}
	{Bone "wingr1"}
	{Matrix34
		0.999994	0.00348982	-0.000191863
		-0.0034949	0.998995	-0.0446767
		3.57591e-005	0.0446771	0.999001
		0.874851	2.67068	-0.295849
	}
}
