;Exported by: vic
;Date:        Wed Dec 07 17:43:41 2005
;File:        D:\-Projects-\-3DWork-\Constructions\NEW\S2\build-02-01b_vic2_x.max
{Skeleton
	{bone "302_f1c1_shop_x"
		{Orientation
			1	0	0
			0	-1	0
			0	0	1
		}
		{bone "piece1"
			{Matrix34
				0	-1	0
				0	0	1
				-1	0	0
				25.6554	14.722	65.1897
			}
			{VolumeView "piece1.ply"}
		}
		{bone "piece2"
			{Matrix34
				0	-1	0
				0	0	1
				-1	0	0
				25.6554	-3.31834	34.5319
			}
			{VolumeView "piece2.ply"}
		}
		{bone "piece3"
			{Matrix34
				0	-1	0
				0	0	1
				-1	0	0
				25.1251	24.8153	28.5915
			}
			{VolumeView "piece3.ply"}
		}
		{bone "piece4"
			{Matrix34
				0	-1	0
				0	0	1
				-1	0	0
				14.0722	26.4051	53.1302
			}
			{VolumeView "piece4.ply"}
		}
		{bone "sub_piece1"
			{Matrix34
				0	-1	0
				0	0	1
				-1	0	0
				25.6554	-6.77942	62.1579
			}
			{VolumeView "sub_piece1.ply"}
		}
		{bone "sub_piece2"
			{Matrix34
				0	-1	0
				0	0	1
				-1	0	0
				25.6554	15.8031	42.7439
			}
			{VolumeView "sub_piece2.ply"}
		}
		{bone "sub_piece3"
			{Matrix34
				0	-1	0
				0	0	1
				-1	0	0
				25.6554	15.5573	18.9958
			}
			{VolumeView "sub_piece3.ply"}
		}
		{bone "sub_piece4"
			{Matrix34
				0	-1	0
				0	0	1
				-1	0	0
				25.6554	-1.66344	9.21766
			}
			{VolumeView "sub_piece4.ply"}
		}
		{bone "sub_piece5"
			{Matrix34
				0	-1	0
				0	0	1
				-1	0	0
				17.0505	24.7596	4.93513
			}
			{VolumeView "sub_piece5.ply"}
		}
	}
}
{Volume "piece1"
	{Box 7.87402 23.8888 15.1777}
	{Bone "piece1"}
	{Matrix34
		0	0	-1
		-0.996313	0.0857974	0
		0.0857974	0.996313	0
		0.950153	-0.333068	0.00492884
	}
}
{Volume "piece2"
	{Box 7.87402 16.5895 26.6275}
	{Bone "piece2"}
	{Matrix34
		0	0	-1
		-0.999663	-0.0259548	0
		-0.0259548	0.999663	0
		-0.692967	0.515446	0.00492761
	}
}
{Volume "piece3"
	{Box 11.4058 10.7545 24.7432}
	{Bone "piece3"}
	{Matrix34
		1	0	0
		0	0	-1
		0	1	0
		0.200608	-0.43667	-0.0197236
	}
}
{Volume "piece4"
	{Box 5.90551 27.5756 11.8702}
	{Bone "piece4"}
	{Matrix34
		-1	0	0
		0	0	1
		0	1	0
		0.133483	0.0112019	-1.13198
	}
}
{Volume "sub_piece1"
	{Box 7.87402 9.07776 15.0259}
	{Bone "sub_piece1"}
	{Matrix34
		0	0	-1
		-0.990893	-0.13465	0
		-0.13465	0.990893	0
		-0.634271	-0.403725	0.00492175
	}
}
{Volume "sub_piece2"
	{Box 7.87402 10.6173 15.1777}
	{Bone "sub_piece2"}
	{Matrix34
		0	0	-1
		-0.791964	-0.610568	0
		-0.610568	0.791964	0
		-0.961128	-0.786576	0.00491948
	}
}
{Volume "sub_piece3"
	{Box 7.87402 12.9605 15.2157}
	{Bone "sub_piece3"}
	{Matrix34
		0	0	-1
		-0.671757	-0.740772	0
		-0.740772	0.671757	0
		0.191279	-0.171105	0.00491746
	}
}
{Volume "sub_piece4"
	{Box 7.87402 12.9605 11.188}
	{Bone "sub_piece4"}
	{Matrix34
		0	0	-1
		-0.975044	0.22201	0
		0.22201	0.975044	0
		0.815523	0.420325	0.00492186
	}
}
{Volume "sub_piece5"
	{Box 11.4058 27.5756 8.86855}
	{Bone "sub_piece5"}
	{Matrix34
		1	0	0
		0	0	-1
		0	1	0
		0.14497	0.249532	-0.0721427
	}
}
