;Exported by: shevchenko
;Date:        Wed Aug 24 11:41:41 2005
;File:        D:\-Projects1_5-\-3DWork-\e_farm_121_lm_corner_x.max
{Skeleton
	{animation
		{sequence "crush" {speed 0.4}}
	}
	{bone "122_f1c1"
		{parameters "CommonMesh;"}
		{Orientation
			1	0	0
			0	-1	0
			0	0	1
		}
		{VolumeView "122_f1c1.ply"}
		{bone "piece4"
			{Matrix34
				1	0	0
				0	0	1
				0	-1	0
				2.60252	27.9331	61.4611
			}
			{VolumeView "piece4.ply"}
		}
		{bone "piece3"
			{Matrix34
				1	0	0
				0	0	1
				0	-1	0
				-4.82206	27.9331	44.1337
			}
			{VolumeView "piece3.ply"}
		}
		{bone "piece2"
			{Matrix34
				1	0	0
				0	0	1
				0	-1	0
				9.49229	27.9331	43.6074
			}
			{VolumeView "piece2.ply"}
		}
		{bone "piece1"
			{Matrix34
				1	0	0
				0	0	1
				0	-1	0
				-1.33448	27.9331	21.8595
			}
			{VolumeView "piece1.ply"}
		}
		{bone "piece0"
			{Matrix34
				1	0	0
				0	0	1
				0	-1	0
				3.17346	27.9331	8.30308
			}
			{VolumeView "piece0.ply"}
		}
		{bone "piece8"
			{Matrix34
				0	-1	0
				0	0	1
				-1	0	0
				-16.0983	21.0323	34.249
			}
			{VolumeView "piece8.ply"}
		}
		{bone "piece7"
			{Matrix34
				0	-1	0
				0	0	1
				-1	0	0
				-16.0983	-5.11163	41.3386
			}
			{VolumeView "piece7.ply"}
		}
		{bone "piece6"
			{Matrix34
				0	-1	0
				0	0	1
				-1	0	0
				-16.0983	-9.0205	19.685
			}
			{VolumeView "piece6.ply"}
		}
		{bone "piece5"
			{Matrix34
				0	-1	0
				0	0	1
				-1	0	0
				-16.0983	15.0916	9.96998
			}
			{VolumeView "piece5.ply"}
		}
		{bone "exterior"
			{Position -1.08655	-0.890764	66.8704}
		}
	}
}
{Volume "piece5"
	{Box 5.90552 21.8297 13.0964}
	{Bone "piece5"}
	{Matrix34
		0	0	-1
		-0.996046	0.0888375	0
		0.0888375	0.996046	0
		-0.448673	-0.230498	0
	}
}
{Volume "piece6"
	{Box 5.90552 13.7733 17.7165}
	{Bone "piece6"}
	{Matrix34
		0	0	-1
		-1	0	0
		0	1	0
		0	0.27544	0
	}
}
{Volume "piece7"
	{Box 5.90552 23.7872 10.2362}
	{Bone "piece7"}
	{Matrix34
		0	0	-1
		-0.96663	0.256175	0
		0.256175	0.96663	0
		0.859334	0.533215	0
	}
}
{Volume "piece8"
	{Box 5.90552 15.1447 20.7583}
	{Bone "piece8"}
	{Matrix34
		0	0	-1
		-0.999881	0.0154387	0
		0.0154387	0.999881	0
		-0.518313	0.212185	0
	}
}
{Volume "piece0"
	{Box 14.6491 5.90551 9.37517}
	{Bone "piece0"}
	{Matrix34
		0.982499	0.18627	0
		0	0	-1
		-0.18627	0.982499	0
		-0.544351	-0.174321	0
	}
}
{Volume "piece1"
	{Box 16.7323 5.90551 13.8639}
	{Bone "piece1"}
	{Matrix34
		1	0	0
		0	0	-1
		0	1	0
		0	0.232807	0
	}
}
{Volume "piece2"
	{Box 9.92126 5.90551 18.4093}
	{Bone "piece2"}
	{Matrix34
		0.927171	-0.374639	0
		0	0	-1
		0.374639	0.927171	0
		0.3496	-0.929136	0
	}
}
{Volume "piece3"
	{Box 12.6218 5.90551 14.7994}
	{Bone "piece3"}
	{Matrix34
		1	0	0
		0	0	-1
		0	1	0
		0	0.60234	0
	}
}
{Volume "piece4"
	{Box 15.748 5.90551 11.3037}
	{Bone "piece4"}
	{Matrix34
		0.707409	0.706804	0
		0	0	-1
		-0.706804	0.707409	0
		0.173216	-0.957367	0
	}
}
