;Exported by: Normand
;Date:        Sun Jan 08 23:35:09 2012
;File:        C:\Users\Normand\BM31_12.max
{Skeleton
	{animation
		{sequence "doorright" {speed 0.2}}
		{sequence "doorleft" {speed 0.2}}
		{sequence "start" {speed 1}}
		{sequence "stop" {speed 1}}
	}
	{bone "basis"
		{parameters "SteerMax=30;WheelRadius=0.5;"}
		{Orientation
			1	0	0
			0	-1	0
			0	0	1
		}
		{bone "emit2"
			{Matrix34
				-0.00400451	0.999992	0
				-0.999982	-0.00400447	-0.00445746
				-0.00445742	-1.78499e-005	0.99999
				-1.93395	-22.7703	0.156002
			}
		}
		{bone "emit1"
			{Matrix34
				0.00884115	-0.999951	0.00447319
				0.999961	0.00884113	-2.38416e-005
				-1.57076e-005	0.00447323	0.99999
				-1.28332	22.7329	-0.0468384
			}
		}
		{bone "body"
			{parameters "ID=body;"}
			{animation
				{sequence "repair" {file "body_r.anm"}}
			}
			{Matrix34
				0.999826	0.0116988	-0.0145113
				-0.0117477	0.999926	-0.00328553
				0.0144718	0.00345544	0.999889
				-2.35436	0.129273	15.2678
			}
			{VolumeView "body.ply"}
			{bone "cabin"
				{parameters "ID=cabin;"}
				{animation
					{sequence "repair" {file "cabin_r.anm"}}
				}
				{Matrix34
					0.999426	-0.0215382	0.0261425
					0.0215941	0.999765	-0.00186215
					-0.0260962	0.00242563	0.999656
					9.62745	0.0342328	10.7247
				}
				{VolumeView "cabin.ply"}
				{bone revolute "doorleft"
					{parameters "ID=cabin;"}
					{Matrix34
						0.999819	-0.00127901	0.0189827
						0.00146665	0.99995	-0.00988191
						-0.0189692	0.00990803	0.999771
						6.75262	12.7994	-1.55147
					}
					{VolumeView "doorleft.ply"}
					{bone "glass_doorleft"
						{parameters "ID=Glass;"}
						{Matrix34
							0.999343	0.0111713	-0.0344757
							-0.0110105	0.999928	0.00485719
							0.0345273	-0.00447429	0.999394
							-9.14966	0.159543	12.5862
						}
						{VolumeView "glass_doorleft.ply"}
					}
					{bone "pre_number_l"
						{parameters "ID=number1_2;"}
						{Matrix34
							-0.966424	0.24911	0.0629957
							-0.250418	-0.968041	-0.0136895
							0.0575721	-0.0290052	0.99792
							-4.79818	1.26984	4.87812
						}
						{VolumeView "pre_number_l.ply"}
					}
					{bone "enumerator_l"
						{parameters "ID=number1_2;"}
						{Matrix34
							0.999767	-0.0170455	0.0132165
							0.0170053	0.99985	0.00313525
							-0.0132681	-0.00290971	0.999908
							-13.0212	2.18223	5.14021
						}
						{VolumeView "enumerator_l.ply"}
					}
				}
				{bone revolute "doorright"
					{parameters "ID=cabin;"}
					{Matrix34
						0.999717	0.0161731	0.0174704
						-0.0159335	0.999778	-0.0137723
						-0.0176893	0.0134901	0.999753
						7.05684	-13.0714	-0.920418
					}
					{VolumeView "doorright.ply"}
					{bone "glass_doorright"
						{parameters "ID=Glass;"}
						{Matrix34
							0.999638	-0.0152823	-0.0221493
							0.0154317	0.999859	0.00660505
							0.0220451	-0.00694436	0.999733
							-9.8241	1.88347	11.3959
						}
						{VolumeView "glass_doorright.ply"}
					}
					{bone "pre_number_r"
						{parameters "ID=number1_2;"}
						{Matrix34
							-0.962009	0.26573	0.0626564
							-0.26727	-0.963463	-0.017478
							0.0557226	-0.0335601	0.997882
							-4.67853	27.2146	4.60006
						}
						{VolumeView "pre_number_r.ply"}
					}
					{bone "enumerator_r"
						{parameters "ID=number1_2;"}
						{Matrix34
							-0.984384	-0.161378	0.0703169
							0.15987	-0.986779	-0.0266099
							0.0736815	-0.0149528	0.99717
							-5.61769	-1.14823	4.20333
						}
						{VolumeView "enumerator_r.ply"}
					}
				}
				{bone "glass_back"
					{parameters "ID=Glass;"}
					{Matrix34
						0.00980634	-0.999951	-0.00110163
						0.050597	-0.000604077	0.998719
						-0.998671	-0.00984945	0.0505886
						-11.8911	-0.0532413	11.9014
					}
					{VolumeView "glass_back.ply"}
				}
				{bone "glass_front"
					{parameters "ID=Glass;"}
					{Matrix34
						0.999677	0.0246629	0.00614112
						-0.0246697	0.999695	0.00100471
						-0.00611453	-0.00115582	0.999981
						4.53853	-2.68868	15.662
					}
					{VolumeView "glass_front.ply"}
				}
				{bone "commander"
					{Matrix34
						0.999919	-0.0116993	-0.00503321
						0.0116567	0.999897	-0.0083994
						0.00513093	0.00833983	0.999952
						-3.7467	-5.73897	-9.73546
					}
				}
				{bone "headlightr"
					{Matrix34
						0.999784	0.0139297	-0.0154296
						-0.0139864	0.999896	-0.00357396
						0.0153782	0.00378895	0.999874
						30.1033	-9.78125	0.730299
					}
				}
				{bone "headlightl"
					{Matrix34
						0.999824	0.013927	-0.0125972
						-0.013973	0.999896	-0.00357411
						0.0125461	0.00374945	0.999914
						30.0481	10.1217	0.727953
					}
				}
				{bone "driver"
					{Matrix34
						0.999942	-0.0102503	0.0032463
						0.0103685	0.999196	-0.0387389
						-0.0028466	0.0387702	0.999244
						-2.8166	3.23287	-9.61594
					}
				}
				{bone "glass_lightr"
					{parameters "ID=cabin;"}
					{Matrix34
						0.999997	1.42892e-005	-0.00251629
						-1.44534e-005	1	-5.38565e-005
						0.00251625	5.39413e-005	0.999997
						29.9526	-9.94865	0.252748
					}
					{VolumeView "glass_lightr.ply"}
				}
				{bone "glass_lightl"
					{parameters "ID=cabin;"}
					{Matrix34
						0.999997	1.42892e-005	-0.00251629
						-1.44534e-005	1	-5.38565e-005
						0.00251625	5.39413e-005	0.999997
						29.89	10.0869	0.313269
					}
					{VolumeView "glass_lightl.ply"}
				}
				{bone "shield"
					{parameters "ID=shield;"}
					{Matrix34
						0.99985	0.0128415	-0.01165
						-0.0128153	0.999915	0.00232405
						0.0116789	-0.00217436	0.999929
						-10.8473	-0.850311	-26.357
					}
					{VolumeView "shield.ply"}
					{bone "shield1"
						{parameters "ID=shield;"}
						{Matrix34
							-0.679642	0	0.733544
							-0.733507	0.0100709	-0.679607
							-0.0073875	-0.999949	-0.00684464
							15.5352	0.711527	42.7943
						}
						{VolumeView "shield1.ply"}
						{bone "shield2"
							{parameters "ID=shield;"}
							{Matrix34
								0.393955	-0.91913	0
								0.91913	0.393955	0
								0	0	1
								8.16234	1.1374	-0.0134229
							}
							{VolumeView "shield2.ply"}
						}
					}
				}
			}
			{bone "fxsmoke2"
				{Matrix34
					0.999881	-0.00768105	0.0134121
					0.0075147	0.999895	0.0124144
					-0.013506	-0.0123122	0.999833
					-19.6566	-8.56654	-4.95081
				}
			}
			{bone "engine"
				{parameters "ID=engine;"}
				{animation
					{sequence "repair" {file "engine_r.anm"}}
				}
				{Matrix34
					0.999426	-0.0215383	0.0261425
					0.0215943	0.999765	-0.00186232
					-0.0260962	0.00242588	0.999657
					28.506	-0.187149	11.4272
				}
				{VolumeView "engine.ply"}
				{bone "fxsteam"
					{Matrix34
						0.999884	0.00981819	-0.0116532
						0.0116634	-0.00098693	0.999932
						0.00980607	-0.999951	-0.00110145
						-1.66022	-0.126305	-8.50601
					}
				}
				{bone revolute "hood"
					{parameters "ID=engine;"}
					{Matrix34
						0.99977	-0.00194317	-0.0213416
						0.0213618	0.011087	0.99971
						-0.00170594	-0.999937	0.011126
						-10.8234	-0.114971	7.95591
					}
					{VolumeView "hood.ply"}
				}
			}
			{bone "body_back"
				{parameters "ID=body;"}
				{Matrix34
					0.999826	-0.0117478	0.014472
					0.0117635	0.99993	-0.00100173
					-0.0144592	0.0011718	0.999895
					-37.0215	1.18803	-16.4306
				}
				{VolumeView "body_back.ply"}
				{bone "wheel_rep"
					{parameters "ID=wheelright1;"}
					{Matrix34
						-0.999785	0.0078739	0.0191671
						0.0191336	-0.00430932	0.999808
						-0.00795501	-0.99996	-0.00415773
						25.6171	-13.7657	19.3216
					}
					{VolumeView "wheel_rep.ply"}
				}
				{bone revolute "turret"
					{parameters "ID=turret;"}
					{limits -10 10}
					{speed 0.002}
					{Position -16.8269	-0.762405	20.7}
					{VolumeView "turret.ply"}
					{bone revolute "gun"
						{parameters "ID=gun;"}
						{limits -3 5}
						{speed 0.001}
						{Matrix34
							1	0	0
							0	0	-1
							0	1	0
							0.676269	1.02329	6.22094
						}
						{VolumeView "gun.ply"}
						{bone "shooter00"
							{Matrix34
								0.987095	-0.159769	0.0108485
								-0.0109702	0.000119743	0.99994
								-0.159761	-0.987154	-0.00163451
								-19.9335	-16.2556	19.8556
							}
							{bone "rocket00"
								{Matrix34
									0.00158798	0.71362	-0.700531
									-0.00161744	0.700532	0.713619
									0.999997	0	0.00226666
									-11.9385	0.274966	0.966279
								}
								{VolumeView "rocket00.ply"}
							}
						}
						{bone "shooter01"
							{Matrix34
								0.987095	-0.159769	0.0108485
								-0.0109702	0.000119743	0.99994
								-0.159761	-0.987154	-0.00163451
								-19.8708	-16.2563	14.1422
							}
							{bone "rocket01"
								{Matrix34
									0.00158798	0.71362	-0.700531
									-0.00161744	0.700532	0.713619
									0.999997	0	0.00226666
									-11.9385	0.176444	0.966279
								}
								{VolumeView "rocket01.ply"}
							}
						}
						{bone "shooter02"
							{Matrix34
								0.987095	-0.159769	0.0108485
								-0.0109702	0.000119743	0.99994
								-0.159761	-0.987154	-0.00163451
								-19.8054	-16.257	8.17955
							}
							{bone "rocket02"
								{Matrix34
									0.00158798	0.71362	-0.700531
									-0.00161744	0.700532	0.713619
									0.999997	0	0.00226666
									-11.9385	0.327226	0.966282
								}
								{VolumeView "rocket02.ply"}
							}
						}
						{bone "shooter03"
							{Matrix34
								0.987095	-0.159769	0.0108485
								-0.0109702	0.000119743	0.99994
								-0.159761	-0.987154	-0.00163451
								-19.7444	-16.2577	2.61437
							}
							{bone "rocket03"
								{Matrix34
									0.00158798	0.71362	-0.700531
									-0.00161744	0.700532	0.713619
									0.999997	0	0.00226666
									-11.9385	0.0805001	0.966278
								}
								{VolumeView "rocket03.ply"}
							}
						}
						{bone "shooter04"
							{Matrix34
								0.987095	-0.159769	0.0108485
								-0.0109702	0.000119743	0.99994
								-0.159761	-0.987154	-0.00163451
								-19.6792	-16.2584	-3.32961
							}
							{bone "rocket04"
								{Matrix34
									0.00158798	0.71362	-0.700531
									-0.00161744	0.700532	0.713619
									0.999997	0	0.00226666
									-11.9385	0.212596	0.96628
								}
								{VolumeView "rocket04.ply"}
							}
						}
						{bone "shooter05"
							{Matrix34
								0.987095	-0.159769	0.0108485
								-0.0109702	0.000119743	0.99994
								-0.159761	-0.987154	-0.00163451
								-19.6174	-16.2591	-8.95942
							}
							{bone "rocket05"
								{Matrix34
									0.00158798	0.71362	-0.700531
									-0.00161744	0.700532	0.713619
									0.999997	0	0.00226666
									-11.9385	0.0305045	0.966284
								}
								{VolumeView "rocket05.ply"}
							}
						}
						{bone "shooter06"
							{Matrix34
								0.987095	-0.159769	0.0108485
								-0.0109702	0.000119743	0.99994
								-0.159761	-0.987154	-0.00163451
								-19.555	-16.2598	-14.6447
							}
							{bone "rocket06"
								{Matrix34
									0.00158798	0.71362	-0.700531
									-0.00161744	0.700532	0.713619
									0.999997	0	0.00226666
									-11.9385	-0.0960706	0.96628
								}
								{VolumeView "rocket06.ply"}
							}
						}
						{bone "shooter07"
							{Matrix34
								0.987095	-0.159769	0.0108485
								-0.0109702	0.000119743	0.99994
								-0.159761	-0.987154	-0.00163451
								-19.4942	-16.2605	-20.1916
							}
							{bone "rocket07"
								{Matrix34
									0.00158798	0.71362	-0.700531
									-0.00161744	0.700532	0.713619
									0.999997	0	0.00226666
									-11.9385	-0.361143	0.966287
								}
								{VolumeView "rocket07.ply"}
							}
						}
						{bone "shooter08"
							{Matrix34
								0.987095	-0.159769	0.0108485
								-0.0109702	0.000119743	0.99994
								-0.159761	-0.987154	-0.00163451
								-18.9633	-10.261	19.8655
							}
							{bone "rocket08"
								{Matrix34
									0.00158799	0.71362	-0.700531
									-0.00161743	0.700532	0.713619
									0.999997	0	0.00226665
									-11.4816	0.274964	-0.333726
								}
								{VolumeView "rocket08.ply"}
							}
						}
						{bone "shooter09"
							{Matrix34
								0.987095	-0.159769	0.0108485
								-0.0109702	0.000119743	0.99994
								-0.159761	-0.987154	-0.00163451
								-18.9006	-10.2617	14.1521
							}
							{bone "rocket09"
								{Matrix34
									0.00158799	0.71362	-0.700531
									-0.00161743	0.700532	0.713619
									0.999997	0	0.00226665
									-11.4816	0.176443	-0.33373
								}
								{VolumeView "rocket09.ply"}
							}
						}
						{bone "shooter10"
							{Matrix34
								0.987095	-0.159769	0.0108485
								-0.0109702	0.000119743	0.99994
								-0.159761	-0.987154	-0.00163451
								-18.8352	-10.2624	8.18948
							}
							{bone "rocket10"
								{Matrix34
									0.00158821	0.71362	-0.700531
									-0.00161776	0.700533	0.713619
									0.999997	0	0.00226707
									-11.4816	0.327223	-0.333731
								}
								{VolumeView "rocket10.ply"}
							}
						}
						{bone "shooter11"
							{Matrix34
								0.987095	-0.159769	0.0108485
								-0.0109702	0.000119743	0.99994
								-0.159761	-0.987154	-0.00163451
								-18.7742	-10.2631	2.62429
							}
							{bone "rocket11"
								{Matrix34
									0.00158799	0.71362	-0.700531
									-0.00161743	0.700532	0.713619
									0.999997	0	0.00226666
									-11.4816	0.0804992	-0.333727
								}
								{VolumeView "rocket11.ply"}
							}
						}
						{bone "shooter12"
							{Matrix34
								0.987095	-0.159769	0.0108485
								-0.0109702	0.000119743	0.99994
								-0.159761	-0.987154	-0.00163451
								-18.7089	-10.2638	-3.31969
							}
							{bone "rocket12"
								{Matrix34
									0.00158799	0.71362	-0.700531
									-0.00161743	0.700532	0.713619
									0.999997	0	0.00226666
									-11.4816	0.212595	-0.333724
								}
								{VolumeView "rocket12.ply"}
							}
						}
						{bone "shooter13"
							{Matrix34
								0.987095	-0.159769	0.0108485
								-0.0109702	0.000119743	0.99994
								-0.159761	-0.987154	-0.00163451
								-18.6472	-10.2645	-8.9495
							}
							{bone "rocket13"
								{Matrix34
									0.00158799	0.71362	-0.700531
									-0.00161743	0.700532	0.713619
									0.999997	0	0.00226666
									-11.4816	0.0305049	-0.333721
								}
								{VolumeView "rocket13.ply"}
							}
						}
						{bone "shooter14"
							{Matrix34
								0.987095	-0.159769	0.0108485
								-0.0109702	0.000119743	0.99994
								-0.159761	-0.987154	-0.00163451
								-18.5848	-10.2652	-14.6348
							}
							{bone "rocket14"
								{Matrix34
									0.00158799	0.71362	-0.700531
									-0.00161743	0.700532	0.713619
									0.999997	0	0.00226666
									-11.4816	-0.0960703	-0.333729
								}
								{VolumeView "rocket14.ply"}
							}
						}
						{bone "shooter15"
							{Matrix34
								0.987095	-0.159769	0.0108485
								-0.0109702	0.000119743	0.99994
								-0.159761	-0.987154	-0.00163451
								-18.524	-10.2658	-20.1817
							}
							{bone "rocket15"
								{Matrix34
									0.00158799	0.71362	-0.700531
									-0.00161743	0.700532	0.713619
									0.999997	0	0.00226666
									-11.4816	-0.361145	-0.333721
								}
								{VolumeView "rocket15.ply"}
							}
						}
						{bone revolute "foresight"
							{limits -10 10}
							{Matrix34
								0.987095	-0.159768	0.0108485
								-0.15976	-0.987154	-0.00163468
								0.0109703	-0.000119572	-0.99994
								-19.2139	-13.794	-0.0166416
							}
						}
					}
				}
				{bone "fuel"
					{parameters "ID=fuel;"}
					{Matrix34
						0.999965	0.00256099	0.00796453
						-0.00253891	0.999993	-0.00278463
						-0.0079716	0.00276437	0.999964
						25.3682	13.9172	16.7512
					}
					{VolumeView "fuel.ply"}
				}
				{bone "fxstop1"
					{Matrix34
						1	0	0.000467303
						-0.000467301	1.54544e-005	1
						0	-1	1.54534e-005
						-26.0061	-16.3752	20.083
					}
				}
				{bone "fxstop2"
					{Matrix34
						1	0	0.000467303
						-0.000467301	1.54544e-005	1
						0	-1	1.54534e-005
						-25.9016	16.1484	19.7761
					}
				}
			}
		}
		{bone "pivot_front"
			{parameters "ID=pivot_front;"}
			{Matrix34
				0.999994	-0.00295935	-0.00149952
				0.00302813	0.998826	0.0483443
				0.00135464	-0.0483485	0.99883
				31.86	0.366381	9.34089
			}
			{VolumeView "pivot_front.ply"}
			{bone revolute "steer_l1"
				{Matrix34
					0.0140083	-0.998505	0.0528278
					-0.999898	-0.013852	0.00331448
					0.00257762	0.0528692	0.998598
					-0.0184174	13.8339	-1.104
				}
				{bone revolute "wheelleft1"
					{parameters "ID=wheelleft1;"}
					{Matrix34
						-0.00713033	0.999937	-0.00868153
						-0.0226055	0.00851836	0.999708
						0.999719	0.00732452	0.0225436
						-1.99856	-0.0424385	-0.0527678
					}
					{VolumeView "wheelleft1.ply"}
				}
				{bone "fxtracel1"
					{Matrix34
						-0.999897	-0.01113	0.0090567
						0.00896997	0.00782816	0.999929
						-0.0112004	0.999907	-0.00772757
						-1.84828	0.0819016	-9.57815
					}
				}
			}
			{bone revolute "steer_r1"
				{Matrix34
					-0.00455719	-0.998595	0.0528043
					-0.999914	0.00519954	0.0120242
					0.0122818	0.0527452	0.998532
					-0.198784	-14.3897	0.390842
				}
				{bone revolute "wheelright1"
					{parameters "ID=wheelright1;"}
					{Matrix34
						0.0114337	0.999923	0.00473825
						0.00515918	-0.0047976	0.999975
						0.999921	-0.0114087	-0.00521331
						1.83627	-0.0505829	-0.0449419
					}
					{VolumeView "wheelright1.ply"}
				}
				{bone "fxtracer1"
					{Matrix34
						-0.999637	0.0158034	0.021803
						0.0216369	-0.0106049	0.99971
						0.0160297	0.999819	0.0102591
						1.53153	0.155094	-9.57877
					}
				}
			}
			{bone revolute "shaft_front"
				{parameters "ID=shaft_front;"}
				{Matrix34
					0.999907	0.010331	-0.00888409
					0.00849049	0.037509	0.99926
					0.0106569	-0.999243	0.0374179
					-5.73088	-3.01861	0.0999918
				}
				{VolumeView "shaft_front.ply"}
			}
		}
		{bone prizmatic "pivot_back"
			{parameters "ID=pivot_back;"}
			{Matrix34
				0.999897	0.0128051	0.00648589
				-0.0128452	0.999898	0.0061663
				-0.00640628	-0.00624896	0.99996
				-45.7176	-0.923383	12.4787
			}
			{VolumeView "pivot_back.ply"}
			{bone "shaft_back1"
				{parameters "ID=shaft_back1;"}
				{Matrix34
					0.998839	-0.0129302	-0.0464047
					0.0466655	0.0206925	0.998696
					-0.0119531	-0.999702	0.0212718
					15.8896	-0.683481	-3.36167
				}
				{VolumeView "shaft_back1.ply"}
			}
			{bone revolute "wheelright2"
				{parameters "ID=wheelright2;"}
				{Matrix34
					-0.999957	0.00524508	0.00764982
					0.00773578	0.016569	0.999833
					-0.00511735	-0.999849	0.0166089
					10.9551	-14.7425	-3.12616
				}
				{VolumeView "wheelright2.ply"}
			}
			{bone revolute "wheelleft2"
				{parameters "ID=wheelleft2;"}
				{Matrix34
					-0.999486	-0.0310312	0.0080327
					0.00782979	0.00665483	0.999947
					0.0310832	-0.999496	0.0064084
					11.2444	17.5573	-3.54149
				}
				{VolumeView "wheelleft2.ply"}
			}
			{bone revolute "wheelleft3"
				{parameters "ID=wheelleft3;"}
				{Matrix34
					-0.999853	0.0154099	0.00754063
					0.00770769	0.0108104	0.999912
					-0.0153269	-0.999823	0.0109276
					-11.6184	17.7303	-3.41368
				}
				{VolumeView "wheelleft3.ply"}
			}
			{bone revolute "wheelright3"
				{parameters "ID=wheelright3;"}
				{Matrix34
					-0.999896	0.0122612	0.00757449
					0.00780684	0.0190152	0.999789
					-0.0121145	-0.999744	0.0191089
					-12.0498	-14.3662	-3.07054
				}
				{VolumeView "wheelright3.ply"}
			}
			{bone "fxtracer2"
				{Matrix34
					-0.0146164	-0.0422063	-0.999002
					0.00491258	0.999094	-0.0422815
					-0.999881	0.0055259	0.0143957
					-12.3216	-16.9223	-12.633
				}
			}
			{bone "fxtracel2"
				{Matrix34
					-0.0235667	-0.0122328	-0.999647
					0.00639355	0.999903	-0.0123858
					-0.999702	0.00668347	0.0234859
					-11.4596	20.9748	-13.0965
				}
			}
			{bone "shaft_back2"
				{parameters "ID=shaft_back2;"}
				{Matrix34
					0.999126	-0.0121352	-0.040002
					0.0402167	0.0180358	0.999028
					-0.0114019	-0.999764	0.018508
					15.2261	1.14251	-3.96687
				}
				{VolumeView "shaft_back2.ply"}
			}
		}
		{bone "link2"
			{Matrix34
				-0.999932	0.011645	-0.000228862
				-3.05569e-005	0.0170266	0.999855
				0.0116472	0.999787	-0.017025
				-72.1276	0.394308	15.9054
			}
		}
	}
}
{Volume "body"
	{Box 115 3.3 19}
	{Bone "body"}
	{Matrix34
		0.999655	-0.0117772	0.0234596
		-0.0234473	0.00118773	0.999724
		-0.0118019	-0.999929	0.000911179
		-11.5204	0.800312	0.532496
	}
}
{Volume "cabin"
	{Box 16.0447 28.7698 30}
	{Bone "cabin"}
	{Matrix34
		0.999883	0.00981854	-0.0116534
		0.0116636	-0.000987162	0.999931
		0.00980631	-0.999951	-0.00110168
		-4.35602	-0.106609	2.60794
	}
}
{Volume "engine"
	{Box 28.5 16.3745 19.3073}
	{Bone "engine"}
	{Matrix34
		0.999883	0.00981849	-0.0116534
		0.0116636	-0.000987147	0.999931
		0.00980631	-0.99995	-0.00110163
		-0.995503	-0.223083	-0.657287
	}
}
{Volume "fuel"
	{Box 17 11 9}
	{Bone "fuel"}
	{Matrix34
		0.999965	-0.00253903	-0.00797207
		0.00256109	0.999993	0.00274861
		0.00796496	-0.00276921	0.999964
		-0.525023	0.287371	0.0553632
	}
}
{Volume "glass_back"
	{Box 15.1225 5.86467 0.293233}
	{Bone "glass_back"}
	{Matrix34
		1	-0.000206991	0
		0.000206899	1	0
		0	0	1
		0.0225066	0.00726696	-0.0733492
	}
}
{Volume "glass_front"
	{Box 7 21 1.515}
	{Bone "glass_front"}
	{Matrix34
		0.526227	-0.00781871	-0.850308
		0.0148654	0.999889	0
		0.850214	-0.0126433	0.526286
		0.92263	2.80026	-4.09341
	}
}
{Volume "glass_doorleft"
	{Box 14 7 0.45}
	{Bone "glass_doorleft"}
	{Matrix34
		0.98912	-0.147082	0.00298025
		-0.00395465	-0.00633323	0.999972
		-0.147059	-0.989104	-0.00684629
		0.96777	-0.574764	-0.640598
	}
}
{Volume "glass_doorright"
	{Box 14 7 0.45}
	{Bone "glass_doorright"}
	{Matrix34
		0.989262	0.146032	-0.00596492
		0.0071939	-0.00789106	0.999943
		0.145977	-0.989248	-0.00885739
		1.352	-1.53492	0.0212691
	}
}
{Volume "glass_lightl"
	{Cylinder 2 0.25}
	{Bone "glass_lightl"}
	{Matrix34
		0.00980331	-0.999951	-0.00130834
		0.0116655	-0.00119395	0.999931
		-0.999883	-0.00981816	0.0116532
		-0.117474	0.0291787	0.0852389
	}
}
{Volume "glass_lightr"
	{Cylinder 2 0.25}
	{Bone "glass_lightr"}
	{Matrix34
		0.00980331	-0.999951	-0.00130834
		0.0116655	-0.00119395	0.999931
		-0.999883	-0.00981816	0.0116532
		-0.0136611	-0.0334739	0.108577
	}
}
{Volume "gun"
	{Box 58 16.5 43}
	{Bone "gun"}
	{Matrix34
		0.999855	-0.00688598	0.0155767
		-0.0155758	3.88725e-005	0.999878
		-0.00688592	-0.999976	-6.82917e-005
		27.7935	-0.0732956	0.498139
	}
}
{Volume "shield"
	{Box 0.5 18 26.5}
	{Bone "shield"}
	{Matrix34
		0.999996	-0.00302409	0
		0	0.00119124	0.999999
		-0.0030241	-0.999995	0.00119116
		-2.28826	0.659177	34.0576
	}
}
{Volume "wheelleft1"
	{Cylinder 10.3 5.3}
	{Bone "wheelleft1"}
	{Matrix34
		-0.999982	-0.00467865	0.00382192
		-0.00459129	0.999735	0.0225698
		0.00392657	-0.0225519	0.999738
		0.237548	0.101237	-0.0345552
	}
}
{Volume "wheelleft2"
	{Cylinder 10.2 10.8}
	{Bone "wheelleft2"}
	{Matrix34
		0.999081	-0.00133387	-0.0428514
		0.00116259	0.999991	-0.00402175
		0.0428564	0.00396825	0.999073
		-0.114381	0.0155393	-0.518354
	}
}
{Volume "wheelleft3"
	{Cylinder 10.3 10.8}
	{Bone "wheelleft3"}
	{Matrix34
		0.999993	-0.00116279	0.00357971
		0.00116211	0.999999	0.000190346
		-0.00357992	-0.000186186	0.999993
		-0.252272	0.0204425	-0.770752
	}
}
{Volume "wheelright1"
	{Cylinder 10.3 5.3}
	{Bone "wheelright1"}
	{Matrix34
		0.999824	-0.0185466	-0.00279906
		0.0185314	0.999814	-0.00537025
		0.00289814	0.00531739	0.999982
		0.11962	0.0781605	0.093246
	}
}
{Volume "wheelright2"
	{Cylinder 10.3 10.8}
	{Bone "wheelright2"}
	{Matrix34
		0.999978	-0.00112281	-0.00659279
		0.00116195	0.999982	0.00593677
		0.00658601	-0.00594427	0.999961
		-0.0623495	0.068407	-0.16193
	}
}
{Volume "wheelright3"
	{Cylinder 10.3 10.8}
	{Bone "wheelright3"}
	{Matrix34
		0.999999	-0.00116506	0.000420973
		0.00116149	0.999964	0.00839256
		-0.000430736	-0.00839206	0.999964
		-0.203671	0.08311	-0.108094
	}
}
