;Exported by: sana
;Date:        Wed Feb 22 11:58:10 2006
;File:        D:\-Project-\-3DWork-\Entourage\build_euro\build-20_cut02_x.max
{Skeleton
	{bone "b_euro_corn27"
		{Orientation
			1	0	0
			0	-1	0
			0	0	1
		}
		{bone "piece01"
			{Position 8.24958	25.4708	131.973}
			{VolumeView "piece01.ply"}
		}
		{bone "piece04"
			{Position -9.13435	27.6611	94.4701}
			{VolumeView "piece04.ply"}
		}
		{bone "piece05"
			{Position -7.12411	49.8007	116.668}
			{VolumeView "piece05.ply"}
		}
		{bone "piece06"
			{Position 19.8393	21.3721	94.4701}
			{VolumeView "piece06.ply"}
		}
		{bone "piece00"
			{Position 35.9722	25.2024	109.287}
			{VolumeView "piece00.ply"}
		}
		{bone "piece02"
			{Position -40.7734	22.8046	115.894}
			{VolumeView "piece02.ply"}
		}
		{bone "piece03"
			{Position -18.4454	23.0336	134.683}
			{VolumeView "piece03.ply"}
		}
		{bone "piece07"
			{Position -34.6217	-2.82109	106.133}
			{VolumeView "piece07.ply"}
		}
		{bone "piece08"
			{Position -6.51884	-2.82109	109.844}
			{VolumeView "piece08.ply"}
			{bone "sub_piece08"
				{Position 0.29458	0	-14.022}
				{VolumeView "sub_piece08.ply"}
			}
		}
		{bone "piece09"
			{Position 24.2941	-2.82109	90.9912}
			{VolumeView "piece09.ply"}
			{bone "sub_piece09"
				{Position 6.59857	0	12.9615}
				{VolumeView "sub_piece09.ply"}
			}
		}
		{bone "piece10"
			{Position 2.67197	-2.82109	139.479}
			{VolumeView "piece10.ply"}
			{bone "sub_piece10"
				{Position 5.24351	0	-14.3165}
				{VolumeView "sub_piece10.ply"}
			}
		}
		{bone "piece11"
			{Position -15.9454	-2.82109	141.718}
			{VolumeView "piece11.ply"}
			{bone "sub_piece11"
				{Position -2.17989	0	-16.6732}
				{VolumeView "sub_piece11.ply"}
			}
		}
	}
}
{Volume "piece00"
	{Box 29.5887 50.6972 3.49878}
	{Bone "piece00"}
	{Matrix34
		0.775845	0	-0.630924
		0	1	0
		0.630924	0	0.775845
		-1.17351	-3.98503	1.9664
	}
}
{Volume "piece01"
	{Box 37.0706 49.4035 3.66208}
	{Bone "piece01"}
	{Matrix34
		0.783043	0	-0.621968
		0	1	0
		0.621968	0	0.783043
		0.466619	1.0882	-0.48838
	}
}
{Volume "piece02"
	{Box 25.8297 47.8661 2.72891}
	{Bone "piece02"}
	{Matrix34
		0.787356	0	0.616499
		0	1	0
		-0.616499	0	0.787356
		0.533965	-3.65582	1.62134
	}
}
{Volume "piece03"
	{Box 29.9301 46.6404 2.89369}
	{Bone "piece03"}
	{Matrix34
		0.79009	0	0.612991
		0	1	0
		-0.612991	0	0.79009
		-0.0195621	2.92934	0.0221651
	}
}
{Volume "piece04"
	{Box 4.18298 47.6241 3.91197}
	{Bone "piece04"}
	{Position 0	1.28019e-005	0}
}
{Volume "piece05"
	{Box 4.13602 4.4322 48.0075}
	{Bone "piece05"}
	{Position -0.4727	0.524544	0}
}
{Volume "piece06"
	{Box 4.18298 35.0462 3.91196}
	{Bone "piece06"}
	{Position 0	0	1.00113e-005}
}
{Volume "piece07"
	{Box 17.3213 7.87402 23.2128}
	{Bone "piece07"}
	{Position 0	0	-1.52588e-005}
}
{Volume "piece08"
	{Box 17.6748 7.87402 18.6174}
	{Bone "piece08"}
	{Matrix34
		0.996556	0	0.08292
		0	1	0
		-0.08292	0	0.996556
		0	0	-1.14577e-005
	}
}
{Volume "piece09"
	{Box 25.4375 7.87402 19.0887}
	{Bone "piece09"}
	{Matrix34
		0.988268	0	-0.152733
		0	1	0
		0.152733	0	0.988268
		-0.734405	0	-0.723327
	}
}
{Volume "piece10"
	{Box 21.2097 7.87402 20.8562}
	{Bone "piece10"}
	{Position 0.504744	0	0.0673141}
}
{Volume "piece11"
	{Box 23.5451 7.87402 23.9528}
	{Bone "piece11"}
	{Position 0	0	2.23875}
}
{Volume "sub_piece08"
	{Box 15.9073 7.87402 11.0762}
	{Bone "sub_piece08"}
	{Matrix34
		0.998623	0	0.0524698
		0	1	0
		-0.0524698	0	0.998623
		0	0	0
	}
}
{Volume "sub_piece09"
	{Box 21.5337 7.87402 12.2168}
	{Bone "sub_piece09"}
	{Matrix34
		0.98846	0	-0.151479
		0	1	0
		0.151479	0	0.98846
		0.124659	0	0.587577
	}
}
{Volume "sub_piece10"
	{Box 15.6716 7.87402 10.9914}
	{Bone "sub_piece10"}
	{Matrix34
		0.981827	0	0.189777
		0	1	0
		-0.189777	0	0.981827
		-0.188871	0	-0.331839
	}
}
{Volume "sub_piece11"
	{Box 17.7926 7.87402 13.3857}
	{Bone "sub_piece11"}
	{Matrix34
		0.945202	0	0.326486
		0	1	0
		-0.326486	0	0.945202
		-0.0850579	0	-0.611212
	}
}
