;Exported by: skr
;Date:        Mon Feb 11 02:43:27 2013
;File:        E:\Documents\3dsmax\scenes\DS-39 Degtyaryov\DS-39 Degtyaryov_xx.max
{Skeleton
	{bone "basis"
		{Orientation
			1	0	0
			0	-1	0
			0	0	1
		}
		{bone "body"
			{parameters "ID=body;"}
			{Matrix34
				0.991456	0	0.130443
				0	1	0
				-0.130443	0	0.991456
				0.177095	-0.0246211	1.20162
			}
			{VolumeView "body.ply"}
		}
		{bone revolute "part3"
			{parameters "ID=turret;"}
			{limits -40 40}
			{speed 0.01}
			{Matrix34
				-0.945007	0.212641	0.248485
				-0.30325	-0.285185	-0.909236
				-0.122477	-0.934587	0.333985
				-4.05066	-17.6556	0.516848
			}
			{VolumeView "part3.ply"}
		}
		{bone "part2"
			{parameters "CommonMesh;ID=ammo_box;"}
			{Matrix34
				-0.999796	4.22789e-005	-0.0201802
				0	-0.999998	-0.00208955
				-0.0201802	-0.00208912	0.999794
				-7.4856	-10.109	0.3112
			}
			{VolumeView "part2.ply"}
		}
		{bone "part1"
			{parameters "ID=shield;"}
			{Matrix34
				0.314579	0.948329	0.0413882
				-0.949229	0.314175	0.0160881
				-0.00225368	0.0443479	-0.999014
				18.4982	-6.11925	0.109511
			}
			{VolumeView "part1.ply"}
		}
	}
}
{Volume "ammo_box01"
	{Box 4.92126 6.69291 2.26378}
	{Bone "part2"}
	{Matrix34
		-0.999796	0	-0.02018
		0	1	0
		0.02018	0	-0.999796
		-0.107824	0.305868	0.854651
	}
}
{Volume "body1"
	{Cylinder 0.619433 12.0551}
	{Bone "body"}
	{Matrix34
		-0.372924	0	-0.927861
		0	1	0
		0.927861	0	-0.372924
		-6.28513	-0.142087	1.80755
	}
}
{Volume "body2"
	{Cylinder 0.619433 12.0551}
	{Bone "body"}
	{Matrix34
		0.290295	0.135444	0.947303
		0.415017	0.87417	-0.252166
		-0.862258	0.466349	0.197556
		5.66504	-3.24866	-1.37126
	}
}
{Volume "body3"
	{Cylinder 0.619433 12.0551}
	{Bone "body"}
	{Matrix34
		0.414647	-0.456041	0.78746
		-0.339526	0.725333	0.598844
		-0.844268	-0.515673	0.14592
		5.97236	3.42247	-1.61405
	}
}
{Volume "body"
	{Box 7.54717 3.7062 1.88679}
	{Bone "part3"}
	{Matrix34
		-0.948324	-0.317304	0
		0	0	1
		-0.317304	0.948324	0
		-1.74348	-0.654888	1.0272
	}
}
{Volume "shield"
	{Box 7.58086 7.95148 0.640162}
	{Bone "part1"}
	{Matrix34
		1	0	-1.58875e-005
		0	0.999828	0.0185384
		-1.55978e-005	0.0185384	-0.999828
		0.127856	0.205069	0.117353
	}
}
