;Exported by: sasha
;Date:        Tue Apr 01 14:07:18 2008
;File:        D:\-Project-\-3D-\algiers\algere_storage1_x_v2.max
{Skeleton
	{bone "tb1b_roof5_x"
		{Orientation
			1	0	0
			0	-1	0
			0	0	1
		}
		{bone "sub_piece0"
			{Position 10.8518	3.58958	0.138184}
			{VolumeView "sub_piece0.ply"}
		}
		{bone "piece1"
			{Position -8.84897	1.54489	-0.834503}
			{VolumeView "piece1.ply"}
		}
		{bone "sub_piece2"
			{Position -8.873	-6.19089	-1.38666}
			{VolumeView "sub_piece2.ply"}
		}
		{bone "fx_wood1"
			{Matrix34
				0.0236488	0	0.99972
				0	1	0
				-0.99972	0	0.0236488
				-6.51373	0	0
			}
		}
	}
}
{Volume "piece1"
	{Cylinder 1.54333 40.8875}
	{Bone "piece1"}
	{Matrix34
		1	0	0
		0	0.414539	-0.910031
		0	0.910031	0.414539
		0	0.232108	0.221683
	}
}
{Volume "sub_piece0"
	{Cylinder 1.91684 45.5376}
	{Bone "sub_piece0"}
	{Matrix34
		0.742032	0.49203	0.455297
		0.165794	0.52338	-0.835814
		-0.649539	0.695686	0.306789
		0.195175	-0.213562	-0.166107
	}
}
{Volume "sub_piece2"
	{Box 25.5311 21.6768 1.38303}
	{Bone "sub_piece2"}
	{Matrix34
		1	0	0
		0	0.913809	0.406144
		0	-0.406144	0.913809
		0	-0.753799	-0.400818
	}
}
