;Exported by: sana
;Date:        Fri Feb 02 14:44:46 2007
;File:        D:\-Project-\-3DWork-\Entourage\house_ru_140\house_ru_140_cut_x.max
{Skeleton
	{bone "door1_x"
		{Orientation
			1	0	0
			0	-1	0
			0	0	1
		}
		{bone "piece04"
			{Position -1.2275	6.86995	-10.5449}
			{VolumeView "piece04.ply"}
			{bone "sub_piece04"
				{Position 0.409862	-2.32431	-4.49085}
				{VolumeView "sub_piece04.ply"}
			}
		}
		{bone "piece01"
			{Position -1.33565	7.48331	14.1385}
			{VolumeView "piece01.ply"}
			{bone "sub_piece01"
				{Position 0.193537	-1.09758	-8.19502}
				{VolumeView "sub_piece01.ply"}
			}
		}
		{bone "piece02"
			{Position 0.611069	-3.55717	7.77915}
			{VolumeView "piece02.ply"}
			{bone "sub_piece02"
				{Position -0.278905	1.58181	-11.2764}
				{VolumeView "sub_piece02.ply"}
			}
		}
		{bone "piece03"
			{Position 1.12908	-6.49484	-9.33208}
			{VolumeView "piece03.ply"}
		}
		{bone "fx_wood1"
			{Matrix34
				0	0	1
				0	1	0
				-1	0	0
				0	0	5.59988
			}
		}
	}
}
{Volume "piece01"
	{Box 4.32697 12.3909 0.984253}
	{Bone "piece01"}
	{Matrix34
		0.173648	-0.984808	0
		0	0	1
		-0.984808	-0.173648	0
		0	0	0
	}
}
{Volume "piece02"
	{Box 5.54902 20.5905 1.16143}
	{Bone "piece02"}
	{Matrix34
		0.173648	-0.977721	-0.11793
		0	-0.11975	0.992804
		-0.984808	-0.172399	-0.0207944
		-0.0872275	-0.0152539	-0.0018298
	}
}
{Volume "piece03"
	{Box 4.1303 17.6357 1.37795}
	{Bone "piece03"}
	{Matrix34
		0.173648	-0.98468	-0.0158455
		0	-0.01609	0.99987
		-0.984808	-0.173626	-0.00279431
		-0.19386	-0.0341744	-0.000538555
	}
}
{Volume "piece04"
	{Box 4.13029 18.7502 1.37795}
	{Bone "piece04"}
	{Matrix34
		0.173648	-0.984808	0
		0	0	1
		-0.984808	-0.173648	0
		-0.193852	-0.0341736	0
	}
}
{Volume "sub_piece01"
	{Box 3.01577 9.76847 1.37795}
	{Bone "sub_piece01"}
	{Matrix34
		0.173648	-0.983352	0.0535342
		0	0.05436	0.998521
		-0.984808	-0.173391	0.00943944
		-0.193845	-0.0341209	0.00185775
	}
}
{Volume "sub_piece02"
	{Box 4.52365 8.13143 1.08268}
	{Bone "sub_piece02"}
	{Matrix34
		0.169299	-0.974173	-0.149417
		0.0292803	-0.146567	0.988767
		-0.98513	-0.171773	0.00371042
		-0.00251366	-0.00845338	0.000182601
	}
}
{Volume "sub_piece04"
	{Box 3.4747 9.89959 0.984253}
	{Bone "sub_piece04"}
	{Matrix34
		0.173648	-0.984808	0
		0	0	1
		-0.984808	-0.173648	0
		0	0	0
	}
}
