;Exported by: shevchenko
;Date:        Thu Jul 20 18:58:23 2006
;File:        D:\-Projects1_5-\-3DWork-\bsh\bsh_c90_1_x.max
{Skeleton
	{bone "bsh90_c3_5"
		{Orientation
			1	0	0
			0	-1	0
			0	0	1
		}
		{bone "piece0"
			{Matrix34
				1	0	0
				0	0	1
				0	-1	0
				-14.3101	-46.3662	-10.8621
			}
			{VolumeView "piece0.ply"}
		}
		{bone "piece1"
			{Matrix34
				1	0	0
				0	0	1
				0	-1	0
				4.88373	-46.3662	-14.5982
			}
			{VolumeView "piece1.ply"}
		}
		{bone "piece2"
			{Matrix34
				1	0	0
				0	0	1
				0	-1	0
				-6.77115	-46.3662	12.3663
			}
			{VolumeView "piece2.ply"}
		}
		{bone "piece3"
			{Matrix34
				1	0	0
				0	0	1
				0	-1	0
				18.3584	-46.3662	3.65225
			}
			{VolumeView "piece3.ply"}
		}
		{bone "piece4"
			{Matrix34
				1	0	0
				0	0	1
				0	-1	0
				3.25982	-46.3662	24.0607
			}
			{VolumeView "piece4.ply"}
		}
		{bone "piece5"
			{Matrix34
				1	0	0
				0	0	1
				0	-1	0
				-14.3352	-46.3662	35.725
			}
			{VolumeView "piece5.ply"}
		}
		{bone "piece6"
			{Matrix34
				0	-1	0
				0	0	1
				-1	0	0
				17.8239	-20.9072	4.48502
			}
			{VolumeView "piece6.ply"}
		}
		{bone "piece7"
			{Matrix34
				0	-1	0
				0	0	1
				-1	0	0
				-3.28693	-14.9064	29.8181
			}
			{VolumeView "piece7.ply"}
		}
		{bone "piece8"
			{Matrix34
				-1	0	0
				0	0	1
				0	1	0
				20.9508	5.1421	23.2152
			}
			{VolumeView "piece8.ply"}
		}
	}
}
{Volume "piece0"
	{Box 15.5486 9.84252 15.6335}
	{Bone "piece0"}
	{Matrix34
		0.984808	-0.173648	0
		0	0	-1
		0.173648	0.984808	0
		0.0435542	0.983493	-1.83198e-005
	}
}
{Volume "piece1"
	{Box 14.6346 9.84252 21.1607}
	{Bone "piece1"}
	{Matrix34
		0.984808	0.173648	0
		0	0	-1
		-0.173648	0.984808	0
		-0.86689	-0.0651758	-1.85407e-005
	}
}
{Volume "piece2"
	{Box 26.1967 9.84253 16.5408}
	{Bone "piece2"}
	{Matrix34
		0.642788	-0.766044	0
		0	0	-1
		0.766044	0.642788	0
		-0.817963	-1.14022	0
	}
}
{Volume "piece3"
	{Box 15.9082 9.84252 18.0398}
	{Bone "piece3"}
	{Matrix34
		0.766044	0.642788	0
		0	0	-1
		-0.642788	0.766044	0
		-3.72532	0.107535	-3.30387e-005
	}
}
{Volume "piece4"
	{Box 10.4596 9.84251 18.0524}
	{Bone "piece4"}
	{Matrix34
		0.766044	0.642788	0
		0	0	-1
		-0.642788	0.766044	0
		-0.253915	-0.858977	-1.58371e-005
	}
}
{Volume "piece5"
	{Box 16.8232 9.84253 19.1546}
	{Bone "piece5"}
	{Matrix34
		0.819152	0.573576	0
		0	0	-1
		-0.573576	0.819152	0
		-0.0954981	1.05435	-1.93451e-005
	}
}
{Volume "piece6"
	{Box 2.14663 22.0567 28.621}
	{Bone "piece6"}
	{Matrix34
		0	0.642787	-0.766045
		-1	0	0
		0	0.766045	0.642787
		1.24596	1.64771	1.47664
	}
}
{Volume "piece7"
	{Box 2.14663 22.0567 28.621}
	{Bone "piece7"}
	{Matrix34
		0	0.642787	-0.766045
		-1	0	0
		0	0.766045	0.642787
		4.52966	0.311841	0.501883
	}
}
{Volume "piece8"
	{Box 19.685 9.84253 36.7335}
	{Bone "piece8"}
	{Matrix34
		-1	0	0
		0	0	1
		0	1	0
		0	3.70067	1.44533e-005
	}
}
