;Exported by: sana
;Date:        Wed Dec 28 12:52:59 2005
;File:        D:\-Project-\-3DWork-\Entourage\hangar\hangar_port_x.max
{Skeleton
	{bone "hangarport_corner12"
		{Orientation
			1	0	0
			0	-1	0
			0	0	1
		}
		{bone "exterior"
			{Position 6.36411	-13.5647	92.0691}
		}
		{bone "piece0"
			{Position -16.8741	42.2068	38.9688}
			{VolumeView "piece0.ply"}
		}
		{bone "piece1"
			{Position -4.99515	-32.91	67.0373}
			{VolumeView "piece1.ply"}
			{bone "sub_piece1"
				{Position 19.7756	0	2.82335}
				{VolumeView "sub_piece1.ply"}
			}
		}
		{bone "piece2"
			{Position -7.42026	-32.91	41.3062}
			{VolumeView "piece2.ply"}
			{bone "sub_piece2"
				{Position 1.4003	0	12.1117}
				{VolumeView "sub_piece2.ply"}
			}
		}
		{bone "piece3"
			{Position -12.5382	-33.3129	23.1954}
			{VolumeView "piece3.ply"}
			{bone "sub_piece3"
				{Position 9.38638	0	4.7272}
				{VolumeView "sub_piece3.ply"}
			}
		}
		{bone "piece4"
			{Position -10.5503	-32.91	8.00399}
			{VolumeView "piece4.ply"}
		}
		{bone "piece5"
			{Position -16.8741	1.12029	94.1673}
			{VolumeView "piece5.ply"}
			{bone "sub_piece5"
				{Position -3.11438e-005	17.7869	12.3393}
				{VolumeView "sub_piece5.ply"}
			}
		}
		{bone "piece6"
			{Position -16.8741	20.2428	68.4286}
			{VolumeView "piece6.ply"}
			{bone "sub_piece6"
				{Position -1.87526e-005	-15.006	-9.81295}
				{VolumeView "sub_piece6.ply"}
			}
		}
		{bone "piece7"
			{Position -16.8741	-18.1146	66.3383}
			{VolumeView "piece7.ply"}
			{bone "sub_piece7"
				{Position 0	14.8841	3.63756}
				{VolumeView "sub_piece7.ply"}
			}
		}
		{bone "piece8"
			{Position -16.8741	-3.99981	38.7718}
			{VolumeView "piece8.ply"}
			{bone "sub_piece8"
				{Position -1.48839e-005	-17.6704	-13.0613}
				{VolumeView "sub_piece8.ply"}
			}
		}
		{bone "piece9"
			{Position -16.8741	0.366959	15.9967}
			{VolumeView "piece9.ply"}
			{bone "sub_piece9"
				{Matrix34
					1	0	0
					0	-0.174626	0.984635
					0	-0.984635	-0.174626
					-1.59281e-005	-11.4266	-4.76744
				}
				{VolumeView "sub_piece9.ply"}
			}
		}
		{bone "piece10"
			{Matrix34
				1	0	0
				0	-0.174626	0.984635
				0	-0.984635	-0.174626
				-16.8741	17.4007	84.9244
			}
			{VolumeView "piece10.ply"}
		}
		{bone "piece11"
			{Matrix34
				-1	0	0
				0	-1	0
				0	0	-1
				7.03339	-18.7064	88.1028
			}
			{VolumeView "piece11.ply"}
		}
		{bone "piece12"
			{Matrix34
				-1	0	0
				0	-1	0
				0	0	-1
				7.1476	2.50966	103.529
			}
			{VolumeView "piece12.ply"}
		}
		{bone "piece13"
			{Matrix34
				-1	0	0
				0	-1	0
				0	0	-1
				7.07953	21.7232	71.4391
			}
			{VolumeView "piece13.ply"}
		}
	}
}
{Volume "piece0"
	{Box 16.5222 24.9355 8.85827}
	{Bone "piece0"}
	{Matrix34
		0	-0.968392	0.249435
		0	0.249435	0.968392
		-1	0	0
		0.185423	-0.64487	-0.690359
	}
}
{Volume "piece10"
	{Box 11.8811 11.5098 8.85827}
	{Bone "piece10"}
	{Matrix34
		0	0.174626	0.984634
		0	0.984634	-0.174626
		-1	0	0
		0.185458	0.3076	-1.11836
	}
}
{Volume "piece11"
	{Box 55.5283 54.8714 3.44558}
	{Bone "piece11"}
	{Matrix34
		-1	0	0
		0	-0.83634	-0.548211
		0	0.548211	-0.83634
		2.54531	3.62957	1.69136
	}
}
{Volume "piece12"
	{Box 56.7232 31.8866 3.71949}
	{Bone "piece12"}
	{Matrix34
		-1	0	0
		0	-0.83634	-0.548211
		0	0.548211	-0.83634
		2.67393	-1.56679	-0.0101242
	}
}
{Volume "piece13"
	{Box 55.4269 4.92129 4.92127}
	{Bone "piece13"}
	{Matrix34
		-1	0	0
		0	-1	0
		0	0	-1
		-1.10007e-005	0	0
	}
}
{Volume "piece1"
	{Box 26.2767 13.1795 8.85827}
	{Bone "piece1"}
	{Matrix34
		1	0	0
		0	0	1
		0	-1	0
		-0.269775	-0.000217915	0.447893
	}
}
{Volume "piece2"
	{Box 11.7792 16.392 8.85827}
	{Bone "piece2"}
	{Matrix34
		1	0	0
		0	0	1
		0	-1	0
		-0.557556	-0.000215054	-0.550615
	}
}
{Volume "piece3"
	{Box 11.2219 12.3567 8.85827}
	{Bone "piece3"}
	{Matrix34
		-0.642427	0	-0.766347
		0.766347	0	-0.642427
		0	-1	0
		-0.591062	-0.0420041	-0.0848596
	}
}
{Volume "piece4"
	{Box 16.2273 12.3558 8.85827}
	{Bone "piece4"}
	{Matrix34
		1	0	0
		0	0	1
		0	-1	0
		0.260864	-0.000216484	0.0911618
	}
}
{Volume "piece5"
	{Box 29.9157 15.5234 8.85827}
	{Bone "piece5"}
	{Matrix34
		0	-0.827307	-0.56175
		0	-0.56175	0.827307
		-1	0	0
		0.307373	0.46101	-0.875883
	}
}
{Volume "piece6"
	{Box 17.0345 24.761 8.85827}
	{Bone "piece6"}
	{Matrix34
		0	-1	0
		0	0	1
		-1	0	0
		0.185432	0.155793	-1.31068
	}
}
{Volume "piece7"
	{Box 18.5256 25.9899 8.85827}
	{Bone "piece7"}
	{Matrix34
		0	-0.978132	-0.207986
		0	-0.207986	0.978132
		-1	0	0
		0.185431	-0.757317	-0.480251
	}
}
{Volume "piece8"
	{Box 24.8761 20.6063 8.85827}
	{Bone "piece8"}
	{Matrix34
		0	-0.968482	-0.249085
		0	-0.249085	0.968482
		-1	0	0
		0.18543	0.856344	0.523455
	}
}
{Volume "piece9"
	{Box 15.037 24.3191 8.85827}
	{Bone "piece9"}
	{Matrix34
		0	-1	0
		0	0	1
		-1	0	0
		0.185433	2.33728	0.0933271
	}
}
{Volume "sub_piece1"
	{Box 10.7907 9.47277 8.85827}
	{Bone "sub_piece1"}
	{Matrix34
		0.95272	0	0.303851
		-0.303851	0	0.95272
		0	-1	0
		0.547662	-0.00021553	-0.121933
	}
}
{Volume "sub_piece2"
	{Box 8.64906 9.14329 8.85827}
	{Bone "sub_piece2"}
	{Matrix34
		0.966204	0	-0.257781
		0.257781	0	0.966204
		0	-1	0
		-0.149109	-0.000216484	0.187759
	}
}
{Volume "sub_piece3"
	{Box 6.43056 7.56535 8.85827}
	{Bone "sub_piece3"}
	{Matrix34
		-0.863126	0	-0.504989
		0.504989	0	-0.863126
		0	-1	0
		-1.09378	-0.0420022	-0.762143
	}
}
{Volume "sub_piece5"
	{Box 11.3242 12.8093 8.85827}
	{Bone "sub_piece5"}
	{Matrix34
		0	-1	0
		0	0	1
		-1	0	0
		0.307398	0.133538	-0.751343
	}
}
{Volume "sub_piece6"
	{Box 11.8811 12.6237 8.85827}
	{Bone "sub_piece6"}
	{Matrix34
		0	-0.979854	-0.199714
		0	-0.199714	0.979854
		-1	0	0
		0.185428	0.467126	-1.02664
	}
}
{Volume "sub_piece7"
	{Box 14.4801 15.4083 8.85827}
	{Bone "sub_piece7"}
	{Matrix34
		0	-1	0
		0	0	1
		-1	0	0
		0.185421	1.20084	-0.235229
	}
}
{Volume "sub_piece8"
	{Box 11.3242 30.2597 8.85827}
	{Bone "sub_piece8"}
	{Matrix34
		0	-0.997982	0.0634972
		0	0.0634972	0.997982
		-1	0	0
		0.185434	0.0707318	0.437107
	}
}
{Volume "sub_piece9"
	{Box 11.8811 11.5098 8.85827}
	{Bone "sub_piece9"}
	{Matrix34
		0	0.174626	0.984635
		0	0.984635	-0.174626
		-1	0	0
		0.185459	0.307595	-1.11836
	}
}
