;Exported by: Micha
;Date:        Wed Aug 20 22:04:45 2008
;File:        \\192.168.0.150\meshes\soldiers_meshes\German\early_war\Marder3\exporter_Marder_x.max
{Skeleton
	{bone revolute "basis"
		{parameters "WheelRadius=0.9;"}
		{limits 0 0}
		{Orientation
			1	0	0
			0	-1	0
			0	0	1
		}
		{bone "body"
			{parameters "ID=body;"}
			{animation
				{sequence "break" {file "body_b.anm"} {speed 0.7}}
			}
			{Position -4.90934	0.317656	26.543}
			{VolumeView "body.ply"}
			{bone revolute "mgun_rot"
				{parameters "ID=body;"}
				{limits -15 15}
				{Matrix34
					1	0	0
					0	0	1
					0	-1	0
					28.4389	3.59791	1.10883
				}
				{VolumeView "mgun_rot.ply"}
				{bone "mgun1"
					{parameters "ID=mgun1;"}
					{Matrix34
						1	0	0
						0	0	-1
						0	1	0
						3.89107	-0.167484	0.0160904
					}
					{VolumeView "mgun1.ply"}
				}
			}
			{bone "detail1"
				{parameters "ID=body;"}
				{Position -2.68568	-18.0286	-2.30132}
				{VolumeView "detail1.ply"}
			}
			{bone "detail2"
				{parameters "ID=body;"}
				{Position 8.01297	-17.8006	-2.13047}
				{VolumeView "detail2.ply"}
			}
			{bone "detail4"
				{Matrix34
					-0.998893	0	-0.0470464
					0	-1	0
					-0.0470463	0	0.998893
					22.1201	-17.6387	-2.6014
				}
			}
			{bone "engine"
				{parameters "ID=body;"}
				{animation
					{sequence "break" {file "engine_b.anm"} {speed 0.5}}
				}
				{Position -25.8306	-0.141101	-7.46012}
				{VolumeView "engine.ply"}
				{bone "exhaust"
					{parameters "ID=engine;"}
					{Position -15.1201	2.41289	5.84408}
					{VolumeView "exhaust.ply"}
				}
				{bone "ehatch1"
					{parameters "ID=engine;"}
					{Position 5.6642	10.171	9.25122}
					{VolumeView "ehatch1.ply"}
				}
				{bone "ehatch2"
					{parameters "ID=engine;"}
					{Matrix34
						1	0	0
						0	-1	0
						0	0	1
						5.6642	-10.1823	9.25122
					}
					{VolumeView "ehatch2.ply"}
				}
			}
			{bone revolute "wheell1"
				{parameters "ID=trackleft;"}
				{Matrix34
					-1	0	0
					0	0	1
					0	-1	0
					39.2115	17.8849	-11.1695
				}
				{VolumeView "wheell1.ply"}
			}
			{bone revolute "wheell2"
				{parameters "ID=trackleft;"}
				{Matrix34
					-0.88248	0	0.470349
					0.470349	0	0.88248
					0	1	0
					-39.7823	17.4363	-15.5292
				}
				{VolumeView "wheell2.ply"}
			}
			{bone revolute "wheelr1"
				{parameters "ID=trackright;"}
				{Matrix34
					-1	0	0
					0	0	1
					0	1	0
					39.2115	-18.1163	-11.1695
				}
				{VolumeView "wheelr1.ply"}
			}
			{bone revolute "wheelr2"
				{parameters "ID=trackright;"}
				{Matrix34
					-0.455358	0	0.890308
					0.890308	0	0.455358
					0	-1	0
					-39.7823	-17.6677	-15.5292
				}
				{VolumeView "wheelr2.ply"}
			}
			{bone "body1"
				{parameters "ID=body;"}
				{Position -2.59856	-0.317656	5.65539}
				{VolumeView "body1.ply"}
				{bone "basket"
					{parameters "ID=body;"}
					{Matrix34
						-0.990891	-0.0327052	0.130635
						0.0477044	-0.992404	0.113393
						0.125934	0.118592	0.984925
						-30.7324	0	-1.22316
					}
					{VolumeView "basket.ply"}
				}
				{bone "chair"
					{parameters "ID=body;"}
					{Matrix34
						-1	0	0
						0	-1	0
						0	0	1
						-14.1994	0	3.44241
					}
					{VolumeView "chair.ply"}
				}
				{bone "fix"
					{parameters "ID=body;"}
					{Matrix34
						-1	0	0
						0	-1	0
						0	0	1
						43.7021	0	0.536022
					}
					{VolumeView "fix.ply"}
				}
				{bone "turret"
					{parameters "ID=turret;"}
					{Matrix34
						-1	0	0
						0	-1	0
						0	0	1
						5.09004	0	11.8822
					}
					{VolumeView "turret.ply"}
					{bone revolute "gun_rot1"
						{limits -3 3}
						{speed 0.01}
						{Matrix34
							-1	0	0
							0	-1	0
							0	0	1
							0.942496	0	-0.202927
						}
						{bone revolute "gun_rot"
							{parameters "ID=gun_rot;"}
							{limits -10 30}
							{speed 0.01}
							{Matrix34
								1	0	0
								0	0	1
								0	-1	0
								-0.00382471	0	-0.667763
							}
							{VolumeView "gun_rot.ply"}
							{bone "gun"
								{parameters "ID=gun;"}
								{Matrix34
									-1	0	0
									0	0	1
									0	1	0
									35.7108	1.27752	0
								}
								{VolumeView "gun.ply"}
							}
							{bone "mantlet"
								{parameters "ID=shield;"}
								{Matrix34
									-0.742329	0.646806	-0.1749
									-0.632182	-0.589613	0.502695
									0.222023	0.483734	0.846586
									4.10809	4.91972	-0.000422867
								}
								{VolumeView "mantlet.ply"}
							}
						}
					}
				}
			}
		}
		{bone "wheelsl"
			{parameters "ID=trackleft;"}
			{animation
				{sequence "break" {file "trackl_b.anm"} {speed 0.5}}
			}
			{Position -5.35935	15.8553	11.7169}
			{VolumeView "wheelsl.ply"}
			{bone revolute "wheelsl7"
				{parameters "ID=trackleft;"}
				{Matrix34
					-0.88461	0	0.466331
					0.466331	0	0.88461
					0	1	0
					16.5931	0.159065	6.62583
				}
				{VolumeView "wheelsl7.ply"}
			}
			{bone revolute "wheelsl3"
				{parameters "ID=trackleft;"}
				{Matrix34
					-0.644997	0	0.764185
					0.764185	0	0.644997
					0	1	0
					26.351	1.3724	-2.39175
				}
				{VolumeView "wheelsl3.ply"}
			}
			{bone revolute "wheelsl8"
				{parameters "ID=trackleft;"}
				{Matrix34
					-0.700751	0	0.713406
					0.713406	0	0.700751
					0	1	0
					0.117002	0.159065	5.39431
				}
				{VolumeView "wheelsl8.ply"}
			}
			{bone revolute "wheelsl4"
				{parameters "ID=trackleft;"}
				{Matrix34
					-0.879832	0	0.475286
					0.475286	0	0.879832
					0	1	0
					9.53923	1.3724	-2.39175
				}
				{VolumeView "wheelsl4.ply"}
			}
			{bone revolute "wheelsl6"
				{parameters "ID=trackleft;"}
				{Matrix34
					-0.885549	0	0.464545
					0.464545	0	0.885549
					0	1	0
					-26.1781	1.3724	-2.39244
				}
				{VolumeView "wheelsl6.ply"}
			}
			{bone revolute "wheelsl5"
				{parameters "ID=trackleft;"}
				{Matrix34
					0.00376612	0	0.999993
					0.999993	0	-0.00376609
					0	1	0
					-9.3663	1.3724	-2.39244
				}
				{VolumeView "wheelsl5.ply"}
			}
			{bone "trackl"
				{parameters "CommonMesh;ID=trackleft;"}
				{Matrix34
					-1	0	0
					0	-1	0
					0	0	-1
					0.163107	-15.3955	-0.469378
				}
				{VolumeView "trackl.ply"}
			}
		}
		{bone "wheelsr"
			{parameters "ID=trackright;"}
			{animation
				{sequence "break" {file "trackr_b.anm"} {speed 0.4}}
			}
			{Matrix34
				1	0	0
				0	-1	0
				0	0	1
				-5.35935	-15.4514	11.7169
			}
			{VolumeView "wheelsr.ply"}
			{bone "trackr"
				{parameters "CommonMesh;ID=trackright;"}
				{Matrix34
					-1	0	0
					0	-1	0
					0	0	-1
					0.163108	-15.4514	-0.469377
				}
				{VolumeView "trackr.ply"}
			}
			{bone revolute "wheelsr7"
				{parameters "ID=trackright;"}
				{Matrix34
					-1	0	0
					0	0	1
					0	1	0
					16.5931	0.15906	6.62582
				}
				{VolumeView "wheelsr7.ply"}
			}
			{bone revolute "wheelsr3"
				{parameters "ID=trackright;"}
				{Matrix34
					-0.928521	0	0.37128
					0.371281	0	0.928521
					0	1	0
					26.351	1.3724	-2.39176
				}
				{VolumeView "wheelsr3.ply"}
			}
			{bone revolute "wheelsr8"
				{parameters "ID=trackright;"}
				{Matrix34
					-1	0	0
					0	0	1
					0	1	0
					0.117009	0.159061	5.39431
				}
				{VolumeView "wheelsr8.ply"}
			}
			{bone revolute "wheelsr4"
				{parameters "ID=trackright;"}
				{Matrix34
					-0.823662	0	0.567081
					0.567081	0	0.823662
					0	1	0
					9.53923	1.3724	-2.39175
				}
				{VolumeView "wheelsr4.ply"}
			}
			{bone revolute "wheelsr6"
				{parameters "ID=trackright;"}
				{Matrix34
					0.428573	0	0.903507
					0.903507	0	-0.428573
					0	1	0
					-26.1781	1.37241	-2.39244
				}
				{VolumeView "wheelsr6.ply"}
			}
			{bone revolute "wheelsr5"
				{parameters "ID=trackright;"}
				{Matrix34
					-0.691694	0	0.72219
					0.72219	0	0.691694
					0	1	0
					-9.3663	1.37241	-2.39244
				}
				{VolumeView "wheelsr5.ply"}
			}
		}
	}
}
{Volume "fuel"
	{Box 5.21025 1.5553 3.3439}
	{Bone "body"}
	{Matrix34
		1	0	0
		0	0	1
		0	-1	0
		-24.977	-1.9896	-4.55589
	}
}
