;Exported by: vic
;Date:        Fri Aug 19 17:06:55 2005
;File:        D:\Obmen\SS\house_euro_117a_v_fix_x.max
{Skeleton
	{bone "117a_roof1_x"
		{Orientation
			1	0	0
			0	-1	0
			0	0	1
		}
		{bone "piece0"
			{Matrix34
				0	-1	0
				0	0	1
				-1	0	0
				16.1538	16.6054	-16.0095
			}
			{VolumeView "piece0.ply"}
		}
		{bone "piece1"
			{Matrix34
				0	-1	0
				0	0	1
				-1	0	0
				15.9343	-30.6677	-15.9398
			}
			{VolumeView "piece1.ply"}
		}
		{bone "piece2"
			{Matrix34
				0	-1	0
				0	0	1
				-1	0	0
				2.36153	-23.6556	-0.0236511
			}
			{VolumeView "piece2.ply"}
		}
		{bone "piece3"
			{Matrix34
				0	-1	0
				0	0	1
				-1	0	0
				5.46273	15.7856	-3.04639
			}
			{VolumeView "piece3.ply"}
		}
		{bone "piece4"
			{Matrix34
				0	-1	0
				0	0	1
				-1	0	0
				-11.9743	-26.0053	12.8527
			}
			{VolumeView "piece4.ply"}
		}
		{bone "sub_piece0"
			{Matrix34
				0	-1	0
				0	0	1
				-1	0	0
				-12.3749	23.4016	11.8779
			}
			{VolumeView "sub_piece0.ply"}
		}
		{bone "sub_piece1"
			{Matrix34
				0	-1	0
				0	0	1
				-1	0	0
				19.0393	-10.6946	-16.5165
			}
			{VolumeView "sub_piece1.ply"}
		}
		{bone "sub_piece2"
			{Matrix34
				0	-1	0
				0	0	1
				-1	0	0
				-13.0983	8.06547	14.8763
			}
			{VolumeView "sub_piece2.ply"}
		}
	}
}
{Volume "sub_piece2"
	{Box 11.4064 1.37795 13.1439}
	{Bone "sub_piece2"}
	{Matrix34
		1	0	0
		0	0.707106	-0.707107
		0	0.707107	0.707106
		0.148764	-4.37055	-3.22133
	}
}
{Volume "sub_piece1"
	{Box 13.5499 1.37795 24.4609}
	{Bone "sub_piece1"}
	{Matrix34
		1	0	0
		0	0.707106	-0.707107
		0	0.707107	0.707106
		0.219406	-0.344182	1.4776
	}
}
{Volume "sub_piece0"
	{Box 11.4064 1.37795 13.1439}
	{Bone "sub_piece0"}
	{Matrix34
		1	0	0
		0	0.707106	-0.707107
		0	0.707107	0.707106
		0.656989	-1.37217	-2.49797
	}
}
{Volume "piece4"
	{Box 27.8206 1.37795 13.1439}
	{Bone "piece4"}
	{Matrix34
		1	0	0
		0	0.707106	-0.707107
		0	0.707107	0.707106
		-6.54576	-2.3469	-2.09731
	}
}
{Volume "piece3"
	{Box 27.8206 1.37795 15.836}
	{Bone "piece3"}
	{Matrix34
		1	0	0
		0	0.707106	-0.707107
		0	0.707107	0.707106
		0.836068	0.485322	2.29814
	}
}
{Volume "piece2"
	{Box 27.8206 1.37795 13.1439}
	{Bone "piece2"}
	{Matrix34
		1	0	0
		0	0.707106	-0.707107
		0	0.707107	0.707106
		-0.707042	-0.534512	1.07049
	}
}
{Volume "piece1"
	{Box 18.3106 1.37795 24.4609}
	{Bone "piece1"}
	{Matrix34
		1	0	0
		0	0.707106	-0.707107
		0	0.707107	0.707106
		-2.1142	-0.920841	-1.6273
	}
}
{Volume "piece0"
	{Box 31.9777 1.37795 20.3025}
	{Bone "piece0"}
	{Matrix34
		1	0	0
		0	0.707106	-0.707107
		0	0.707107	0.707106
		1.65591	-2.32136	-2.87803
	}
}
