;Exported by: kolesnikov
;Date:        Wed Dec 07 13:02:02 2005
;File:        D:\-Project-\-3DWork-\Constructions\dot_small.max
{Skeleton
	{bone "ww07"
		{Orientation
			1	0	0
			0	-1	0
			0	0	1
		}
		{VolumeView "ww07.ply"}
		{bone "armatura27"
			{Matrix34
				-0.254887	-0.951251	-0.173648
				0.0449434	0.167731	-0.984808
				0.965926	-0.258819	0
				0.325441	-25.4041	22.053
			}
			{VolumeView "armatura27.ply"}
		}
		{bone "armatura26"
			{Matrix34
				-0.984808	0	-0.173648
				0.173648	0	-0.984808
				0	-1	0
				13.8821	-8.51857	22.053
			}
			{VolumeView "armatura26.ply"}
		}
		{bone "object01"
			{Position 11.4444	-28.0173	0}
			{VolumeView "object01.ply"}
		}
	}
}
{Obstacle "obstacle04"
	{Obb2
		{Center -9.51868 4.22936}
		{Extent 10.7844 4.49928}
		{Axis -0.258819 0.965926}
	}
	{Rotate}
}
{Obstacle "obstacle06"
	{Obb2
		{Center 13.6203 -6.47823}
		{Extent 23.5177 1.48491}
		{Axis -1 0}
	}
	{Rotate}
}
{Volume "body01"
	{Box 3.2624 28.3887 26.608}
	{Bone "ww07"}
	{Matrix34
		0	1	0
		-1	0	0
		0	0	1
		4.07257	6.7367	13.1869
	}
}
{Volume "body47"
	{Box 3.2624 18.7366 16.2309}
	{Bone "ww07"}
	{Matrix34
		0	1	0
		-1	0	0
		0	0	1
		27.7535	6.7367	7.99833
	}
}
{Volume "body48"
	{Box 8.09075 17.3171 19.4004}
	{Bone "ww07"}
	{Matrix34
		-0.939693	0.34202	0
		-0.34202	-0.939693	0
		0	0	1
		-9.10768	-1.28099	9.5831
	}
}
