;Exported by: sasha
;Date:        Fri Jan 11 16:59:30 2008
;File:        D:\-Project-\-3DWork-\DOT_Afrik\Dot_desert_4_V1_X_V1.max
{Skeleton
	{bone "basis_x"
		{parameters "Land;Ground;"}
		{Orientation
			1	0	0
			0	-1	0
			0	0	1
		}
		{VolumeView "basis_x.ply" {Ground}}
		{bone "fx_sand2"
			{Position 16.5357	25.7635	23.6699}
		}
		{bone "fx_sand2a"
			{Position 16.5357	-26.8462	23.6699}
		}
		{bone "fx_stone1"
			{Position 16.5357	-0.467378	23.4585}
		}
		{bone "fx_wood2"
			{Position 12.2314	-6.74862	23.8671}
		}
		{bone "part"
			{VolumeView "part.ply"}
		}
		{bone "piece00"
			{Position -11.1549	39.5658	31.5238}
			{VolumeView "piece00.ply"}
		}
		{bone "piece01"
			{Position 34.5783	22.9748	30.5709}
			{VolumeView "piece01.ply"}
		}
		{bone "piece02"
			{Position -17.5432	-29.2003	26.1275}
			{VolumeView "piece02.ply"}
		}
		{bone "piece03"
			{Position 38.326	-18.993	32.4633}
			{VolumeView "piece03.ply"}
			{bone "sub_piece03"
				{Position 8.24844	3.82607	0}
				{VolumeView "sub_piece03.ply"}
			}
		}
		{bone "piece04"
			{Position 11.9566	-42.9882	34.9343}
			{VolumeView "piece04.ply"}
		}
		{bone "piece05"
			{Position -19.5755	11.0348	26.1275}
			{VolumeView "piece05.ply"}
		}
		{bone "piece06"
			{Matrix34
				0.40099	0	-0.916082
				-0.532667	0.813574	-0.233161
				0.7453	0.581462	0.326235
				10.233	28.1994	34.1372
			}
			{VolumeView "piece06.ply"}
		}
		{bone "piece07"
			{Matrix34
				-0.268978	0	-0.963146
				-0.4356	0.891882	0.12165
				0.859013	0.452268	-0.239896
				29.4027	4.55157	26.9649
			}
			{VolumeView "piece07.ply"}
		}
		{bone "piece08"
			{Matrix34
				0	0.715511	-0.698601
				-0.654367	0.528266	0.541053
				0.756177	0.457142	0.468207
				10.4166	-20.4818	33.2498
			}
			{VolumeView "piece08.ply"}
		}
		{bone "piece09"
			{Matrix34
				0.841747	0.539872	0
				-0.205013	0.319647	0.925092
				0.499431	-0.778693	0.379743
				-6.66858	0.624343	31.3119
			}
			{VolumeView "piece09.ply"}
		}
	}
}
{Area "cut"
	{Polygon2
		{Radius 0}
		{Vertex 14.3807 -41.1014}
		{Vertex 33.2473 -23.0509}
		{Vertex 33.0555 34.6778}
		{Vertex 3.50009 34.7701}
		{Vertex -20.6556 13.9951}
		{Vertex -20.6652 -15.0907}
	}
	{Rotate}
}
{Volume "piece00"
	{Box 12.7973 14.0988 3.93701}
	{Bone "piece00"}
	{Position 0	0	0}
}
{Volume "piece01"
	{Box 11.9297 8.24235 3.93701}
	{Bone "piece01"}
	{Position 0	0	0}
}
{Volume "piece02"
	{Box 11.3497 9.35583 3.93701}
	{Bone "piece02"}
	{Position 0	0	0}
}
{Volume "piece03"
	{Box 13.4969 12.1166 3.93701}
	{Bone "piece03"}
	{Position 0	0	0}
}
{Volume "piece04"
	{Box 11.4959 8.02544 3.93701}
	{Bone "piece04"}
	{Position 0	0	0}
}
{Volume "piece05"
	{Box 11.7128 11.4959 3.93701}
	{Bone "piece05"}
	{Position 0	0	0}
}
{Volume "piece06"
	{Cylinder 1.40276 40.8272}
	{Bone "piece06"}
	{Position 0	0	0}
}
{Volume "piece07"
	{Cylinder 1.49737 44.0087}
	{Bone "piece07"}
	{Position 0	0	0}
}
{Volume "piece08"
	{Cylinder 1.21288 40.2685}
	{Bone "piece08"}
	{Position 0	0	0}
}
{Volume "piece09"
	{Cylinder 1.66247 24.6816}
	{Bone "piece09"}
	{Position 0	0	0}
}
{Volume "sub_piece03"
	{Box 8.2822 10.1994 3.93701}
	{Bone "sub_piece03"}
	{Position 0	0	0}
}
