;Exported by: ubrashaev
;Date:        Sat Jan 28 16:00:30 2006
;File:        D:\-Projects1_5-\-work-\3d\-INVENTORY-\ds39_stan_xx.max
{Skeleton
	{bone "basis"
		{Orientation
			1	0	0
			0	-1	0
			0	0	1
		}
		{bone "stan"
			{Position -1.45476	-3.0944	3.21409}
			{VolumeView "stan.ply"}
		}
		{bone "part1"
			{Position -10.5727	0.717783	5.3762}
			{VolumeView "part1.ply"}
		}
		{bone "part2"
			{Position 4.84412	5.61449	5.76835}
			{VolumeView "part2.ply"}
		}
	}
}
{Volume "part1"
	{Cylinder 0.701034 23.9017}
	{Bone "part1"}
	{Orientation
		0.499017	0.0133676	-0.866489
		-0.0267783	0.999641	0
		0.866178	0.0232031	0.499196
	}
}
{Volume "part2"
	{Cylinder 0.767388 21.0668}
	{Bone "part2"}
	{Matrix34
		0.839733	-0.375516	0.39222
		-0.0223091	0.697851	0.715895
		-0.542541	-0.609911	0.577631
		0	0	0.3515
	}
}
{Volume "stan"
	{Cylinder 0.538617 22.9235}
	{Bone "stan"}
	{Matrix34
		0.791427	0.158499	0.590357
		0.255006	0.792129	-0.55453
		-0.555532	0.589415	0.586494
		8.41619	-3.98575	3.95351
	}
}
