;Exported by: shevchenko
;Date:        Tue Mar 14 15:12:43 2006
;File:        D:\-Projects1_5-\-3DWork-\euro1_corner2_lm_corner.max
{Skeleton
	{bone "101_f4w1"
		{Orientation
			1	0	0
			0	-1	0
			0	0	1
		}
		{VolumeView "101_f4w1.ply"}
		{bone "window1"
			{Matrix34
				-1	0	0
				0	0	1
				0	1	0
				-2.44384	5.48689	4.42148
			}
			{VolumeView "../common/window1.ply"}
		}
		{bone "window1_x"
			{Matrix34
				-1	0	0
				0	0	1
				0	1	0
				-2.20762	5.48689	4.42148
			}
			{visibility 0}
			{VolumeView "window1_x.ply"}
		}
		{bone "fix100"
			{Position -2.46063	5.48247	-31.6036}
		}
		{bone "fix101"
			{Position -2.46063	54.6825	-24.4154}
		}
		{bone "fix103"
			{Position -55.1986	-13.5443	21.3413}
		}
		{bone "fix104"
			{Position 60.4925	-13.5443	21.3413}
		}
	}
}
{Volume "beam1"
	{Box 3.93701 3.93701 83.1539}
	{Bone "101_f4w1"}
	{Matrix34
		0.707107	0.707107	0
		-0.707107	0.707107	0
		0	0	1
		24.1142	5.55081	-4.29999
	}
}
{Volume "beam2"
	{Box 3.93701 3.93701 83.0376}
	{Bone "101_f4w1"}
	{Matrix34
		0.707107	0	0.707107
		-0.707107	0	0.707107
		0	-1	0
		24.1142	17.2795	1.56564
	}
}
{Volume "beam3"
	{Box 3.93701 3.93701 129.72}
	{Bone "101_f4w1"}
	{Matrix34
		0	0.707107	0.707107
		0	0.707107	-0.707107
		-1	0	0
		-3.98099	5.55082	39.5233
	}
}
{Volume "beam4"
	{Box 3.93701 3.93701 99.9539}
	{Bone "101_f4w1"}
	{Matrix34
		0.707107	0	0.707107
		-0.707107	0	0.707107
		0	-1	0
		24.1142	-20.534	-27.729
	}
}
{Volume "body1"
	{Box 5.90551 35.4331 49.1339}
	{Bone "101_f4w1"}
	{Position -2.46063	5.48247	-0.53915}
}
{Volume "body2"
	{Box 5.90551 23.7402 41.7638}
	{Bone "101_f4w1"}
	{Matrix34
		1	0	0
		0	0.77589	-0.630868
		0	0.630868	0.77589
		-2.46063	-16.8053	-5.50384
	}
}
{Volume "body3"
	{Box 5.90551 23.7402 51.7871}
	{Bone "101_f4w1"}
	{Matrix34
		1	0	0
		0	0.784076	0.620665
		0	-0.620665	0.784076
		-2.46063	30.4008	-5.7494
	}
}
{Volume "hole1"
	{Box 9.84252 15.748 19.685}
	{Bone "101_f4w1"}
	{Matrix34
		0	-1	0
		0	0	1
		-1	0	0
		-3.46204	5.48623	4.42121
	}
}
{Volume "roof1"
	{Box 91.0894 50.6486 1.9685}
	{Bone "101_f4w1"}
	{Matrix34
		0	-0.622962	-0.782252
		1	0	0
		0	-0.782252	0.622962
		8.68897	-22.7047	10.0411
	}
}
{Volume "roof2"
	{Box 37.3547 22.2615 1.9685}
	{Bone "101_f4w1"}
	{Matrix34
		-0.706628	0	-0.707585
		0	-1	0
		-0.707585	0	0.706628
		11.6061	48.3296	-7.27041
	}
}
{Volume "roof3"
	{Box 84.0065 50.6486 1.9685}
	{Bone "101_f4w1"}
	{Matrix34
		0	0.622962	-0.782252
		-1	0	0
		0	0.782252	0.622962
		-14.9787	31.8419	12.3134
	}
}
{Volume "roof4"
	{Box 62.2566 21.9967 1.9685}
	{Bone "101_f4w1"}
	{Matrix34
		0	-0.622962	-0.782252
		1	0	0
		0	-0.782252	0.622962
		-27.7248	-13.5443	21.3413
	}
}
{Volume "roof5"
	{Box 74.7079 21.9967 1.9685}
	{Bone "101_f4w1"}
	{Matrix34
		0	-0.622962	-0.782252
		1	0	0
		0	-0.782252	0.622962
		45.0323	-17.3244	16.5947
	}
}
{Volume "roof7"
	{Box 65.5251 26.8438 1.9685}
	{Bone "101_f4w1"}
	{Matrix34
		0	0.622962	-0.782252
		-1	0	0
		0	0.782252	0.622962
		23.9141	25.7298	19.9884
	}
}
{Volume "window1"
	{Box 9.84252 15.748 1.9685}
	{Bone "window1"}
	{Matrix34
		0	0	-1
		0	1	0
		1	0	0
		0.0339653	-0.000275477	-0.000664265
	}
}
