;Exported by: shevchenko
;Date:        Fri Jul 21 17:26:47 2006
;File:        D:\-Projects1_5-\-3DWork-\bsh\bsh_c90_1_alternative_x.max
{Skeleton
	{bone "bsh90_c6_3t"
		{Orientation
			1	0	0
			0	-1	0
			0	0	1
		}
		{bone "piece0"
			{Matrix34
				-0.707106	0.707107	0
				0	0	1
				0.707107	0.707106	0
				38.8307	1.10667	-17.6014
			}
			{VolumeView "piece0.ply"}
		}
		{bone "piece1"
			{Matrix34
				-0.707106	0.707107	0
				0	0	1
				0.707107	0.707106	0
				27.9723	11.9651	-18.9013
			}
			{VolumeView "piece1.ply"}
		}
		{bone "piece2"
			{Matrix34
				-0.707106	0.707107	0
				0	0	1
				0.707107	0.707106	0
				17.2921	22.6453	-11.8166
			}
			{VolumeView "piece2.ply"}
		}
		{bone "piece3"
			{Matrix34
				0.766045	0.642787	0
				0	0	1
				0.642787	-0.766045	0
				10.2928	44.1627	-9.43604
			}
			{VolumeView "piece3.ply"}
		}
		{bone "piece5"
			{Matrix34
				-0.707106	0.707107	0
				0	0	1
				0.707107	0.707106	0
				41.3765	-1.43916	-3.78574
			}
			{VolumeView "piece5.ply"}
		}
		{bone "piece6"
			{Matrix34
				-0.707106	0.707107	0
				0	0	1
				0.707107	0.707106	0
				27.407	12.5304	-0.240112
			}
			{VolumeView "piece6.ply"}
		}
		{bone "piece7"
			{Matrix34
				-0.707106	0.707107	0
				0	0	1
				0.707107	0.707106	0
				18.4973	21.4401	13.455
			}
			{VolumeView "piece7.ply"}
		}
		{bone "piece8"
			{Matrix34
				0.766045	0.642787	0
				0	0	1
				0.642787	-0.766045	0
				9.87388	39.116	15.8333
			}
			{VolumeView "piece8.ply"}
		}
		{bone "piece4"
			{Matrix34
				-0.707106	0.707107	0
				0	0	1
				0.707107	0.707106	0
				36.6459	3.29145	16.0932
			}
			{VolumeView "piece4.ply"}
		}
		{bone "piece9"
			{Matrix34
				0.802702	-0.106338	0.586824
				-0.541675	-0.541675	0.642788
				0.249515	-0.833835	-0.492404
				-5.2492	24.5289	60.7249
			}
			{VolumeView "piece9.ply"}
		}
		{bone "piece10"
			{Matrix34
				0.996195	0.0871554	0
				0	0	1
				0.0871554	-0.996195	0
				-3.45069	26.193	40.283
			}
			{VolumeView "piece10.ply"}
		}
	}
}
{Volume "piece0"
	{Box 19.5273 9.84253 13.5244}
	{Bone "piece0"}
	{Matrix34
		-0.906308	-0.422618	0
		0	0	1
		-0.422618	0.906308	0
		-0.452033	-0.37652	0
	}
}
{Volume "piece10"
	{Box 9.84252 22.6265 9.16601}
	{Bone "piece10"}
	{Matrix34
		-0.707107	0	-0.707106
		-0.579228	0.573576	0.579228
		0.40558	0.819152	-0.40558
		-0.598845	-0.1641	0.598844
	}
}
{Volume "piece1"
	{Box 14.286 9.84253 11.7368}
	{Bone "piece1"}
	{Matrix34
		-0.707107	-0.707107	0
		0	0	1
		-0.707107	0.707107	0
		1.07507	-0.567693	0
	}
}
{Volume "piece2"
	{Box 18.6522 9.84254 16.0027}
	{Bone "piece2"}
	{Matrix34
		-0.866025	-0.5	0
		0	0	1
		-0.5	0.866025	0
		1.71586	-0.0837149	0
	}
}
{Volume "piece3"
	{Box 9.84252 24.4934 13.9058}
	{Bone "piece3"}
	{Matrix34
		-0.707107	0	-0.707107
		-0.40558	0.819152	0.40558
		0.579228	0.573577	-0.579228
		-1.57473	-1.1233	1.57473
	}
}
{Volume "piece4"
	{Box 24.8324 9.84253 14.6188}
	{Bone "piece4"}
	{Matrix34
		-0.939693	-0.34202	0
		0	0	1
		-0.34202	0.939693	0
		-0.885429	0.308834	0
	}
}
{Volume "piece5"
	{Box 11.7602 9.84252 14.3007}
	{Bone "piece5"}
	{Matrix34
		-1	0	0
		0	0	1
		0	1	0
		-0.588997	0.874027	0
	}
}
{Volume "piece6"
	{Box 21.6239 9.84254 19.4327}
	{Bone "piece6"}
	{Matrix34
		-0.866025	-0.5	0
		0	0	1
		-0.5	0.866025	0
		-1.58097	0.398667	0
	}
}
{Volume "piece7"
	{Box 21.0371 9.84254 24.0013}
	{Bone "piece7"}
	{Matrix34
		-1	0	0
		0	0	1
		0	1	0
		1.33433	1.11312	1.26128e-005
	}
}
{Volume "piece8"
	{Box 9.84252 7.19363 21.8867}
	{Bone "piece8"}
	{Matrix34
		-0.707107	0	-0.707106
		-0.707106	0	0.707107
		0	1	0
		-1.03198	0.13795	1.03197
	}
}
{Volume "piece9"
	{Box 9.84252 7.73606 19.5246}
	{Bone "piece9"}
	{Matrix34
		-0.707107	0	-0.707107
		-0.707106	0	0.707107
		0	1	0
		-0.421941	-0.540261	0.421924
	}
}
