;Exported by: sana
;Date:        Mon Nov 28 15:46:01 2005
;File:        D:\-Project-\-3DWork-\Entourage\trinoga2_small.max
{Skeleton
	{bone "group03"
		{Orientation
			1	0	0
			0	-1	0
			0	0	1
		}
		{VolumeView "group03.ply"}
	}
}
{Obstacle "body1"
	{Obb2
		{Center -51.4703 10.505}
		{Extent 2.04555 13.0504}
		{Axis 0.920584 0.390544}
	}
	{Rotate}
}
{Obstacle "body2"
	{Obb2
		{Center -51.4273 -11.2602}
		{Extent 12.5122 2.05757}
		{Axis 0.40727 0.913308}
	}
	{Rotate}
}
{Obstacle "body"
	{Obb2
		{Center -3.3295 -1.00184}
		{Extent 62.1339 3.39319}
		{Axis 1 0}
	}
	{Rotate}
}
{Volume "body1"
	{Cylinder 1.96851 41.629}
	{Bone "group03"}
	{Matrix34
		0.969263	0.00478841	-0.24598
		-0.127898	0.863899	-0.487156
		0.210169	0.503643	0.837958
		-51.3896	-10.55	18.3325
	}
}
{Volume "body2"
	{Cylinder 1.96851 41.629}
	{Bone "group03"}
	{Matrix34
		0.969263	0.215693	-0.118344
		-0.127898	0.852669	0.506554
		0.210169	-0.475849	0.854048
		-51.3896	11.185	18.6674
	}
}
{Volume "body"
	{Cylinder 3.39318 129.673}
	{Bone "group03"}
	{Matrix34
		0	-1	0
		0.34117	0	0.940001
		-0.940001	0	0.34117
		-3.32949	1.17861	19.9676
	}
}
