;Exported by: sana
;Date:        Wed Jun 20 14:30:12 2007
;File:        D:\-Project-\-3DWork-\Entourage\hangar\hangar_1.max
{Skeleton
	{bone "air_force_kaserne_c3"
		{Orientation
			1	0	0
			0	-1	0
			0	0	1
		}
		{VolumeView "air_force_kaserne_c3.ply"}
		{bone "exterior"
			{parameters "exterior;"}
			{VolumeView "exterior.ply"}
		}
	}
}
{Area "interior"
	{Obb2
		{Center 2.50477 0.508392}
		{Extent 44.2425 33.5915}
		{Axis 1 -1.50889e-007}
	}
	{Rotate}
}
{Obstacle "rectangle08"
	{Obb2
		{Center -42.7111 2.13873}
		{Extent 2.02703 32.973}
		{Axis 1 -1.1762e-007}
	}
	{Rotate}
}
{Obstacle "rectangle09"
	{Obb2
		{Center -5.18975 31.618}
		{Extent 38.2541 2.02704}
		{Axis 1 -1.4958e-007}
	}
	{Rotate}
}
{Volume "body1"
	{Box 6.59754 46.1079 60.0591}
	{Bone "air_force_kaserne_c3"}
	{Matrix34
		-0.965926	0	0.258819
		0.258819	0	0.965926
		0	1	0
		-38.5047	-0.337818	22.7665
	}
}
{Volume "body2"
	{Box 6.59754 48.3681 60.0591}
	{Bone "exterior"}
	{Matrix34
		-0.707107	0	0.707107
		0.707107	0	0.707107
		0	1	0
		-16.1455	-0.337755	60.3518
	}
}
{Volume "body3"
	{Box 6.59754 48.3681 60.0591}
	{Bone "exterior"}
	{Matrix34
		-0.258819	0	0.965926
		0.965926	0	0.258819
		0	1	0
		21.9678	-0.337755	82.6275
	}
}
{Volume "body4"
	{Box 6.59754 46.1079 78.3769}
	{Bone "air_force_kaserne_c3"}
	{Matrix34
		0	1	0
		0	0	1
		1	0	0
		-5.88605	-31.18	22.7665
	}
}
{Volume "body5"
	{Box 6.59754 21.2096 79.4599}
	{Bone "air_force_kaserne_c3"}
	{Matrix34
		0	1	0
		0	0	1
		1	0	0
		10.1459	-31.18	56.2941
	}
}
{Volume "body6"
	{Box 6.59754 18.2403 63.905}
	{Bone "air_force_kaserne_c3"}
	{Matrix34
		0	1	0
		0	0	1
		1	0	0
		19.7125	-31.18	75.5256
	}
}
