;Exported by: shevchenko
;Date:        Mon Aug 29 11:37:10 2005
;File:        D:\-Projects1_5-\-3DWork-\e_farm_121_lm_corner_x.max
{Skeleton
	{animation
		{sequence "crush" {speed 0.4}}
	}
	{bone "121_f1w5"
		{parameters "CommonMesh;"}
		{Orientation
			1	0	0
			0	-1	0
			0	0	1
		}
		{VolumeView "121_f1w5.ply"}
		{bone "piece0"
			{Matrix34
				0	-1	0
				0	0	1
				-1	0	0
				0.169546	-19.4233	9.71189
			}
			{VolumeView "piece0.ply"}
		}
		{bone "piece1"
			{Matrix34
				0	-1	0
				0	0	1
				-1	0	0
				0.169547	2.20636	15.1543
			}
			{VolumeView "piece1.ply"}
		}
		{bone "piece2"
			{Matrix34
				0	-1	0
				0	0	1
				-1	0	0
				0.169546	-26.8154	26.0259
			}
			{VolumeView "piece2.ply"}
		}
		{bone "piece3"
			{Matrix34
				0	-1	0
				0	0	1
				-1	0	0
				0.169546	-15.7848	47.2441
			}
			{VolumeView "piece3.ply"}
		}
		{bone "piece4"
			{Matrix34
				0	-1	0
				0	0	1
				-1	0	0
				0.169547	11.0885	47.2441
			}
			{VolumeView "piece4.ply"}
		}
	}
}
{Volume "piece4"
	{Box 5.90552 23.622 15.1575}
	{Bone "piece4"}
	{Matrix34
		0	0	-1
		-0.7644	0.644742	0
		0.644742	0.7644	0
		-1.07892	0.134404	0
	}
}
{Volume "piece3"
	{Box 5.90552 22.8552 15.5906}
	{Bone "piece3"}
	{Matrix34
		0	0	-1
		-0.979562	-0.201142	0
		-0.201142	0.979562	0
		0.385827	-0.694838	0
	}
}
{Volume "piece2"
	{Box 5.90551 9.18548 15.4278}
	{Bone "piece2"}
	{Matrix34
		0	0	-1
		-1	0	0
		0	1	0
		0	1.06666	0
	}
}
{Volume "piece1"
	{Box 5.90552 15.5622 22.4158}
	{Bone "piece1"}
	{Matrix34
		0	0	-1
		-0.972833	-0.231509	0
		-0.231509	0.972833	0
		-0.651722	-0.190587	0
	}
}
{Volume "piece0"
	{Box 5.90552 14.1732 10.5496}
	{Bone "piece0"}
	{Matrix34
		0	0	-1
		-1	0	0
		0	1	0
		0	0.462926	0
	}
}
