;Exported by: sana
;Date:        Thu Jun 29 11:22:49 2006
;File:        D:\-Project-\-3DWork-\vehicle\pg1.max
{Skeleton
	{animation
		{sequence "flattern" {speed 1}}
		{sequence "drift" {speed 0.4}}
		{sequence "move" {speed 0.6}}
	}
	{bone "basis"
		{Orientation
			1	0	0
			0	-1	0
			0	0	1
		}
		{bone "body"
			{parameters "ID=body;"}
			{Position 12.8031	0	9.16898}
			{VolumeView "body.ply"}
			{bone revolute "fx_exp2"
				{limits -2 2}
				{Matrix34
					0	0	-1
					0	-1	0
					-1	0	0
					24.3809	0.592759	-0.475715
				}
			}
			{bone revolute "fx_exp3"
				{limits -2 2}
				{Matrix34
					0	0	-1
					0	-1	0
					-1	0	0
					-17.9987	0.875967	-0.480461
				}
			}
			{bone "flag"
				{parameters "CommonMesh;"}
				{Matrix34
					1	0	0
					0	0	1
					0	-1	0
					-63.3208	0.147114	7.211
				}
				{VolumeView "flag.ply"}
			}
			{bone "commander"
				{Position -8.41129	-5.09713	-10.2366}
			}
			{bone "driver"
				{Position -8.41129	5.72596	-10.2366}
			}
			{bone "emit3"
				{Matrix34
					0	1	0
					-1	0	0
					0	0	1
					-59.7269	-28.7523	-1.12312
				}
				{visibility 0}
			}
			{bone "emit6"
				{Matrix34
					0	-1	0
					1	0	0
					0	0	1
					-62.4252	27.7889	-2.37398
				}
				{visibility 0}
			}
			{bone "fx_bulb1"
				{Matrix34
					-0.965926	0.258819	0
					-0.258819	-0.965926	0
					0	0	1
					-68.0624	7.82208	-10.121
				}
			}
			{bone "fx_bulb2"
				{Matrix34
					-0.965926	-0.25882	0
					-0.25882	0.965926	0
					0	0	1
					-66.5964	-14.781	-10.9851
				}
			}
			{bone "fx_bulb_norm_engine1"
				{Matrix34
					-1	0	0
					0	-1	0
					0	0	1
					-69.6393	0.246819	-12.9059
				}
			}
			{bone "fx_bulb_norm_front1"
				{Matrix34
					0.422618	0.906308	0
					-0.906308	0.422618	0
					0	0	1
					53.3066	4.72538	-7.21581
				}
			}
			{bone "fx_bulb_norm_front2"
				{Matrix34
					0.5	-0.866025	0
					0.866025	0.5	0
					0	0	1
					49.3154	-5.94077	-7.20595
				}
			}
			{bone "fx_bulb_small_back1"
				{Matrix34
					0	1	0
					-1	0	0
					0	0	1
					-50.4067	8.32222	-10.9544
				}
			}
			{bone "fx_bulb_small_back2"
				{Matrix34
					0	-1	0
					1	0	0
					0	0	1
					-56.1126	-10.6458	-10.0824
				}
			}
			{bone "fx_bulb_small_center1"
				{Matrix34
					0	1	0
					-1	0	0
					0	0	1
					-5.70216	15.5191	-9.6413
				}
			}
			{bone "fx_bulb_small_center9"
				{Matrix34
					0	-1	0
					1	0	0
					0	0	1
					-6.77546	-12.1695	-10.4437
				}
			}
			{bone "scissor"
				{Matrix34
					0.999946	0	0.0104266
					0	1	0
					-0.0104266	0	0.999946
					-16.1339	0	-7.33804
				}
				{VolumeView "scissor.ply"
					{Layer waterscissor}
				}
			}
			{bone "stan"
				{Position -22.5299	3.43106	1.6341}
				{VolumeView "stan.ply"}
				{bone revolute "turret"
					{speed 0.04}
					{Position -0.779856	-2.26986	12.2521}
					{bone revolute "gun_rot"
						{limits -10 10}
						{speed 0.05}
						{Matrix34
							1	0	0
							0	0	1
							0	-1	0
							-0.0188921	-0.0205524	-0.098393
						}
						{VolumeView "gun_rot.ply"}
						{bone "mgun"
							{Position -6.23016	2.35932	-0.0327894}
						}
					}
					{bone "visor2"
						{Position -5.79384	0.00854712	8.54496}
					}
					{bone "gunner"
						{Matrix34
							0.999999	0	-0.00134094
							0	1	5.55931e-005
							0.00134094	-5.55933e-005	0.999999
							-10.3728	-0.225076	-16.4915
						}
					}
				}
			}
			{bone "visor1"
				{Position 0.725027	0.286499	17.1991}
			}
			{bone revolute "fx_fire1"
				{Matrix34
					-0.049847	0	0.998757
					0	-1	0
					0.998757	0	0.049847
					29.685	0.95488	9.86511
				}
			}
			{bone "place"
				{Matrix34
					0.336379	-0.901613	0.271924
					0.935805	0.352357	0.0106826
					-0.105446	0.250874	0.96226
					-27.2021	-15.5485	-1.50732
				}
			}
			{bone "place1"
				{Matrix34
					0.336589	-0.903542	0.265179
					0.935684	0.352575	0.0136703
					-0.105847	0.243522	0.964102
					-44.1981	-13.9447	-3.12304
				}
			}
			{bone "place2"
				{Matrix34
					0.174863	-0.952054	0.25103
					0.98255	0.18515	0.0177705
					-0.0633967	0.243542	0.967816
					-59.3415	-12.938	-4.44792
				}
			}
			{bone "place3"
				{Matrix34
					0.294893	0.919506	0.259896
					-0.937589	0.330907	-0.1069
					-0.184297	-0.212151	0.959701
					-20.9574	15.7251	-2.40046
				}
			}
			{bone "place4"
				{Matrix34
					0.294893	0.919506	0.259896
					-0.937589	0.330907	-0.1069
					-0.184297	-0.212151	0.959701
					-38.2389	15.7251	-3.58348
				}
			}
			{bone "place5"
				{Matrix34
					0.130743	0.956745	0.259896
					-0.980806	0.16307	-0.1069
					-0.144657	-0.240931	0.959701
					-62.2689	13.9243	-4.72321
				}
			}
			{bone "pivot_back"
				{Matrix34
					0	1	0
					-1	0	0
					0	0	1
					-62.9343	0.16909	-11.9887
				}
			}
			{bone "pivot_front"
				{Matrix34
					0	1	0
					-1	0	0
					0	0	1
					13.9042	0.169091	-11.9887
				}
			}
			{bone "emit5"
				{Matrix34
					0	-1	0
					1	0	0
					0	0	1
					-29.764	27.7889	-2.37398
				}
				{visibility 0}
			}
			{bone "emit4"
				{Matrix34
					0	-1	0
					1	0	0
					0	0	1
					-3.23645	27.7889	-2.37398
				}
				{visibility 0}
			}
			{bone "emit2"
				{Matrix34
					0	1	0
					-1	0	0
					0	0	1
					-34.2292	-28.7523	-1.12312
				}
				{visibility 0}
			}
			{bone "emit1"
				{Matrix34
					0	1	0
					-1	0	0
					0	0	1
					-7.64409	-28.7523	-1.12312
				}
				{visibility 0}
			}
		}
	}
}
{Volume "ballast1"
	{Box 10.9252 29.5276 131.877}
	{Bone "body"}
	{Matrix34
		0	0	1
		0	1	0
		-1	0	0
		-2.98887	-0.157118	-6.31789
	}
}
{Volume "body"
	{Polyhedron "body.vol"}
	{Bone "body"}
	{Matrix34
		1	0	0
		0	-1	0
		0	0	-1
		4.84627	0.204087	-26.7385
	}
}
{Volume "engine"
	{Box 18.82 28.0942 12.8392}
	{Bone "body"}
	{Matrix34
		0	1	0
		-0.999388	0	-0.0349927
		-0.0349927	0	0.999388
		27.2945	0.227189	1.89222
	}
}
{Volume "fuel"
	{Box 18.82 20.2279 5.52086}
	{Bone "body"}
	{Matrix34
		0	1	0
		-0.999388	0	-0.0349927
		-0.0349927	0	0.999388
		27.4226	0.227189	5.60978
	}
}
