;Exported by: sk
;Date:        Fri Feb 24 16:41:07 2006
;File:        D:\-Projects1_5-\-3DWork-\City_Du\Bahnhof_house\BB_x.max
{Skeleton
	{bone "fdr_roof01_x"
		{Orientation
			1	0	0
			0	-1	0
			0	0	1
		}
		{bone "piece01"
			{Position 0	0	0}
			{VolumeView "piece01.ply"}
		}
		{bone "piece02"
			{Position 40.7979	50.2285	-23.8326}
			{VolumeView "piece02.ply"}
		}
		{bone "piece03"
			{Position -22.3284	53.8414	-23.8326}
			{VolumeView "piece03.ply"}
		}
		{bone "piece04"
			{Position -22.3284	14.0644	-23.8326}
			{VolumeView "piece04.ply"}
		}
		{bone "piece05"
			{Position -50.1318	49.5447	-23.8326}
			{VolumeView "piece05.ply"}
		}
		{bone "piece06"
			{Position -4.80659	47.6932	-23.8326}
			{VolumeView "piece06.ply"}
		}
		{bone "piece07"
			{Position -15.7511	53.7636	-8.36295}
			{VolumeView "piece07.ply"}
		}
		{bone "piece08"
			{Position -15.7511	13.9866	-8.36295}
			{VolumeView "piece08.ply"}
		}
		{bone "piece09"
			{Position -22.7459	10.7713	-7.25101}
			{VolumeView "piece09.ply"}
		}
		{bone "piece10"
			{Position -71.3439	72.7694	-13.8224}
			{VolumeView "piece10.ply"}
		}
		{bone "piece11"
			{Position -35.7497	60.6176	-8.5137}
			{VolumeView "piece11.ply"}
		}
		{bone "piece12"
			{Position 20.0118	32.4697	-0.928986}
			{VolumeView "piece12.ply"}
		}
		{bone "piece13"
			{Position -69.5061	40.4955	-13.1119}
			{VolumeView "piece13.ply"}
		}
		{bone "piece14"
			{Position -25.5695	72.6386	-7.60397}
			{VolumeView "piece14.ply"}
		}
		{bone "piece15"
			{Position -70.7564	11.1735	-13.744}
			{VolumeView "piece15.ply"}
		}
	}
}
{Volume "piece01"
	{Box 63.8243 67.7745 2.62242}
	{Bone "piece01"}
	{Matrix34
		0.991034	0	0.133609
		0	1	0
		-0.133609	0	0.991034
		22.1475	67.721	-1.12386
	}
}
{Volume "piece02"
	{Box 2.95276 76.8325 2.95276}
	{Bone "piece02"}
	{Position -1.52588e-005	0	0}
}
{Volume "piece03"
	{Box 129.554 2.95276 2.95276}
	{Bone "piece03"}
}
{Volume "piece04"
	{Box 129.554 2.95276 2.95276}
	{Bone "piece04"}
}
{Volume "piece05"
	{Box 2.95276 83.1671 2.95276}
	{Bone "piece05"}
}
{Volume "piece06"
	{Box 2.95276 76.1613 2.95276}
	{Bone "piece06"}
}
{Volume "piece07"
	{Box 146.962 2.95279 3.42933}
	{Bone "piece07"}
	{Matrix34
		0.990828	0	0.135128
		0	1	0
		-0.135128	0	0.990828
		0.0175468	0	-0.12863
	}
}
{Volume "piece08"
	{Box 146.962 2.95279 3.65795}
	{Bone "piece08"}
	{Matrix34
		0.988901	0	0.148573
		0	1	0
		-0.148573	0	0.988901
		1.42662	0	-0.271924
	}
}
{Volume "piece09"
	{Box 57.6102 39.1666 2.60371}
	{Bone "piece09"}
	{Matrix34
		0.990868	0	0.134838
		0	1	0
		-0.134838	0	0.990868
		0.0195214	0	0.000702108
	}
}
{Volume "piece10"
	{Box 49.3894 57.6778 2.64012}
	{Bone "piece10"}
	{Matrix34
		0.991944	0	0.126678
		0	1	0
		-0.126678	0	0.991944
		-0.0213379	0	0.016083
	}
}
{Volume "piece11"
	{Box 60.9428 77.0504 2.32172}
	{Bone "piece11"}
	{Matrix34
		0.990868	0	0.134838
		0	1	0
		-0.134838	0	0.990868
		0.170485	0	-0.726663
	}
}
{Volume "piece12"
	{Box 65.7288 49.9197 2.8751}
	{Bone "piece12"}
	{Matrix34
		0.991034	0	0.133609
		0	1	0
		-0.133609	0	0.991034
		0.482234	0	-0.309828
	}
}
{Volume "piece13"
	{Box 52.5666 36.8823 2.10266}
	{Bone "piece13"}
	{Matrix34
		0.991944	0	0.126678
		0	1	0
		-0.126678	0	0.991944
		-0.0633464	0	-0.248553
	}
}
{Volume "piece14"
	{Box 47.7796 57.9394 2.34923}
	{Bone "piece14"}
	{Matrix34
		0.990868	0	0.134838
		0	1	0
		-0.134838	0	0.990868
		0.0237523	0	0.131357
	}
}
{Volume "piece15"
	{Box 50.5241 39.5004 2.69656}
	{Bone "piece15"}
	{Matrix34
		0.991944	0	0.126678
		0	1	0
		-0.126678	0	0.991944
		-0.0296289	0	0.040095
	}
}
