;Exported by: Пупс
;Date:        Sat Mar 26 05:37:17 2011
;File:        C:\Users\Пупс\Документы\3dsmax\scenes\полковой миномёт обр.1938г.max
{Skeleton
	{animation
		{sequence "recoil" {speed 0.6}}
		{sequence "close" {speed 0.6}}
	}
    {bone revolute "basis"
        {limits -180 180}
        {speed 0.01}
		{Orientation
			1	0	0
			0	-1	0
			0	0	1
		}
		{bone revolute "body"
			{parameters "ID=body;CommonMesh;"}
			{limits -30 30}
			{speed 0.03}
			{Matrix34
				0.99951	0.00868879	-0.0300624
				0.00869272	-0.999962	0
				0.0300613	0.000261237	0.999548
				-12.974	0.00194744	1.12468
			}
			{VolumeView "body.ply"}
			{bone "gun"
				{parameters "ID=gun;CommonMesh;"}
				{Matrix34
					0.911412	0.00792287	-0.41142
					0.00869244	-0.999962	0
					0.411404	0.00357584	0.911446
					0.0185022	-0.00414498	-1.09934
				}
				{VolumeView "gun.ply"}
				{bone revolute "foresight"
					{limits -20 15}
					{speed 0.01}
					{Matrix34
						0.00379711	-0.000229609	0.999993
						-0.999993	-0.000126364	0.00379705
						0.000125497	-1	-0.000230085
						-0.0503273	-0.0146505	36.8247
					}
				}
			}
			{bone "gun_rot"
				{Matrix34
					0.911419	0.00792293	-0.411404
					0.411388	0.00357611	0.911453
					-0.0086926	0.999962	0
					15.4577	-3.56542	26.3752
				}
				{VolumeView "gun_rot.ply"}
				{bone "stan1"
					{Matrix34
						0.650389	0.759601	0
						-0.759601	0.650389	0
						0	0	1
						0.439026	0.253809	2.96193
					}
					{VolumeView "stan1.ply"}
					{bone "stan2"
						{Matrix34
							0.984992	0.0841011	0.150722
							0.172598	-0.480032	-0.860104
							1.5527e-005	0.87321	-0.487344
							-0.00259018	-9.4104	3.42379
						}
						{VolumeView "stan2.ply"}
					}
					{bone "stan3"
						{Matrix34
							0.984992	0.0841013	-0.150722
							0.172598	-0.480032	0.860104
							1.53482e-005	0.87321	0.487344
							-0.00259018	-9.4104	-1.85382
						}
						{VolumeView "stan3.ply"}
					}
					{bone "stan1a"
						{Matrix34
							0.913156	-0.407607	0.00123501
							-0.00721109	-0.0191841	-0.99979
							0.407546	0.912956	-0.0204574
							0.229612	-14.5025	1.67248
						}
						{VolumeView "stan1a.ply"}
					}
				}
			}
		}
		{bone "visor"
			{Matrix34
				1	1.55032e-005	0
				0	0	1
				1.55032e-005	-1	0
				4.81491	6.89717	23.1636
			}
		}
		{bone "visor2"
			{Matrix34
				1	1.55032e-005	0
				0	0	1
				1.55032e-005	-1	0
				4.81491	-7.59795	23.1636
			}
		}
		{bone "telega"
			{Matrix34
				0.974578	0	0.22405
				-0.22405	0	0.974578
				0	-1	0
				-45.9578	0.0162143	7.89027
			}
			{VolumeView "telega.ply"}
			{bone revolute "wheelleft"
				{parameters "ID=wheelleft;Support=1;Radius=0.03;"}
				{Matrix34
					-0.97451	0.224034	0.011801
					0.22405	0.974578	0
					-0.011501	0.00264374	-0.99993
					-0.00112915	-0.017519	-12.9921
				}
				{VolumeView "wheelleft.ply"}
			}
			{bone revolute "wheelright"
				{parameters "ID=wheelright;Support=1;Radius=0.3;"}
				{Matrix34
					-0.974541	0.224041	0.00870732
					0.22405	0.974578	0
					0.00848599	-0.00195073	0.999962
					-0.00112534	-0.0175209	13.3845
				}
				{VolumeView "wheelright.ply"}
			}
			{bone "link1"
				{Matrix34
					0.974578	-0.22405	-1.54934e-005
					0.22405	0.974578	0
					1.50993e-005	0	1
					-32.5984	0.414305	0.0174208
				}
			}
			{bone "seat1"
				{Matrix34
					-0.990698	-0.135707	-0.0100688
					-0.0112348	0.00782857	0.999906
					-0.135616	0.990718	-0.00928039
					-6.48347	0.161329	6.59141
				}
			}
			{bone "seat2"
				{Matrix34
					-0.999799	-0.0193317	-0.00538498
					-0.00539914	0.000680224	0.999985
					-0.0193278	0.999813	-0.000784461
					-3.23574	0.823288	-6.27684
				}
			}
		}
		{bone "emit1"
			{parameters "Group=crew;"}
			{Position -19.2098	15.3021	0}
		}
		{bone "emit2"
			{parameters "Group=crew;"}
			{Position -19.2098	-14.6417	0}
		}
		{bone "driver1"
			{Position -39.9748	11.4603	0}
		}
		{bone "driver2"
			{Position -39.9748	-11.9644	0}
		}
		{bone "gunner"
			{Position 0.260861	13.9007	0}
		}
		{bone "commander"
			{Position 0.287637	-13.6562	0}
		}
	}
}
{Volume "body"
	{Box 17.464 17.1147 3.84208}
	{Bone "body"}
	{Matrix34
		0.99951	0.00869276	0.0300612
		0.00868882	-0.999962	0.000261427
		-0.0300623	0	0.999548
		-0.0911323	0.0205096	0.793979
	}
}
{Volume "gun"
	{Box 3.34646 3.34646 34.928}
	{Bone "gun"}
	{Matrix34
		0.999969	0.000112837	-0.00785217
		-0.000110981	1	0.000236998
		0.00785238	-0.000236124	0.999969
		-0.118276	0.0311766	18.8062
	}
}
{Volume "telega"
	{Polyhedron "telega.vol"}
	{Bone "telega"}
	{Matrix34
		0.999901	0.0140592	0
		0	0	-1
		-0.0140592	0.999901	0
		-2.65759	-0.350407	0.0914025
	}
}
{Volume "wheelleft"
	{Box 16.1386 3.39046 16.003}
	{Bone "telega"}
	{Matrix34
		0.974578	-0.22405	0
		0	0	-1
		0.22405	0.974578	0
		0.0767329	0.0964851	-12.6536
	}
}
{Volume "wheelright"
	{Box 16.4098 3.6617 15.8674}
	{Bone "telega"}
	{Matrix34
		0.974578	-0.22405	0
		0	0	-1
		0.22405	0.974578	0
		0.0615631	0.0303974	13.064
	}
}
