;Exported by: vic
;Date:        Thu Oct 06 10:17:30 2005
;File:        D:\-Projects-\-3DWork-\Constructions\NEW\S2\e_farm_121_lm_corner2_x.max
{Skeleton
	{bone "add121_f1c2_x"
		{Orientation
			1	0	0
			0	-1	0
			0	0	1
		}
		{bone "piece1"
			{Matrix34
				1	0	0
				0	0	1
				0	-1	0
				-12.0603	26.582	9.02119
			}
			{VolumeView "piece1.ply"}
		}
		{bone "sub_piece6"
			{Position 7.87903	12.4086	52.6936}
			{VolumeView "sub_piece6.ply"}
		}
		{bone "piece8"
			{Position 7.17817	-7.91641	52.6936}
			{VolumeView "piece8.ply"}
		}
		{bone "piece3"
			{Matrix34
				1	0	0
				0	0	1
				0	-1	0
				4.62045	26.582	51.8351
			}
			{VolumeView "piece3.ply"}
		}
		{bone "piece2"
			{Matrix34
				1	0	0
				0	0	1
				0	-1	0
				-13.8483	26.582	49.7803
			}
			{VolumeView "piece2.ply"}
		}
		{bone "sub_piece3"
			{Matrix34
				1	0	0
				0	0	1
				0	-1	0
				11.863	26.582	31.6213
			}
			{VolumeView "sub_piece3.ply"}
		}
		{bone "sub_piece2"
			{Matrix34
				1	0	0
				0	0	1
				0	-1	0
				-17.2756	26.582	28.122
			}
			{VolumeView "sub_piece2.ply"}
		}
		{bone "piece7"
			{Position -11.8529	12.3546	52.6936}
			{VolumeView "piece7.ply"}
		}
		{bone "piece4"
			{Matrix34
				0	-1	0
				0	0	1
				-1	0	0
				-26.5496	13.6586	51.5569
			}
			{VolumeView "piece4.ply"}
		}
		{bone "sub_piece5"
			{Matrix34
				0	-1	0
				0	0	1
				-1	0	0
				-26.5496	-11.7178	52.0275
			}
			{VolumeView "sub_piece5.ply"}
		}
		{bone "sub_piece4"
			{Matrix34
				0	-1	0
				0	0	1
				-1	0	0
				-26.5496	16.2256	25.5997
			}
			{VolumeView "sub_piece4.ply"}
		}
		{bone "piece6"
			{Matrix34
				0	-1	0
				0	0	1
				-1	0	0
				-26.5496	3.39114	8.43463
			}
			{VolumeView "piece6.ply"}
		}
		{bone "sub_piece1"
			{Matrix34
				1	0	0
				0	0	1
				0	-1	0
				9.18909	26.582	9.40403
			}
			{VolumeView "sub_piece1.ply"}
		}
		{bone "piece5"
			{Matrix34
				0	-1	0
				0	0	1
				-1	0	0
				-26.5496	-7.07544	28.6952
			}
			{VolumeView "piece5.ply"}
		}
		{bone "sub_piece7"
			{Matrix34
				-1	0	0
				0	1	0
				0	0	-1
				1.64668	-18.1237	26.2879
			}
			{VolumeView "sub_piece7.ply"}
		}
	}
}
{Volume "sub_piece7"
	{Box 2.95276 2.95276 30.4941}
	{Bone "sub_piece7"}
	{Matrix34
		-1	0	0
		0	1	0
		0	0	-1
		0.0595659	-0.021819	0.198128
	}
}
{Volume "piece5"
	{Box 5.90551 21.4596 17.9171}
	{Bone "piece5"}
	{Matrix34
		0	0	-1
		-0.6486	0.761129	0
		0.761129	0.6486	0
		-0.191449	0.870306	0.00805088
	}
}
{Volume "sub_piece1"
	{Box 5.90551 11.6746 12.1881}
	{Bone "sub_piece1"}
	{Matrix34
		0	0	1
		0.688251	0.725473	0
		-0.725473	0.688251	0
		-0.817274	-0.264152	-0.0434882
	}
}
{Volume "piece6"
	{Box 5.90551 27.8696 10.9921}
	{Bone "piece6"}
	{Matrix34
		0	0	-1
		-1	0	0
		0	1	0
		-0.876578	0.141989	0.00804925
	}
}
{Volume "sub_piece4"
	{Box 5.90551 12.8758 17.9171}
	{Bone "sub_piece4"}
	{Matrix34
		0	0	-1
		-0.966939	-0.255006	0
		-0.255006	0.966939	0
		-0.626353	1.68028	0.00804835
	}
}
{Volume "sub_piece5"
	{Box 5.90551 11.8457 15.9463}
	{Bone "sub_piece5"}
	{Matrix34
		0	0	-1
		-0.709546	-0.704659	0
		-0.704659	0.709546	0
		-0.398503	0.168919	0.00804811
	}
}
{Volume "piece4"
	{Box 5.90551 24.639 16.2668}
	{Bone "piece4"}
	{Matrix34
		0	0	-1
		-0.999201	0.039971	0
		0.039971	0.999201	0
		-0.588874	-0.51194	0.008049
	}
}
{Volume "piece7"
	{Box 15.4055 16.7218 1.37795}
	{Bone "piece7"}
	{Position -0.610112	-0.152682	-0.226543}
}
{Volume "sub_piece2"
	{Box 5.90551 10.3904 13.5595}
	{Bone "sub_piece2"}
	{Matrix34
		0	0	1
		0.996452	-0.0841595	0
		0.0841595	0.996452	0
		0.172378	-0.404492	-0.0434938
	}
}
{Volume "sub_piece3"
	{Box 5.90551 10.3904 16.5359}
	{Bone "sub_piece3"}
	{Matrix34
		0	0	1
		0.999769	0.0214659	0
		-0.0214659	0.999769	0
		-0.416278	-0.503361	-0.0434789
	}
}
{Volume "piece2"
	{Box 5.90551 10.3904 17.0849}
	{Bone "piece2"}
	{Matrix34
		0	0	1
		0.980151	0.198252	0
		-0.198252	0.980151	0
		0.762187	1.24117	-0.0434868
	}
}
{Volume "piece3"
	{Box 5.90551 16.6246 15.3764}
	{Bone "piece3"}
	{Matrix34
		0	0	1
		0.635936	0.771741	0
		-0.771741	0.635936	0
		-0.385491	0.322278	-0.0434897
	}
}
{Volume "piece8"
	{Box 13.6816 19.2869 1.37795}
	{Bone "piece8"}
	{Matrix34
		0.999918	0.0128295	0
		-0.0128295	0.999918	0
		0	0	1
		-0.504233	0.0657661	-0.226543
	}
}
{Volume "sub_piece6"
	{Box 12.7866 13.2102 1.37795}
	{Bone "sub_piece6"}
	{Matrix34
		0.967813	-0.251671	0
		0.251671	0.967813	0
		0	0	1
		-1.12855	0.168427	-0.226543
	}
}
{Volume "piece1"
	{Box 5.90551 19.7874 12.3112}
	{Bone "piece1"}
	{Matrix34
		0	0	1
		0.9988	-0.0489813	0
		0.0489813	0.9988	0
		-0.230837	0.207565	-0.0435021
	}
}
