;Exported by: ubrashaev
;Date:        Sat Jan 28 11:48:10 2006
;File:        D:\-Projects1_5-\-work-\3d\-Model-\-Пушки\203mm_b4\203mmb4_xx.max
{Skeleton
	{bone revolute "basis"
		{Orientation
			1	0	0
			0	-1	0
			0	0	1
		}
		{bone "body"
			{parameters "ID=body;"}
			{Position -15.6848	-0.271861	25.6311}
			{VolumeView "body.ply"}
			{bone "wheelsl"
				{parameters "ID=trackleft;"}
				{Matrix34
					0	0	1
					1	0	0
					0	1	0
					15.3872	15.7201	-10.4977
				}
				{bone revolute "wheell6"
					{parameters "ID=trackleft;WheelRadius=0.8;"}
					{Matrix34
						0	1	0
						-1	0	0
						0	0	-1
						-5.58626	-23.1019	1.91086
					}
					{VolumeView "wheell6.ply"}
				}
			}
			{bone "wheelsr"
				{parameters "ID=trackleft;"}
				{Matrix34
					0	0	1
					1	0	0
					0	1	0
					15.3872	-16.0143	-10.4977
				}
				{bone revolute "wheelr6"
					{parameters "ID=trackright;WheelRadius=0.8;"}
					{Matrix34
						0	1	0
						-1	0	0
						0	0	1
						-5.58626	-23.1019	-1.67272
					}
					{VolumeView "wheelr6.ply"}
				}
			}
			{bone revolute "gun_rot"
				{parameters "ID=gun;"}
				{Matrix34
					0.992368	0.0448648	-0.114856
					0.113487	0.0319703	0.993025
					0.0482238	-0.998481	0.0266348
					13.1987	0.0255647	9.62491
				}
				{VolumeView "gun_rot.ply"}
				{bone "gun"
					{parameters "ID=gun;"}
					{Position -0.165575	0.363018	-0.357136}
					{VolumeView "gun.ply"}
				}
			}
			{bone "part1"
				{Position 24.6981	-19.4308	6.02097}
				{VolumeView "part1.ply"}
			}
			{bone "part2"
				{Position 5.04963	-12.9983	-0.135712}
				{VolumeView "part2.ply"}
			}
			{bone "part3"
				{Position -18.5075	26.7271	0.629669}
				{VolumeView "part3.ply"}
			}
			{bone "part4"
				{Position 26.4879	18.368	3.53378}
				{VolumeView "part4.ply"}
			}
			{bone "part5"
				{Matrix34
					0.998525	-0.0318927	0.0439497
					-0.0459363	-0.0644895	0.996861
					-0.0289583	-0.997409	-0.0658594
					18.965	-4.88835	19.5599
				}
				{VolumeView "part5.ply"}
			}
		}
	}
}
{Volume "body1"
	{Box 82.4498 24.636 10.0661}
	{Bone "body"}
	{Matrix34
		0.994415	0	0.105545
		0	1	0
		-0.105545	0	0.994415
		-54.8881	-0.746943	-15.0455
	}
}
{Volume "body"
	{Box 61.0163 43.498 16.3938}
	{Bone "body"}
	{Position 16.6227	-0.746943	-13.484}
}
{Volume "gun"
	{Cylinder 4.34953 100.689}
	{Bone "gun_rot"}
	{Matrix34
		0	0	-1
		0.0142926	0.999898	0
		0.999898	-0.0142926	0
		33.1083	1.66065	-0.430003
	}
}
{Volume "part1"
	{Box 25.3761 14.7088 5.13323}
	{Bone "part1"}
	{Matrix34
		0.897372	0	0.441274
		0	1	0
		-0.441274	0	0.897372
		12.0241	1.54511	-3.12899
	}
}
{Volume "part2"
	{Box 7.46287 4.82718 7.46286}
	{Bone "part2"}
	{Position 0	0	0}
}
{Volume "part3"
	{Box 6.33014 2.45243 23.1406}
	{Bone "part3"}
	{Matrix34
		1	0	0
		0	0.940468	-0.339882
		0	0.339882	0.940468
		0	-9.31738	-2.9049
	}
}
{Volume "part4"
	{Box 31.0387 16.8345 5.98428}
	{Bone "part4"}
	{Matrix34
		0.866598	0.0949804	0.489884
		0.019239	0.974629	-0.222998
		-0.498636	0.202675	0.842784
		6.91203	-0.867786	-1.58938
	}
}
{Volume "part5"
	{Cylinder 2.28045 51.8398}
	{Bone "part5"}
	{Matrix34
		0.0246765	0	-0.999696
		0	1	0
		0.999695	0	0.0246765
		0.563409	-0.305414	-4.69097
	}
}
