;Exported by: sana
;Date:        Thu Jun 21 14:44:46 2007
;File:        D:\-Project-\-3DWork-\Entourage\Новая папка\fire_build_gals04.max
{Skeleton
	{bone "station_corner2"
		{Orientation
			1	0	0
			0	-1	0
			0	0	1
		}
		{VolumeView "station_corner2.ply"}
		{bone "exterior"
			{Position 2.03501	-3.64455	98.3571}
			{VolumeView "exterior.ply"}
		}
		{bone "window1"
			{Matrix34
				0	-1	0
				1	0	0
				0	0	1
				-4.73238	-47.9696	59.4657
			}
			{VolumeView "window1.ply"}
		}
		{bone "window1_x"
			{Matrix34
				0	-1	0
				1	0	0
				0	0	1
				-4.73238	-46.5394	59.4657
			}
			{VolumeView "window1_x.ply"}
		}
		{bone "beam"
			{Position 12.7438	-26.1464	-0.538173}
			{visibility 0}
		}
	}
}
{Obstacle "body1"
	{Obb2
		{Center 29.6409 1.03114}
		{Extent 4.72951 55.5409}
		{Axis 1 0}
	}
	{Rotate}
	{Tags  "body"}
}
{Obstacle "body2"
	{Obb2
		{Center -3.55285 47.8633}
		{Extent 27.3306 6.05959}
		{Axis 1 0}
	}
	{Rotate}
	{Tags  "body"}
}
{Area "interior"
	{Obb2
		{Center -4.98061 -7.27512}
		{Extent 33.3546 53.051}
		{Axis -1 0}
	}
	{Rotate}
}
{Volume "body1"
	{Box 9.45901 111.082 80.8246}
	{Bone "station_corner2"}
	{Position 29.6409	-1.03114	40.4123}
}
{Volume "body2"
	{Box 54.6611 12.1192 78.8745}
	{Bone "station_corner2"}
	{Position -3.55285	-47.8633	39.4372}
}
{Volume "body3"
	{Box 9.45901 104.417 39.8304}
	{Bone "station_corner2"}
	{Matrix34
		1	0	0
		0	0.927383	0.374112
		0	-0.374112	0.927383
		29.6409	2.24801	80.9977
	}
}
{Volume "hole1"
	{Box 41.8806 28.728 25.959}
	{Bone "station_corner2"}
	{Matrix34
		-1	0	0
		0	0	1
		0	1	0
		-4.92115	-47.32	59.3629
	}
}
{Volume "roof1"
	{Box 66.1034 53.4442 4.53188}
	{Bone "exterior"}
	{Matrix34
		1	0	0
		0	0.929919	0.367764
		0	-0.367764	0.929919
		-0.447447	-22.955	-9.38537
	}
}
{Volume "roof2"
	{Box 38.3069 53.4442 4.53188}
	{Bone "exterior"}
	{Matrix34
		1	0	0
		0	0.929919	0.367764
		0	-0.367764	0.929919
		14.0616	24.2039	8.87525
	}
}
{Volume "window1"
	{Box 41.8806 28.728 8.22382}
	{Bone "window1"}
	{Matrix34
		0	-1	0
		0	0	1
		-1	0	0
		-0.704119	-0.188774	-0.102806
	}
}
