;Exported by: sergienko
;Date:        Thu Jun 19 17:56:24 2008
;File:        D:\-projets1_5\3dwork\anima\construction\vehicle\coaster_ship\coaster_ship02.max
{Skeleton
	{bone revolute "basis"
		{Orientation
			1	0	0
			0	-1	0
			0	0	1
		}
		{bone "piece1"
			{Position -29.011	0	6.98205}
			{VolumeView "piece1.ply"}
		}
		{bone "piece2"
			{Matrix34
				0.651923	-0.193328	0.733226
				0.0775853	0.978885	0.189117
				-0.754306	-0.0664023	0.653157
				5.91897	7.11551	30.7369
			}
			{VolumeView "piece2.ply"}
		}
		{bone "piece3"
			{Matrix34
				1	0	0
				0	0.977947	-0.208855
				0	0.208855	0.977947
				1.3695	22.7302	13.5117
			}
			{VolumeView "piece3.ply"}
		}
		{bone "piece4"
			{Position 5.77079	-0.874084	25.6096}
			{VolumeView "piece4.ply"}
		}
		{bone "piece5"
			{Matrix34
				0.935207	-0.169709	0.310786
				0.121789	0.978283	0.167721
				-0.3325	-0.119003	0.935565
				6.03371	-20.1923	9.96028
			}
			{VolumeView "piece5.ply"}
		}
		{bone "fx_dust1"
		}
		{bone "fx_metall1"
		}
		{bone "fx_metall1a"
		}
	}
}
{Volume "piece1_1"
	{Box 54.1183 14.8982 6.22107}
	{Bone "piece1"}
	{Matrix34
		0.984808	0	0.173648
		0	1	0
		-0.173648	0	0.984808
		-11.2827	0	0.901691
	}
}
{Volume "piece1_2"
	{Box 14.8819 26.3698 7.52749}
	{Bone "piece1"}
	{Position 26.9855	0	6.31886}
}
{Volume "piece1_3"
	{Box 4.9006 15.0308 9.33161}
	{Bone "piece1"}
	{Position 30.4546	0	13.642}
}
{Volume "piece2"
	{Box 24.3765 36.5037 1.95715}
	{Bone "piece2"}
	{Matrix34
		0.396859	0	-0.91788
		0	1	0
		0.91788	0	0.396859
		1.7737	-7.11554	0.0307828
	}
}
{Volume "piece3"
	{Cylinder 9.12595 4.5328}
	{Bone "piece3"}
	{Matrix34
		1	0	0
		0	0	1
		0	-1	0
		-0.0626265	-0.118329	-2.84166
	}
}
{Volume "piece4_1"
	{Box 9.04074 7.35072 7.75559}
	{Bone "piece4"}
	{Position -19.2517	0.874084	-1.24052}
}
{Volume "piece4_2"
	{Box 37.4748 7.35072 3.3349}
	{Bone "piece4"}
	{Position 6.63806	0.874084	-4.29144}
}
{Volume "piece4_3"
	{Cylinder 2.09789 52.2682}
	{Bone "piece4"}
	{Matrix34
		0	0	-1
		0	1	0
		1	0	0
		10.4343	0.894043	-1.05768
	}
}
{Volume "piece5"
	{Cylinder 9.12595 4.5328}
	{Bone "piece5"}
	{Matrix34
		1	0	0
		0	0	1
		0	-1	0
		-4.72684	0.208698	-1.0011
	}
}
