;Exported by: sana
;Date:        Mon May 28 12:09:53 2007
;File:        D:\-Project-\-3DWork-\Entourage\ruins_ru\ruin_ru_141_x.max
{Skeleton
	{bone "ruin_ru_140_1_x"
		{Orientation
			1	0	0
			0	-1	0
			0	0	1
		}
		{bone "piece01"
			{Position -0.101776	21.9348	6.07973}
			{VolumeView "piece01.ply"}
			{bone "sub_piece01"
				{Position -0.000183105	-1.04863	7.31086}
				{VolumeView "sub_piece01.ply"}
			}
		}
		{bone "piece02"
			{Position -0.104004	3.25823	8.1255}
			{VolumeView "piece02.ply"}
		}
		{bone "piece03"
			{Position -0.106445	-18.2265	5.75994}
			{VolumeView "piece03.ply"}
		}
		{bone "piece04"
			{Position -0.110107	2.39475	-11.3565}
			{VolumeView "piece04.ply"}
		}
		{bone "piece05"
			{Position -0.105103	17.5771	-11.3314}
			{VolumeView "piece05.ply"}
		}
	}
}
{Volume "piece01"
	{Box 3.95163 13.5466 11.0835}
	{Bone "piece01"}
	{Matrix34
		1	0	0
		0	0.98846	0.151479
		0	-0.151479	0.98846
		0	0.00940789	-0.133926
	}
}
{Volume "piece02"
	{Box 3.94727 11.6937 11.9179}
	{Bone "piece02"}
	{Matrix34
		1	0	0
		0	0.887595	-0.460625
		0	0.460625	0.887595
		0	-0.7747	-0.850434
	}
}
{Volume "piece03"
	{Box 3.94238 14.2253 12.0342}
	{Bone "piece03"}
	{Matrix34
		1	0	0
		0	0.936258	0.351313
		0	-0.351313	0.936258
		0	0.110983	0.278772
	}
}
{Volume "piece04"
	{Box 3.935 10.1249 14.8023}
	{Bone "piece04"}
	{Matrix34
		1	0	0
		0	0.956581	0.291467
		0	-0.291467	0.956581
		0	0.00290666	0.0986218
	}
}
{Volume "piece05"
	{Box 3.94507 12.5514 11.2878}
	{Bone "piece05"}
}
{Volume "sub_piece01"
	{Box 3.95126 12.3798 7.70817}
	{Bone "sub_piece01"}
	{Matrix34
		1	0	0
		0	0.983079	0.18318
		0	-0.18318	0.983079
		0	-0.428124	0.635972
	}
}
