;Exported by: shevchenko
;Date:        Thu Jul 20 18:58:14 2006
;File:        D:\-Projects1_5-\-3DWork-\bsh\bsh_c90_1_x.max
{Skeleton
	{bone "bsh90_c1_4"
		{Orientation
			1	0	0
			0	-1	0
			0	0	1
		}
		{bone "piece0"
			{Matrix34
				0	1	0
				0	0	1
				1	0	0
				51.0106	-25.1552	-26.8506
			}
			{VolumeView "piece0.ply"}
		}
		{bone "piece1"
			{Matrix34
				0	1	0
				0	0	1
				1	0	0
				51.0106	-15.002	-15.9699
			}
			{VolumeView "piece1.ply"}
		}
		{bone "piece2"
			{Matrix34
				0	1	0
				0	0	1
				1	0	0
				51.0106	6.40429	-12.1925
			}
			{VolumeView "piece2.ply"}
		}
		{bone "piece3"
			{Matrix34
				0	1	0
				0	0	1
				1	0	0
				51.0106	28.7352	-11.1148
			}
			{VolumeView "piece3.ply"}
		}
		{bone "piece4"
			{Matrix34
				0	-1	0
				0	0	1
				-1	0	0
				15.4207	26.4634	1.23038
			}
			{VolumeView "piece4.ply"}
		}
		{bone "piece5"
			{Matrix34
				0	-1	0
				0	0	1
				-1	0	0
				-22.8696	26.6214	3.30017
			}
			{VolumeView "piece5.ply"}
		}
	}
}
{Volume "piece0"
	{Box 9.84252 21.2996 12.4553}
	{Bone "piece0"}
	{Matrix34
		0	0	1
		0.996195	-0.0871559	0
		0.0871559	0.996195	0
		0.542778	-0.950738	1.8161e-005
	}
}
{Volume "piece1"
	{Box 9.84252 10.9316 15.5835}
	{Bone "piece1"}
	{Matrix34
		0	0	1
		1	0	0
		0	1	0
		0	0.414079	1.79295e-005
	}
}
{Volume "piece2"
	{Box 9.84252 22.4372 12.9881}
	{Bone "piece2"}
	{Matrix34
		0	0	1
		0.984808	-0.173648	0
		0.173648	0.984808	0
		0.721364	-0.424305	1.77574e-005
	}
}
{Volume "piece3"
	{Box 9.84253 22.7102 38.6608}
	{Bone "piece3"}
	{Matrix34
		0	0	1
		0.819152	0.573577	0
		-0.573577	0.819152	0
		0.142637	1.42643	0
	}
}
{Volume "piece4"
	{Box 42.5079 2.0436 36.1243}
	{Bone "piece4"}
	{Matrix34
		0	0	-1
		-0.766044	0.642788	0
		0.642788	0.766044	0
		-7.64847	-8.36355	-7.48119
	}
}
{Volume "piece5"
	{Box 23.6433 1.63855 53.0516}
	{Bone "piece5"}
	{Matrix34
		0	0	-1
		-0.766044	0.642788	0
		0.642788	0.766044	0
		-2.69534	-4.36424	5.79766
	}
}
