;Exported by: Ekaterina
;Date:        Wed Jul 30 12:19:12 2008
;File:        D:\-Project-\-3DWork-\WORK\statue2\statue2.max
{Skeleton
	{bone "statue2_down_x"
		{Orientation
			1	0	0
			0	-1	0
			0	0	1
		}
		{bone "piece01"
			{Position 9.21083	-22.2357	19.8673}
			{VolumeView "piece01.ply"}
		}
		{bone "piece02"
			{Position 3.536	-9.70588	20.5001}
			{VolumeView "piece02.ply"}
		}
		{bone "piece03"
			{Position -9.7034	14.918	21.6967}
			{VolumeView "piece03.ply"}
		}
	}
}
{Volume "piece01"
	{Box 11.8616 7.77712 3.18157}
	{Bone "piece01"}
	{Matrix34
		0.957421	-0.288694	0
		0.288694	0.957421	0
		0	0	1
		-1.2775	-1.51344	-0.176753
	}
}
{Volume "piece02"
	{Box 12.0227 10.6017 4.84079}
	{Bone "piece02"}
	{Matrix34
		0.879146	0.476553	0
		-0.476555	0.879144	0
		0	0	1
		-2.28196e-005	0	0
	}
}
{Volume "piece03"
	{Box 11.8153 10.8994 7.37552}
	{Bone "piece03"}
	{Matrix34
		0.857942	0.511019	-0.0528718
		-0.513742	0.853906	-0.083142
		0.00266058	0.0984934	0.995134
		0	0	0
	}
}
