;Exported by: sana
;Date:        Mon Jul 03 10:27:58 2006
;File:        D:\-Project-\-3DWork-\Entourage\e-house3a\farm_construction_x04.max
{Skeleton
	{bone "ch_farm_corner_inner05"
		{Orientation
			1	0	0
			0	-1	0
			0	0	1
		}
		{VolumeView "ch_farm_corner_inner05.ply"}
		{bone "piece01"
			{Position -0.347534	5.25626	96.1833}
			{VolumeView "piece01.ply"}
		}
		{bone "piece02"
			{Position -9.13953	19.8166	89.8905}
			{VolumeView "piece02.ply"}
		}
		{bone "piece03"
			{Position -0.398682	-16.0548	81.1762}
			{VolumeView "piece03.ply"}
		}
		{bone "piece04"
			{Position -0.249878	-9.65039	57.1143}
			{VolumeView "piece04.ply"}
		}
		{bone "piece05"
			{Position -18.5481	27.0898	35.1343}
			{VolumeView "piece05.ply"}
			{bone "sub_piece05"
				{Position 4.63	0	-8.08701}
				{VolumeView "sub_piece05.ply"}
			}
		}
		{bone "piece06"
			{Position 5.09558	27.0898	33.344}
			{VolumeView "piece06.ply"}
			{bone "sub_piece06"
				{Position 5.98816	0	-7.40795}
				{VolumeView "sub_piece06.ply"}
			}
		}
		{bone "piece07"
			{Position 28.0603	27.0898	35.5664}
			{VolumeView "piece07.ply"}
			{bone "sub_piece07"
				{Position -8.02527	0	4.01263}
				{VolumeView "sub_piece07.ply"}
			}
		}
		{bone "piece08"
			{Position -3.36182	27.0898	16.9849}
			{VolumeView "piece08.ply"}
		}
		{bone "piece12"
			{Position -19.3842	-15.9991	46.9699}
			{bone "sub_piece12"
				{Position -3.88501	0	-11.5241}
			}
		}
		{bone "piece11"
			{Position -11.1331	-15.9991	24.5765}
			{bone "sub_piece11"
				{Position 5.23743	0	-3.99685}
			}
		}
		{bone "piece10"
			{Position 3.00928	-15.9991	39.5054}
			{bone "sub_piece10"
				{Position 6.59143	0	-8.94861}
			}
		}
		{bone "piece09"
			{Position 21.5613	-15.9991	47.2318}
			{bone "sub_piece09"
				{Position -9.38513	0	2.40085}
			}
		}
	}
}
{Volume "piece01"
	{Box 2.06892 47.393 3.54331}
	{Bone "piece01"}
	{Matrix34
		1	0	0
		0	0.915252	-0.402883
		0	0.402883	0.915252
		0	-0.207834	-0.00545137
	}
}
{Volume "piece02"
	{Box 52.6507 2.68372 2.61221}
	{Bone "piece02"}
	{Position 0	3.05176e-005	0}
}
{Volume "piece03"
	{Box 2.85962 3.36426 45.5032}
	{Bone "piece03"}
	{Position 0	0	0}
}
{Volume "piece04"
	{Box 2.95276 93.166 2.95276}
	{Bone "piece04"}
	{Position 0	0	0}
}
{Volume "piece05"
	{Box 16.4901 3.93701 17.5939}
	{Bone "piece05"}
	{Matrix34
		0.837704	0	0.546125
		0	1	0
		-0.546125	0	0.837704
		-0.953685	0	1.42923
	}
}
{Volume "piece06"
	{Box 15.1665 3.93701 13.0602}
	{Bone "piece06"}
	{Matrix34
		0.739893	0	-0.672724
		0	1	0
		0.672724	0	0.739893
		-1.17508	0	0.10396
	}
}
{Volume "piece07"
	{Box 13.5812 3.93701 17.9025}
	{Bone "piece07"}
	{Position 0	0	0}
}
{Volume "piece08"
	{Box 13.2109 3.93701 9.3834}
	{Bone "piece08"}
}
{Volume "piece09"
	{Box 13.2701 3.93701 15.4527}
	{Bone "piece09"}
	{Position 0	0	0}
}
{Volume "piece10"
	{Box 17.6659 3.93701 13.7939}
	{Bone "piece10"}
	{Matrix34
		0.957512	0	0.288395
		0	1	0
		-0.288395	0	0.957512
		4.90156e-005	0	0
	}
}
{Volume "piece11"
	{Box 19.1211 3.93701 13.0606}
	{Bone "piece11"}
	{Matrix34
		0.924765	0	0.380539
		0	1	0
		-0.380539	0	0.924765
		-0.107061	0	0.272385
	}
}
{Volume "piece12"
	{Box 16.9369 3.93701 15.6273}
	{Bone "piece12"}
	{Position 0	0	0}
}
{Volume "sub_piece05"
	{Box 13.5812 3.93701 9.46365}
	{Bone "sub_piece05"}
	{Matrix34
		0.839598	0	0.543208
		0	1	0
		-0.543208	0	0.839598
		0.95069	0	-1.46939
	}
}
{Volume "sub_piece06"
	{Box 13.2109 3.93701 8.37839}
	{Bone "sub_piece06"}
	{Matrix34
		0.852041	0	0.523475
		0	1	0
		-0.523475	0	0.852041
		0.61853	0	-1.00673
	}
}
{Volume "sub_piece07"
	{Box 14.322 3.93701 9.63033}
	{Bone "sub_piece07"}
	{Position 0	0	0}
}
{Volume "sub_piece09"
	{Box 11.6113 3.93701 10.651}
	{Bone "sub_piece09"}
}
{Volume "sub_piece10"
	{Box 15.0162 3.93701 8.98877}
	{Bone "sub_piece10"}
	{Matrix34
		0.94593	0	0.324371
		0	1	0
		-0.324371	0	0.94593
		-0.0752188	0	-0.106803
	}
}
{Volume "sub_piece11"
	{Box 11.2621 3.93701 7.51227}
	{Bone "sub_piece11"}
	{Matrix34
		0.941683	0	0.336502
		0	1	0
		-0.336502	0	0.941683
		0.24078	0	-0.673735
	}
}
{Volume "sub_piece12"
	{Box 13.3574 3.93701 8.45272}
	{Bone "sub_piece12"}
	{Matrix34
		0.99039	0	0.138304
		0	1	0
		-0.138304	0	0.99039
		0.0373327	0	-0.267174
	}
}
