;Exported by: kolesnikov
;Date:        Tue Jul 12 13:10:26 2005
;File:        D:\-Project-\-3DWork-\barricade_new_vik.max
{Skeleton
	{bone "barricade1_corner2_x"
		{Orientation
			1	0	0
			0	-1	0
			0	0	1
		}
		{bone "piece6"
			{Matrix34
				0.989625	0	-0.143676
				0	1	0
				0.143676	0	0.989625
				6.88702	-5.47781	0
			}
			{VolumeView "piece6.ply"}
		}
		{bone "piece0"
			{Matrix34
				0.0626656	-0.998034	0.000927959
				0.373527	0.0225913	-0.927344
				0.9255	0.0584593	0.374209
				19.4429	3.62118	9.63215
			}
			{VolumeView "piece0.ply"}
		}
		{bone "piece2"
			{Matrix34
				-0.407447	-0.500887	0.763609
				0.725349	-0.685525	-0.062636
				0.554847	0.528362	0.642634
				10.3477	-18.5819	4.79348
			}
			{VolumeView "piece2.ply"}
		}
		{bone "piece5"
			{Matrix34
				0.726989	0.671449	-0.143676
				-0.678489	0.734611	0
				0.105546	0.0974827	0.989625
				5.04669	5.27086	0
			}
			{VolumeView "piece5.ply"}
		}
		{bone "piece4"
			{Matrix34
				-0.146485	-0.726278	0.671612
				0.846646	0.259081	0.464831
				-0.511599	0.636708	0.576948
				12.2756	17.4924	4.71167
			}
			{VolumeView "piece4.ply"}
		}
		{bone "piece3"
			{Matrix34
				0.436211	0.899225	-0.0333929
				-0.899486	0.436784	0.0120075
				0.0253829	0.0247987	0.99937
				-23.9556	27.6167	3.30673
			}
			{VolumeView "piece3.ply"}
		}
		{bone "piece7"
			{Matrix34
				0.116562	0.99298	0.0201202
				-0.976059	0.110783	0.18718
				0.183637	-0.0414565	0.98212
				12.9154	-0.602605	13.2907
			}
			{VolumeView "piece7.ply"}
		}
		{bone "piece1"
			{Matrix34
				0.916414	0.148068	0.371834
				-0.159504	0.987197	0
				-0.367074	-0.059309	0.928299
				-12.9708	20.9389	7.85893
			}
			{VolumeView "piece1.ply"}
		}
		{bone "fx_metal"
			{Matrix34
				0.563166	0.59957	0.568648
				-0.728888	0.684633	0
				-0.389315	-0.414481	0.822581
				7.09467	12.702	7.88139
			}
		}
	}
}
{Volume "piece1"
	{Cylinder 8.45783 24.6795}
	{Bone "piece1"}
	{Position 0.236193	0.220833	3.82244}
}
{Volume "piece7"
	{Box 8.33584 7.0427 3.85723}
	{Bone "piece7"}
	{Position 0.00617313	-0.448563	0.155678}
}
{Volume "piece3"
	{Box 13.5614 6.4184 3.31271}
	{Bone "piece3"}
	{Position 0	2.07495e-005	1.65636}
}
{Volume "piece4"
	{Cylinder 1.67907 17.4346}
	{Bone "piece4"}
	{Position 1.53988	0.154164	7.69428}
}
{Volume "piece5"
	{Box 1.65979 19.798 15.9935}
	{Bone "piece5"}
	{Position 0	6.32033	7.99676}
}
{Volume "piece2"
	{Cylinder 1.65977 17.4346}
	{Bone "piece2"}
	{Matrix34
		0.999408	0.000593317	0.0344003
		0	0.999851	-0.0172442
		-0.0344054	0.0172341	0.999259
		1.53988	0.35432	7.69079
	}
}
{Volume "piece0"
	{Box 16.2818 9.13706 1.38577}
	{Bone "piece0"}
	{Matrix34
		0.740003	0.672603	0
		-0.672604	0.740003	0
		0	0	1
		1.27374	-1.53779	-1.54226
	}
}
{Volume "piece6"
	{Box 1.65979 17.0519 16.4291}
	{Bone "piece6"}
	{Position 2.188e-005	0	8.21452}
}
