;Exported by: ubrashaev
;Date:        Fri Nov 04 16:50:38 2005
;File:        D:\-Projects1_5-\-work-\3d\-Model-\-TRAIN\platform\1stplatform_newbags.max
{Skeleton
	{bone "basis"
		{parameters "Wheelradius=0.4;"}
		{Orientation
			1	0	0
			0	-1	0
			0	0	1
		}
		{bone "body"
			{parameters "ID=body;"}
			{Matrix34
				0.999997	0	-0.00237997
				0	1	0
				0.00237997	0	0.999997
				5.86072	-2.06409	32.7917
			}
			{VolumeView "body.ply"}
			{bone "attach_vehicle4"
				{Matrix34
					0.999997	0	0.00237974
					0	1	0
					-0.00237974	0	0.999997
					0.0218732	-0.343831	-9.1931
				}
			}
			{bone "link1"
				{Position 109.57	0.419108	-6.94041}
			}
			{bone "link2"
				{Position -108.481	0.419108	-7.45937}
			}
			{bone revolute "attach_vehicle2"
				{Matrix34
					0.573574	-0.819153	0.00136518
					0.81915	0.573577	0.00194956
					-0.00238002	0	0.999997
					50.7687	-19.7622	-8.79209
				}
			}
			{bone revolute "attach_vehicle1"
				{Matrix34
					-0.999989	0	-0.00475993
					0	-1	0
					-0.00475993	0	0.999989
					-70.8526	-1.92797	-9.31572
				}
			}
			{bone "fx_shield1"
				{Matrix34
					-0.0175173	0	0.999847
					0	1	0
					-0.999847	0	-0.0175173
					33.6305	20.2918	1.61865
				}
			}
			{bone "fx_shield2"
				{Matrix34
					-0.0175173	0	0.999847
					0	1	0
					-0.999847	0	-0.0175173
					34.3919	-26.8072	1.63199
				}
			}
			{bone "fx_shield3"
				{Matrix34
					-0.0175173	0	0.999847
					0	1	0
					-0.999847	0	-0.0175173
					64.0653	-26.8072	2.15186
				}
			}
			{bone "fx_shield4"
				{Matrix34
					-0.0175173	0	0.999847
					0	1	0
					-0.999847	0	-0.0175173
					64.6396	20.2918	2.16192
				}
			}
			{bone revolute "attach_vehicle3"
				{Matrix34
					0.422617	0.906308	0.00100565
					-0.906305	0.422618	-0.00215721
					-0.0023801	0	0.999997
					41.3037	18.3257	-8.58371
				}
			}
			{bone "shield"
				{parameters "ID=body;"}
				{Matrix34
					-0.999997	0	-0.00237997
					0	-1	0
					-0.00237997	0	0.999997
					53.0109	-2.99539	-8.62128
				}
				{VolumeView "shield.ply"}
			}
		}
		{bone revolute "pivot_back"
			{parameters "ID=body;"}
			{Matrix34
				0.999847	0.0175168	0
				-0.0175168	0.999847	0
				0	0	1
				-47.5525	-1.63879	9.55853
			}
			{VolumeView "pivot_back.ply"}
			{bone revolute "wheel_r2"
				{parameters "ID=wheelright2;"}
				{Matrix34
					-0.999693	0.0175142	0.0175169
					0.0175142	-0.000306824	0.999847
					0.0175169	0.999847	0
					-0.735454	-16.1214	-0.16096
				}
				{VolumeView "wheel_r2.ply"}
			}
			{bone revolute "wheel_l2"
				{parameters "ID=wheelleft2;"}
				{Matrix34
					0.999693	-0.0175144	0.0175169
					-0.0175142	0.000306825	0.999847
					-0.0175171	-0.999847	0
					-0.193993	14.7845	-0.16096
				}
				{VolumeView "wheel_r2.ply"}
			}
		}
		{bone revolute "pivot_front"
			{parameters "ID=body;"}
			{Matrix34
				0.999847	0.0175168	0
				-0.0175168	0.999847	0
				0	0	1
				46.3939	-1.64498	9.55853
			}
			{VolumeView "pivot_front.ply"}
			{bone revolute "wheel_r1"
				{parameters "ID=wheelright1;"}
				{Matrix34
					-0.999693	0.0175142	0.0175169
					0.0175142	-0.000306824	0.999847
					0.0175169	0.999847	0
					-0.563406	-16.1244	-0.160961
				}
				{VolumeView "wheel_r2.ply"}
			}
			{bone revolute "wheel_l1"
				{parameters "ID=wheelleft1;"}
				{Matrix34
					0.999693	-0.0175144	0.0175169
					-0.0175142	0.000306825	0.999847
					-0.0175171	-0.999847	0
					-0.0219645	14.7815	-0.160961
				}
				{VolumeView "wheel_r2.ply"}
			}
		}
	}
}
{Volume "body1"
	{Box 172.748 59.2057 20.7743}
	{Bone "body"}
	{Matrix34
		0.999996	0	0.00237974
		0	1	0
		-0.00237974	0	0.999996
		-0.683765	-3.33076	-3.7172
	}
}
{Volume "body2"
	{Box 75.9165 15.3886 13.75}
	{Bone "body"}
	{Matrix34
		0.999996	0	0.00237941
		0	1	0
		-0.00237941	0	0.999996
		47.5468	21.9535	3.23639
	}
}
{Volume "body3"
	{Box 90.285 15.3886 13.75}
	{Bone "body"}
	{Matrix34
		0.999996	0	0.00237941
		0	1	0
		-0.00237941	0	0.999996
		46.311	-25.9299	3.38082
	}
}
{Volume "wheelleft1"
	{Cylinder 9.5318 3.87454}
	{Bone "wheel_l1"}
	{Matrix34
		0.999847	-0.0175171	0
		0.0175171	0.999847	0
		0	0	1
		0.0963701	0.0500574	0.54058
	}
}
{Volume "wheelleft2"
	{Cylinder 9.5318 3.6991}
	{Bone "wheel_l2"}
	{Matrix34
		0.999847	-0.0175171	0
		0.0175171	0.999847	0
		0	0	1
		0.362452	0.00646868	-0.276082
	}
}
{Volume "wheelright1"
	{Cylinder 9.5318 3.87454}
	{Bone "wheel_r1"}
	{Matrix34
		-0.999847	0.0175168	0
		0.0175168	0.999847	0
		0	0	-1
		-0.0631258	-0.0716174	0.756161
	}
}
{Volume "wheelright2"
	{Cylinder 9.5318 3.72827}
	{Bone "wheel_r2"}
	{Matrix34
		-0.999847	0.0175166	0
		0.0175166	0.999847	0
		0	0	-1
		-0.208662	0.0554024	0.800305
	}
}
