;Exported by: sana
;Date:        Tue Jan 03 16:01:09 2006
;File:        D:\-Project-\-3DWork-\Entourage\house_euro_104c\house_euro_104c_x.max
{Skeleton
	{bone "104c_corner8"
		{Orientation
			1	0	0
			0	-1	0
			0	0	1
		}
		{bone "piece0"
			{Position 34.3199	21.6806	97.6658}
			{VolumeView "piece0.ply"}
			{bone "sub_piece0"
				{Position -1.29563e-005	-15.1067	-8.29516}
				{VolumeView "sub_piece0.ply"}
			}
		}
		{bone "piece1"
			{Position 34.3199	-29.9112	75.3431}
			{VolumeView "piece1.ply"}
			{bone "sub_piece1"
				{Position -1.14891e-005	16.1857	-10.5882}
				{VolumeView "sub_piece1.ply"}
			}
		}
		{bone "piece2"
			{Position 34.3199	25.255	59.8317}
			{VolumeView "piece2.ply"}
		}
		{bone "piece3"
			{Position -15.0125	0.167581	58.9567}
			{VolumeView "piece3.ply"}
			{bone "sub_piece3"
				{Position 2.50755	-21.4535	0}
				{VolumeView "sub_piece3.ply"}
			}
		}
	}
}
{Volume "piece0"
	{Box 7.00002 37.3621 26.2887}
	{Bone "piece0"}
	{Matrix34
		1	0	0
		0	0.958259	-0.285901
		0	0.285901	0.958259
		0	0.531764	-1.6797
	}
}
{Volume "piece1"
	{Box 7.00001 23.2886 36.3855}
	{Bone "piece1"}
	{Matrix34
		1	0	0
		0	0.971337	-0.237706
		0	0.237706	0.971337
		0	0.783408	-0.7225
	}
}
{Volume "piece2"
	{Box 7.00001 33.3264 26.8414}
	{Bone "piece2"}
	{Matrix34
		1	0	0
		0	0.995968	0.0897133
		0	-0.0897133	0.995968
		0	-2.35651	-0.109863
	}
}
{Volume "piece3"
	{Box 41.9318 41.5139 7}
	{Bone "piece3"}
	{Matrix34
		0.966587	0.256339	0
		-0.256339	0.966587	0
		0	0	1
		0.190247	3.73578	0
	}
}
{Volume "sub_piece0"
	{Box 7 27.9204 16.728}
	{Bone "sub_piece0"}
	{Matrix34
		1	0	0
		0	0.711166	-0.703024
		0	0.703024	0.711166
		0	-2.88831	-0.477283
	}
}
{Volume "sub_piece1"
	{Box 7.00001 15.2955 25.5896}
	{Bone "sub_piece1"}
	{Matrix34
		1	0	0
		0	0.966529	-0.256558
		0	0.256558	0.966529
		0	0.693719	-0.236612
	}
}
{Volume "sub_piece3"
	{Box 31.7986 20.0855 7}
	{Bone "sub_piece3"}
	{Matrix34
		0.938173	0.346165	0
		-0.346165	0.938173	0
		0	0	1
		1.29431	-3.10747	0
	}
}
