;Exported by: sergienko
;Date:        Fri Nov 25 12:24:12 2005
;File:        D:\-projets1_5\3dwork\anima\construction\hangar\hangar2_x.max
{Skeleton
	{bone "air_force_kaserne2_c14"
		{Orientation
			1	0	0
			0	-1	0
			0	0	1
		}
		{bone "fx_wood1"
			{Position -0.693787	2.84735	56.2204}
		}
		{bone "fx_dust1"
			{Position -0.693787	2.84735	65.4477}
		}
		{bone "fx_wood2"
			{Position -0.693787	2.84735	71.4533}
		}
		{bone "piece3"
			{Matrix34
				0	1	0
				0.173648	0	0.984808
				0.984808	0	-0.173648
				-0.692444	8.98584	84.1911
			}
			{VolumeView "piece3.ply"}
		}
		{bone "piece2"
			{Matrix34
				0	-1	0
				-0.258819	0	0.965926
				-0.965926	0	-0.258819
				0.93396	-9.12128	53.5963
			}
			{VolumeView "piece2.ply"}
		}
		{bone "piece1"
			{Matrix34
				0	1	0
				-0.258819	0	0.965926
				0.965926	0	0.258819
				-0.481323	9.20428	22.8765
			}
			{VolumeView "piece1.ply"}
		}
	}
}
{Volume "piece1"
	{Box 45.4417 18.7312 2.14069}
	{Bone "piece1"}
	{Position 1.54192e-005	0	0}
}
{Volume "piece2"
	{Box 42.4609 14.0043 2.14068}
	{Bone "piece2"}
	{Position 0.367866	0	3.75863e-005}
}
{Volume "piece3"
	{Box 45.4417 23.3381 2.14069}
	{Bone "piece3"}
	{Position 1.54385e-005	-1.39046e-005	2.68447e-005}
}
