;Exported by: ubrashaev
;Date:        Fri May 19 18:37:16 2006
;File:        D:\-Projects1_5-\-work-\3d\-entourage\aero\b17_entourage.max
{Skeleton
	{bone "ladder_big2"
		{Orientation
			1	0	0
			0	-1	0
			0	0	1
		}
		{bone "piece01"
			{Position -2.45227	9.37613	10.3208}
			{VolumeView "piece01.ply"}
		}
		{bone "piece02"
			{Position -20.9268	-2.04385	10.3187}
			{VolumeView "piece02.ply"}
		}
		{bone "piece03"
			{Matrix34
				0.999943	0.00573076	-0.00905827
				-0.00599515	0.999549	-0.0294345
				0.0088855	0.0294871	0.999526
				17.1401	-3.89578	9.65261
			}
			{VolumeView "piece03.ply"}
		}
		{bone "piece05"
			{Position -2.10376	-12.2101	4.53513}
			{VolumeView "piece05.ply"}
		}
		{bone "piece06"
			{Position -2.10376	-8.5701	13.3198}
			{VolumeView "piece06.ply"}
		}
		{bone "piece07"
			{Matrix34
				0.996358	0.000614277	0.0852678
				-0.00060221	1	-0.000167235
				-0.0852679	0.000115277	0.996358
				3.03247	-0.0331421	20.8834
			}
			{VolumeView "piece07.ply"}
		}
		{bone "piece08"
			{Matrix34
				0.991839	0.0161281	0.126474
				-0.0393149	0.982317	0.183051
				-0.121285	-0.186529	0.974934
				13.7698	2.08942	16.5267
			}
			{VolumeView "piece08.ply"}
		}
	}
}
{Volume "piece01"
	{Box 38.2154 2.16598 20.7387}
	{Bone "piece01"}
	{Matrix34
		1	0	0
		0	0.905434	0.424488
		0	-0.424488	0.905434
		0	0	0
	}
}
{Volume "piece02"
	{Box 1.31824 15.6634 20.7387}
	{Bone "piece02"}
	{Matrix34
		0.999837	-0.00657509	-0.0168015
		0	0.931231	-0.36443
		0.0180422	0.364371	0.931079
		8.95579e-005	-1.08218	-1.44218
	}
}
{Volume "piece03"
	{Box 1.31824 11.1879 20.7387}
	{Bone "piece03"}
	{Matrix34
		1	0	0
		0	0.979298	-0.202424
		0	0.202424	0.979298
		5.66304e-005	0	0
	}
}
{Volume "piece05"
	{Box 37.5182 1.56134 2.30581}
	{Bone "piece05"}
	{Position 6.10352e-005	0	0}
}
{Volume "piece06"
	{Box 37.5182 1.56134 2.30581}
	{Bone "piece06"}
	{Position 6.10352e-005	0	0}
}
{Volume "piece07"
	{Box 40.9055 15.5502 1.3522}
	{Bone "piece07"}
	{Position -2.84247e-005	1.56393e-005	0}
}
{Volume "piece08"
	{Box 10.7344 12.8148 8.83198}
	{Bone "piece08"}
	{Matrix34
		0.909316	-0.405576	0.0930207
		0.411696	0.909372	-0.0595746
		-0.0604284	0.0924683	0.99388
		-5.47584e-005	-3.25658e-005	0
	}
}
