;Exported by: kolesnikov
;Date:        Thu Jul 28 11:33:27 2005
;File:        D:\-Project-\-3DWork-\control office_remake.max
{Skeleton
	{bone "c04_x"
		{Orientation
			1	0	0
			0	-1	0
			0	0	1
		}
		{bone "piece3"
			{Matrix34
				0	1	0
				-0.939693	0	-0.34202
				-0.34202	0	0.939693
				6.28267	18.5651	16.1266
			}
			{VolumeView "piece3.ply"}
		}
		{bone "piece2"
			{Matrix34
				-1	0	0
				0	-0.939693	-0.34202
				0	-0.34202	0.939693
				23.9355	3.53918	38.1875
			}
			{VolumeView "piece2.ply"}
		}
		{bone "piece1"
			{Matrix34
				-1	0	0
				0	-1	0
				0	0	1
				30.9653	28.7689	0
			}
			{VolumeView "piece1.ply"}
		}
		{bone "piece4"
			{Position -20.8696	16.8421	36.8523}
			{VolumeView "piece4.ply"}
		}
	}
}
{Volume "body2_vol73"
	{Box 23.803 0.323956 22.1981}
	{Bone "piece4"}
	{Matrix34
		-1	0	0
		0	-1	0
		0	0	1
		15.518	0.0887962	0.786809
	}
}
{Volume "body2_vol98"
	{Box 7.70489 0.143981 50.2642}
	{Bone "piece1"}
	{Matrix34
		0.707106	0.707107	0
		-0.707107	0.707106	0
		0	0	1
		4.5091	4.04291	31.235
	}
}
{Volume "body2_vol71"
	{Box 18.1703 5.39927 25.0826}
	{Bone "piece2"}
	{Matrix34
		0	0.984807	0.173648
		-1	0	0
		0	-0.173648	0.984807
		-0.415426	0.888857	3.44405
	}
}
{Volume "body2_vol72"
	{Box 18.1703 5.39927 18.8119}
	{Bone "piece3"}
	{Matrix34
		0	0.984807	0.173648
		-1	0	0
		0	-0.173648	0.984807
		-0.415458	-0.209696	-1.10838
	}
}
