;Exported by: shevchenko
;Date:        Thu Jul 20 18:58:22 2006
;File:        D:\-Projects1_5-\-3DWork-\bsh\bsh_c90_1_x.max
{Skeleton
	{bone "bsh90_c2_5"
		{Orientation
			1	0	0
			0	-1	0
			0	0	1
		}
		{bone "piece0"
			{Matrix34
				0	1	0
				0	0	1
				1	0	0
				29.6332	18.2421	-19.3417
			}
			{VolumeView "piece0.ply"}
		}
		{bone "piece1"
			{Matrix34
				0	0.939693	-0.34202
				0	0.34202	0.939693
				1	0	0
				29.6332	-9.04846	-22.6354
			}
			{VolumeView "piece1.ply"}
		}
		{bone "piece2"
			{Matrix34
				0	1	0
				0	0	1
				1	0	0
				29.6332	-16.1447	-3.50662
			}
			{VolumeView "piece2.ply"}
		}
		{bone "piece3"
			{Matrix34
				0	1	0
				0	0	1
				1	0	0
				29.6332	17.2074	4.63
			}
			{VolumeView "piece3.ply"}
		}
		{bone "piece4"
			{Matrix34
				0	1	0
				0	0	1
				1	0	0
				29.6332	5.99369	20.3859
			}
			{VolumeView "piece4.ply"}
		}
		{bone "piece5"
			{Matrix34
				0	-0.173648	0.984808
				0	0.984808	0.173648
				-1	0	0
				11.1567	-20.0421	-10.5682
			}
			{VolumeView "piece5.ply"}
		}
		{bone "piece7"
			{Matrix34
				0	-0.173648	0.984808
				0	0.984808	0.173648
				-1	0	0
				14.4502	1.59662	15.9596
			}
			{VolumeView "piece7.ply"}
		}
	}
}
{Volume "piece0"
	{Box 9.84252 26.4128 13.4812}
	{Bone "piece0"}
	{Matrix34
		0	0	1
		0.819152	-0.573576	0
		0.573576	0.819152	0
		1.48126	0.564561	1.22377e-005
	}
}
{Volume "piece1"
	{Box 9.84252 25.3207 15.3225}
	{Bone "piece1"}
	{Matrix34
		0	0	1
		0.642788	0.766044	0
		-0.766044	0.642788	0
		1.93682	0.387739	1.59137e-005
	}
}
{Volume "piece2"
	{Box 9.84253 36.0209 16.3111}
	{Bone "piece2"}
	{Matrix34
		0	0	1
		0.707107	0.707107	0
		-0.707107	0.707107	0
		1.90176	-2.58378	-1.83963e-005
	}
}
{Volume "piece3"
	{Box 9.84252 22.306 16.8276}
	{Bone "piece3"}
	{Matrix34
		0	0	1
		1	0	0
		0	1	0
		-1.49447	-1.77121	-1.85338e-005
	}
}
{Volume "piece4"
	{Box 9.84252 14.837 23.3852}
	{Bone "piece4"}
	{Matrix34
		0	0	1
		0.766044	-0.642788	0
		0.642788	0.766044	0
		1.76368	0.168247	-1.68243e-005
	}
}
{Volume "piece5"
	{Box 16.8378 2.00323 23.1209}
	{Bone "piece5"}
	{Matrix34
		0	0	-1
		-0.766044	0.642788	0
		0.642788	0.766044	0
		-1.19181	-0.891664	-4.21235
	}
}
{Volume "piece7"
	{Box 14.9953 2.26232 42.154}
	{Bone "piece7"}
	{Matrix34
		0	0	-1
		-0.766044	0.642788	0
		0.642788	0.766044	0
		-0.308647	0.0795474	-1.23494
	}
}
