;Exported by: garry
;Date:        Fri Aug 04 14:47:05 2006
;File:        D:\-Projects-\-3DWork-\Model\Танки\ISU 152\isu_d.max
{Skeleton
	{bone revolute "01"
		{Orientation
			1	0	0
			0	-1	0
			0	0	1
		}
		{bone "piece1"
			{Matrix34
				0.999503	-0.000120104	-0.0315204
				-0.0018241	0.998096	-0.0616448
				0.0314678	0.0616717	0.9976
				4.49182	-4.02309	14.6657
			}
			{VolumeView "piece1.ply"}
			{bone revolute "sub_piece3"
				{Position -6.53147	-6.14694	-8.51221}
				{VolumeView "sub_piece3.ply"}
			}
			{bone "sub_piece6"
				{Position 11.9584	-6.18076	-7.93008}
				{VolumeView "sub_piece6.ply"}
			}
		}
		{bone "piece2"
			{Matrix34
				0.999503	-0.000120104	-0.0315204
				-0.0018241	0.998096	-0.0616448
				0.0314678	0.0616717	0.9976
				-1.86478	-11.5071	34.8426
			}
			{VolumeView "piece2.ply"}
			{bone "sub_piece4"
				{Position 0.711936	0.419251	-13.0471}
				{VolumeView "sub_piece4.ply"}
			}
		}
		{bone "piece3"
			{Matrix34
				0.999503	-0.000120104	-0.0315204
				-0.0018241	0.998096	-0.0616448
				0.0314678	0.0616717	0.9976
				4.1305	11.7349	47.4441
			}
			{VolumeView "piece3.ply"}
			{bone "sub_piese2"
				{Position 11.7835	-22.2163	1.89003}
				{VolumeView "sub_piese2.ply"}
			}
			{bone "sub_piece1"
				{Position 10.5377	-29.4766	-2.20556}
				{VolumeView "sub_piece1.ply"}
			}
		}
		{bone revolute "piece14"
			{parameters "ID=body;"}
			{Matrix34
				0.999503	-0.000120104	-0.0315203
				-0.0018241	0.998096	-0.0616449
				0.0314677	0.0616717	0.9976
				-13.94	9.90034	5.26969
			}
			{VolumeView "piece14.ply"}
		}
	}
}
{Volume "piece1"
	{Box 24.8653 1.96591 18.2345}
	{Bone "piece1"}
	{Matrix34
		0.999503	-0.00182395	0.031468
		-0.000120262	0.998097	0.0616717
		-0.0315205	-0.0616449	0.997601
		-0.91636	0.00677305	-0.111759
	}
}
{Volume "piece2"
	{Box 35.9615 19.9267 3.05308}
	{Bone "piece2"}
	{Matrix34
		0.999503	-0.00182394	0.0314679
		0.0296608	-0.283442	-0.958531
		0.0106677	0.958988	-0.283246
		0.244487	-0.272758	-0.252771
	}
}
{Volume "piece3"
	{Box 44.8352 42.1978 3.1752}
	{Bone "piece3"}
	{Matrix34
		0.992285	0.0678553	-0.103763
		-0.0517802	0.987262	0.150442
		0.11265	-0.143908	0.983158
		-0.761875	0.209745	-1.3069
	}
}
{Volume "piese14"
	{Polyhedron "piese14.vol"}
	{Bone "piece14"}
	{Matrix34
		0.999503	-0.00182395	0.031468
		-0.000120264	0.998096	0.0616717
		-0.0315205	-0.0616449	0.9976
		47.8362	6.04367	-3.39747
	}
}
{Volume "sub_piece1"
	{Box 2.97865 29.0743 4.40323}
	{Bone "sub_piece1"}
	{Matrix34
		0.99083	0.0759128	0.111769
		-0.125639	0.821961	0.555513
		-0.0496996	-0.564462	0.823962
		1.24244	-0.284067	0.102267
	}
}
{Volume "sub_piece3"
	{Cylinder 6.2668 10.0056}
	{Bone "sub_piece3"}
	{Matrix34
		-0.999503	0.00182434	-0.0314678
		-0.0315204	-0.0616448	0.9976
		-0.00011986	0.998096	0.0616716
		4.4164e-005	-0.358383	-0.0221463
	}
}
{Volume "sub_piece4"
	{Box 54.7813 13.3392 4.27372}
	{Bone "sub_piece4"}
	{Matrix34
		0.999503	-0.00182395	0.031468
		-0.000120262	0.998097	0.0616717
		-0.0315205	-0.0616448	0.9976
		0.0191886	0.0375268	-0.607328
	}
}
{Volume "sub_piece6"
	{Cylinder 6.2668 10.0056}
	{Bone "sub_piece6"}
	{Matrix34
		-0.999503	0.00182434	-0.0314678
		-0.0315204	-0.0616448	0.9976
		-0.000119859	0.998097	0.0616717
		5.47051e-005	-0.440916	-0.027244
	}
}
{Volume "sub_piese2"
	{Box 8.93596 7.04309 6.94156}
	{Bone "sub_piese2"}
	{Matrix34
		0.979663	0.194482	-0.0493773
		-0.133842	0.816715	0.561304
		0.149491	-0.54328	0.826135
		0.149715	0.499746	0.146149
	}
}
