;Exported by: sana
;Date:        Mon Apr 23 19:01:28 2007
;File:        D:\-Project-\-3DWork-\Entourage\School_Ru\School_ru_cut3a_x.max
{Skeleton
	{bone "school_ru_wall2_9_x"
		{Orientation
			1	0	0
			0	-1	0
			0	0	1
		}
		{bone "piece05"
			{Position -4.66483	15.6638	31.8827}
			{VolumeView "piece05.ply"}
			{bone "sub_piece05"
				{Position 0	-9.77121	1.88808}
				{VolumeView "sub_piece05.ply"}
			}
		}
		{bone "piece07"
			{Matrix34
				-0.494232	-0.863985	-0.096252
				0.864175	-0.50032	0.0536793
				-0.0945349	-0.0566484	0.993909
				0.716797	-4.62056	33.0155
			}
			{VolumeView "piece07.ply"}
		}
		{bone "piece06"
			{Position -3.9873	-20.1499	16.256}
			{VolumeView "piece06.ply"}
		}
		{bone "piece03"
			{Matrix34
				0.954619	0	0.297831
				0	1	0
				-0.297831	0	0.954619
				1.48938	-20.2249	-18.9425
			}
			{VolumeView "piece03.ply"}
		}
		{bone "piece08"
			{Position 6.05069	4.00917	46.2837}
			{VolumeView "piece08.ply"}
			{bone "sub_piece08"
				{Position -8.41202	5.28404	0}
				{VolumeView "sub_piece08.ply"}
			}
		}
		{bone "piece04"
			{Position 12.5172	49.3781	54.077}
			{VolumeView "piece04.ply"}
		}
		{bone "piece01"
			{Position 2.57465	-11.676	18.9447}
			{VolumeView "piece01.ply"}
		}
		{bone "piece02"
			{Position -4.66483	7.7343	18.8385}
			{VolumeView "piece02.ply"}
			{bone "sub_piece02"
				{Position 0	-8.78835	-5.45946}
				{VolumeView "sub_piece02.ply"}
			}
		}
	}
}
{Volume "piece01"
	{Box 10.792 4.19436 12.0344}
	{Bone "piece01"}
	{Matrix34
		0.975088	0	0.221819
		0	1	0
		-0.221819	0	0.975088
		0.0724989	0	0.311818
	}
}
{Volume "piece02"
	{Box 3.50085 16.4386 13.1123}
	{Bone "piece02"}
	{Matrix34
		1	0	0
		0	0.933196	0.359369
		0	-0.359369	0.933196
		0	-0.66159	0.422285
	}
}
{Volume "piece03"
	{Box 3.81833 5.28449 41.6535}
	{Bone "piece03"}
	{Position 0	2.44182	0}
}
{Volume "piece04"
	{Box 34.2351 41.4251 2.17877}
	{Bone "piece04"}
	{Matrix34
		0.867531	-0.12225	0.482124
		0.105046	0.992493	0.0626425
		-0.486163	-0.00369895	0.87386
		4.12825	-0.379411	2.84916
	}
}
{Volume "piece05"
	{Box 3.50085 16.083 9.81091}
	{Bone "piece05"}
	{Position 0	0	1.12282}
}
{Volume "piece06"
	{Box 9.30621 5.58157 36.3983}
	{Bone "piece06"}
	{Matrix34
		0.97101	0	0.239038
		0	1	0
		-0.239038	0	0.97101
		1.52406	2.00212	1.39334
	}
}
{Volume "piece07"
	{Box 74.0297 3.39365 3.49643}
	{Bone "piece07"}
	{Position -36.7946	-0.062912	0.199517}
}
{Volume "piece08"
	{Box 28.4972 44.0505 2.06643}
	{Bone "piece08"}
	{Matrix34
		0.906622	-0.408529	-0.105546
		0.421943	0.8778	0.226785
		0	-0.250143	0.968209
		3.62984	-1.82463	0.114188
	}
}
{Volume "sub_piece02"
	{Box 3.50085 13.4868 7.83141}
	{Bone "sub_piece02"}
	{Matrix34
		1	0	0
		0	0.987039	0.160481
		0	-0.160481	0.987039
		0	-0.615952	0.599561
	}
}
{Volume "sub_piece05"
	{Box 3.50085 10.9595 7.63188}
	{Bone "sub_piece05"}
}
{Volume "sub_piece08"
	{Box 20.8805 42.3908 2.55977}
	{Bone "sub_piece08"}
	{Matrix34
		0.895718	0	0.444622
		0	1	0
		-0.444622	0	0.895718
		-0.771375	1.4125	-1.04101
	}
}
