;Exported by: sergienko
;Date:        Fri Jul 14 16:27:26 2006
;File:        D:\-projets1_5\3dwork\anima\construction\house_euro_100c\euro_corner_n_x.max
{Skeleton
	{bone "100_corner8_n_x"
		{Orientation
			1	0	0
			0	-1	0
			0	0	1
		}
		{bone "piece4"
			{Matrix34
				0.642788	0	-0.766044
				0.766044	0	0.642788
				0	-1	0
				22.2993	-21.2473	63.8833
			}
			{VolumeView "piece4.ply"}
		}
		{bone "piece2"
			{Matrix34
				0.707107	0	-0.707107
				0.707107	0	0.707107
				0	-1	0
				3.14435	-20.8223	80.1533
			}
			{VolumeView "piece2.ply"}
		}
		{bone "piece1"
			{Matrix34
				0.939693	0	0.34202
				-0.34202	0	0.939693
				0	-1	0
				-26.0192	-20.8223	63.2515
			}
			{VolumeView "piece1.ply"}
		}
		{bone "piece3"
			{Matrix34
				0.819152	0	-0.573576
				0.573576	0	0.819152
				0	-1	0
				-23.6693	-20.8223	86.1648
			}
			{VolumeView "piece3.ply"}
		}
		{bone "piece10"
			{Matrix34
				1	0	0
				0	0.572863	0.819651
				0	-0.819651	0.572863
				-16.6195	-15.9617	113.277
			}
			{VolumeView "piece10.ply"}
		}
		{bone "piece5"
			{Matrix34
				1	0	0
				0	0.572863	0.819651
				0	-0.819651	0.572863
				12.7286	-15.7632	113.561
			}
			{VolumeView "piece5.ply"}
		}
		{bone "piece7"
			{Matrix34
				1	0	0
				0	0.572863	0.819651
				0	-0.819651	0.572863
				19.7358	-5.03793	128.907
			}
			{VolumeView "piece7.ply"}
		}
		{bone "piece9"
			{Matrix34
				1	0	0
				0	0.572863	0.819651
				0	-0.819651	0.572863
				-9.89493	-0.685875	135.134
			}
			{VolumeView "piece9.ply"}
		}
		{bone "piece6"
			{Matrix34
				1	0	0
				0	0.572863	0.819651
				0	-0.819651	0.572863
				14.6122	9.58002	149.822
			}
			{VolumeView "piece6.ply"}
		}
		{bone "piece8"
			{Matrix34
				1	0	0
				0	0.572863	0.819651
				0	-0.819651	0.572863
				-9.3093	9.30739	149.432
			}
			{VolumeView "piece8.ply"}
		}
	}
}
{Volume "piece10"
	{Box 23.5926 24.7275 1.8214}
	{Bone "piece10"}
	{Position -3.8959	0.417139	0.209848}
}
{Volume "piece1"
	{Box 21.1953 15.0252 5.90551}
	{Bone "piece1"}
	{Matrix34
		0.932409	-0.361405	0
		0.361405	0.932409	0
		0	0	1
		0.487901	0.478894	0
	}
}
{Volume "piece2"
	{Box 18.799 33.1287 5.90551}
	{Bone "piece2"}
	{Matrix34
		0.668938	0.743318	0
		-0.743318	0.668938	0
		0	0	1
		-0.380488	-0.783599	0
	}
}
{Volume "piece3"
	{Box 33.3118 21.0877 5.90551}
	{Bone "piece3"}
	{Matrix34
		0.848347	0.52944	0
		-0.52944	0.848347	0
		0	0	1
		0	0	0
	}
}
{Volume "piece4"
	{Box 23.8351 12.4977 5.90551}
	{Bone "piece4"}
	{Matrix34
		0.619257	0.785188	0
		-0.785188	0.619257	0
		0	0	1
		1.0963	1.27969	0
	}
}
{Volume "piece5"
	{Box 24.7749 17.3859 1.8214}
	{Bone "piece5"}
	{Position -1.68054	-0.589387	0.209842}
}
{Volume "piece6"
	{Box 18.5591 23.4709 1.8214}
	{Bone "piece6"}
	{Position -0.404686	-0.829517	0.209834}
}
{Volume "piece7"
	{Box 25.0857 23.4709 1.8214}
	{Bone "piece7"}
	{Position -1.20969	0.624083	0.209841}
}
{Volume "piece8"
	{Box 21.7518 20.761 1.8214}
	{Bone "piece8"}
	{Position 3.05805	0.926276	0.209837}
}
{Volume "piece9"
	{Box 23.9056 17.4383 1.8214}
	{Bone "piece9"}
	{Position -1.79524	-0.0933104	0.20984}
}
