;Exported by: sana
;Date:        Mon Jul 03 10:28:33 2006
;File:        D:\-Project-\-3DWork-\Entourage\e-house3a\farm_construction_x04.max
{Skeleton
	{bone "ch_farm_corner01"
		{Orientation
			1	0	0
			0	-1	0
			0	0	1
		}
		{VolumeView "ch_farm_corner01.ply"}
		{bone "piece01"
			{Position 31.0933	22.9914	48.7408}
			{VolumeView "piece01.ply"}
			{bone "sub_piece01"
				{Position -0.810669	0	-13.5305}
				{VolumeView "sub_piece01.ply"}
			}
		}
		{bone "piece02"
			{Position -2.88879	22.9914	51.1726}
			{VolumeView "piece02.ply"}
			{bone "sub_piece02"
				{Position 9.91406	0	-8.29286}
				{VolumeView "sub_piece02.ply"}
			}
		}
		{bone "piece03"
			{Position -39.9261	22.9914	51.0479}
			{VolumeView "piece03.ply"}
			{bone "sub_piece03"
				{Position 12.8446	0	-3.86584}
				{VolumeView "sub_piece03.ply"}
			}
		}
		{bone "piece04"
			{Position -10.5581	22.9914	31.9057}
			{VolumeView "piece04.ply"}
			{bone "sub_piece04"
				{Position -3.4917	0	-13.6552}
				{VolumeView "sub_piece04.ply"}
			}
		}
		{bone "piece05"
			{Position 19.4957	22.9914	19.9963}
			{VolumeView "piece05.ply"}
			{bone "sub_piece05"
				{Position -10.9117	0	2.68111}
				{VolumeView "sub_piece05.ply"}
			}
		}
		{bone "piece06"
			{Position -11.4257	4.72699	53.6524}
			{VolumeView "piece06.ply"}
			{bone "sub_piece06"
				{Position 0	-3.74814	-5.64438}
				{VolumeView "sub_piece06.ply"}
			}
		}
		{bone "piece07"
			{Position -11.4257	-15.5855	44.9179}
			{VolumeView "piece07.ply"}
			{bone "sub_piece07"
				{Position 0	-2.91064	-13.0049}
				{VolumeView "sub_piece07.ply"}
			}
		}
		{bone "piece08"
			{Position -11.4257	7.57568	35.4455}
			{VolumeView "piece08.ply"}
			{bone "sub_piece08"
				{Position 0	-3.46796	-6.87401}
				{VolumeView "sub_piece08.ply"}
			}
		}
		{bone "piece09"
			{Position 6.6615	-13.8843	56.3529}
			{VolumeView "piece09.ply"}
		}
		{bone "piece10"
			{Position 27.0494	-67.1176	95.1021}
			{VolumeView "piece10.ply"}
		}
		{bone "piece11"
			{Position -22.448	-22.9307	78.8131}
			{VolumeView "piece11.ply"}
		}
		{bone "piece12"
			{Position 10.5951	20.6882	62.9234}
			{VolumeView "piece12.ply"}
		}
		{bone "fx_wood2"
			{Position 33.8815	10.8349	10.6276}
		}
		{bone "fx_wood1"
			{Position 4.85535	10.8349	10.6276}
		}
	}
}
{Volume "piece01"
	{Box 20.0376 7.87402 20.3269}
	{Bone "piece01"}
	{Matrix34
		0.95467	0	-0.297664
		0	1	0
		0.297664	0	0.95467
		0.0881479	0	0.358618
	}
}
{Volume "piece02"
	{Box 28.308 7.87402 15.214}
	{Bone "piece02"}
	{Position 0	0	0}
}
{Volume "piece03"
	{Box 20.8257 7.87402 15.9622}
	{Bone "piece03"}
	{Position 0	0	0}
}
{Volume "piece04"
	{Box 25.4198 7.87402 16.3363}
	{Bone "piece04"}
	{Position -1.10492	0	0}
}
{Volume "piece05"
	{Box 14.5206 7.87402 16.9249}
	{Bone "piece05"}
	{Matrix34
		0.527885	0	0.849316
		0	1	0
		-0.849316	0	0.527885
		-0.181699	0	-0.776427
	}
}
{Volume "piece06"
	{Box 3.93701 17.2161 10.1563}
	{Bone "piece06"}
	{Position 0	0	-1.04982e-005}
}
{Volume "piece07"
	{Box 3.93701 15.9267 19.7081}
	{Bone "piece07"}
	{Matrix34
		1	0	0
		0	0.817647	-0.575719
		0	0.575719	0.817647
		0	0.757825	-0.236438
	}
}
{Volume "piece08"
	{Box 3.93701 14.9322 13.3641}
	{Bone "piece08"}
	{Matrix34
		1	0	0
		0	0.846906	-0.531743
		0	0.531743	0.846906
		0	0.671286	1.05615
	}
}
{Volume "piece09"
	{Box 116.271 2.95276 2.95276}
	{Bone "piece09"}
}
{Volume "piece10"
	{Box 76.3975 38.7595 2.75591}
	{Bone "piece10"}
	{Matrix34
		1	0	0
		0	0.970148	-0.242513
		0	0.242513	0.970148
		0	-0.464963	1.50969
	}
}
{Volume "piece11"
	{Box 35.5154 54.3122 2.75591}
	{Bone "piece11"}
	{Matrix34
		1	0	0
		0	0.92448	-0.38123
		0	0.38123	0.92448
		0	0.688471	1.2395
	}
}
{Volume "piece12"
	{Box 109.532 32.948 2.75591}
	{Bone "piece12"}
	{Matrix34
		1	0	0
		0	0.933244	-0.359244
		0	0.359244	0.933244
		0	0.334912	-0.179377
	}
}
{Volume "sub_piece01"
	{Box 18.0273 7.87402 10.2657}
	{Bone "sub_piece01"}
	{Matrix34
		0.96801	0	0.250909
		0	1	0
		-0.250909	0	0.96801
		0.335202	0	-0.80666
	}
}
{Volume "sub_piece02"
	{Box 17.6682 7.87402 10.7658}
	{Bone "sub_piece02"}
	{Matrix34
		0.91558	0	0.402137
		0	1	0
		-0.402137	0	0.91558
		0.514637	0	-0.861958
	}
}
{Volume "sub_piece03"
	{Box 13.0491 7.87402 11.8719}
	{Bone "sub_piece03"}
	{Matrix34
		0.457482	0	0.889219
		0	1	0
		-0.889219	0	0.457482
		0.46421	0	-0.24314
	}
}
{Volume "sub_piece04"
	{Box 15.4634 7.87402 10.974}
	{Bone "sub_piece04"}
}
{Volume "sub_piece05"
	{Box 11.8469 7.87402 12.3458}
	{Bone "sub_piece05"}
	{Matrix34
		0.992027	0	-0.126025
		0	1	0
		0.126025	0	0.992027
		0	0	-1.15586e-005
	}
}
{Volume "sub_piece06"
	{Box 3.93701 11.6425 9.01058}
	{Bone "sub_piece06"}
	{Matrix34
		1	0	0
		0	0.888072	-0.459705
		0	0.459705	0.888072
		0	-0.248755	-0.712742
	}
}
{Volume "sub_piece07"
	{Box 3.93701 12.138 8.54612}
	{Bone "sub_piece07"}
	{Position 0	0	-1.04982e-005}
}
{Volume "sub_piece08"
	{Box 3.93701 13.5004 8.29717}
	{Bone "sub_piece08"}
	{Matrix34
		1	0	0
		0	0.860285	-0.509813
		0	0.509813	0.860285
		0	-0.631753	-1.06606
	}
}
