;Exported by: shevchenko
;Date:        Mon Oct 03 14:42:05 2005
;File:        D:\-Projects1_5-\-3DWork-\e_farm_120_x.max
{Skeleton
	{bone "120_f1w15"
		{Orientation
			1	0	0
			0	-1	0
			0	0	1
		}
		{bone "piece3"
			{Matrix34
				-1	0	0
				0	0	1
				0	1	0
				-29.3798	-6.10352e-005	26.2068
			}
			{VolumeView "piece3.ply"}
		}
		{bone "piece2"
			{Matrix34
				-1	0	0
				0	0	1
				0	1	0
				-9.43913	-4.57764e-005	23.4888
			}
			{VolumeView "piece2.ply"}
		}
		{bone "piece0"
			{Matrix34
				-1	0	0
				0	0	1
				0	1	0
				29.7951	-4.57764e-005	27.304
			}
			{VolumeView "piece0.ply"}
		}
		{bone "piece1"
			{Matrix34
				-1	0	0
				0	0	1
				0	1	0
				15.5014	-4.57764e-005	13.1078
			}
			{VolumeView "piece1.ply"}
		}
	}
}
{Volume "piece1"
	{Box 22.1648 5.90552 16.1014}
	{Bone "piece1"}
	{Matrix34
		-0.994832	-0.10153	0
		0	0	1
		-0.10153	0.994832	0
		0.0159483	-1.70143	0
	}
}
{Volume "piece0"
	{Box 16.2176 5.90552 14.8872}
	{Bone "piece0"}
	{Matrix34
		-1	0	0
		0	0	1
		0	1	0
		0	-0.173029	0
	}
}
{Volume "piece2"
	{Box 19.7047 5.90552 21.9181}
	{Bone "piece2"}
	{Matrix34
		-0.981026	-0.193875	0
		0	0	1
		-0.193875	0.981026	0
		-0.383517	0.0575172	0
	}
}
{Volume "piece3"
	{Box 12.9249 5.90552 15.4142}
	{Bone "piece3"}
	{Matrix34
		-0.935246	0.353999	0
		0	0	1
		0.353999	0.935246	0
		0.0342645	0.50846	0
	}
}
