;Exported by: sana
;Date:        Mon May 07 14:56:26 2007
;File:        D:\-Project-\-3DWork-\Entourage\send11\.src\house_ru3room01b.max
{Skeleton
	{bone "hr3r_tube_x"
		{Orientation
			1	0	0
			0	-1	0
			0	0	1
		}
		{bone "piece3"
			{Matrix34
				0	-1	0
				0.786542	0	0.617537
				-0.617537	0	0.786542
				-19.9991	-0.773824	-8.85487
			}
			{VolumeView "piece3.ply"}
		}
		{bone "piece1"
			{Matrix34
				0	1	0
				-0.786542	0	0.617537
				0.617537	0	0.786542
				26.9478	-0.876044	-14.3105
			}
			{VolumeView "piece1.ply"}
		}
		{bone "piece2"
			{Matrix34
				1	0	0
				0	0.757253	0.653121
				0	-0.653121	0.757253
				10.7059	-44.8246	-13.8077
			}
			{VolumeView "piece2.ply"}
		}
	}
}
{Volume "piece1"
	{Box 49.2497 48.6895 1.9685}
	{Bone "piece1"}
	{Matrix34
		1	0	0
		0	-1	0
		0	0	-1
		-1.51382	0.837341	-0.984252
	}
}
{Volume "piece2"
	{Box 32.7267 32.1693 1.9685}
	{Bone "piece2"}
	{Matrix34
		1	0	0
		0	-1	0
		0	0	-1
		2.68604	-1.8485	-0.984206
	}
}
{Volume "piece3"
	{Box 24.6176 30.6604 1.9685}
	{Bone "piece3"}
	{Matrix34
		1	0	0
		0	-1	0
		0	0	-1
		-1.30322	-1.22388	-0.984252
	}
}
