;Exported by: sana
;Date:        Tue Jul 24 12:19:53 2007
;File:        D:\-Project-\-3DWork-\Entourage\School_Ru\School_ru_cut3a_x01.max
{Skeleton
	{bone "school_ru_wall1_1_x"
		{Orientation
			1	0	0
			0	-1	0
			0	0	1
		}
		{bone "sub_piece03"
			{Position 10.0918	8.23547	-13.8991}
			{VolumeView "sub_piece03.ply"}
		}
		{bone "sub_piece02"
			{Position 15.5426	8.23547	-1.0687}
			{VolumeView "sub_piece02.ply"}
		}
		{bone "sub_piece01"
			{Position 15.5426	8.23547	-22.6204}
			{VolumeView "sub_piece01.ply"}
		}
		{bone "fx_wood1"
			{Matrix34
				-0.133237	-0.354551	0.925495
				0.991056	-0.0547288	0.121709
				0.00749919	0.933434	0.358671
				14.117	8.43177	-13.2282
			}
		}
		{bone "piece07"
			{Position 7.68042	8.59117	33.2175}
			{VolumeView "piece07.ply"}
			{bone "sub_piece07"
				{Position 3.68954	0	-7.54306}
				{VolumeView "sub_piece07.ply"}
			}
		}
		{bone "sub_piece05"
			{Position -14.1181	8.59117	26.7915}
			{VolumeView "sub_piece05.ply"}
		}
		{bone "sub_piece06"
			{Position 0.725494	8.59117	-1.73456}
			{VolumeView "sub_piece06.ply"}
		}
		{bone "piece04"
			{Position -4.16474	8.59117	-26.2653}
			{VolumeView "piece04.ply"}
			{bone "sub_piece04"
				{Position -6.43214	0	-7.0374}
				{VolumeView "sub_piece04.ply"}
			}
		}
	}
}
{Volume "piece04"
	{Box 10.4823 7.5854 16.2296}
	{Bone "piece04"}
	{Position 1.52588e-005	0	0}
}
{Volume "piece07"
	{Box 18.5005 7.5854 15.5992}
	{Bone "piece07"}
	{Matrix34
		0.933603	0	0.35831
		0	1	0
		-0.35831	0	0.933603
		-1.91129	0	1.3321
	}
}
{Volume "sub_piece01"
	{Box 4.0856 2.5 17.7781}
	{Bone "sub_piece01"}
	{Matrix34
		0.997758	0	-0.0669247
		0	1	0
		0.0669247	0	0.997758
		0	0	0
	}
}
{Volume "sub_piece02"
	{Box 4.28015 2.5 17.6103}
	{Bone "sub_piece02"}
	{Matrix34
		0.996507	0	-0.083505
		0	1	0
		0.083505	0	0.996507
		0	0	0
	}
}
{Volume "sub_piece03"
	{Box 4.17617 2.5 20.4615}
	{Bone "sub_piece03"}
	{Matrix34
		0.993082	0	0.117423
		0	1	0
		-0.117423	0	0.993082
		0	0	0
	}
}
{Volume "sub_piece04"
	{Box 14.7461 7.5854 9.05908}
	{Bone "sub_piece04"}
	{Position 0	0	0.517471}
}
{Volume "sub_piece05"
	{Box 14.1588 7.5854 21.5199}
	{Bone "sub_piece05"}
	{Position 0	0	-0.56631}
}
{Volume "sub_piece06"
	{Box 9.7182 7.5854 21.1502}
	{Bone "sub_piece06"}
	{Position 0	0	0}
}
{Volume "sub_piece07"
	{Box 14.3862 7.5854 11.6681}
	{Bone "sub_piece07"}
	{Position 0	0	-0.795551}
}
