;Exported by: Normand
;Date:        Mon Jul 02 19:51:07 2012
;File:        C:\Users\Normand\lorraine.max
{Skeleton
	{animation
		{sequence "start"}
		{sequence "stop"}
		{sequence "open_driver" {resume}}
		{sequence "close_driver" {resume}}
		{sequence "hit"}
		{sequence "fire"}
	}
	{bone revolute "basis"
		{parameters "Wheelradius=0.4;"}
		{limits 0 0}
		{Orientation
			1	0	0
			0	-1	0
			0	0	1
		}
				{bone "visor144"
					{Matrix34
						0.979925	110.199368	0
						-0.199368	0.979925	0
						0	0	1
						25.682715	6.52132	22.799
					}
				}				
				{bone "visor188"
					{Matrix34
						0.979925	-110.199368	0
						-0.199368	0.979925	0
						0	0	1
						25.682715	6.52132	22.799
					}
				}		
		{bone "emit0"
			{Matrix34
				-0.00452611	-0.99999	0
				0.999987	-0.0045261	0.00215384
				-0.00215383	0	0.999998
				25.1915	20.5356	0.0627843
			}
		}
		{bone "emit1"
			{Matrix34
				1	-0.000833034	0
				0.000833036	0.999997	0.00215384
				0	-0.00215384	0.999998
				-61.2637	-0.0833236	0.0187203
			}
		}
		{bone "emit2"
			{Matrix34
				-0.00387755	0.999992	0
				-0.99999	-0.00387754	0.00215384
				0.00215382	1.01246e-005	0.999998
				25.0537	-20.6815	-0.0258115
			}
		}
		{bone "wheelsl"
			{parameters "ID=trackleft;"}
			{Matrix34
				0.00218443	-0.999995	-0.00213718
				-0.99999	-0.00217599	-0.00394167
				-0.003937	-0.00214577	0.99999
				22.0283	12.879	10.037
			}
			{VolumeView "wheelsl.ply"}
			{bone revolute "wheell16"
				{parameters "ID=trackleft;"}
				{Matrix34
					-0.0112492	0.999813	0.0157569
					0.00548713	-0.0156959	0.999862
					-0.999922	-0.0113341	0.00530954
					0.994474	50.0049	-4.88236
				}
				{VolumeView "wheell11.ply"}
			}
			{bone revolute "wheell15"
				{parameters "ID=trackleft;"}
				{Matrix34
					-0.0112492	0.999813	0.0157569
					0.00548713	-0.0156959	0.999862
					-0.999922	-0.0113341	0.00530954
					1.02676	39.3455	-4.92433
				}
				{VolumeView "wheell11.ply"}
			}
			{bone revolute "wheell14"
				{parameters "ID=trackleft;"}
				{Matrix34
					-0.0112492	0.999813	0.0157569
					0.00548713	-0.0156959	0.999862
					-0.999922	-0.0113341	0.00530954
					1.05801	29.0299	-4.96494
				}
				{VolumeView "wheell11.ply"}
			}
			{bone revolute "wheell13"
				{parameters "ID=trackleft;"}
				{Matrix34
					0.0657581	0.99769	0.0170108
					0.0864414	-0.0226794	0.995999
					-0.994084	0.0640245	0.0877331
					1.09114	18.1302	-5.16796
				}
				{VolumeView "wheell11.ply"}
			}
			{bone revolute "wheell12"
				{parameters "ID=trackleft;"}
				{Matrix34
					-0.0112492	0.999813	0.0157569
					0.00548713	-0.0156959	0.999862
					-0.999922	-0.0113341	0.00530954
					1.12243	7.8028	-5.04851
				}
				{VolumeView "wheell11.ply"}
			}
			{bone revolute "wheell11"
				{parameters "ID=trackleft;"}
				{Matrix34
					-0.0112492	0.999813	0.0157569
					0.00548713	-0.0156959	0.999862
					-0.999922	-0.0113341	0.00530954
					1.15492	-2.90658	-5.09067
				}
				{VolumeView "wheell11.ply"}
			}
			{bone "fxtracel1"
				{Matrix34
					0.00301708	-0.999988	-0.00393676
					-0.999995	-0.00301713	0
					1.67964e-005	-0.00393672	0.999992
					0.0799551	-2.80106	-10.0435
				}
			}
			{bone "trackl"
				{parameters "ID=trackleft;"}
				{Matrix34
					0.00301676	-0.999988	-0.00393661
					0	-0.00393662	0.999992
					0.999995	0.00301674	1.15195e-005
					-0.0854607	22.8575	-0.416163
				}
				{VolumeView "trackl.ply"}
			}
		}
		{bone "wheelsr"
			{parameters "ID=trackright;"}
			{Matrix34
				0.00385004	0.99999	0.00213957
				-0.999985	0.00385842	-0.00392864
				-0.00393686	-0.00212441	0.99999
				22.0069	-12.8415	9.98201
			}
			{VolumeView "wheelsr.ply"}
			{bone "fxtracer1"
				{Matrix34
					0.00301724	-0.999988	-0.00393686
					0.999995	0.00301715	2.63718e-005
					-1.44928e-005	-0.00393692	0.999992
					-0.0327759	-2.74217	-10.0437
				}
			}
			{bone revolute "wheelr16"
				{parameters "ID=trackright;"}
				{Matrix34
					-0.0112497	0.999812	0.0157572
					0.00548699	-0.0156963	0.999862
					-0.999922	-0.0113346	0.00530939
					0.959721	50.01	-4.88235
				}
				{VolumeView "wheelr11.ply"}
			}
			{bone revolute "wheelr15"
				{parameters "ID=trackright;"}
				{Matrix34
					-0.0112497	0.999812	0.0157572
					0.00548699	-0.0156963	0.999862
					-0.999922	-0.0113346	0.00530939
					0.991628	39.3534	-4.9243
				}
				{VolumeView "wheelr11.ply"}
			}
			{bone revolute "wheelr14"
				{parameters "ID=trackright;"}
				{Matrix34
					-0.0112497	0.999812	0.0157572
					0.00548699	-0.0156963	0.999862
					-0.999922	-0.0113346	0.00530939
					1.02269	29.0173	-4.96499
				}
				{VolumeView "wheelr11.ply"}
			}
			{bone revolute "wheelr13"
				{parameters "ID=trackright;"}
				{Matrix34
					-0.0112497	0.999812	0.0157572
					0.00548699	-0.0156963	0.999862
					-0.999922	-0.0113346	0.00530939
					1.05496	18.2615	-5.00734
				}
				{VolumeView "wheelr11.ply"}
			}
			{bone revolute "wheelr12"
				{parameters "ID=trackright;"}
				{Matrix34
					-0.0112497	0.999812	0.0157572
					0.00548699	-0.0156963	0.999862
					-0.999922	-0.0113346	0.00530939
					1.08636	7.80441	-5.04851
				}
				{VolumeView "wheelr11.ply"}
			}
			{bone revolute "wheelr11"
				{parameters "ID=trackright;"}
				{Matrix34
					-0.0112497	0.999812	0.0157572
					0.00548699	-0.0156963	0.999862
					-0.999922	-0.0113346	0.00530939
					1.1185	-2.90669	-5.09068
				}
				{VolumeView "wheelr11.ply"}
			}
			{bone "trackr"
				{parameters "ID=trackright;"}
				{Matrix34
					0.00301723	-0.999988	-0.0039368
					0	-0.00393681	0.999992
					-0.999995	-0.00301722	0
					-0.151317	22.8573	-0.416163
				}
				{VolumeView "trackr.ply"}
			}
		}
		{bone "body"
			{parameters "ID=body;"}
			{animation
				{sequence "repair" {file "body_r.anm"} {speed 0.6}}
			}
			{Matrix34
				0.999998	0.00171259	-1.0939e-005
				-0.00171266	0.999998	0.000854363
				1.23986e-005	-0.00085432	1
				-0.109549	0.246821	10.4936
			}
			{VolumeView "body.ply"}
			{bone revolute "wheell1"
				{parameters "ID=trackleft;"}
				{Matrix34
					-0.999964	0.00217859	0.00815541
					0.00814976	-0.00258638	0.999964
					-0.00219944	-0.999994	-0.00256858
					36.3946	12.5979	0.269011
				}
				{VolumeView "wheell1.ply"}
			}
			{bone revolute "wheell2"
				{parameters "ID=trackleft;"}
				{Matrix34
					-0.999997	0.00219988	0
					0	-0.00262796	0.999997
					0.00219972	0.999994	0.00262801
					-39.6722	12.1014	0.606747
				}
				{VolumeView "wheell2.ply"}
			}
			{bone "detail1"
				{parameters "ID=body;"}
				{Matrix34
					-0.00254543	-0.999996	-0.00128394
					0.197615	-0.00176163	0.980278
					-0.980276	0.0022417	0.197619
					36.2416	-19.1748	5.35812
				}
				{VolumeView "detail1.ply"}
			}
			{bone revolute "wheell20"
				{parameters "ID=trackleft;"}
				{Matrix34
					-0.999998	0.0022011	0
					0	-0.00259076	0.999997
					0.00220088	0.999994	0.00259081
					-32.0935	11.7701	3.71956
				}
				{VolumeView "wheell17.ply"}
			}
			{bone revolute "wheell17"
				{parameters "ID=trackleft;"}
				{Matrix34
					-0.999998	0.0022011	0
					0	-0.00259076	0.999997
					0.00220088	0.999994	0.00259081
					30.1519	11.6113	3.98033
				}
				{VolumeView "wheell17.ply"}
			}
			{bone revolute "wheell19"
				{parameters "ID=trackleft;"}
				{Matrix34
					-0.999998	0.00220107	0
					0	-0.00259791	0.999997
					0.0022009	0.999994	0.00259797
					-11.7956	11.573	3.22662
				}
				{VolumeView "wheell18.ply"}
			}
			{bone revolute "wheell18"
				{parameters "ID=trackleft;"}
				{Matrix34
					-0.999998	0.00220107	0
					0	-0.00259791	0.999997
					0.0022009	0.999994	0.00259797
					9.43536	11.5184	3.22662
				}
				{VolumeView "wheell18.ply"}
			}
			{bone revolute "wheelr19"
				{parameters "ID=trackright;"}
				{Matrix34
					-0.999996	0.00288953	0
					0	3.05295e-005	1
					-0.00288938	-0.999996	3.04811e-005
					-11.85	-12.117	3.16504
				}
				{VolumeView "wheelr18.ply"}
			}
			{bone revolute "wheelr20"
				{parameters "ID=trackleft;"}
				{Matrix34
					-0.999996	0.00288953	0
					0	2.38536e-005	1
					-0.00288938	-0.999996	2.38061e-005
					-32.1454	-12.1053	3.68631
				}
				{VolumeView "wheelr17.ply"}
			}
			{bone revolute "wheelr2"
				{parameters "ID=trackright;"}
				{Matrix34
					-0.999996	0.00289114	0
					0	6.1047e-005	1
					-0.00289098	-0.999996	6.09991e-005
					-39.7344	-12.3136	0.575399
				}
				{VolumeView "wheelr2.ply"}
			}
			{bone revolute "wheelr17"
				{parameters "ID=trackright;"}
				{Matrix34
					-0.999996	0.00288953	0
					0	2.38536e-005	1
					-0.00288938	-0.999996	2.38061e-005
					30.0911	-12.2784	3.94966
				}
				{VolumeView "wheelr17.ply"}
			}
			{bone revolute "wheelr18"
				{parameters "ID=trackright;"}
				{Matrix34
					-0.999996	0.00288953	0
					0	3.05295e-005	1
					-0.00288938	-0.999996	3.04811e-005
					9.38319	-12.1784	3.16504
				}
				{VolumeView "wheelr18.ply"}
			}
			{bone revolute "wheelr1"
				{parameters "CommonMesh;ID=trackright;"}
				{Matrix34
					-0.999963	0.00289121	0.00815669
					0.00815665	-2.32774e-005	0.999967
					0.00289111	0.999996	0
					36.3377	-13.2709	0.202577
				}
				{VolumeView "wheelr1.ply"}
			}
			{bone "door_front"
				{parameters "ID=body;"}
				{Matrix34
					0.992558	-0.0104639	-0.12132
					0.121263	-0.00596395	0.992603
					-0.0111099	-0.999927	-0.00465072
					30.7348	-0.501899	6.38587
				}
				{VolumeView "door_front.ply"}
			}
			{bone "door_front1"
				{parameters "ID=body;"}
				{Matrix34
					0.999969	-0.00275852	0.0074283
					-0.00743024	-0.000693232	0.999972
					-0.00275309	-0.999996	-0.000713754
					18.5414	-0.380954	12.4353
				}
				{VolumeView "door_front1.ply"}
			}
			{bone "fxsmoke2"
				{Matrix34
					0.999996	-0.00254592	-0.00129938
					0.00254576	0.999997	1.48054e-005
					0.00129934	-1.80665e-005	0.999999
					-0.891079	15.5096	8.76344
				}
			}
			{bone "headr"
				{parameters "ID=body;"}
				{Matrix34
					0.00254487	0.999996	0.00128462
					0.0223351	-0.0013411	0.99975
					0.999747	-0.00251576	-0.0223385
					27.4856	-12.8663	8.40339
				}
				{VolumeView "headr.ply"}
				{bone "headlightr"
					{Matrix34
						0	0	1
						0	1	0
						-1	0	0
						0.00643063	-0.00543213	1.83363
					}
				}
			}
			{bone "visor2"
				{Matrix34
					0.999996	-0.00254589	-0.00129938
					0.00254579	0.999997	1.71901e-005
					0.00129933	-2.045e-005	0.999999
					20.8269	8.32302	10.5971
				}
			}
			{bone "engine"
				{parameters "ID=engine;"}
				{animation
					{sequence "repair" {file "engine_r.anm"} {speed 0.8}}
				}
				{Position 0	0	0}
				{VolumeView "engine.ply"}
				{bone "engine_hutch1"
					{parameters "ID=engine;"}
					{Matrix34
						0.999997	-0.00254591	1.14407e-005
						0	0.0072078	0.999974
						-0.00254575	-0.999971	0.00720773
						9.76073	7.72265	13.1845
					}
					{VolumeView "engine_hutch1.ply"}
				}
				{bone "engine_hutch2"
					{parameters "ID=engine;"}
					{Matrix34
						0.999997	-0.00254592	1.14407e-005
						0	0.00484703	0.999988
						-0.00254577	-0.999985	0.00484696
						9.70514	-6.94561	13.1655
					}
					{VolumeView "engine_hutch2.ply"}
				}
				{bone "door_engine"
					{parameters "ID=engine;"}
					{Matrix34
						0.00387173	-0.999942	0.00998824
						0.00212455	0.00999632	0.999948
						-0.99999	-0.00384999	0.00216283
						1.39658	-14.6775	6.6043
					}
					{VolumeView "door_engine.ply"}
				}
				{bone "engine_ex"
					{parameters "ID=engine;"}
					{Position 0	0	0}
					{VolumeView "engine_ex.ply"}
				}
			}
			{bone "detail3"
				{parameters "ID=detail3;"}
				{Matrix34
					-0.0292972	-0.998037	0.0553509
					0.985304	-0.0195127	0.169689
					-0.168276	0.0595091	0.983942
					-46.3072	-2.72073	12.3761
				}
				{VolumeView "detail3.ply"}
			}
			{bone "detail2"
				{parameters "ID=detail2;"}
				{Matrix34
					-0.602665	-0.791262	0.103434
					0.770561	-0.610787	-0.182141
					0.207302	-0.0300642	0.977815
					-45.5903	4.30306	11.5502
				}
				{VolumeView "detail2.ply"}
			}
			{bone "gunner"
				{Matrix34
					0.99998	0.00618071	-0.00129938
					-0.00618088	0.999981	1.48056e-005
					0.00129944	0	0.999999
					-30.3976	6.22613	5.22768
				}
			}
			{bone "charger"
				{Matrix34
					0.999996	-0.00254597	-0.00129938
					0.0025458	0.999997	1.48054e-005
					0.00129934	-1.80665e-005	0.999999
					-31.2332	-6.66316	5.1568
				}
			}
			{bone "body_back"
				{parameters "ID=body_back;"}
				{Matrix34
					0.999997	-0.00254587	1.14409e-005
					0.00254577	0.999996	0.00128403
					-1.47167e-005	-0.00128397	0.999999
					-30.5005	-0.231203	14.3886
				}
				{VolumeView "body_back.ply"}
				{bone "label"
					{parameters "ID=body;"}
					{Matrix34
						1	0	-1.54133e-005
						1.54064e-005	0	1
						0	1	0
						22.1369	-14.853	-4.20547
					}
					{VolumeView "label.ply"}
				}
				{bone "body_gun"
					{parameters "ID=body;"}
					{Matrix34
						0.999995	0.00116849	0.00298548
						-0.00117605	0.999996	0.00244617
						-0.0029826	-0.00244965	0.999993
						20.9692	0.505366	2.01833
					}
					{VolumeView "body_gun.ply"}
					{bone revolute "turret"
						{parameters "ID=turret;"}
						{animation
							{sequence "repair" {file "gun_r.anm"} {speed 0.8}}
						}
						{limits -25 25}
						{speed 0.006}
						{Matrix34
							0.999946	-0.00608247	0.00846139
							0.00602265	0.999957	0.00701715
							-0.00850367	-0.0069658	0.99994
							-0.375235	-0.56051	1.42702
						}
						{VolumeView "turret.ply"}
						{bone revolute "gun_rot"
							{parameters "ID=gun;"}
							{limits -7 18}
							{speed 0.006}
							{Matrix34
								0.999558	0.00351121	-0.029513
								0.0294716	0.0113057	0.999502
								0.00384364	-0.99993	0.0111972
								0.10976	0.0351477	2.22287
							}
							{VolumeView "gun_rot.ply"}
							{bone "gun"
								{parameters "ID=gun;"}
								{animation
									{sequence "repair" {file "gun_r.anm"} {speed 0.8}}
								}
								{Matrix34
									-0.0310652	0.999497	0.00637142
									-0.00172922	-0.00642826	0.999978
									0.999516	0.0310536	0.00192856
									0.91393	-0.00527382	0.0249996
								}
								{VolumeView "gun.ply"}
								{bone "gun_c"
									{parameters "ID=gun;"}
									{Matrix34
										-0.0148318	0.999834	-0.0105917
										0.00839018	0.0107175	0.999907
										0.999855	0.0147415	-0.00854773
										-0.149685	-1.90466	-5.7734
									}
									{VolumeView "gun_c.ply"}
								}
								{bone "fx_invers"
									{Matrix34
										0.0135828	0.00182168	-0.999906
										0.999898	-0.00444103	0.0135746
										-0.0044158	-0.999988	-0.00188229
										-0.0616302	-0.0358186	-6.22585
									}
								}
								{bone "foresight1"
									{Matrix34
										-0.013583	-0.00182164	0.999906
										0.999898	-0.00444596	0.0135748
										0.00442073	0.999988	0.00188227
										-0.0352364	-0.110027	33.1432
									}
								}
							}
							{bone "visor1"
								{Matrix34
									0.999847	0.0174873	0
									-0.0174873	0.999845	0.00194654
									2.45714e-005	-0.00194633	0.999998
									10.862	3.80206	-0.0182616
								}
							}
						}
					}
				}
			}
			{bone "detail5"
				{parameters "ID=detail5;"}
				{Matrix34
					0.00254549	0.999996	0.00128414
					-1.4909e-005	-0.00128408	0.999999
					0.999997	-0.00254561	1.16354e-005
					35.9193	12.0271	10.2531
				}
				{VolumeView "detail5.ply"}
			}
		}
		{bone "link2"
			{Matrix34
				-1	0.000834942	0
				0	-0.00213607	0.999998
				-0.000834944	-0.999997	-0.00213607
				-44.7094	-0.162278	9.17067
			}
		}
	}
}
{Volume "body2"
	{Polyhedron "body2.vol"}
	{Bone "body_back"}
	{Matrix34
		1	-1.57312e-005	0
		0	0	1
		-1.57378e-005	-1	0
		6.05273	15.095	-3.97073
	}
}
{Volume "body"
	{Box 77.5 20.6 10.5}
	{Bone "body"}
	{Matrix34
		0.999997	-0.00254585	1.14399e-005
		0.00254578	0.999996	0.00128404
		-1.47167e-005	-0.00128397	0.999999
		-2.09153	-0.278286	0.554551
	}
}
{Volume "body_vol2"
	{Polyhedron "body_vol2.vol"}
	{Bone "body"}
	{Matrix34
		0.999997	-0.00254596	1.14405e-005
		0.0025457	0.999996	0.00128404
		-1.47162e-005	-0.00128396	0.999999
		28.4351	-0.198776	5.30072
	}
}
{Volume "ram"
	{Polyhedron "ram.vol"}
	{Bone "body"}
	{Matrix34
		0.999997	-0.00254596	1.14405e-005
		0.0025457	0.999996	0.00128404
		-1.47162e-005	-0.00128396	0.999999
		28.4351	-0.198776	5.30072
	}
}
{Volume "engine"
	{Polyhedron "engine.vol"}
	{Bone "engine"}
	{Matrix34
		0.999997	-0.00254588	1.14427e-005
		0.00254577	0.999996	0.00128393
		-1.47136e-005	-0.00128385	0.999999
		5.601	-0.320248	6.07018
	}
}
{Volume "gun"
	{Cylinder 2 60}
	{Bone "gun"}
	{Matrix34
		-0.0045976	-0.999985	-0.00301665
		0.999926	-0.00463127	0.0112372
		-0.011251	-0.00296503	0.999932
		0.155833	-0.0202932	17.0605
	}
}
{Volume "turret"
	{Polyhedron "turret.vol"}
	{Bone "turret"}
	{Matrix34
		0.999941	0.00484242	-0.0097045
		0.00965832	0.0094727	0.999909
		0.00493408	-0.999943	0.00942537
		4.6454	13.4759	4.24337
	}
}
{Volume "trackleft"
	{Box 86 15.5 4.5}
	{Bone "wheelsl"}
	{Matrix34
		0.00303297	-0.999987	-0.00393661
		0	-0.00393662	0.999992
		0.999995	0.00303295	1.05656e-005
		-0.176048	23.894	-2.00362
	}
}
{Volume "trackright"
	{Box 86 15.5 4.5}
	{Bone "wheelsr"}
	{Matrix34
		0.00300111	-0.999988	-0.00393685
		0	-0.00393686	0.999992
		-0.999995	-0.00300109	-1.09794e-005
		-0.202072	23.8624	-1.96026
	}
}
