;Exported by: gals
;Date:        Fri Aug 05 12:50:31 2005
;File:        D:\-Projects1_5-\-3DWork-\tramway\tramway_gals02_b_x.max
{Skeleton
	{bone "basis"
		{Orientation
			1	0	0
			0	-1	0
			0	0	1
		}
		{bone "piece0"
			{Matrix34
				1	0	0
				0	0.0871559	0.996195
				0	-0.996195	0.0871559
				-1.99447	35.6805	24.6957
			}
			{VolumeView "piece0.ply"}
			{bone "fx_smoke1"
				{Matrix34
					1	0	0
					0	0.087156	-0.996195
					0	0.996195	0.087156
					-31.6877	2.43632	12.9043
				}
			}
		}
		{bone "piece1"
			{Matrix34
				1	0	0
				0	0.0871559	0.996195
				0	-0.996195	0.0871559
				-1.99447	35.6805	24.6957
			}
			{VolumeView "piece1.ply"}
			{bone "fx_smoke2"
				{Matrix34
					1	0	0
					0	0.087156	-0.996195
					0	0.996195	0.087156
					76.7814	2.22137	14.7872
				}
			}
		}
		{bone "fx_exp1"
			{Position 0.0635939	26.136	3.64385}
		}
	}
}
{Volume "piece1b"
	{Box 93.4421 50.9553 9.72783}
	{Bone "piece1"}
	{Position 51.1678	-0.367663	8.87607}
}
{Volume "piece1a"
	{Box 65.7555 50.9553 51.8659}
	{Bone "piece1"}
	{Position 65.0717	-0.367663	39.474}
}
{Volume "piece0b"
	{Box 65.7555 50.9553 51.8659}
	{Bone "piece0"}
	{Position -60.8029	-0.367661	39.474}
}
{Volume "piece0a"
	{Box 90.3658 50.9553 9.72783}
	{Bone "piece0"}
	{Position -46.9074	-0.367663	8.87607}
}
