;Exported by: shevchenko
;Date:        Thu Jun 29 12:52:48 2006
;File:        D:\-Projects1_5-\-3DWork-\bsh\bsh_c135-a1_x.max
{Skeleton
	{bone "bsh135_int1_2"
		{Orientation
			1	0	0
			0	-1	0
			0	0	1
		}
		{bone "piece0"
			{Matrix34
				0.707106	-0.707107	0
				0	0	-1
				0.707107	0.707106	0
				-14.4826	8.16109	6.5524
			}
			{VolumeView "piece0.ply"}
		}
		{bone "piece2"
			{Matrix34
				0.707107	-0.707106	0
				-0.0616283	-0.0616284	0.996195
				-0.704415	-0.704417	-0.0871556
				9.33407	-16.0102	-2.27165
			}
			{VolumeView "piece2.ply"}
		}
		{bone "piece1"
			{Matrix34
				0.707107	-0.707106	0
				-0.0616283	-0.0616284	0.996195
				-0.704415	-0.704417	-0.0871556
				9.63993	-15.8911	16.7107
			}
			{VolumeView "piece1.ply"}
		}
	}
}
{Volume "piece0"
	{Box 12.7007 24.6168 9.84252}
	{Bone "piece0"}
	{Matrix34
		0.988561	-0.150824	0
		0.150824	0.98856	0
		0	0	1
		-1.03446	0.0914813	0
	}
}
{Volume "piece1"
	{Box 17.5645 13.6501 9.84252}
	{Bone "piece1"}
	{Matrix34
		0.902792	0.430077	0
		-0.430076	0.902793	0
		0	0	1
		0.963861	-0.212106	1.04904e-005
	}
}
{Volume "piece2"
	{Box 17.5645 13.6501 9.84252}
	{Bone "piece2"}
	{Matrix34
		0.902792	0.430077	0
		-0.430076	0.902793	0
		0	0	1
		0.963862	-0.212106	1.04904e-005
	}
}
