;Exported by: sana
;Date:        Fri Jun 23 12:00:15 2006
;File:        D:\-Project-\-3DWork-\Entourage\catholic_church\Catholic_church03_x01.max
{Skeleton
	{bone "catholic_cut11"
		{Orientation
			1	0	0
			0	-1	0
			0	0	1
		}
		{bone "exterior"
			{Position -20.4389	-30.8189	23.3268}
		}
		{bone "piece02"
			{Position -20.4389	-30.8189	23.3268}
			{VolumeView "piece02.ply"}
		}
		{bone "piece01"
			{Position -20.431	-30.8267	23.3224}
			{VolumeView "piece01.ply"}
		}
		{bone "piece03"
			{Position -5.29334	-0.86452	34.3217}
			{VolumeView "piece03.ply"}
			{bone "sub_piece03"
				{Position 4.47125	0	-8.22488}
				{VolumeView "sub_piece03.ply"}
			}
		}
		{bone "piece04"
			{Position 26.447	-1.92079	24.1096}
			{VolumeView "piece04.ply"}
		}
		{bone "piece05"
			{Position 7.8996	-1.92079	13.0695}
			{VolumeView "piece05.ply"}
			{bone "sub_piece05"
				{Position -6.73447	0	-3.91925}
				{VolumeView "sub_piece05.ply"}
			}
		}
		{bone "piece06"
			{Position -21.6327	-1.92079	-6.14023}
			{VolumeView "piece06.ply"}
			{bone "sub_piece06"
				{Position 7.94889	0	2.48402}
				{VolumeView "sub_piece06.ply"}
			}
		}
		{bone "piece07"
			{VolumeView "piece07.ply"}
		}
	}
}
{Volume "piece01"
	{Box 3.93701 50.9624 32.9716}
	{Bone "piece01"}
	{Matrix34
		0.789797	0	-0.613369
		0	1	0
		0.613369	0	0.789797
		-7.77353	-1.54469	-10.0616
	}
}
{Volume "piece02"
	{Box 3.93701 49.6426 25.9863}
	{Bone "piece02"}
	{Matrix34
		0.776156	0	-0.630541
		0	1	0
		0.630541	0	0.776156
		10.6353	-1.58712	12.7701
	}
}
{Volume "piece03"
	{Box 19.4306 9.84253 20.2034}
	{Bone "piece03"}
	{Position 0	0	0}
}
{Volume "piece04"
	{Box 15.125 9.84251 14.7938}
	{Bone "piece04"}
	{Matrix34
		0.970913	0	0.239434
		0	1	0
		-0.239434	0	0.970913
		0	0	-1.29611e-005
	}
}
{Volume "piece05"
	{Box 12.9214 9.84253 15.9331}
	{Bone "piece05"}
	{Matrix34
		0.915784	0	0.40167
		0	1	0
		-0.40167	0	0.915784
		0.846354	0	-0.502099
	}
}
{Volume "piece06"
	{Box 11.3669 9.84253 16.8119}
	{Bone "piece06"}
	{Matrix34
		0.910195	0	0.41418
		0	1	0
		-0.41418	0	0.910195
		-0.924099	0	0.135321
	}
}
{Volume "piece07"
	{Box 5.28913 3.82808 68.4077}
	{Bone "piece07"}
	{Matrix34
		0.792202	0	-0.610259
		0	1	0
		0.610259	0	0.792202
		-14.0531	-9.68549	27.1113
	}
}
{Volume "sub_piece03"
	{Box 13.3585 9.84253 10.5985}
	{Bone "sub_piece03"}
	{Position 0	0	0}
}
{Volume "sub_piece05"
	{Box 6.70687 9.84253 11.7544}
	{Bone "sub_piece05"}
	{Matrix34
		0.917994	0	0.396594
		0	1	0
		-0.396594	0	0.917994
		-0.65083	0	-0.825917
	}
}
{Volume "sub_piece06"
	{Box 8.84093 9.84253 13.3585}
	{Bone "sub_piece06"}
	{Matrix34
		0.92095	0	0.389682
		0	1	0
		-0.389682	0	0.92095
		0.40779	0	0.895237
	}
}
