;Exported by: sana
;Date:        Wed Mar 29 18:37:52 2006
;File:        D:\-Project-\-3DWork-\Entourage\greenhouse.max
{Skeleton
	{bone "greenhous_corner6"
		{Orientation
			1	0	0
			0	-1	0
			0	0	1
		}
		{VolumeView "greenhous_corner6.ply"}
		{bone "window1"
			{Matrix34
				1	0	0
				0	0.866025	0.5
				0	-0.5	0.866025
				84.5004	-2.33474	55.4569
			}
			{VolumeView "window1.ply"}
			{bone "fx_glass1"
				{Matrix34
					0	0	-1
					1	0	0
					0	-1	0
					-96.5541	7.72531	-5.82182
				}
			}
		}
		{bone "window2"
			{Matrix34
				1	0	0
				0	0.866025	0.5
				0	-0.5	0.866025
				84.5004	-2.33474	55.4569
			}
			{VolumeView "window2.ply"}
			{bone "fx_glass2"
				{Matrix34
					0	0	-1
					1	0	0
					0	-1	0
					-58.3862	7.7253	-5.82182
				}
			}
		}
		{bone "window3"
			{Matrix34
				1	0	0
				0	0.866025	0.5
				0	-0.5	0.866025
				84.5004	-2.33474	55.4569
			}
			{VolumeView "window3.ply"}
			{bone "fx_glass3"
				{Matrix34
					0	0	-1
					1	0	0
					0	-1	0
					-96.5541	-14.4838	-5.87751
				}
			}
		}
		{bone "window4"
			{Matrix34
				1	0	0
				0	0	1
				0	-1	0
				-12.6174	-25.9122	26.3695
			}
			{VolumeView "window4.ply"}
			{bone "fx_glass4"
				{Matrix34
					0	0	1
					1	0	0
					0	1	0
					0.563797	1.43598	-13.7797
				}
			}
		}
		{bone "window5"
			{Matrix34
				1	0	0
				0	0	1
				0	-1	0
				-12.6174	-25.9122	26.3695
			}
			{VolumeView "window5.ply"}
			{bone "fx_glass5"
				{Matrix34
					0	0	1
					1	0	0
					0	1	0
					38.7317	1.43598	-13.7797
				}
			}
		}
		{bone "window6"
			{Matrix34
				1	0	0
				0	0	1
				0	-1	0
				-31.5414	-9.89291	26.3695
			}
			{VolumeView "window6.ply"}
			{bone "fx_glass6"
				{Matrix34
					-1	0	0
					0	0	1
					0	1	0
					-5.64874	0.62196	-1.42555
				}
			}
		}
		{bone "window7"
			{Matrix34
				-0.866025	0.5	0
				-0.5	-0.866025	0
				0	0	1
				-38.9684	-0.729164	28.4286
			}
			{VolumeView "window7.ply"}
			{bone "fx_glass7"
				{Matrix34
					0.996195	-0.0871557	0
					0.0871557	0.996195	0
					0	0	1
					8.14705	-0.618668	-1.43709
				}
			}
		}
		{bone "window1_x"
			{Matrix34
				1	0	0
				0	0.866025	0.5
				0	-0.5	0.866025
				84.5004	-2.12268	55.234
			}
			{visibility 0}
			{VolumeView "window1_x.ply"}
		}
		{bone "window2_x"
			{Matrix34
				1	0	0
				0	0.866025	0.5
				0	-0.5	0.866025
				84.5004	-2.12268	55.234
			}
			{visibility 0}
			{VolumeView "window2_x.ply"}
		}
		{bone "window3_x"
			{Matrix34
				1	0	0
				0	0.866025	0.5
				0	-0.5	0.866025
				84.5004	-2.12268	55.234
			}
			{visibility 0}
			{VolumeView "window3_x.ply"}
		}
		{bone "window4_x"
			{Matrix34
				1	0	0
				0	0	1
				0	-1	0
				-12.6174	-25.6918	26.3695
			}
			{visibility 0}
			{VolumeView "window4_x.ply"}
		}
		{bone "window5_x"
			{Matrix34
				1	0	0
				0	0	1
				0	-1	0
				-12.6174	-25.6918	26.3695
			}
			{visibility 0}
			{VolumeView "window5_x.ply"}
		}
		{bone "window6_x"
			{Matrix34
				1	0	0
				0	0	1
				0	-1	0
				-31.2735	-9.89291	26.3695
			}
			{visibility 0}
			{VolumeView "window6_x.ply"}
		}
		{bone "window7_x"
			{Matrix34
				-0.866025	0.5	0
				-0.5	-0.866025	0
				0	0	1
				-39.115	-0.677879	28.4286
			}
			{visibility 0}
			{VolumeView "window7_x.ply"}
		}
	}
}
{Obstacle "body1"
	{Obb2
		{Center 6.86306 25.6106}
		{Extent 39.2795 2.62972}
		{Axis 1 0}
	}
	{Rotate}
	{Tags  "body"}
}
{Obstacle "body2"
	{Obb2
		{Center -31.1822 9.35476}
		{Extent 2.62972 18.2296}
		{Axis 1 0}
	}
	{Rotate}
	{Tags  "body"}
}
{Obstacle "body4"
	{Obb2
		{Center -38.6549 0.284912}
		{Extent 1.23935 12.761}
		{Axis 0.866158 0.49977}
	}
	{Rotate}
	{Tags  "body"}
}
{Volume "body1"
	{Box 78.5589 5.25943 42.9581}
	{Bone "greenhous_corner6"}
	{Matrix34
		-1	0	0
		0	-1	0
		0	0	1
		6.86306	-25.6106	21.4791
	}
}
{Volume "body2"
	{Box 36.4592 5.25943 42.9581}
	{Bone "greenhous_corner6"}
	{Matrix34
		0	-1	0
		1	0	0
		0	0	1
		-31.1822	-9.35476	21.4791
	}
}
{Volume "body3"
	{Box 78.5589 2.41934 56.7047}
	{Bone "greenhous_corner6"}
	{Matrix34
		-1	0	0
		0	-0.5	0.866026
		0	0.866026	0.5
		6.86306	-1.82703	56.4199
	}
}
{Volume "body4"
	{Box 25.5214 2.47193 39.5215}
	{Bone "greenhous_corner6"}
	{Matrix34
		0.5	0.866026	0
		-0.866026	0.5	0
		0	0	1
		-38.6549	-0.284914	19.7607
	}
}
{Volume "fire1"
	{Box 3.11762 2.36816 27.9738}
	{Bone "greenhous_corner6"}
	{Position -31.1792	-25.5535	27.2055}
}
{Volume "fire2"
	{Box 3.11762 2.36816 27.9738}
	{Bone "greenhous_corner6"}
	{Position 6.41792	-25.6902	27.2055}
}
{Volume "fire3"
	{Box 3.64762 3.36279 47.147}
	{Bone "greenhous_corner6"}
	{Position -31.6266	6.82976	36.7921}
}
{Volume "fire4"
	{Box 3.64762 3.36279 55.6253}
	{Bone "greenhous_corner6"}
	{Matrix34
		1	0	0
		0	0	1
		0	-1	0
		-31.0617	1.64741	41.0804
	}
}
{Volume "fire5"
	{Box 3.64762 2.59877 49.9638}
	{Bone "greenhous_corner6"}
	{Matrix34
		1	0	0
		0	0.5	-0.866026
		0	0.866026	0.5
		-31.3694	-4.30611	54.9216
	}
}
{Volume "fire6"
	{Box 2.00619 2.59877 50.6835}
	{Bone "greenhous_corner6"}
	{Matrix34
		-1	0	0
		0	-0.5	0.866026
		0	0.866026	0.5
		6.09273	-4.39727	54.5971
	}
}
{Volume "fire7"
	{Box 3.64762 3.36279 74.7752}
	{Bone "greenhous_corner6"}
	{Matrix34
		0	0	1
		0	1	0
		-1	0	0
		6.20826	-25.547	41.2715
	}
}
{Volume "fire8"
	{Box 2.15939 1.51326 72.434}
	{Bone "greenhous_corner6"}
	{Matrix34
		0	0	1
		0	1	0
		-1	0	0
		6.81387	-1.61973	56.344
	}
}
{Volume "hole1"
	{Box 14.6244 26.0806 34.9629}
	{Bone "greenhous_corner6"}
	{Matrix34
		0	-1	0
		0	0	1
		-1	0	0
		-11.6449	-28.7777	26.3851
	}
}
{Volume "hole2"
	{Box 14.6244 26.0806 34.9629}
	{Bone "greenhous_corner6"}
	{Matrix34
		0	-1	0
		0	0	1
		-1	0	0
		25.2431	-28.7777	26.3851
	}
}
{Volume "hole3"
	{Box 14.6244 26.0676 29.7185}
	{Bone "greenhous_corner6"}
	{Matrix34
		1	0	0
		0	0	1
		0	-1	0
		-29.6499	-9.33235	26.3851
	}
}
{Volume "hole4"
	{Box 14.6244 26.0806 34.9629}
	{Bone "greenhous_corner6"}
	{Matrix34
		0	-0.5	0.866026
		0	0.866026	0.5
		-1	0	0
		-11.645	-14.9147	52.8414
	}
}
{Volume "hole5"
	{Box 11.8205 18.652 20.2184}
	{Bone "greenhous_corner6"}
	{Matrix34
		-0.866025	0.5	0
		0	0	1
		0.5	0.866025	0
		-38.868	-0.427483	28.4688
	}
}
{Volume "hole6"
	{Box 14.6244 23.2611 34.6133}
	{Bone "greenhous_corner6"}
	{Matrix34
		0	-0.5	0.866026
		0	0.866026	0.5
		-1	0	0
		-11.4701	7.73844	65.9227
	}
}
{Volume "hole7"
	{Box 14.6244 23.2611 34.6133}
	{Bone "greenhous_corner6"}
	{Matrix34
		0	-0.5	0.866026
		0	0.866026	0.5
		-1	0	0
		24.9151	7.73845	65.9227
	}
}
{Volume "window1"
	{Box 5.90551 35.0151 23.5409}
	{Bone "window1"}
	{Matrix34
		0	0	1
		1	0	0
		0	1	0
		-96.4984	14.1203	0.699322
	}
}
{Volume "window2"
	{Box 5.90551 35.0151 23.4861}
	{Bone "window2"}
	{Matrix34
		0	0	1
		1	0	0
		0	1	0
		-59.2818	14.0929	0.699307
	}
}
{Volume "window3"
	{Box 5.90551 35.0151 26.0957}
	{Bone "window3"}
	{Matrix34
		0	0	1
		1	0	0
		0	1	0
		-96.4984	-12.5171	0.693398
	}
}
{Volume "window4"
	{Box 5.90551 35.0151 26.0957}
	{Bone "window4"}
	{Matrix34
		0	0	1
		1	0	0
		0	1	0
		0.619493	-0.00812864	-0.427938
	}
}
{Volume "window5"
	{Box 5.90551 35.0151 26.0957}
	{Bone "window5"}
	{Matrix34
		0	0	1
		1	0	0
		0	1	0
		37.8361	-0.00813055	-0.427951
	}
}
{Volume "window6"
	{Box 5.90551 29.0625 26.0957}
	{Bone "window6"}
	{Matrix34
		1	0	0
		0	0	-1
		0	1	0
		0.600784	-0.00812769	-0.238528
	}
}
{Volume "window7"
	{Box 5.90551 20.1738 18.8367}
	{Bone "window7"}
	{Matrix34
		1	0	0
		0	1	0
		0	0	1
		0.0613649	-0.369146	-0.0344877
	}
}
