;Exported by: sana
;Date:        Mon May 28 12:09:54 2007
;File:        D:\-Project-\-3DWork-\Entourage\ruins_ru\ruin_ru_141_x.max
{Skeleton
	{bone "ruin_ru_140_3_x"
		{Orientation
			1	0	0
			0	-1	0
			0	0	1
		}
		{bone "piece04"
			{Position 11.2959	-12.5491	4.15921}
			{VolumeView "piece04.ply"}
			{bone "sub_piece04"
				{Position -0.00112438	8.85646	-2.39827}
				{VolumeView "sub_piece04.ply"}
			}
		}
		{bone "piece03"
			{Position 11.2991	-13.4255	-12.2803}
			{VolumeView "piece03.ply"}
			{bone "sub_piece03"
				{Position -0.00152206	-3.66359	8.01796}
				{VolumeView "sub_piece03.ply"}
			}
		}
		{bone "piece02"
			{Position 11.2982	4.10695	-13.4874}
			{VolumeView "piece02.ply"}
		}
		{bone "piece01"
			{Position 11.2941	22.2697	-3.80413}
			{VolumeView "piece01.ply"}
		}
		{bone "piece07"
			{Matrix34
				1	0	0
				0	1	0
				0	0	1
				-0.252838	5.74032	21.1897
			}
			{VolumeView "piece07.ply"}
		}
		{bone "piece06"
			{Position 11.4419	-1.31019	10.2278}
			{VolumeView "piece06.ply"}
		}
		{bone "piece05"
			{Position -6.70673	-1.48689	1.39707}
			{VolumeView "piece05.ply"}
			{bone "sub_piece05"
				{Position 4.6358	-6.10352e-005	3.20129}
				{VolumeView "sub_piece05.ply"}
			}
		}
	}
}
{Volume "piece01"
	{Box 12.3371 3.97191 14.9336}
	{Bone "piece01"}
	{Matrix34
		0	0.946523	-0.322637
		-1	0	0
		0	0.322637	0.946523
		0	0.47658	-0.409084
	}
}
{Volume "piece02"
	{Box 10.2609 3.96228 14.1412}
	{Bone "piece02"}
	{Matrix34
		0	0.816918	-0.576754
		-1	0	0
		0	0.576754	0.816918
		0	0.72186	-0.361212
	}
}
{Volume "piece03"
	{Box 10.3184 3.94598 13.6457}
	{Bone "piece03"}
	{Orientation
		0	1	0
		-1	0	0
		0	0	1
	}
}
{Volume "piece04"
	{Box 13.7096 3.94453 6.39098}
	{Bone "piece04"}
	{Orientation
		0	1	0
		-1	0	0
		0	0	1
	}
}
{Volume "piece05"
	{Box 3.93701 11.7932 6.83743}
	{Bone "piece05"}
	{Matrix34
		0	1	0
		-1	0	0
		0	0	1
		0	0	-0.466188
	}
}
{Volume "piece06"
	{Box 2.30206 2.62842 54.0905}
	{Bone "piece06"}
	{Matrix34
		0	-0.00419933	-0.999991
		1	0	0
		0	-0.999991	0.00419933
		-3.05176e-005	-1.25339	-0.202812
	}
}
{Volume "piece07"
	{Box 1.73783 28.8759 1.88234}
	{Bone "piece07"}
	{Matrix34
		-0.572903	-0.81962	-0.00240586
		0.534406	-0.371314	-0.7593
		0.621444	-0.436291	0.650736
		0.38146	-0.0453329	-0.302992
	}
}
{Volume "sub_piece03"
	{Box 11.4639 3.94102 6.01123}
	{Bone "sub_piece03"}
	{Matrix34
		0	0.994453	0.105177
		-1	0	0
		0	-0.105177	0.994453
		0	-0.48366	-0.00989669
	}
}
{Volume "sub_piece04"
	{Box 7.49229 3.94678 6.54822}
	{Bone "sub_piece04"}
	{Matrix34
		0	0.878869	-0.477063
		-1	0	0
		0	0.477063	0.878869
		0	-0.713427	-0.796862
	}
}
{Volume "sub_piece05"
	{Box 3.93701 10.2724 5.51265}
	{Bone "sub_piece05"}
	{Matrix34
		0	1	0
		-1	0	0
		0	0	1
		0	0	0
	}
}
