;Exported by: shevchenko
;Date:        Wed Jul 19 15:58:17 2006
;File:        D:\-Projects1_5-\-3DWork-\bsh\bsh_c90_1.max
{Skeleton
	{bone "bsh90_c1_5"
		{Orientation
			1	0	0
			0	-1	0
			0	0	1
		}
		{VolumeView "bsh90_c1_5.ply"}
		{bone "fix59"
			{Position 25.5936	31.1762	-34.8672}
		}
		{bone "fix60"
			{Position 25.5936	-42.3013	2.3457}
		}
	}
}
{Volume "body1"
	{Box 9.84252 26.5572 78.1713}
	{Bone "bsh90_c1_5"}
	{Matrix34
		1	0	0
		0	0.766045	0.642787
		0	-0.642787	0.766045
		27.0229	-1.2586	4.65018
	}
}
{Volume "body2"
	{Box 9.84252 15.6688 32.0502}
	{Bone "bsh90_c1_5"}
	{Matrix34
		1	0	0
		0	0.766045	0.642787
		0	-0.642787	0.766045
		27.0229	-3.91049	-24.9486
	}
}
{Volume "roof1"
	{Box 3.93701 22.8474 66.0003}
	{Bone "bsh90_c1_5"}
	{Matrix34
		0	0.766045	0.642787
		1	0	0
		0	0.642787	-0.766045
		11.3965	1.48055	9.94835
	}
}
{Volume "roof2"
	{Box 3.93701 23.6744 13.937}
	{Bone "bsh90_c1_5"}
	{Matrix34
		0	0.766044	-0.642788
		1	0	0
		0	-0.642788	-0.766044
		10.4634	-22.2374	29.4039
	}
}
