;Exported by: klimenko
;Date:        Wed Sep 07 15:47:21 2005
;File:        D:\-Project-\-3DWork-\tros_keeper\baraban1_x.max
{Skeleton
	{bone "coil_tros"
		{Orientation
			1	0	0
			0	-1	0
			0	0	1
		}
		{bone "piece1"
			{Position 1.47419	7.67508	21.0749}
			{VolumeView "piece1.ply"}
		}
		{bone "piece2"
			{Matrix34
				0.996195	0.0499905	-0.0713938
				-0.0225576	0.939128	0.342827
				0.084186	-0.339912	0.936682
				-19.4747	-25.5137	15.5848
			}
			{VolumeView "piece2.ply"}
		}
		{bone "piece3"
			{Position -11.976	-24.5471	10.6825}
			{VolumeView "piece3.ply"}
		}
		{bone "piece4"
			{Position 14.4008	-27.2701	21.0749}
			{VolumeView "piece4.ply"}
		}
		{bone "piece5"
			{Position 17.5947	-18.9512	7.61802}
			{VolumeView "piece5.ply"}
		}
		{bone "piece6"
			{Matrix34
				1	0	0
				0	0.940468	0.339883
				0	-0.339883	0.940468
				0.276425	-5.59036	34.6432
			}
			{VolumeView "piece6.ply"}
		}
		{bone "piece7"
			{Matrix34
				1	0	0
				0	0.984808	0.173648
				0	-0.173648	0.984808
				1.05716	16.9104	51.1559
			}
			{VolumeView "piece7.ply"}
		}
		{bone "piece8"
			{Matrix34
				1	0	0
				0	0.965926	0.258819
				0	-0.258819	0.965926
				0.878354	-33.2628	38.2581
			}
			{VolumeView "piece8.ply"}
		}
	}
}
{Volume "piece8"
	{Box 6.45158 2.77254 6.4335}
	{Bone "piece8"}
	{Position 0	0	0}
}
{Volume "piece7"
	{Box 6.4818 2.77254 6.35526}
	{Bone "piece7"}
	{Position 0	0	0}
}
{Volume "piece6"
	{Cylinder 31.7387 37.0275}
	{Bone "piece6"}
	{Matrix34
		1	0	0
		0	0	-1
		0	1	0
		0	-0.311808	2.06959
	}
}
{Volume "piece5a"
	{Box 2.7774 25.372 1.64588}
	{Bone "piece5"}
	{Matrix34
		0.0275501	0.999579	-0.00912164
		-0.992369	0.0284462	0.11998
		0.120189	0.00574659	0.992734
		-2.87647	-11.2876	-0.0138522
	}
}
{Volume "piece5"
	{Box 3.05208 25.1208 2.53213}
	{Bone "piece5"}
	{Matrix34
		0.986419	-0.164248	0
		0.164146	0.985806	0.0352391
		-0.00578796	-0.0347605	0.999379
		13.4459	-0.141673	-1.31692
	}
}
{Volume "piece4a"
	{Box 3.10753 6.69422 12.9486}
	{Bone "piece4"}
	{Matrix34
		0.809269	0	-0.587439
		0	1	0
		0.587439	0	0.809269
		-18.9386	0.607254	14.5875
	}
}
{Volume "piece4"
	{Box 4.25689 6.69422 48.6425}
	{Bone "piece4"}
	{Matrix34
		0.825673	0	0.564149
		0	1	0
		-0.564149	0	0.825673
		2.22482	0.607254	-0.0815485
	}
}
{Volume "piece3a"
	{Box 26.8101 3.84115 2.14156}
	{Bone "piece3"}
	{Matrix34
		0.98106	-0.0858317	0.173648
		0.0871557	0.996195	0
		-0.172987	0.0151344	0.984808
		0.289721	-6.77288	0.297295
	}
}
{Volume "piece3"
	{Box 3.04965 18.2912 2.63577}
	{Bone "piece3"}
	{Position -13.7507	0	-1.42771}
}
{Volume "piece2"
	{Box 4.5319 8.16929 38.507}
	{Bone "piece2"}
	{Matrix34
		0.805916	-0.060328	-0.588948
		0.0391358	0.998047	-0.0486799
		0.590735	0.0161831	0.806704
		2.07503	0.467826	-0.445038
	}
}
{Volume "piece1"
	{Polyhedron "piece1.vol"}
	{Bone "piece1"}
	{Position 0	7.31097	0}
}
