;Exported by: sana
;Date:        Sat Feb 25 14:26:28 2006
;File:        D:\-Project-\-3DWork-\Entourage\house_euro_105c\house_euro_105c_cut01.max
{Skeleton
	{bone "105c_corn16"
		{Orientation
			1	0	0
			0	-1	0
			0	0	1
		}
		{VolumeView "105c_corn16.ply"}
		{bone "window1"
			{Matrix34
				1	0	0
				0	0	1
				0	-1	0
				5.93672	-16.9025	88.5827
			}
			{VolumeView "../common/window1.ply"}
		}
		{bone "window1_x"
			{Matrix34
				1	0	0
				0	0	1
				0	-1	0
				5.93672	-16.6271	88.5827
			}
			{visibility 0}
			{VolumeView "../common/window1_x.ply"}
		}
		{bone "attach2"
			{Matrix34
				0	-1	0
				1	0	0
				0	0	1
				6.26405	-2.13401	58.9925
			}
			{visibility 0}
		}
		{bone "window4"
			{Matrix34
				1	0	0
				0	0	1
				0	-1	0
				7.9353	-6.93796	157.48
			}
			{VolumeView "../common/window4.ply"}
		}
		{bone "window4_x"
			{Matrix34
				1	0	0
				0	0	1
				0	-1	0
				7.93533	-6.66252	157.48
			}
			{visibility 0}
			{VolumeView "../common/window4_x.ply"}
		}
		{bone "window2"
			{Matrix34
				1	0	0
				0	0	1
				0	-1	0
				-15.6867	-6.93796	157.48
			}
			{VolumeView "../common/window4.ply"}
		}
		{bone "window2_x"
			{Matrix34
				1	0	0
				0	0	1
				0	-1	0
				-15.6867	-6.66252	157.48
			}
			{visibility 0}
			{VolumeView "../common/window4_x.ply"}
		}
		{bone "attach3"
			{Matrix34
				0	-1	0
				1	0	0
				0	0	1
				-15.6403	8.4578	129.829
			}
			{visibility 0}
		}
		{bone "attach4"
			{Matrix34
				0	-1	0
				1	0	0
				0	0	1
				7.97656	8.4578	129.829
			}
			{visibility 0}
		}
	}
}
{Obstacle "body2"
	{Obb2
		{Center 41.9033 16.7624}
		{Extent 15.2121 6.30137}
		{Axis 1 0}
	}
	{Rotate}
	{Tags  "body"}
}
{Volume "body1"
	{Box 68.9299 67.9792 12.8352}
	{Bone "105c_corn16"}
	{Matrix34
		1	0	0
		0	0	1
		0	-1	0
		20.2735	-16.7471	85.7021
	}
}
{Volume "body2"
	{Box 30.4242 54.6686 12.6027}
	{Bone "105c_corn16"}
	{Matrix34
		1	0	0
		0	0	1
		0	-1	0
		41.9033	-16.7624	26.2797
	}
}
{Volume "body3"
	{Box 61.1781 36.6397 24.0948}
	{Bone "105c_corn16"}
	{Matrix34
		1	0	0
		0	0	1
		0	-1	0
		-4.05731	1.93101	156.699
	}
}
{Volume "body"
	{Box 63.0419 41.689 7.53453}
	{Bone "105c_corn16"}
	{Position 17.4775	8.2799	56.0092}
}
{Volume "hole1"
	{Box 29.5276 19.5794 31.1952}
	{Bone "105c_corn16"}
	{Matrix34
		0	1	0
		-1	0	0
		0	0	1
		6.04085	-16.9397	88.5154
	}
}
{Volume "hole3"
	{Box 49.2126 19.685 25.5906}
	{Bone "105c_corn16"}
	{Matrix34
		0	1	0
		-1	0	0
		0	0	1
		-15.6767	-6.34788	156.474
	}
}
{Volume "hole4"
	{Box 49.2126 19.685 25.5906}
	{Bone "105c_corn16"}
	{Matrix34
		0	1	0
		-1	0	0
		0	0	1
		7.94012	-6.34788	156.474
	}
}
{Volume "roof1"
	{Box 39.5731 36.145 5.90551}
	{Bone "105c_corn16"}
	{Matrix34
		0.904973	0	0.42547
		-0.000497207	0.999999	0.00105756
		-0.425469	-0.00116861	0.904972
		-20.6182	3.72476	180.336
	}
}
{Volume "roof2"
	{Box 39.5731 36.145 5.90551}
	{Bone "105c_corn16"}
	{Matrix34
		0.909859	0	-0.414918
		0.000484876	0.999999	0.00106327
		0.414917	-0.00116861	0.909858
		12.538	3.72476	180.35
	}
}
{Volume "roof"
	{Box 119.667 84.0359 3.93701}
	{Bone "105c_corn16"}
	{Matrix34
		1	0	0
		0	0.570288	0.821445
		0	-0.821445	0.570288
		-1.53625	0.544385	152.564
	}
}
{Volume "window1"
	{Box 2.09134 19.5794 31.1952}
	{Bone "window1"}
	{Matrix34
		0	0	-1
		-1	0	0
		0	1	0
		0.104096	-0.0672808	0.0752325
	}
}
{Volume "window2"
	{Box 2.09134 15.748 25.5906}
	{Bone "window2"}
	{Matrix34
		0	0	-1
		-1	0	0
		0	1	0
		-0.000109576	-1.00589	-0.552012
	}
}
{Volume "window4"
	{Box 2.09134 15.748 25.5906}
	{Bone "window4"}
	{Matrix34
		0	0	-1
		-1	0	0
		0	1	0
		-0.00528993	-1.00589	-0.552012
	}
}
