;Exported by: sana
;Date:        Thu Aug 09 11:49:55 2007
;File:        D:\-Project-\-3DWork-\Entourage\vase_monument.max
{Skeleton
	{bone "vase_big_x"
		{Orientation
			1	0	0
			0	-1	0
			0	0	1
		}
		{VolumeView "vase_big_x.ply"}
		{bone "piece01"
			{Position 0.959606	-11.2708	27.2757}
			{VolumeView "piece01.ply"}
		}
		{bone "piece02"
			{Position -5.07067	12.0174	27.7678}
			{VolumeView "piece02.ply"}
		}
		{bone "piece03"
			{Position -8.57075	2.44564	21.2826}
			{VolumeView "piece03.ply"}
		}
		{bone "piece04"
			{Position 3.6589	2.73644	14.9802}
			{VolumeView "piece04.ply"}
		}
		{bone "fx_stone1"
			{Matrix34
				0	0	1
				0	1	0
				-1	0	0
				1.13728	-0.62431	17.168
			}
		}
	}
}
{Volume "piece01"
	{Box 15.5862 4.43665 7.65444}
	{Bone "piece01"}
	{Matrix34
		0.985809	0.167459	0.0117104
		-0.161853	0.929664	0.330951
		0.0445342	-0.32815	0.943575
		0.712837	0.0113073	0.892765
	}
}
{Volume "piece02"
	{Box 9.78235 4.10643 6.90732}
	{Bone "piece02"}
	{Matrix34
		0.950511	0.31064	0.00564143
		-0.298884	0.919195	-0.256417
		-0.0848391	0.242041	0.96655
		0.254053	-0.169223	0.385461
	}
}
{Volume "piece03"
	{Box 5.41928 11.0336 14.1876}
	{Bone "piece03"}
	{Matrix34
		0.868341	-0.185201	0.460091
		0.155297	0.982545	0.102408
		-0.471027	-0.0174739	0.881946
		-0.59402	-0.0959105	0.513363
	}
}
{Volume "piece04"
	{Box 9.03058 11.0021 3.30101}
	{Bone "piece04"}
	{Matrix34
		0.577063	0.452062	0.680176
		-0.575634	0.815928	-0.0539172
		-0.579349	-0.360419	0.731063
		0.277485	0.459939	-0.243291
	}
}
