;Exported by: sana
;Date:        Fri Jun 23 12:00:00 2006
;File:        D:\-Project-\-3DWork-\Entourage\catholic_church\Catholic_church03_x01.max
{Skeleton
	{bone "catholic_cut02"
		{Orientation
			1	0	0
			0	-1	0
			0	0	1
		}
		{bone "exterior"
			{Position 3.41937	21.0315	19.7244}
		}
		{bone "piece01"
			{Position -9.80543	25.4761	19.7244}
			{VolumeView "piece01.ply"}
		}
		{bone "piece02"
			{Position 23.84	26.7917	20.6285}
			{VolumeView "piece02.ply"}
		}
		{bone "piece03"
			{Position 18.3559	-0.255554	23.8601}
			{VolumeView "piece03.ply"}
			{bone "sub_piece03"
				{Position -4.91367	0	-12.1263}
				{VolumeView "sub_piece03.ply"}
			}
		}
		{bone "piece04"
			{Position -0.577518	-0.255554	26.9255}
			{VolumeView "piece04.ply"}
			{bone "sub_piece04"
				{Position -5.18414	0	-9.69208}
				{VolumeView "sub_piece04.ply"}
			}
		}
		{bone "piece05"
			{Position -18.7445	-0.255554	3.61945}
			{VolumeView "piece05.ply"}
			{bone "sub_piece05"
				{Position 9.78223	0	-0.270478}
				{VolumeView "sub_piece05.ply"}
			}
		}
	}
}
{Volume "piece01"
	{Box 3.93701 60.7981 51.3168}
	{Bone "piece01"}
	{Matrix34
		0.780295	0	-0.625412
		0	1	0
		0.625412	0	0.780295
		0.338669	-4.7825	0.44662
	}
}
{Volume "piece02"
	{Box 3.93701 65.9878 35.0201}
	{Bone "piece02"}
	{Matrix34
		0.772194	0	0.635387
		0	1	0
		-0.635387	0	0.772194
		-1.81598	-3.4175	4.8354
	}
}
{Volume "piece03"
	{Box 13.1434 9.84253 17.7613}
	{Bone "piece03"}
	{Matrix34
		0.760538	0	0.649293
		0	1	0
		-0.649293	0	0.760538
		-1.33355	0	-1.088
	}
}
{Volume "piece04"
	{Box 10.4435 9.84253 15.7778}
	{Bone "piece04"}
	{Matrix34
		0.760485	0	-0.649355
		0	1	0
		0.649355	0	0.760485
		1.84432	0	-0.372451
	}
}
{Volume "piece05"
	{Box 16.2286 9.84253 10.8822}
	{Bone "piece05"}
	{Matrix34
		0.596719	0	0.80245
		0	1	0
		-0.80245	0	0.596719
		0.724449	0	-1.4534
	}
}
{Volume "sub_piece03"
	{Box 7.97004 9.84251 10.4584}
	{Bone "sub_piece03"}
	{Matrix34
		0.795073	0	0.606513
		0	1	0
		-0.606513	0	0.795073
		0.47013	0	0.530984
	}
}
{Volume "sub_piece04"
	{Box 10.3268 9.84253 8.2946}
	{Bone "sub_piece04"}
	{Matrix34
		0.947061	0	-0.321055
		0	1	0
		0.321055	0	0.947061
		0.0837076	3.14929e-005	-0.293952
	}
}
{Volume "sub_piece05"
	{Box 7.91144 9.84253 13.8844}
	{Bone "sub_piece05"}
	{Matrix34
		0.946983	0	-0.321285
		0	1	0
		0.321285	0	0.946983
		0.52799	3.16997e-005	-0.439522
	}
}
