;Exported by: Normand
;Date:        Sat Mar 03 11:51:55 2012
;File:        C:\Normand\voroshilovets_xx.max
{Skeleton
	{bone "basis"
		{Orientation
			1	0	0
			0	-1	0
			0	0	1
		}
		{bone "body"
			{parameters "ID=body;"}
			{Matrix34
				0.999954	0.00461322	0.00839807
				-0.00451418	0.99992	-0.0117733
				-0.00845171	0.0117348	0.999895
				0.0718725	0.0818427	18.7992
			}
			{VolumeView "body.ply"}
			{bone "cabin"
				{parameters "ID=cabin;"}
				{Position 20.0755	-0.0730806	-0.10721}
				{VolumeView "cabin.ply"}
				{bone "part2"
					{parameters "ID=part2;"}
					{Matrix34
						0.999886	-0.0151144	0
						0.0151144	0.999886	0
						0	0	1
						11.8403	14.6555	0.173723
					}
					{VolumeView "part2.ply"}
				}
				{bone "part1"
					{parameters "ID=part1;"}
					{Matrix34
						0.999703	0.0243764	0
						-0.0243764	0.999703	0
						0	0	1
						11.7624	-14.3094	0.0416126
					}
					{VolumeView "part1.ply"}
				}
			}
			{bone "engine"
				{parameters "ID=engine;"}
				{Position 0	0	0}
				{VolumeView "engine.ply"}
				{bone "fxfire1"
					{Matrix34
						1	0	0
						0	0.99999	0.00456105
						0	-0.00456105	0.99999
						41.7501	0.078831	9.51387
					}
				}
				{bone "engine_right"
					{parameters "ID=engine;"}
					{Matrix34
						0.00242562	0.999997	0
						-0.01022	2.47881e-005	0.999948
						0.999945	-0.0024255	0.0102201
						41.706	-1.30763	19.1939
					}
					{VolumeView "engine_right.ply"}
				}
				{bone "part3"
					{parameters "ID=part3;"}
					{Matrix34
						0	0.621561	0.783366
						0.00709786	-0.783346	0.621545
						0.999975	0.00556024	-0.00441173
						41.5297	1.36159	19.2315
					}
					{VolumeView "part3.ply"}
				}
			}
			{bone revolute "wheell11"
				{parameters "Radius=0.1;ID=trackleft;"}
				{Matrix34
					-0.999986	-5.16482e-005	0.00535342
					0.0053536	-0.00456085	0.999975
					-2.72315e-005	0.99999	0.00456106
					33.4528	14.5943	-1.00432
				}
				{VolumeView "wheell11.ply"}
			}
			{bone revolute "wheell12"
				{parameters "Radius=0.1;ID=trackleft;"}
				{Matrix34
					-0.999986	-5.16482e-005	0.00535342
					0.0053536	-0.00456085	0.999975
					-2.72315e-005	0.99999	0.00456106
					18.0941	14.5935	-0.922102
				}
				{VolumeView "wheell11.ply"}
			}
			{bone revolute "wheell13"
				{parameters "Radius=0.1;ID=trackleft;"}
				{Matrix34
					-0.999986	-5.16482e-005	0.00535342
					0.0053536	-0.00456085	0.999975
					-2.72315e-005	0.99999	0.00456106
					-1.06399	14.5928	-0.889351
				}
				{VolumeView "wheell11.ply"}
			}
			{bone revolute "wheell14"
				{parameters "Radius=0.1;ID=trackleft;"}
				{Matrix34
					-0.999986	-5.16482e-005	0.00535342
					0.0053536	-0.00456085	0.999975
					-2.72315e-005	0.99999	0.00456106
					-20.9698	14.5919	-0.816641
				}
				{VolumeView "wheell11.ply"}
			}
			{bone revolute "wheell15"
				{parameters "Radius=0.1;ID=trackleft;"}
				{Matrix34
					-0.999986	-5.16482e-005	0.00535342
					0.0053536	-0.00456085	0.999975
					-2.72315e-005	0.99999	0.00456106
					-34.465	14.5912	-0.744394
				}
				{VolumeView "wheell11.ply"}
			}
			{bone revolute "wheelr11"
				{parameters "Radius=0.1;ID=trackright;"}
				{Matrix34
					-0.999986	-5.19709e-005	0.00535342
					0.00535361	-0.00456097	0.999975
					2.75527e-005	-0.99999	-0.00456119
					33.4536	-14.3428	-1.13631
				}
				{VolumeView "wheelr11.ply"}
			}
			{bone revolute "wheelr12"
				{parameters "Radius=0.1;ID=trackright;"}
				{Matrix34
					-0.999986	-5.19709e-005	0.00535342
					0.00535361	-0.00456097	0.999975
					2.75527e-005	-0.99999	-0.00456119
					18.0949	-14.3436	-1.05409
				}
				{VolumeView "wheelr11.ply"}
			}
			{bone revolute "wheelr13"
				{parameters "Radius=0.1;ID=trackright;"}
				{Matrix34
					-0.999986	-5.19709e-005	0.00535342
					0.00535361	-0.00456097	0.999975
					2.75527e-005	-0.99999	-0.00456119
					-1.0632	-14.3443	-1.02134
				}
				{VolumeView "wheelr11.ply"}
			}
			{bone revolute "wheelr14"
				{parameters "Radius=0.1;ID=trackright;"}
				{Matrix34
					-0.999986	-5.19709e-005	0.00535342
					0.00535361	-0.00456097	0.999975
					2.75527e-005	-0.99999	-0.00456119
					-20.969	-14.3452	-0.948627
				}
				{VolumeView "wheelr11.ply"}
			}
			{bone revolute "wheelr15"
				{parameters "Radius=0.1;ID=trackright;"}
				{Matrix34
					-0.999986	-5.19709e-005	0.00535342
					0.00535361	-0.00456097	0.999975
					2.75527e-005	-0.99999	-0.00456119
					-34.4642	-14.3459	-0.876385
				}
				{VolumeView "wheelr11.ply"}
			}
			{bone revolute "wheelr1"
				{parameters "Radius=0.6;ID=trackright;"}
				{Matrix34
					-0.999986	-5.10201e-005	0.00535328
					0.00535346	-0.00456094	0.999975
					2.66035e-005	-0.99999	-0.00456115
					47.3056	-19.2201	-5.10423
				}
				{VolumeView "wheelr1.ply"}
			}
			{bone revolute "wheell1"
				{parameters "Radius=0.6;ID=trackleft;"}
				{Matrix34
					-0.999986	-5.26119e-005	0.00535328
					0.00535346	-0.00456088	0.999975
					-2.52191e-005	0.99999	0.00456108
					47.3045	19.5005	-4.92761
				}
				{VolumeView "wheell1.ply"}
			}
			{bone revolute "wheell2"
				{parameters "Radius=0.6;ID=trackleft;"}
				{Matrix34
					-0.999978	0.0039831	-0.00535328
					-0.00533502	0.0045825	0.999975
					0.00400754	0.999981	-0.00456115
					-48.0032	17.758	-5.47591
				}
				{VolumeView "wheell2.ply"}
			}
			{bone revolute "wheelr2"
				{parameters "Radius=0.6;ID=trackright;"}
				{Matrix34
					-0.99997	0.00564403	-0.00535328
					-0.00532739	0.00459136	0.999975
					0.00567153	0.999973	-0.00456114
					-48.0023	-17.4365	-5.63644
				}
				{VolumeView "wheelr2.ply"}
			}
			{bone "body_back"
				{parameters "ID=bodyback;"}
				{VolumeView "body_back.ply"}
				{bone "part4"
					{parameters "ID=part4;"}
					{Position 0	0	0}
					{VolumeView "part4.ply"}
				}
				{bone "part5"
					{parameters "ID=part5;"}
					{Position 0	0	0}
					{VolumeView "part5.ply"}
				}
				{bone "part6"
					{parameters "ID=part6;"}
					{Position 0	0	0}
					{VolumeView "part6.ply"}
				}
				{bone "body2"
					{parameters "ID=body;"}
					{Position -27.9043	-0.592253	8.77989}
					{VolumeView "body2.ply"}
					{bone revolute "turret"
						{parameters "ID=turret;"}
						{limits -180 180}
						{speed 0.006}
						{Position 0.0583682	1.88351e-005	12.6968}
						{VolumeView "turret.ply"}
						{bone revolute "gun_rot"
							{parameters "ID=gun;"}
							{limits -3 82}
							{speed 0.005}
							{Matrix34
								1	0	0
								0	-0.173416	0.984849
								0	-0.984849	-0.173416
								-11.5556	0.000178814	10.0223
							}
							{VolumeView "gun_rot.ply"}
							{bone "gun"
								{parameters "CommonMesh;ID=gun;"}
								{Matrix34
									0.00201105	0.000236034	-0.999998
									-0.000236222	1	0.000235498
									0.999998	0.000235742	0.0020111
									0	0	0
								}
								{VolumeView "gun.ply"}
							}
						}
					}
				}
			}
		}
		{bone "wheelsr"
			{parameters "ID=trackright;"}
			{Matrix34
				0.999986	0	0.00535343
				5.1809e-005	0.999953	-0.0096776
				-0.00535317	0.00967773	0.999939
				0.248854	-0.540758	18.8072
			}
			{VolumeView "wheelsr.ply"}
			{bone "trackr"
				{parameters "CommonMesh;ID=trackright;"}
				{Matrix34
					0.999775	-0.000913764	0.021188
					-0.0211594	0.0244056	0.999478
					0.00143039	0.999702	-0.0243808
					3.00216	-16.7941	-6.89179
				}
				{VolumeView "trackr.ply"}
			}
			{bone revolute "wheelsr7"
				{parameters "Radius=0.1;ID=trackright;"}
				{Matrix34
					-0.999924	-0.00604553	0.0107064
					0.0106977	0.0014639	0.999942
					0.00606085	-0.999981	0.00139913
					-25.9314	-17.0317	-13.8139
				}
				{VolumeView "wheelsr1.ply"}
			}
			{bone revolute "wheelsr6"
				{parameters "Radius=0.1;ID=trackright;"}
				{Matrix34
					-0.999924	-0.00604553	0.0107064
					0.0106977	0.0014639	0.999942
					0.00606085	-0.999981	0.00139913
					-16.2379	-16.9731	-13.9177
				}
				{VolumeView "wheelsr1.ply"}
			}
			{bone revolute "wheelsr5"
				{parameters "Radius=0.1;ID=trackright;"}
				{Matrix34
					-0.999924	-0.00604553	0.0107064
					0.0106977	0.0014639	0.999942
					0.00606085	-0.999981	0.00139913
					-6.41216	-16.9137	-14.0229
				}
				{VolumeView "wheelsr1.ply"}
			}
			{bone revolute "wheelsr4"
				{parameters "Radius=0.1;ID=trackright;"}
				{Matrix34
					-0.999924	-0.00604553	0.0107064
					0.0106977	0.0014639	0.999942
					0.00606085	-0.999981	0.00139913
					3.17586	-16.8557	-14.1255
				}
				{VolumeView "wheelsr1.ply"}
			}
			{bone revolute "wheelsr3"
				{parameters "Radius=0.1;ID=trackright;"}
				{Matrix34
					-0.999924	-0.00604553	0.0107064
					0.0106977	0.0014639	0.999942
					0.00606085	-0.999981	0.00139913
					13.0137	-16.7963	-14.2309
				}
				{VolumeView "wheelsr1.ply"}
			}
			{bone revolute "wheelsr8"
				{parameters "Radius=0.1;ID=trackright;"}
				{Matrix34
					-0.999924	-0.00604553	0.0107064
					0.0106977	0.0014639	0.999942
					0.00606085	-0.999981	0.00139913
					-36.0463	-16.7988	-13.9682
				}
				{VolumeView "wheelsr1.ply"}
			}
			{bone revolute "wheelsr2"
				{parameters "Radius=0.1;ID=trackright;"}
				{Matrix34
					-0.999924	-0.00604553	0.0107064
					0.0106977	0.0014639	0.999942
					0.00606085	-0.999981	0.00139913
					22.6253	-16.7958	-14.2823
				}
				{VolumeView "wheelsr1.ply"}
			}
			{bone revolute "wheelsr1"
				{parameters "Radius=0.1;ID=trackright;"}
				{Matrix34
					-0.999924	-0.00604553	0.0107064
					0.0106977	0.0014639	0.999942
					0.00606085	-0.999981	0.00139913
					32.7141	-16.7952	-14.3363
				}
				{VolumeView "wheelsr1.ply"}
			}
		}
		{bone "wheelsl"
			{parameters "ID=trackleft;"}
			{Matrix34
				0.999986	0	0.00535342
				5.18065e-005	0.999953	-0.00967712
				-0.00535317	0.00967726	0.999939
				0.248854	-0.540758	18.8072
			}
			{VolumeView "wheelsl.ply"}
			{bone "trackl"
				{parameters "CommonMesh;ID=trackleft;"}
				{Matrix34
					0.999729	-0.00285757	0.0231039
					-0.0230917	0.00423921	0.999724
					0.00295473	0.999987	-0.00417208
					3.0012	18.3474	-6.73151
				}
				{VolumeView "trackl.ply"}
			}
			{bone revolute "wheelsl1"
				{parameters "Radius=0.1;ID=trackleft;"}
				{Matrix34
					-0.999925	0.00589277	0.0107611
					0.0106983	-0.0105855	0.999887
					0.00600601	0.999927	0.0105216
					32.7099	18.4469	-14.7786
				}
				{VolumeView "wheelsl1.ply"}
			}
			{bone revolute "wheelsl2"
				{parameters "Radius=0.1;ID=trackleft;"}
				{Matrix34
					-0.999925	0.00589277	0.0107611
					0.0106983	-0.0105855	0.999887
					0.00600601	0.999927	0.0105216
					22.6211	18.4464	-14.7246
				}
				{VolumeView "wheelsl1.ply"}
			}
			{bone revolute "wheelsl3"
				{parameters "Radius=0.1;ID=trackleft;"}
				{Matrix34
					-0.999925	0.00589277	0.0107611
					0.0106983	-0.0105855	0.999887
					0.00600601	0.999927	0.0105216
					13.0095	18.4459	-14.6731
				}
				{VolumeView "wheelsl1.ply"}
			}
			{bone revolute "wheelsl4"
				{parameters "Radius=0.1;ID=trackleft;"}
				{Matrix34
					-0.999925	0.00589277	0.0107611
					0.0106983	-0.0105855	0.999887
					0.00600601	0.999927	0.0105216
					3.17166	18.5038	-14.5673
				}
				{VolumeView "wheelsl1.ply"}
			}
			{bone revolute "wheelsl5"
				{parameters "Radius=0.1;ID=trackleft;"}
				{Matrix34
					-0.999925	0.00589277	0.0107611
					0.0106983	-0.0105855	0.999887
					0.00600601	0.999927	0.0105216
					-6.41636	18.5604	-14.4641
				}
				{VolumeView "wheelsl1.ply"}
			}
			{bone revolute "wheelsl6"
				{parameters "Radius=0.1;ID=trackleft;"}
				{Matrix34
					-0.999925	0.00589277	0.0107611
					0.0106983	-0.0105855	0.999887
					0.00600601	0.999927	0.0105216
					-16.2421	18.6183	-14.3583
				}
				{VolumeView "wheelsl1.ply"}
			}
			{bone revolute "wheelsl8"
				{parameters "Radius=0.1;ID=trackleft;"}
				{Matrix34
					-0.999925	0.00589277	0.0107611
					0.0106983	-0.0105855	0.999887
					0.00600601	0.999927	0.0105216
					-36.0505	18.4433	-14.4105
				}
				{VolumeView "wheelsl1.ply"}
			}
			{bone revolute "wheelsl7"
				{parameters "Radius=0.1;ID=trackleft;"}
				{Matrix34
					-0.999925	0.00589277	0.0107611
					0.0106983	-0.0105855	0.999887
					0.00600601	0.999927	0.0105216
					-25.9356	18.6754	-14.254
				}
				{VolumeView "wheelsl1.ply"}
			}
		}
	}
}
{Volume "body"
	{Box 113.123 24.2158 8.64852}
	{Bone "body"}
	{Matrix34
		0.999986	5.18079e-005	-0.00535328
		-2.73931e-005	0.99999	0.00456113
		0.00535346	-0.00456091	0.999975
		-3.44865	-0.0337871	1.24192
	}
}
{Volume "bodyback"
	{Box 12.5 40.5507 18.5}
	{Bone "body_back"}
	{Matrix34
		0.999986	5.18107e-005	-0.00535328
		-2.73913e-005	0.99999	0.00456113
		0.00535346	-0.00456092	0.999975
		2.25863	0.154982	16.369
	}
}
{Volume "cabin"
	{Box 21 34 25}
	{Bone "cabin"}
	{Matrix34
		0.999986	5.18097e-005	-0.00535328
		-2.73908e-005	0.99999	0.00456113
		0.00535346	-0.00456091	0.999975
		1.43337	-0.0481166	18.2003
	}
}
{Volume "engine"
	{Box 17.3171 25.6583 11.1518}
	{Bone "engine"}
	{Matrix34
		0.999986	5.18097e-005	-0.00535328
		-2.73908e-005	0.99999	0.00456113
		0.00535346	-0.00456091	0.999975
		41.0896	0.620293	12.4683
	}
}
{Volume "gun_rot"
	{Polyhedron "gun_rot.vol"}
	{Bone "gun_rot"}
	{Matrix34
		0.999969	0	0.0078449
		0	1	0.000260096
		-0.00784479	-0.00025868	0.999969
		15.8066	-1.02813	-1.78335
	}
}
{Volume "gun"
	{Polyhedron "gun.vol"}
	{Bone "gun"}
	{Matrix34
		-0.00583357	-0.00896299	0.999943
		-6.90101e-005	0.99996	0.00896273
		-0.999983	-1.53312e-005	-0.00583384
		1.25324	-0.208218	34.5953
	}
}
{Volume "part1"
	{Box 15.7 22.75 1.0679}
	{Bone "part1"}
	{Matrix34
		0.992843	0.118761	-0.0125764
		0.0132857	-0.00518202	0.999898
		0.118684	-0.992909	-0.00672275
		-7.67376	-0.967769	18.9447
	}
}
{Volume "part2"
	{Box 16.1564 22.8708 0.52456}
	{Bone "part2"}
	{Matrix34
		0.992671	-0.120813	-0.0026703
		0.00177739	-0.00749789	0.99997
		-0.12083	-0.992647	-0.00722821
		-7.81033	0.866378	18.9107
	}
}
{Volume "part3"
	{Box 11.0276 13.7845 2.38095}
	{Bone "part3"}
	{Matrix34
		0.00107008	0.0365192	0.999332
		0.809008	-0.587437	0.0206008
		0.587797	0.808446	-0.030173
		7.76968	-4.86375	-0.180787
	}
}
{Volume "part4"
	{Box 70 13.75 1}
	{Bone "part4"}
	{Matrix34
		0.999986	3.62383e-005	-0.00535336
		0.00535345	-0.004561	0.999975
		1.18219e-005	-0.99999	-0.00456117
		-25.3769	20.2046	13.768
	}
}
{Volume "part5"
	{Box 70.5 13.5 1}
	{Bone "part5"}
	{Matrix34
		0.999986	3.62383e-005	-0.00535336
		0.00535345	-0.004561	0.999975
		1.18219e-005	-0.99999	-0.00456117
		-25.3265	-20.0405	13.5836
	}
}
{Volume "part6"
	{Box 41 13.25 1}
	{Bone "part6"}
	{Matrix34
		2.74954e-005	-0.99999	-0.00456048
		0.00535338	-0.00456022	0.999975
		-0.999986	-5.19045e-005	0.00535321
		-59.8918	0.132036	13.8662
	}
}
{Volume "trackleft"
	{Box 110 20 8.5}
	{Bone "wheelsl"}
	{Matrix34
		0.999986	5.18074e-005	-0.00535318
		0.00535336	-0.00456082	0.999975
		2.73912e-005	-0.99999	-0.00456103
		-0.726369	18.5805	-8.80409
	}
}
{Volume "trackright"
	{Box 110 20 8.5}
	{Bone "wheelsr"}
	{Matrix34
		0.999986	5.18092e-005	-0.00535317
		0.00535337	-0.00456129	0.999976
		2.73905e-005	-0.999989	-0.00456151
		-1.00429	-16.7547	-8.84301
	}
}
{Volume "turret"
	{Polyhedron "turret.vol"}
	{Bone "turret"}
	{Matrix34
		0.939664	-0.00736388	-0.34202
		0.34201	-0.00270594	0.939692
		-0.00784528	-0.999969	-2.27476e-005
		-3.14441	5.21311	4.39373
	}
}
