;Exported by: Normand
;Date:        Sun Mar 31 19:24:45 2013
;File:        C:\Users\Normand\t15.max
{Skeleton
	{animation
		{sequence "doorright" {speed 0.2}}
		{sequence "doorleft" {speed 0.2}}
		{sequence "stop" {speed 1}}
		{sequence "start" {speed 1}}
		{sequence "doorback" {speed 0.2}}
		{sequence "fire" {speed 0.4}}
		{sequence "gunner" {speed 0.2}}
	}
	{bone "basis"
		{parameters "SteerMax=30;WheelRadius=0.5;"}
		{Orientation
			1	0	0
			0	-1	0
			0	0	1
		}
		{bone "body"
			{parameters "ID=body;"}
			{animation
				{sequence "repair" {file "body_r.anm"}}
			}
			{Matrix34
				1	0	0
				0	1	-0.000554085
				0	0.000554085	1
				0.168825	-0.500336	17.9098
			}
			{VolumeView "body.ply"}
			{bone "detail1"
				{parameters "ID=body;"}
				{Position 16.0741	18.2256	-2.12353}
				{VolumeView "detail1.ply"}
			}
			{bone "detail2"
				{parameters "ID=body;"}
				{Matrix34
					1	0	0
					0	0.999999	0.00110817
					0	0.00110817	-0.999999
					16.0741	-16.6817	0.315834
				}
				{VolumeView "detail2.ply"}
			}
			{bone revolute "wheelr2"
				{parameters "ID=trackright;Radius=0.45;"}
				{Matrix34
					-1	1.57356e-005	0
					0	-0.000554097	1
					-1.57356e-005	-1	-0.000554097
					-3.77298	-16.0652	-5.30387
				}
				{VolumeView "wheelr2.ply"}
			}
			{bone revolute "wheelr3"
				{parameters "ID=trackright;Radius=0.6;"}
				{Matrix34
					-1	1.57356e-005	0
					0	-0.000554097	1
					-1.57357e-005	-1	-0.000554097
					-44.846	-16.0644	-5.96672
				}
				{VolumeView "wheelr3.ply"}
			}
			{bone revolute "wheell2"
				{parameters "ID=trackleft;Radius=0.45;"}
				{Matrix34
					-1	1.70151e-005	0
					0	-0.000553445	1
					1.70151e-005	1	0.000553445
					-3.77298	17.4617	-5.28537
				}
				{VolumeView "wheell2.ply"}
			}
			{bone revolute "wheell3"
				{parameters "ID=trackleft;Radius=0.6;"}
				{Matrix34
					-1	-1.89861e-005	0
					0	-0.000553445	1
					-1.89861e-005	1	0.000553445
					-44.846	17.4619	-5.94814
				}
				{VolumeView "wheell3.ply"}
			}
			{bone "stand"
				{parameters "ID=body;"}
				{Matrix34
					-0.999988	-0.00493772	0
					0.00493772	-0.999988	0
					0	0	1
					-46.8796	-1.81398	7.53123
				}
				{VolumeView "stand.ply"}
				{bone revolute "turret_mgun"
					{limits -30 45}
					{Matrix34
						1	0	0
						0	1	0.000554085
						0	-0.000554085	1
						-0.12487	-0.0657418	20
					}
					{VolumeView  "mgun1_turret.ply"}
					{bone revolute "mgun"
						{limits -10 25}
						{Matrix34
							1	-1.57368e-005	0
							0	0	1
							-1.57345e-005	-1	0
							0.0131836	0.576428	1.56586
						}
						{bone "foresight3"
							{Matrix34
								0.999969	0	-0.00785351
								0	1	0
								-0.00785352	0	-0.999969
								23.3895	4.44897	0.622307
							}
						}
					}
					{bone "gunner1"
						{Matrix34
							0.999951	-0.00987531	0
							0.00987531	0.999951	0
							0	0	1
							-12	0	-23.8
						}
					}
				}
			}
			{bone "shield1"
				{parameters "ID=body;"}
				{Matrix34
					0.415955	0	-0.909385
					0.909342	-0.00976175	0.415935
					-0.00887777	-0.999952	-0.00405919
					19.4136	0.352346	13.5932
				}
				{VolumeView "shield1.ply"}
			}
			{bone "commander"
				{Matrix34
					1	0	0
					0	1	0
					0	0	1
					10.9376	-9.3956	-6.13911
				}
			}
			{bone "driver"
				{Matrix34
					1	0	0
					0	0.999966	-0.00822725
					0	0.00822725	0.999966
					10.5714	10.1037	-5.97189
				}
			}
			{bone "headlightr"
				{Matrix34
					0.99999	0.00453793	0
					0	0	1
					0.00453793	-0.99999	0
					50.9561	-16.3743	8.84322
				}
			}
			{bone "headlightl"
				{Matrix34
					0.99999	0.00453793	0
					0	0	1
					0.00453793	-0.99999	0
					51.8358	17.8639	8.82558
				}
			}
			{bone "fxstop1"
				{Matrix34
					0.999971	-0.00765125	0
					0	0	1
					-0.00765126	-0.999971	0
					-56.1703	16.8793	1.43183
				}
			}
			{bone "fxstop2"
				{Matrix34
					0.99999	0.00453793	0
					0	0	1
					0.00453793	-0.99999	0
					-56.1962	-16.2291	1.42726
				}
			}
			{bone "fxsmoke1"
				{Matrix34
					0.99999	0.00453793	0
					0	0	1
					0.00453793	-0.99999	0
					-19.7098	12.7498	-6.45328
				}
			}
			{bone "fxfire1"
				{Matrix34
					0.99999	0.00453793	0
					0	-0.000552577	1
					0.00453793	-0.99999	-0.000552579
					25.4513	0.286802	8.26279
				}
			}
			{bone "visor2"
				{Matrix34
					1	-1.57356e-005	0
					0	-0.000554486	1
					-1.57356e-005	-1	-0.000554486
					21.4264	10.3657	17.5063
				}
			}
			{bone "door_back"
				{parameters "ID=body;"}
				{Position -55.5191	-7.35834	-0.00335121}
				{VolumeView "door_back.ply"}
			}
			{bone "support_canl"
				{parameters "ID=body;"}
				{Matrix34
					1	0	0
					0	1	0.000554085
					0	-0.000554085	1
					21.7545	19.3909	5.15516
				}
				{VolumeView "support_canl.ply"}
				{bone "attach01"
					{Position -0.210878	-0.710781	0.147127}
				}
			}
			{bone "support_can4"
				{parameters "ID=body;"}
				{Matrix34
					1	0	0
					0	-1	-0.000553997
					0	-0.000553997	1
					21.7545	-18.0439	5.1343
				}
				{VolumeView "support_can4.ply"}
				{bone "attach02"
					{Matrix34
						1	0	0
						0	-1	0
						0	0	1
						-0.207869	-0.740797	0.147125
					}
				}
			}
			{bone "buffer"
				{parameters "ID=body;"}
				{Position 0	0	0.000608444}
				{VolumeView "detail3.ply"}
			}
			{bone "gunner"
				{Matrix34
					0.997854	-0.0654782	0
					0.0654782	0.997854	1.57558e-005
					0	-1.57729e-005	1
					-19.4753	8.22921	3.6513
				}
			}
			{bone "charger"
				{Matrix34
					0.997227	0.0744174	0
					-0.0744174	0.997227	0.000554085
					4.12336e-005	-0.000552548	1
					-24.4801	-6.0108	3.54622
				}
			}
			
			{bone "engine"
				{parameters "ID=engine;"}
				{animation
					{sequence "repair" {file "engine_r.anm"}}
				}
				{Position 0	-1.42455e-005	0.0012188}
				{VolumeView "engine.ply"}
				{bone "engine_doorr"
					{parameters "ID=body;"}
					{Matrix34
						0.139202	-0.000548674	0.990264
						0.000548346	1	0.000476986
						-0.990264	0.000476608	0.139202
						35.2968	-3.05914	11.6113
					}
					{VolumeView "engine_doorr.ply"}
					{bone "enumerator1"
						{parameters "ID=enumerator;"}
						{Matrix34
							0.135997	0.21389	-0.967345
							-0.0296994	0.976858	0.211818
							0.990264	-7.71001e-005	0.139202
							-2.60827	-11.0846	7.99796
						}
						{VolumeView "enumerator1.ply"}
					}
				}
				{bone "engine_doorl"
					{parameters "ID=body;"}
					{Matrix34
						0.139202	-0.000548674	0.990264
						0.000548346	1	0.000476986
						-0.990264	0.000476608	0.139202
						35.2968	4.01263	11.6151
					}
					{VolumeView "engine_doorl.ply"}
					{bone "enumerator2"
						{parameters "ID=enumerator;"}
						{Matrix34
							0.136235	-0.20483	-0.96927
							0.0285875	0.978798	-0.202825
							0.990264	-7.70392e-005	0.139202
							-2.94178	11.5494	7.96385
						}
						{VolumeView "enumerator2.ply"}
					}
				}
			}
			{bone "doorl"
				{parameters "ID=body;"}
				{Matrix34
					0.99998	0.00626855	0.000558821
					0.00628408	-0.999386	-0.0344555
					-0.000342493	-0.0344583	0.999406
					17.6251	17.2193	7.53957
				}
				{VolumeView "doorl.ply"}
				{bone "window_shieldl"
					{parameters "ID=body;"}
					{Matrix34
						0.258046	-0.964392	-0.0579687
						-0.0245406	0.0534365	-0.99827
						0.965821	0.259022	-0.00987751
						-7.34829	-2.2883	5.97219
					}
					{VolumeView "window_shieldl.ply"}
					{bone "shieldl"
						{parameters "ID=body;"}
						{Matrix34
							0.0256342	0.263642	0.96428
							-0.0673748	-0.961948	0.264795
							-0.997398	0.0717581	0.00690269
							0.121986	3.53115	2.48263
						}
						{VolumeView "shieldl.ply"}
					}
				}
			}
			{bone "doorr"
				{parameters "ID=body;"}
				{Matrix34
					0.9999	0.0141313	0
					-0.0141313	0.9999	0
					0	0	1
					17.6251	-15.8573	7.52129
				}
				{VolumeView "doorr.ply"}
				{bone "window_shieldr"
					{parameters "ID=body;"}
					{Matrix34
						0.258045	-0.964392	-0.0579679
						-0.02454	0.0534379	-0.99827
						0.965821	0.259022	-0.00987757
						-7.34829	-2.28861	5.97235
					}
					{VolumeView "window_shieldr.ply"}
					{bone "shieldr1"
						{parameters "ID=body;"}
						{Matrix34
							0.0256336	0.263642	0.96428
							-0.0673751	-0.961948	0.264794
							-0.997398	0.071758	0.00690338
							0.121981	3.53115	2.48263
						}
						{VolumeView "shieldr1.ply"}
					}
				}
			}
			{bone "box_eq"
				{parameters "ID=body;"}
				{Matrix34
					1	0	0
					0	1	0.000554085
					0	-0.000554085	1
					-40.4509	0.30338	0.789774
				}
				{VolumeView "box_eq.ply"}
			}
			{bone "detail4"
				{parameters "ID=body;"}
				{Matrix34
					-0.0109668	0.000554058	-0.99994
					0	1	0.000554089
					0.99994	0	-0.0109668
					-58.4933	-11.6832	5.41505
				}
				{VolumeView "detail4.ply"}
			}
			{bone "detail5"
				{parameters "ID=body;"}
				{Position 0	-0.00156575	2.81904}
				{VolumeView "detail5.ply"}
			}
			{bone "detail6"
				{parameters "ID=body;"}
				{Matrix34
					1	0	-1.31704e-005
					1.31704e-005	-0.000554128	1
					0	-1	-0.000554128
					-31.4431	20.1007	13.8132
				}
				{VolumeView "detail6.ply"}
			}
			{bone "detail7"
				{parameters "ID=body;"}
				{Matrix34
					1	0	-1.33514e-005
					1.33539e-005	-0.000554073	1
					0	1	0.000554073
					-31.4438	-19.115	13.7912
				}
				{VolumeView "detail7.ply"}
			}
			{bone "seats01"
				{parameters "ID=body;"}
				{Matrix34
					0.999998	0.00187317	0
					0.00187317	-0.999998	-0.000554411
					0	-0.00055441	1
					-22.6587	15.8285	6.91792
				}
				{VolumeView "seats01.ply"}
			}
			{bone "seats02"
				{parameters "ID=body;"}
				{Matrix34
					-0.999995	0.00303431	0
					0.00303431	0.999995	-0.00055441
					0	0.000554408	1
					-22.5496	-14.7099	6.901
				}
				{VolumeView "seats01.ply"}
			}
			{bone "gun_stand"
				{parameters "ID=body;"}
				{Matrix34
					1	0	0
					0	1	0.000554085
					0	-0.000554085	1
					-4.93343	0.536339	12.1358
				}
				{VolumeView "gun_stand.ply"}
				{bone revolute "turret"
					{parameters "ID=turret;"}
					{limits -25 25}
					{animation
						{sequence "repair" {file "turret_r.anm"}}
					}
					{Matrix34
						0.999999	-1.90735e-005	-0.00175833
						2.74573e-005	0.999989	0.00476818
						0.00175822	-0.00476823	0.999987
						2.62412	-0.0336763	1.63873
					}
					{VolumeView "turret.ply"}
					{bone revolute "gun_rot"
						{parameters "ID=gun;"}
						{limits -5 20}
						{Matrix34
							0.999998	-0.00123548	0.00176406
							-0.00175815	0.00477037	0.999987
							-0.00124388	-0.999988	0.00476818
							-6.86209	0.043196	11.1623
						}
						{VolumeView "gun_rot.ply"}
						{bone "gun"
							{parameters "ID=gun;"}
							{animation
								{sequence "repair" {file "gun_r.anm"}}
							}
							{Matrix34
								0.00125106	0	0.999999
								0	1	0
								-0.999999	0	0.00125106
								-2.49972	-0.539539	3.05176e-005
							}
							{VolumeView "gun.ply"}
							{bone "foresight1"
								{Matrix34
									0.000476277	0.00047618	-1
									0.000198006	1	0.000476286
									1	-0.000198246	0.000476182
									-0.095272	0.158791	-54.0242
								}
							}
							{bone "visor"
								{Matrix34
									0.000476277	0.000476166	-1
									0.000202776	1	0.000476283
									1	-0.000203043	0.00047618
									-0.0854683	3.00353	-40.3149
								}
							}
						}
					}
					{bone "gun_rot_sup"
						{parameters "ID=turret;"}
						{Matrix34
							-0.00279982	0.999994	0.00186727
							0.00122115	-0.00186389	0.999997
							-0.999995	-0.00280209	0.00121592
							6.31629	0.0111783	0.522999
						}
						{VolumeView "gun_rot_sup.ply"}
					}
				}
				{bone "attach13"
					{Matrix34
						-0.999991	0.00416382	0
						0	0	1
						0.00416382	0.999991	0
						-3.63192	1.40376	-2.3397
					}
				}
				{bone "attach14"
					{Matrix34
						-0.999991	0.00416382	0
						0	0	1
						0.00416382	0.999991	0
						-2.50275	-1.28831	-2.3397
					}
				}
				{bone "attach11"
					{Matrix34
						-0.999991	0.00416382	0
						0	0	1
						0.00416382	0.999991	0
						-2.50261	6.35563	-2.3397
					}
				}
				{bone "attach12"
					{Matrix34
						-0.999991	0.00416382	0
						0	0	1
						0.00416382	0.999991	0
						-2.50266	3.80765	-2.3397
					}
				}
				{bone "attach15"
					{Matrix34
						-0.999991	0.00416382	0
						0	0	1
						0.00416382	0.999991	0
						-2.50279	-3.83629	-2.3397
					}
				}
				{bone "attach16"
					{Matrix34
						-0.999991	0.00416382	0
						0	0	1
						0.00416382	0.999991	0
						-2.50284	-6.5285	-2.3397
					}
				}
			}
			{bone "attach07"
				{Matrix34
					0.00172074	-0.999998	-0.000554084
					0.999999	0.00172074	0
					0	-0.000554085	1
					-38.3408	17.0536	7.75475
				}
			}
			{bone "attach08"
				{Matrix34
					-0.00291781	0.999996	0.000554085
					-0.999996	-0.00291781	0
					0	-0.000554087	1
					-38.3368	-15.4209	7.73693
				}
			}
		}
		{bone "pivot_front"
			{Matrix34
				1	0	0
				0	1	-0.000554085
				0	0.000554085	1
				45.7335	0.365689	10.0027
			}
			{VolumeView "pivot_front.ply"}
			{bone revolute "steerl"
				{Matrix34
					-1	0	0
					0	1	0.000554085
					0	-0.000554085	1
					0.00157928	14.9157	-0.29356
				}
				{bone "fxtracel1"
					{Matrix34
						-1	-3.12964e-005	0
						-3.12964e-005	1	0
						0	0	1
						-0.415451	2.3624	-9.93684
					}
				}
				{bone revolute "wheell1"
					{parameters "ID=wheelleft1;"}
					{Matrix34
						1	0	0
						0	0	1
						0	1	0
						0.00737762	-0.0786057	0.205162
					}
					{VolumeView "wheell1.ply"}
				}
			}
			{bone revolute "steerr"
				{Matrix34
					-1	0	0
					0	1	0.000554085
					0	-0.000554085	1
					-0.00318146	-15.2564	-0.31016
				}
				{bone "fxtracer1"
					{Matrix34
						-1	3.14713e-005	0
						3.14712e-005	1	0
						0	0	1
						-0.565563	-2.30323	-10.0896
					}
				}
				{bone revolute "wheelr1"
					{parameters "ID=wheelright1;"}
					{Matrix34
						1	0	0
						0	0	1
						0	-1	0
						0.00261688	0.0907545	0.205042
					}
					{VolumeView "wheelr1.ply"}
				}
			}
		}
		{bone "emit1"
			{Matrix34
				0	-1	0
				1	0	0
				0	0	1
				8.99383	32.304	0
			}
		}
		{bone "emit2"
			{Matrix34
				0.00451332	0.99999	0
				-0.99999	0.00451332	0
				0	0	1
				8.95145	-35.6723	0
			}
		}
		{bone "emit3"
			{Position -73.6778	-0.0950703	0}
		}
		{bone "link2"
			{Matrix34
				-1	0	0
				0	0	1
				0	-1	0
				-57.2114	-0.188341	14.5349
			}
		}
		{bone "pivot_back"
			{Position -24.7176	0.0633923	11.6359}
			{bone "wheelsl"
				{parameters "ID=trackleft;"}
				{Matrix34
					1	0	0
					0	-1	-0.000554411
					0	-0.000554411	1
					0.00334167	16.7075	-4.39464
				}
				{VolumeView "wheelsl.ply"}
				{bone revolute "wheell8"
					{parameters "ID=trackleft;Radius=0.75;"}
					{Matrix34
						-1	-1.56482e-005	0
						0	-0.000553922	1
						-1.56482e-005	1	0.000553922
						-0.101805	-2.81816	8.51886
					}
					{VolumeView "wheell8.ply"}
				}
				{bone "trackl"
					{parameters "ID=trackleft;"}
					{Position 0.153736	0.0512085	-2.31115}
					{VolumeView "trackl.ply"}
				}
				{bone "fxtracel2"
					{Matrix34
						1	0	0
						0	-1	-0.00110808
						0	-0.00110808	1
						-0.300848	33.094	-7.37486
					}
				}
				{bone "wsl1"
					{parameters "ID=trackleft;"}
					{Matrix34
						-1	-3.0907e-005	0
						0	0.00919155	0.999958
						3.09057e-005	-0.999958	0.00919155
						1.16047	-0.0330544	-0.777002
					}
					{VolumeView "wsl1.ply"}
					{bone "wtl1"
						{parameters "ID=trackleft;"}
						{Matrix34
							1	0	1.57356e-005
							0	0.999952	0.00974514
							-1.57349e-005	-0.00974514	0.999952
							-7.62393	-2.33369	2.8005
						}
						{VolumeView "wtl1.ply"}
						{bone revolute "wheell5"
							{parameters "ID=trackleft;Radius=0.2;"}
							{Matrix34
								1	0	-6.24657e-005
								0	1	0
								-6.24657e-005	0	-1
								3.8025	0.0200868	-2.90247
							}
							{VolumeView "wheell5.ply"}
						}
						{bone revolute "wheell4"
							{parameters "ID=trackleft;Radius=0.2;"}
							{Matrix34
								1	0	-6.24657e-005
								0	1	0
								-6.24657e-005	0	-1
								-3.8391	0.0200882	-2.90196
							}
							{VolumeView "wheell4.ply"}
						}
					}
				}
				{bone "wsl2"
					{parameters "ID=trackleft;"}
					{Matrix34
						1	3.0907e-005	0
						0	0.00919134	0.999958
						3.09057e-005	-0.999958	0.00919134
						-0.924549	-0.0328121	-0.777001
					}
					{VolumeView "wsl2.ply"}
					{bone "wtl2"
						{parameters "ID=trackleft;"}
						{Matrix34
							1	0	1.57356e-005
							0	0.999953	0.00974532
							-1.57349e-005	-0.00974532	0.999953
							-7.62393	-2.33369	2.80042
						}
						{VolumeView "wtl2.ply"}
						{bone revolute "wheell7"
							{parameters "ID=trackleft;Radius=0.2;"}
							{Matrix34
								-1	0	-3.08203e-005
								0	1	0
								3.08203e-005	0	-1
								-3.82655	0.0200863	-2.9028
							}
							{VolumeView "wheell7.ply"}
						}
						{bone revolute "wheell6"
							{parameters "ID=trackleft;Radius=0.2;"}
							{Matrix34
								-1	0	-3.08203e-005
								0	1	0
								3.08203e-005	0	-1
								3.7552	0.0200853	-2.90253
							}
							{VolumeView "wheell6.ply"}
						}
					}
				}
			}
			{bone "wheelsr"
				{parameters "ID=trackright;"}
				{Matrix34
					1	0	0
					0	1	-0.000554204
					0	0.000554204	1
					0.00334167	-16.4421	-4.39465
				}
				{VolumeView "wheelsr.ply"}
				{bone "trackr"
					{parameters "ID=trackright;"}
					{Position 0.15366	0.09655	-2.31107}
					{VolumeView "trackr.ply"}
				}
				{bone revolute "wheelr8"
					{parameters "ID=trackright;Radius=0.75;"}
					{Matrix34
						-1	1.57356e-005	0
						0	-0.000554097	1
						-1.57356e-005	-1	-0.000554097
						-0.102339	2.7933	8.52214
					}
					{VolumeView "wheelr8.ply"}
				}
				{bone "fxtracer2"
					{Matrix34
						1	0	0
						0	1	0
						0	0	1
						-0.274275	33.1658	-7.413
					}
				}
				{bone "wsr1"
					{parameters "ID=trackright;"}
					{Matrix34
						-1	0	0
						0	0.00919107	0.999958
						0	-0.999958	0.00919107
						1.16047	0.000152588	-0.776983
					}
					{VolumeView "wsr1.ply"}
					{bone "wtr1"
						{parameters "ID=trackright;"}
						{Matrix34
							1	0	1.57356e-005
							0	0.999952	0.00974514
							-1.57349e-005	-0.00974514	0.999952
							-7.62393	-2.33369	2.8005
						}
						{VolumeView "wtr1.ply"}
						{bone revolute "wheelr4"
							{parameters "ID=trackright;Radius=0.2;"}
							{Matrix34
								1	0	-3.14705e-005
								0	1	0
								3.14705e-005	0	1
								-3.8414	0.0199499	-2.80814
							}
							{VolumeView "wheelr4.ply"}
						}
						{bone revolute "wheelr5"
							{parameters "ID=trackright;Radius=0.2;"}
							{Matrix34
								1	0	-3.14705e-005
								0	1	0
								3.14705e-005	0	1
								3.80928	0.0199494	-2.80841
							}
							{VolumeView "wheelr5.ply"}
						}
					}
				}
				{bone "wsr2"
					{parameters "ID=trackright;"}
					{Matrix34
						1	0	0
						0	0.00919122	0.999958
						0	-0.999958	0.00919122
						-0.924545	0.000457764	-0.776981
					}
					{VolumeView "wsr2.ply"}
					{bone "wtr2"
						{parameters "ID=trackright;"}
						{Matrix34
							1	0	1.57356e-005
							0	0.999953	0.00974532
							-1.57349e-005	-0.00974532	0.999953
							-7.62393	-2.33369	2.80042
						}
						{VolumeView "wtr2.ply"}
						{bone revolute "wheelr6"
							{parameters "ID=trackright;Radius=0.2;"}
							{Matrix34
								-1	0	0
								0	1	0
								0	0	1
								3.81503	0.019949	-2.80828
							}
							{VolumeView "wheelr6.ply"}
						}
						{bone revolute "wheelr7"
							{parameters "ID=trackright;Radius=0.2;"}
							{Matrix34
								-1	0	0
								0	1	0
								0	0	1
								-3.82687	0.019949	-2.80816
							}
							{VolumeView "wheelr7.ply"}
						}
					}
				}
			}
		}
	}
}
{Volume "body"
	{Polyhedron "body.vol"}
	{Bone "body"}
	{Matrix34
		1	0	0
		0	1	0.000554085
		0	-0.000554085	1
		-14.6398	0.656621	-6.10233
	}
}
{Volume "engine"
	{Polyhedron "engine.vol"}
	{Bone "engine"}
	{Matrix34
		1	0	0
		0	1	0.000554085
		0	-0.000554085	1
		42.6278	0.761432	-6.24228
	}
}
{Volume "gun"
	{Cylinder 2 43}
	{Bone "gun"}
	{Matrix34
		1	0	0
		0	1	0
		0	0	1
		0.0180533	0.00478467	-32.2802
	}
}
{Volume "ram"
	{Polyhedron "ram.vol"}
	{Bone "body"}
	{Matrix34
		1	0	0
		0	1	0.000554085
		0	-0.000554085	1
		-14.6398	0.656621	-6.10233
	}
}
{Volume "trackleft"
	{Box 53 19 8}
	{Bone "wheelsl"}
	{Matrix34
		1	1.56482e-005	0
		0	-0.000553596	1
		-1.56482e-005	1	0.000553596
		1.50639	-0.394552	2.29509
	}
}
{Volume "trackright"
	{Box 53 19 8}
	{Bone "wheelsr"}
	{Matrix34
		1	-1.57356e-005	0
		0	-0.000554367	0.999999
		-1.57356e-005	-0.999999	-0.000554367
		1.24856	0.10368	2.52732
	}
}
{Volume "turret"
	{Polyhedron "turret.vol"}
	{Bone "turret"}
	{Matrix34
		0.999999	0.000147992	0.00175762
		-0.00013961	0.999989	-0.00476835
		-0.00175831	0.00476809	0.999987
		-4.62189	-0.300841	5.44867
	}
}

{Volume "wheelleft1"
	{Box 21 21 5.3}
	{Bone "steerl"}
	{Matrix34
		-1	-1.57356e-005	0
		0	0	1
		1.57356e-005	-1	0
		-0.0276721	2.47807	0.224388
	}
}
{Volume "wheelright1"
	{Box 21 21 5.3}
	{Bone "steerr"}
	{Matrix34
		-1	-1.57356e-005	0
		0	0	1
		1.57356e-005	-1	0
		-0.0176661	-2.29652	0.187231
	}
}
