;Exported by: sana
;Date:        Thu Dec 08 17:20:37 2005
;File:        D:\-Project-\-3DWork-\Entourage\new_coil04_x.max
{Skeleton
	{bone "group01"
		{Orientation
			1	0	0
			0	-1	0
			0	0	1
		}
		{bone "fx_wood1"
			{Position 0.23785	0.780377	5.08031}
		}
		{bone "piece0"
			{Matrix34
				0.173648	0	-0.984808
				0.17101	0.984808	0.0301537
				0.969846	-0.173648	0.17101
				11.7336	8.93344	31.8546
			}
			{VolumeView "piece0.ply"}
		}
		{bone "piece1"
			{Matrix34
				0.422618	0	-0.906308
				0	1	0
				0.906308	0	0.422618
				13.1933	-4.36235	21.7054
			}
			{VolumeView "piece1.ply"}
		}
		{bone "piece2"
			{Matrix34
				0.34202	0	-0.939693
				0	1	0
				0.939693	0	0.34202
				11.8913	-6.63167	34.3107
			}
			{VolumeView "piece2.ply"}
		}
		{bone "piece3"
			{Matrix34
				0.345002	0.0753671	-0.935571
				0.0151344	0.996195	0.0858317
				0.93848	-0.0437714	0.342548
				-18.9501	3.22099	18.1592
			}
			{VolumeView "piece3.ply"}
		}
		{bone "piece4"
			{Matrix34
				-0.421648	-0.0225578	-0.906479
				-0.0858324	0.996195	0.0151345
				0.902688	0.0841867	-0.42198
				-17.6295	-0.589739	35.3134
			}
			{VolumeView "piece4.ply"}
		}
	}
}
{Volume "piece0"
	{Box 37.9115 14.3184 3.88625}
	{Bone "piece0"}
	{Matrix34
		0.935108	0.354362	0.000544562
		-0.35433	0.935043	-0.0120408
		-0.00477596	0.0110665	0.999927
		-3.88619	2.44292	0.261118
	}
}
{Volume "piece1"
	{Box 24.4748 26.1377 3.91759}
	{Bone "piece1"}
	{Matrix34
		0.861431	0.507822	-0.00732753
		-0.507341	0.861098	0.0333834
		0.0232625	-0.02504	0.999416
		3.31833	1.99425	0.0915695
	}
}
{Volume "piece2"
	{Box 18.5985 27.7201 3.99881}
	{Bone "piece2"}
	{Matrix34
		0.856651	0.515073	-0.0291482
		-0.515325	0.856994	-0.00132885
		0.0242954	0.0161592	0.999574
		-4.95533	-4.83602	-0.0373841
	}
}
{Volume "piece3"
	{Box 16.5238 32.8301 3.67494}
	{Bone "piece3"}
	{Matrix34
		0.939395	0.342485	-0.0155326
		-0.3424	0.939521	0.00788042
		0.0172921	-0.00208442	0.999848
		2.37562	2.42211	0.0221423
	}
}
{Volume "piece4"
	{Box 23.79 37.092 4.11153}
	{Bone "piece4"}
	{Matrix34
		0.937447	0.346697	-0.0315488
		-0.346408	0.937974	0.0143819
		0.0345782	-0.00255345	0.999399
		-2.03332	-1.90162	0.00410561
	}
}
