;Exported by: vic
;Date:        Thu Sep 01 09:55:18 2005
;File:        D:\Obmen\SS\house_euro_117a_v_kuski_xx.max
{Skeleton
	{bone "117a_f2c3a_x"
		{Orientation
			1	0	0
			0	-1	0
			0	0	1
		}
		{bone "piece1"
			{Matrix34
				-1	0	0
				0	0	1
				0	1	0
				9.22432	18.0243	-17.9561
			}
			{VolumeView "piece1.ply"}
		}
		{bone "piece3"
			{Position -11.9273	-1.41392	-24.5502}
			{VolumeView "piece3.ply"}
		}
		{bone "sub_piece1"
			{Matrix34
				-1	0	0
				0	0	1
				0	1	0
				-16.873	18.0243	-17.6979
			}
			{VolumeView "sub_piece1.ply"}
		}
		{bone "sub_piece3"
			{Matrix34
				0	-0.984808	0.173648
				0	0.173648	0.984808
				-1	0	0
				-27.5505	-3.89569	-19.368
			}
			{VolumeView "sub_piece3.ply"}
		}
		{bone "sub_piece5"
			{Position 13.0322	8.14452	-24.5502}
			{VolumeView "sub_piece5.ply"}
		}
		{bone "sub_piece4"
			{Position 17.201	-5.71435	-24.5502}
			{VolumeView "sub_piece4.ply"}
		}
	}
}
{Volume "sub_piece4"
	{Box 13.014 3.93701 8.17972}
	{Bone "sub_piece4"}
	{Matrix34
		0.970261	-0.242061	0
		0	0	1
		-0.242061	-0.970261	0
		-1.21058	0.0690297	0.059019
	}
}
{Volume "sub_piece5"
	{Box 19.4239 3.93701 9.29514}
	{Bone "sub_piece5"}
	{Matrix34
		0.999963	-0.00859155	0
		0	0	1
		-0.00859155	-0.999963	0
		1.13343	1.12541	0.0590195
	}
}
{Volume "sub_piece3"
	{Box 26.805 7.87402 13.0209}
	{Bone "sub_piece3"}
	{Matrix34
		0.990232	-0.13943	0
		0	0	-1
		0.13943	0.990232	0
		-1.834	-0.143611	0.027142
	}
}
{Volume "sub_piece0"
	{Box 15.9376 7.87402 13.4929}
	{Bone "sub_piece1"}
	{Matrix34
		-0.994158	-0.107933	0
		0	0	1
		-0.107933	0.994158	0
		-0.128924	0.325142	-0.0667434
	}
}
{Volume "piece3"
	{Box 19.4239 3.93701 18.5903}
	{Bone "piece3"}
	{Matrix34
		0.0871556	-0.996195	0
		0	0	1
		-0.996195	-0.0871556	0
		0.348097	1.16838	0.0590197
	}
}
{Volume "piece1"
	{Box 24.9024 7.87402 14.9922}
	{Bone "piece1"}
	{Matrix34
		-1	0	0
		0	0	1
		0	1	0
		-1.22568	0.0483637	-0.0667466
	}
}
