;Exported by: Normand
;Date:        Tue Jun 05 00:28:08 2012
;File:        C:\Users\Normand\sdkfz135_1_xx.max
{Skeleton
	{bone revolute "basis"
		{parameters "Wheelradius=0.4;"}
		{limits 0 0}
		{Orientation
			1	0	0
			0	-1	0
			0	0	1
		}
		{bone "wheelsl"
			{parameters "ID=trackleft;"}
			{Matrix34
				0.00218443	-0.999995	-0.00213718
				-0.99999	-0.00217599	-0.00394167
				-0.003937	-0.00214577	0.99999
				22.0283	12.879	10.037
			}
			{VolumeView "wheelsl.ply"}
			{bone revolute "wheell16"
				{parameters "ID=trackleft;"}
				{Matrix34
					-0.0112492	0.999813	0.0157569
					0.00548713	-0.0156959	0.999862
					-0.999922	-0.0113341	0.00530954
					0.994474	50.0049	-4.88236
				}
				{VolumeView "wheell11.ply"}
			}
			{bone revolute "wheell15"
				{parameters "ID=trackleft;"}
				{Matrix34
					-0.0112492	0.999813	0.0157569
					0.00548713	-0.0156959	0.999862
					-0.999922	-0.0113341	0.00530954
					1.02676	39.3455	-4.92433
				}
				{VolumeView "wheell11.ply"}
			}
			{bone revolute "wheell14"
				{parameters "ID=trackleft;"}
				{Matrix34
					-0.0112492	0.999813	0.0157569
					0.00548713	-0.0156959	0.999862
					-0.999922	-0.0113341	0.00530954
					1.05801	29.0299	-4.96494
				}
				{VolumeView "wheell11.ply"}
			}
			{bone revolute "wheell13"
				{parameters "ID=trackleft;"}
				{Matrix34
					0.0657581	0.99769	0.0170108
					0.0864414	-0.0226794	0.995999
					-0.994084	0.0640245	0.0877331
					1.09114	18.1302	-5.16796
				}
				{VolumeView "wheell11.ply"}
			}
			{bone revolute "wheell12"
				{parameters "ID=trackleft;"}
				{Matrix34
					-0.00860823	0.999815	0.0172099
					0.213261	-0.014979	0.97688
					-0.976957	-0.0120794	0.213093
					0.926405	7.80271	-5.17746
				}
				{VolumeView "wheell11.ply"}
			}
			{bone revolute "wheell11"
				{parameters "ID=trackleft;"}
				{Matrix34
					0.104629	0.994362	0.0172099
					0.210194	-0.0390246	0.97688
					-0.972045	0.0985929	0.213093
					0.958856	-2.90667	-5.21966
				}
				{VolumeView "wheell11.ply"}
			}
			{bone "trackl"
				{parameters "CommonMesh;ID=trackleft;"}
				{Matrix34
					0.00301723	-0.999988	-0.00393661
					0	-0.00393662	0.999992
					0.999995	0.00301721	1.12813e-005
					-0.0854702	22.8575	-0.416162
				}
				{VolumeView "trackl.ply"}
			}
		}
		{bone "wheelsr"
			{parameters "ID=trackright;"}
			{Matrix34
				0.00385004	0.99999	0.00213957
				-0.999985	0.00385842	-0.00392864
				-0.00393686	-0.00212441	0.99999
				22.0069	-12.8415	9.98201
			}
			{VolumeView "wheelsr.ply"}
			{bone revolute "wheelr16"
				{parameters "ID=trackright;"}
				{Matrix34
					-0.0112497	0.999812	0.0157572
					0.00548699	-0.0156963	0.999862
					-0.999922	-0.0113346	0.00530939
					0.959721	50.01	-4.88235
				}
				{VolumeView "wheelr11.ply"}
			}
			{bone revolute "wheelr15"
				{parameters "ID=trackright;"}
				{Matrix34
					-0.0112497	0.999812	0.0157572
					0.00548699	-0.0156963	0.999862
					-0.999922	-0.0113346	0.00530939
					0.991628	39.3534	-4.9243
				}
				{VolumeView "wheelr11.ply"}
			}
			{bone revolute "wheelr14"
				{parameters "ID=trackright;"}
				{Matrix34
					-0.00814203	0.999815	0.0173976
					0.247225	-0.0148454	0.968844
					-0.968924	-0.0121895	0.247059
					0.988075	29.0183	-5.24344
				}
				{VolumeView "wheelr11.ply"}
			}
			{bone revolute "wheelr13"
				{parameters "ID=trackright;"}
				{Matrix34
					-0.198766	0.979892	0.0173976
					0.245516	0.0326002	0.968844
					-0.948796	-0.196845	0.247059
					1.02031	18.2625	-5.28573
				}
				{VolumeView "wheelr11.ply"}
			}
			{bone "trackr"
				{parameters "CommonMesh;ID=trackright;"}
				{Matrix34
					0.00301724	-0.999988	-0.00393683
					0	-0.00393684	0.999992
					-0.999995	-0.00301722	0
					-0.100684	22.8575	-0.416162
				}
				{VolumeView "trackr.ply"}
			}
			{bone "part7"
				{parameters "ID=trackright;"}
				{Position 0	0	0}
				{VolumeView "part7.ply"}
				{bone revolute "wheelr12"
					{parameters "ID=trackright;"}
					{Matrix34
						-0.0112497	0.999812	0.0157572
						0.00548699	-0.0156963	0.999862
						-0.999922	-0.0113346	0.00530939
						1.08636	7.80442	-5.04851
					}
					{VolumeView "wheelr11.ply"}
				}
				{bone revolute "wheelr11"
					{parameters "ID=trackright;"}
					{Matrix34
						-0.0112497	0.999812	0.0157572
						0.00548699	-0.0156963	0.999862
						-0.999922	-0.0113346	0.00530939
						1.1185	-2.90669	-5.09068
					}
					{VolumeView "wheelr11.ply"}
				}
			}
		}
		{bone "body"
			{parameters "ID=body;"}
			{Matrix34
				0.999998	0.00171259	-1.0939e-005
				-0.00171266	0.999998	0.000854363
				1.23986e-005	-0.00085432	1
				-0.109549	0.246821	10.4936
			}
			{VolumeView "body.ply"}
			{bone revolute "wheell1"
				{parameters "ID=trackleft;"}
				{Matrix34
					-0.999964	0.00217859	0.00815541
					0.00814976	-0.00258638	0.999964
					-0.00219944	-0.999994	-0.00256858
					36.3946	12.5979	0.269011
				}
				{VolumeView "wheell1.ply"}
			}
			{bone revolute "wheell2"
				{parameters "ID=trackleft;"}
				{Matrix34
					-0.999997	0.00219988	0
					0	-0.00262796	0.999997
					0.00219972	0.999994	0.00262801
					-39.6722	12.1014	0.606747
				}
				{VolumeView "wheell2.ply"}
			}
			{bone "detail1"
				{parameters "ID=body;"}
				{Matrix34
					-0.00254543	-0.999996	-0.00128394
					0.197615	-0.00176163	0.980278
					-0.980276	0.0022417	0.197619
					36.2416	-19.1748	5.35812
				}
				{VolumeView "detail1.ply"}
			}
			{bone revolute "wheell20"
				{parameters "ID=trackleft;"}
				{Matrix34
					-0.999998	0.0022011	0
					0	-0.00259076	0.999997
					0.00220088	0.999994	0.00259081
					-32.0935	11.7701	3.71956
				}
				{VolumeView "wheell17.ply"}
			}
			{bone revolute "wheell17"
				{parameters "ID=trackleft;"}
				{Matrix34
					-0.999998	0.0022011	0
					0	-0.00259076	0.999997
					0.00220088	0.999994	0.00259081
					30.1519	11.6113	3.98033
				}
				{VolumeView "wheell17.ply"}
			}
			{bone revolute "wheell19"
				{parameters "ID=trackleft;"}
				{Matrix34
					-0.999998	0.00220107	0
					0	-0.00259791	0.999997
					0.0022009	0.999994	0.00259797
					-11.7956	11.573	3.22662
				}
				{VolumeView "wheell18.ply"}
			}
			{bone revolute "wheell18"
				{parameters "ID=trackleft;"}
				{Matrix34
					-0.999998	0.00220107	0
					0	-0.00259791	0.999997
					0.0022009	0.999994	0.00259797
					9.43536	11.5184	3.22662
				}
				{VolumeView "wheell18.ply"}
			}
			{bone revolute "wheelr19"
				{parameters "ID=trackright;"}
				{Matrix34
					-0.999996	0.00288953	0
					0	3.05295e-005	1
					-0.00288938	-0.999996	3.04811e-005
					-11.85	-12.117	3.16504
				}
				{VolumeView "wheelr18.ply"}
			}
			{bone revolute "wheelr20"
				{parameters "ID=trackleft;"}
				{Matrix34
					-0.999996	0.00288953	0
					0	2.38536e-005	1
					-0.00288938	-0.999996	2.38061e-005
					-32.1454	-12.1053	3.68631
				}
				{VolumeView "wheelr17.ply"}
			}
			{bone revolute "wheelr2"
				{parameters "ID=trackright;"}
				{Matrix34
					-0.999996	0.00289114	0
					0	6.1047e-005	1
					-0.00289098	-0.999996	6.09991e-005
					-39.7344	-12.3136	0.575399
				}
				{VolumeView "wheelr2.ply"}
			}
			{bone revolute "wheelr17"
				{parameters "ID=trackright;"}
				{Matrix34
					-0.999996	0.00288953	0
					0	2.38536e-005	1
					-0.00288938	-0.999996	2.38061e-005
					30.0911	-12.2784	3.94966
				}
				{VolumeView "wheelr17.ply"}
			}
			{bone revolute "wheelr18"
				{parameters "ID=trackright;"}
				{Matrix34
					-0.999996	0.00288953	0
					0	3.05295e-005	1
					-0.00288938	-0.999996	3.04811e-005
					9.38319	-12.1784	3.16504
				}
				{VolumeView "wheelr18.ply"}
			}
			{bone revolute "wheelr1"
				{parameters "CommonMesh;ID=trackright;"}
				{Matrix34
					-0.999963	0.00289121	0.00815669
					0.00815665	-2.32774e-005	0.999967
					0.00289111	0.999996	0
					36.3377	-13.2709	0.202577
				}
				{VolumeView "wheelr1.ply"}
			}
			{bone "part3"
				{parameters "ID=body;"}
				{Matrix34
					0.992558	-0.0104639	-0.12132
					0.121263	-0.00596395	0.992603
					-0.0111099	-0.999927	-0.00465072
					30.7348	-0.501899	6.38587
				}
				{VolumeView "part3.ply"}
			}
			{bone "part6"
				{parameters "ID=body;"}
				{Matrix34
					0.999969	-0.00275852	0.0074283
					-0.00743024	-0.000693232	0.999972
					-0.00275309	-0.999996	-0.000713754
					18.5414	-0.380954	12.4353
				}
				{VolumeView "part6.ply"}
			}
			{bone "headr"
				{parameters "ID=body;"}
				{Matrix34
					0.00254487	0.999996	0.00128462
					0.0223351	-0.0013411	0.99975
					0.999747	-0.00251576	-0.0223385
					27.4856	-12.8663	8.40339
				}
				{VolumeView "headr.ply"}
			}
			{bone "engine"
				{parameters "ID=engine;"}
				{Position 0	0	0}
				{VolumeView "engine.ply"}
				{bone "part4"
					{parameters "ID=engine;"}
					{Matrix34
						0.999997	-0.00254591	1.14407e-005
						0	0.0072078	0.999974
						-0.00254575	-0.999971	0.00720773
						9.76073	7.72265	13.1845
					}
					{VolumeView "part4.ply"}
				}
				{bone "engine_hutch2"
					{parameters "ID=engine;"}
					{Matrix34
						0.999997	-0.00254592	1.14407e-005
						0	0.00484703	0.999988
						-0.00254577	-0.999985	0.00484696
						9.70514	-6.94561	13.1655
					}
					{VolumeView "engine_hutch2.ply"}
				}
				{bone "door_engine"
					{parameters "ID=engine;"}
					{Matrix34
						0.00387173	-0.999942	0.00998824
						0.00212455	0.00999632	0.999948
						-0.99999	-0.00384999	0.00216283
						1.39658	-14.6775	6.6043
					}
					{VolumeView "door_engine.ply"}
				}
			}
			{bone revolute "turret"
				{parameters "ID=turret;"}
				{limits -6 6}
				{speed 0.006}
				{Matrix34
					-0.999997	0.00254589	-1.14547e-005
					0.00254575	0.999996	0.00128406
					-1.47025e-005	-0.001284	0.999999
					-15.0801	-0.127016	17.4858
				}
				{VolumeView "turret.ply"}
				{bone revolute "gun_rot"
					{parameters "ID=gun;"}
					{limits 0 45}
					{speed 0.006}
					{Matrix34
						-1	0	0
						0	0.00298975	0.999996
						0	-0.999995	0.00298975
						-2.16082	-0.15014	7.86216
					}
					{VolumeView "gun_rot.ply"}
					{bone "gun"
						{parameters "ID=gun;"}
						{Matrix34
							-0.00242862	0	-0.999997
							-0.00224863	0.999997	0
							0.999995	0.00224868	-0.00242852
							8.54516	-0.288792	-0.00540689
						}
						{VolumeView "gun.ply"}
						{bone "gun_rec"
							{parameters "ID=gun;"}
							{Matrix34
								-0.00242862	0	0.999997
								0.999983	0.00523858	0.00242849
								-0.00523857	0.999986	-1.2699e-005
								-3.79025	0.227257	-13.1188
							}
							{VolumeView "gun_rec.ply"}
						}
					}
					{bone "gun_rot2"
						{parameters "ID=gun;"}
						{Matrix34
							0.902585	-0.430509	-0.00128727
							0.430509	0.902586	-0.000291334
							0.0012874	-0.000291248	0.999999
							-0.012661	1.35128	0.00402907
						}
						{VolumeView "gun_rot2.ply"}
					}
				}
			}
			{bone "part1"
				{parameters "ID=body;"}
				{Matrix34
					0.999997	-0.00254588	1.1441e-005
					0.00254574	0.999996	0.00128403
					-1.47156e-005	-0.00128397	0.999999
					-55.2693	0.672013	25.8251
				}
				{VolumeView "part1.ply"}
				{bone "part2"
					{parameters "ID=body;"}
					{Matrix34
						-0.999848	1.52113e-005	-0.0174524
						-0.0174524	0	0.999848
						1.51297e-005	1	0
						0.860088	-1.01283	-25.6542
					}
					{VolumeView "part2.ply"}
				}
				{bone "wheelr01"
					{parameters "ID=body;"}
					{Matrix34
						-0.650554	-0.730388	-0.208117
						-0.31445	0.0096068	0.949226
						0.691304	-0.682965	0.23592
						48.0467	-10.5524	-2.18219
					}
					{VolumeView "wheelr01.ply"}
				}
				{bone "detail2"
					{parameters "ID=detail2;"}
					{Matrix34
						-0.60888	-0.792925	0.0231332
						0.789383	-0.608591	-0.080568
						0.0779672	-0.0307919	0.99648
						1.4656	4.74467	-15.0238
					}
					{VolumeView "detail2.ply"}
				}
				{bone "detail3"
					{parameters "ID=detail3;"}
					{Matrix34
						-0.0347258	-0.997669	0.0587486
						0.954753	-0.0157441	0.296983
						-0.295365	0.0664037	0.953074
						0.879654	-0.651499	-14.6169
					}
					{VolumeView "detail3.ply"}
				}
			}
			{bone "part5"
				{parameters "ID=body;"}
				{Matrix34
					0.999997	-0.00254587	1.14409e-005
					0.00254577	0.999996	0.00128403
					-1.47167e-005	-0.00128397	0.999999
					-55.2693	0.672013	25.8251
				}
				{VolumeView "part5.ply"}
				{bone "door_back"
					{parameters "ID=body;"}
					{Matrix34
						0.981493	-0.00810057	-0.191326
						0.0132586	0.999582	0.025695
						0.191038	-0.0277562	0.98119
						0.767307	-1.00136e-005	0
					}
					{VolumeView "door_back.ply"}
				}
			}
		}
	}
}
{Volume "body2"
	{Box 43.4581 30.1997 9.20722}
	{Bone "body"}
	{Matrix34
		0.999997	-0.00254594	1.14384e-005
		0.0025457	0.999996	0.00128387
		-1.47193e-005	-0.00128391	0.999999
		-24.469	-0.105135	10.2822
	}
}
{Volume "body_back1"
	{Polyhedron "body_back1.vol"}
	{Bone "part1"}
	{Position 22.7265	-0.818568	-11.5129}
}
{Volume "body"
	{Box 74 9.33566 26}
	{Bone "body"}
	{Matrix34
		1.08	-0.0027497	1.23604e-005
		-1.58875e-005	-0.00138604	1.08
		-0.00274928	-1.08	-0.00138617
		-3.52271	0.186976	0.886311
	}
}
{Volume "body_vol2"
	{Polyhedron "body_vol2.vol"}
	{Bone "body"}
	{Matrix34
		0.999997	-0.00254588	1.14419e-005
		0.00254575	0.999996	0.00128393
		-1.47145e-005	-0.00128385	0.999999
		28.4351	-0.198776	5.30072
	}
}
{Volume "engine"
	{Polyhedron "engine.vol"}
	{Bone "engine"}
	{Matrix34
		0.999997	-0.00254588	1.14427e-005
		0.00254577	0.999996	0.00128393
		-1.47136e-005	-0.00128385	0.999999
		5.601	-0.320248	6.07018
	}
}
{Volume "gun_rot"
	{Box 48.5681 2.82843 4.68711}
	{Bone "gun_rot"}
	{Matrix34
		-1	0	-1.51956e-005
		0	0.999996	0.00298961
		1.51823e-005	0.00298974	-0.999995
		10.9417	-4.86423	-0.0885842
	}
}
{Volume "gun"
	{Cylinder 2.06894 49}
	{Bone "gun"}
	{Matrix34
		0.999993	0.00298415	0.00243522
		-0.00298978	0.999993	0.00222603
		-0.00242853	-0.00223326	0.999995
		-0.0175681	0.0144686	7.38048
	}
}
{Volume "part1"
	{Polyhedron "part1.vol"}
	{Bone "part1"}
	{Matrix34
		-1	1.51762e-005	0
		0	0	1
		1.51665e-005	1	0
		26.2883	-17.9205	-1.9201
	}
}
{Volume "part2"
	{Polyhedron "part2.vol"}
	{Bone "part2"}
	{Matrix34
		-0.92388	0.382683	1.43057e-005
		1.5563e-005	0	1
		0.382683	0.92388	0
		5.03694	-5.25026	0.0815711
	}
}
{Volume "part5"
	{Polyhedron "part5.vol"}
	{Bone "part5"}
	{Matrix34
		-1	1.51675e-005	0
		0	0	1
		1.51752e-005	1	0
		26.2883	-17.9205	-1.9201
	}
}
{Volume "trackleft"
	{Box 86 15.5 4.5}
	{Bone "wheelsl"}
	{Matrix34
		0.00303297	-0.999987	-0.00393661
		0	-0.00393662	0.999992
		0.999995	0.00303295	1.05656e-005
		-0.176048	23.894	-2.00362
	}
}
{Volume "trackright"
	{Box 86 15.5 4.5}
	{Bone "wheelsr"}
	{Matrix34
		0.00300111	-0.999988	-0.00393685
		0	-0.00393686	0.999992
		-0.999995	-0.00300109	-1.09794e-005
		-0.202072	23.8624	-1.96026
	}
}
{Volume "turret"
	{Polyhedron "turret.vol"}
	{Bone "turret"}
	{Matrix34
		1	1.53443e-005	0
		0	0	1
		-1.53487e-005	1	0
		-0.328323	-5.01034	5.57318
	}
}
