;Exported by: Matthias
;Date:        Mon Jul 19 18:02:28 2010
;File:        D:\Programme\505games\1C\Men of War\mods\mow_a4\backup\3d models\M.Huerbe\lefh18\lefh18_xx.max
{Skeleton
	{bone "basis"
		{Orientation
			1	0	0
			0	-1	0
			0	0	1
		}
		{bone "body"
			{Matrix34
				1	0	0.000757322
				0	1	0
				-0.000757322	0	1
				-1.27524	-0.00207806	3.94395
			}
			{VolumeView "body.ply"}
			{bone revolute "turret"
				{Matrix34
					0.988407	-0.15183	0
					0.15183	0.988407	0
					0	0	1
					-7.35686	0.00207806	2.45188
				}
				{VolumeView "turret.ply"}
				{bone revolute "gun_rot"
					{Matrix34
						0.994698	-0.000814375	-0.102837
						0.102837	0.0157969	0.994573
						0.000814509	-0.999875	0.0157969
						1.30474	0	10.046
					}
					{VolumeView "gun_rot.ply"}
					{bone "gun"
						{Matrix34
							1	0	0
							0	0	-1
							0	1	0
							7.32736	-0.242248	0
						}
						{VolumeView "gun.ply"}
					}
					{bone "gun_rot_bone"
						{Matrix34
							0.208232	-0.852884	-0.478777
							-0.289791	0.413729	-0.863047
							0.934163	0.318459	-0.161006
							3.93776	0.901708	4.30222
						}
						{bone "cylinder"
							{Matrix34
								0.173648	0.981642	0.0788949
								-0.544148	0.162412	-0.823119
								-0.820822	0.100002	0.562362
								-0.665627	0.125408	-0.0221262
							}
							{VolumeView "cylinder.ply"}
						}
					}
				}
			}
			{bone "standl"
				{Matrix34
					0.573576	0.819152	0
					-0.819152	0.573576	0
					0	0	1
					-7.11059	8.15168	-10.7337
				}
				{VolumeView "standl.ply"}
			}
			{bone "standr"
				{Matrix34
					-0.573577	0.819152	0
					-0.819152	-0.573577	0
					0	0	1
					-7.11059	-8.14753	-10.7337
				}
				{VolumeView "standr.ply"}
			}
			{bone "pivot_front"
				{Matrix34
					1	0	0
					0	0	1
					0	-1	0
					1.27091	0.00207806	-0.525516
				}
			}
		}
	}
}
{Volume "body"
	{Box 34.0996 17.5334 9.81497}
	{Bone "body"}
	{Matrix34
		0	1	0
		-1	0	0
		0	0	1
		-0.0258183	0.00207806	0.31329
	}
}
{Volume "gun1"
	{Box 3.51799 3.36021 58.2661}
	{Bone "gun_rot"}
	{Matrix34
		0	0	-1
		0	1	0
		1	0	0
		3.34885	-4.18859	0
	}
}
{Volume "gun"
	{Cylinder 1.97435 54.7547}
	{Bone "gun"}
	{Matrix34
		0	1	0
		0	0	1
		1	0	0
		20.0409	0	0.0440507
	}
}
{Volume "standl"
	{Box 51.3572 3.30185 2.84152}
	{Bone "standl"}
	{Matrix34
		0.00826119	-0.999871	0.0137257
		0.0880472	0.0144002	0.996012
		0.996082	0.0070196	-0.0881548
		0.00495195	27.2459	10.3841
	}
}
{Volume "standr"
	{Box 51.3572 3.30185 2.84152}
	{Bone "standr"}
	{Matrix34
		-0.00806229	-0.999587	-0.0275758
		-0.116649	-0.0264483	0.992821
		-0.99314	0.011221	-0.116388
		-0.000895739	27.2517	10.6345
	}
}
{Volume "turret"
	{Polyhedron "turret.vol"}
	{Bone "turret"}
	{Matrix34
		0	1	0
		-1	0	0
		0	0	1
		9.42879	0	1.53111
	}
}
