;Exported by: sana
;Date:        Thu Mar 22 14:28:27 2007
;File:        D:\-Project-\-3DWork-\Entourage\SelSovet\SelSovet_cut2_x.max
{Skeleton
	{bone "sels_wall1_10_x"
		{Orientation
			1	0	0
			0	-1	0
			0	0	1
		}
		{bone "piece01"
			{Position -0.0471191	-9.3447	13.5638}
			{VolumeView "piece01.ply"}
			{bone "sub_piece01"
				{Position 0	8.51469	-6.49226}
				{VolumeView "sub_piece01.ply"}
			}
		}
		{bone "piece02"
			{Position -0.0714874	18.4365	-16.6681}
			{VolumeView "piece02.ply"}
			{bone "sub_piece02"
				{Position 0	-11.0045	-1.65101}
				{VolumeView "sub_piece02.ply"}
			}
		}
	}
}
{Volume "piece01"
	{Box 4.85623 15.7102 18.7542}
	{Bone "piece01"}
	{Matrix34
		1	0	0
		0	0.997317	-0.0732044
		0	0.0732044	0.997317
		0	-0.148635	-1.31338
	}
}
{Volume "piece02"
	{Box 4.90498 20.2771 18.5138}
	{Bone "piece02"}
	{Position 0	0	1.76093}
}
{Volume "sub_piece01"
	{Box 4.85623 13.181 11.5997}
	{Bone "sub_piece01"}
	{Matrix34
		1	0	0
		0	0.972238	-0.233996
		0	0.233996	0.972238
		0	1.70494	-0.376485
	}
}
{Volume "sub_piece02"
	{Box 4.90498 11.7719 16.2794}
	{Bone "sub_piece02"}
	{Matrix34
		1	0	0
		0	0.926813	0.375522
		0	-0.375522	0.926813
		0	-1.40057	-1.16828
	}
}
