;Exported by: shevchenko
;Date:        Tue Mar 07 18:04:59 2006
;File:        D:\-Projects1_5-\-3DWork-\euro1_corner2_lm_corner_x.max
{Skeleton
	{bone "101_f2w8"
		{Orientation
			1	0	0
			0	-1	0
			0	0	1
		}
		{bone "piece8"
			{Matrix34
				0	-1	0
				0	0	1
				-1	0	0
				-47.2554	-30.5206	51.4325
			}
			{VolumeView "piece8.ply"}
		}
		{bone "piece7"
			{Matrix34
				0	-1	0
				0	0	1
				-1	0	0
				-46.694	30.0929	50.0604
			}
			{VolumeView "piece7.ply"}
		}
		{bone "piece5"
			{Matrix34
				0	-1	0
				0	0	1
				-1	0	0
				-25.5311	-2.539	32.0705
			}
			{VolumeView "piece5.ply"}
		}
		{bone "piece3"
			{Matrix34
				0	-1	0
				0	0	1
				-1	0	0
				-25.5311	36.0619	26.7561
			}
			{VolumeView "piece3.ply"}
		}
		{bone "piece4"
			{Matrix34
				0	-1	0
				0	0	1
				-1	0	0
				-25.5311	31.2848	-2.23423
			}
			{VolumeView "piece4.ply"}
		}
		{bone "piece6"
			{Matrix34
				0	-1	0
				0	0	1
				-1	0	0
				-25.5311	-0.516052	-3.21849
			}
			{VolumeView "piece6.ply"}
		}
		{bone "piece2"
			{Matrix34
				1	0	0
				0	0	1
				0	-1	0
				3.48041	42.5776	-28.5917
			}
			{VolumeView "piece2.ply"}
		}
		{bone "piece1"
			{Matrix34
				0.422618	0	-0.906308
				0.906308	0	0.422618
				0	-1	0
				4.76236	42.5776	1.67987
			}
			{VolumeView "piece1.ply"}
		}
		{bone "piece0"
			{Matrix34
				1	0	0
				0	0	1
				0	-1	0
				4.52776	42.5776	28.2776
			}
			{VolumeView "piece0.ply"}
		}
		{bone "piece9"
			{Matrix34
				0	-1	0
				0	0	1
				-1	0	0
				-52.1077	-7.73792	0.546318
			}
			{VolumeView "piece9.ply"}
		}
		{bone "piece10"
			{Matrix34
				0	-1	0
				0	0	1
				-1	0	0
				-52.1103	-7.21381	3.67126
			}
			{VolumeView "piece10.ply"}
		}
		{bone "sub_piece7"
			{Matrix34
				0	-1	0
				0	0	1
				-1	0	0
				-43.2494	-23.7333	-7.15549
			}
			{VolumeView "sub_piece7.ply"}
		}
		{bone "sub_piece3"
			{Matrix34
				0	-1	0
				0	0	1
				-1	0	0
				-43.2494	16.3964	-7.15549
			}
			{VolumeView "sub_piece3.ply"}
		}
		{bone "sub_piece4"
			{Matrix34
				0	-1	0
				0	0	1
				-1	0	0
				-43.2494	-1.18054	-7.15549
			}
			{VolumeView "sub_piece4.ply"}
		}
		{bone "sub_piece5"
			{Matrix34
				0	-1	0
				0	0	1
				-1	0	0
				-43.2494	-11.7094	-7.15549
			}
			{VolumeView "sub_piece5.ply"}
		}
		{bone "piece11"
			{Matrix34
				0	-1	0
				0	0	1
				-1	0	0
				5.6084	11.9173	-7.15549
			}
			{VolumeView "piece11.ply"}
		}
		{bone "sub_piece1"
			{Matrix34
				0	-1	0
				0	0	1
				-1	0	0
				1.0075	32.4764	-7.1555
			}
			{VolumeView "sub_piece1.ply"}
		}
		{bone "sub_piece2"
			{Matrix34
				0	-1	0
				0	0	1
				-1	0	0
				38.4508	52.9988	-7.1555
			}
			{VolumeView "sub_piece2.ply"}
		}
	}
}
{Volume "piece0"
	{Box 14.6457 7.87402 10.7087}
	{Bone "piece0"}
	{Matrix34
		0.707107	-0.707107	0
		0	0	-1
		0.707107	0.707107	0
		-0.047736	0.208267	0
	}
}
{Volume "piece10"
	{Box 2.51969 25.4725 17.7166}
	{Bone "piece10"}
	{Matrix34
		0	0	-1
		-1	0	0
		0	1	0
		-2.18468	0	0
	}
}
{Volume "piece11"
	{Box 52.8553 13.2171 3.93702}
	{Bone "piece11"}
	{Matrix34
		0	0	-1
		-1	0	0
		0	1	0
		0	0	0
	}
}
{Volume "piece1"
	{Box 10.5617 7.87402 21.2412}
	{Bone "piece1"}
	{Matrix34
		0.173648	0.984808	0
		0	0	-1
		-0.984808	0.173648	0
		-0.541317	-0.761344	1.71399e-005
	}
}
{Volume "piece2"
	{Box 10.8661 7.87402 17.9134}
	{Bone "piece2"}
	{Matrix34
		0.984808	0.173648	0
		0	0	-1
		-0.173648	0.984808	0
		-0.268083	0.341006	0
	}
}
{Volume "piece3"
	{Box 5.90552 13.7795 27.2602}
	{Bone "piece3"}
	{Matrix34
		0	0	-1
		-0.984808	0.173648	0
		0.173648	0.984808	0
		-0.603905	-0.252093	0
	}
}
{Volume "piece4"
	{Box 5.90552 9.37009 15.0591}
	{Bone "piece4"}
	{Matrix34
		0	0	-1
		-0.906308	-0.422618	0
		-0.422618	0.906308	0
		-0.0850861	-0.161021	0
	}
}
{Volume "piece5"
	{Box 5.90552 19.5807 13.4646}
	{Bone "piece5"}
	{Matrix34
		0	0	-1
		-0.866026	0.5	0
		0.5	0.866026	0
		-0.99964	-0.105917	0
	}
}
{Volume "piece6"
	{Box 5.90552 11.4961 19.685}
	{Bone "piece6"}
	{Matrix34
		0	0	-1
		-1	0	0
		0	1	0
		0	0	0
	}
}
{Volume "piece7"
	{Box 24.7058 46.9434 1.9685}
	{Bone "piece7"}
	{Matrix34
		0	0.422618	-0.906308
		-1	0	0
		0	0.906308	0.422618
		6.07654	0.967748	2.85593
	}
}
{Volume "piece8"
	{Box 24.3838 51.8583 1.9685}
	{Bone "piece8"}
	{Matrix34
		0	0.422618	-0.906308
		-1	0	0
		0	0.906308	0.422618
		-4.56694	-0.672755	2.89067
	}
}
{Volume "piece9"
	{Box 4.92126 4.92126 88.7078}
	{Bone "piece9"}
	{Matrix34
		0	0	-1
		-1	0	0
		0	1	0
		3.90897	-0.893433	0
	}
}
{Volume "sub_piece1"
	{Box 42.9263 10.033 3.93701}
	{Bone "sub_piece1"}
	{Matrix34
		0	0	-1
		-1	0	0
		0	1	0
		0	0	0
	}
}
{Volume "sub_piece2"
	{Box 33.3598 11.5595 3.93701}
	{Bone "sub_piece2"}
	{Matrix34
		0	0	-1
		-1	0	0
		0	1	0
		0	0	0
	}
}
{Volume "sub_piece3"
	{Box 23.6221 21.9697 3.93701}
	{Bone "sub_piece3"}
	{Matrix34
		0	0	-1
		-1	0	0
		0	1	0
		1.43821e-005	0	2.95491
	}
}
{Volume "sub_piece4"
	{Box 27.4606 7.51349 3.93701}
	{Bone "sub_piece4"}
	{Matrix34
		0	0	-1
		-1	0	0
		0	1	0
		1.30124e-005	0	0
	}
}
{Volume "sub_piece5"
	{Box 27.4606 8.14233 3.93701}
	{Bone "sub_piece5"}
	{Matrix34
		0	0	-1
		-1	0	0
		0	1	0
		1.30124e-005	-1.0252e-005	0
	}
}
{Volume "sub_piece7"
	{Box 27.7559 8.32959 3.93702}
	{Bone "sub_piece7"}
	{Matrix34
		0	0	-1
		-1	0	0
		0	1	0
		-1.75052e-005	0	0
	}
}
