;Exported by: shevchenko
;Date:        Tue Mar 14 11:54:58 2006
;File:        D:\-Projects1_5-\-3DWork-\euro1_corner2_lm_corner_x.max
{Skeleton
	{bone "101_f3c6"
		{Orientation
			1	0	0
			0	-1	0
			0	0	1
		}
		{bone "piece0"
			{Matrix34
				0	-1	0
				0	0	1
				-1	0	0
				-10.2405	12.4948	-17.601
			}
			{VolumeView "piece0.ply"}
		}
		{bone "piece1"
			{Matrix34
				0	-1	0
				0	0	1
				-1	0	0
				9.76835	9.96521	-13.8243
			}
			{VolumeView "piece1.ply"}
		}
		{bone "piece2"
			{Matrix34
				-1	0	0
				0	0	1
				0	1	0
				2.86036	-32.7398	-18.0534
			}
			{VolumeView "piece2.ply"}
		}
		{bone "piece3"
			{Matrix34
				0	-1	0
				0	0	1
				-1	0	0
				20.435	25.6038	-13.8244
			}
			{VolumeView "piece3.ply"}
		}
		{bone "piece4"
			{Matrix34
				0	-1	0
				0	0	1
				-1	0	0
				-5.68696	22.7977	0.145569
			}
			{VolumeView "piece4.ply"}
		}
		{bone "piece5"
			{Matrix34
				0	-1	0
				0	0	1
				-1	0	0
				-10.2405	-29.1161	-15.8715
			}
			{VolumeView "piece5.ply"}
		}
		{bone "piece7"
			{Matrix34
				0	-1	0
				0	0	1
				-1	0	0
				-5.30993	-25.6963	0.398834
			}
			{VolumeView "piece7.ply"}
		}
		{bone "piece6"
			{Matrix34
				0	-1	0
				0	0	1
				-1	0	0
				9.46308	-4.0849	-13.8244
			}
			{VolumeView "piece6.ply"}
		}
		{bone "piece8"
			{Matrix34
				0.321518	0.866025	-0.382919
				-0.556884	0.5	0.663235
				0.765838	0	0.643034
				6.88844	27.6932	3.78174
			}
			{VolumeView "piece8.ply"}
		}
		{bone "piece9"
			{Matrix34
				0.321518	0.866025	-0.382919
				-0.556884	0.5	0.663235
				0.765838	0	0.643034
				8.69996	-35.2481	5.30273
			}
			{VolumeView "piece9.ply"}
		}
		{bone "piece10"
			{Matrix34
				0	-1	0
				0	0	1
				-1	0	0
				14.638	-19.8533	-13.8244
			}
			{VolumeView "piece10.ply"}
		}
	}
}
{Volume "piece0"
	{Box 5.90552 25.7677 15.0127}
	{Bone "piece0"}
	{Matrix34
		0	0	-1
		-0.983039	0.183396	0
		0.183396	0.983039	0
		-0.0675065	1.35674	0
	}
}
{Volume "piece10"
	{Box 22.8483 11.0935 3.93701}
	{Bone "piece10"}
	{Matrix34
		0	0	-1
		-1	0	0
		0	1	0
		0	0	10.9909
	}
}
{Volume "piece1"
	{Box 32.2131 6.59302 3.93701}
	{Bone "piece1"}
	{Matrix34
		0	0	-1
		-1	0	0
		0	1	0
		-3.01832e-005	0	0
	}
}
{Volume "piece2"
	{Box 15.4134 5.90552 12.5787}
	{Bone "piece2"}
	{Matrix34
		-0.801441	-0.598073	0
		0	0	1
		-0.598073	0.801441	0
		-0.649353	-0.321558	0
	}
}
{Volume "piece3"
	{Box 42.8943 15.0885 3.93701}
	{Bone "piece3"}
	{Matrix34
		0	0	-1
		-1	0	0
		0	1	0
		0	0	7.86215
	}
}
{Volume "piece4"
	{Box 42.0276 23.5018 1.9685}
	{Bone "piece4"}
	{Matrix34
		0	0.497518	-0.867453
		-1	0	0
		0	0.867453	0.497518
		-4.7599	-5.01239	3.92019
	}
}
{Volume "piece5"
	{Box 5.90552 9.78347 14.3504}
	{Bone "piece5"}
	{Matrix34
		0	0	-1
		-0.902923	-0.429803	0
		-0.429803	0.902923	0
		-0.185983	-0.339528	0
	}
}
{Volume "piece6"
	{Box 31.5662 11.5595 3.93701}
	{Bone "piece6"}
	{Matrix34
		0	0	-1
		-1	0	0
		0	1	0
		0	0	2.2123
	}
}
{Volume "piece7"
	{Box 42.0276 23.5018 1.9685}
	{Bone "piece7"}
	{Matrix34
		0	0.497518	-0.867453
		-1	0	0
		0	0.867453	0.497518
		6.65154	-5.26565	4.29721
	}
}
{Volume "piece8"
	{Box 3.44644 4.26196 42.3475}
	{Bone "piece8"}
	{Matrix34
		0.499981	-0.865992	-0.00874804
		0.866025	0.5	0
		0.00437466	-0.00757604	0.999962
		-0.318652	0.314252	-1.1013
	}
}
{Volume "piece9"
	{Box 3.44644 4.26196 47.5815}
	{Bone "piece9"}
	{Matrix34
		0.499981	-0.865992	-0.00874829
		0.866025	0.5	0
		0.00437465	-0.0075759	0.999962
		-0.204306	0.35391	-0.849814
	}
}
