;Exported by: klimenko
;Date:        Wed Sep 07 11:26:06 2005
;File:        D:\-Project-\-3DWork-\da_wataz_tauwa_x.max
{Skeleton
	{bone "w_tower_c5"
		{Orientation
			1	0	0
			0	-1	0
			0	0	1
		}
		{bone "piece3"
			{parameters "Model =entity/construction/1/123;"}
			{Position -9.32526	3.96231	159.944}
			{VolumeView "piece3.ply"}
		}
		{bone "piece6"
			{parameters "Model =entity/construction/1/123;"}
			{Position 15.8212	10.2169	107.546}
			{VolumeView "piece6.ply"}
		}
		{bone "piece4"
			{Matrix34
				0	1	0
				-1	0	0
				0	0	1
				-5.27197	10.4657	151.441
			}
		}
		{bone "piece7"
			{parameters "Model =entity/construction/1/123;"}
			{Position -3.16107	10.0029	84.675}
			{VolumeView "piece7.ply"}
		}
		{bone "piece5"
			{parameters "Model =entity/construction/1/123;"}
			{Position 6.9317	-4.34641	133.319}
			{VolumeView "piece5.ply"}
		}
		{bone "piece8"
			{parameters "Model =entity/construction/1/123;"}
			{Position -5.45905	-6.50512	95.4926}
			{VolumeView "piece8.ply"}
		}
		{bone "piece1"
			{parameters "Model =entity/construction/1/123;"}
			{Position -19.091	16.2488	189.534}
			{VolumeView "piece1.ply"}
		}
		{bone "piece2"
			{parameters "Model =entity/construction/1/123;"}
			{Position -16.1891	18.718	176.55}
			{VolumeView "piece2.ply"}
		}
		{bone "piece9"
			{parameters "Model =entity/construction/1/123;"}
			{Position -27.4398	41.1552	0}
			{VolumeView "piece9.ply"}
		}
	}
}
{Volume "piece9"
	{Box 5.41026 18.3072 15.9778}
	{Bone "piece9"}
	{Matrix34
		0.823738	-0.566971	0
		0.566971	0.823738	0
		0	0	1
		38.9399	-31.6958	82.6821
	}
}
{Volume "piece2"
	{Box 15.6182 2.43098 20.9988}
	{Bone "piece2"}
	{Matrix34
		0.824214	0.566279	0
		-0.566279	0.824214	0
		0	0	1
		1.1192	-0.832085	0
	}
}
{Volume "piece1"
	{Box 17.7831 22.5749 2.19854}
	{Bone "piece1"}
	{Matrix34
		0.945911	0.320079	-0.0529399
		-0.281484	0.890837	0.356619
		0.161307	-0.322428	0.932749
		-0.458238	0.915941	-0.666125
	}
}
{Volume "piece8"
	{Box 16.2408 8.64709 18.4408}
	{Bone "piece8"}
	{Matrix34
		0.945945	0.306764	0.105279
		-0.324327	0.894721	0.30706
		0	-0.324607	0.945849
		-1.26094	-1.6789	3.74753
	}
}
{Volume "piece5"
	{Box 30.5926 9.63653 26.8972}
	{Bone "piece5"}
	{Matrix34
		0.783047	0.621963	0
		-0.621963	0.783047	0
		0	0	1
		-1.4471e-005	0	4.41549
	}
}
{Volume "piece7"
	{Box 20.4196 35.5911 9.258}
	{Bone "piece7"}
	{Matrix34
		0.615657	-0.788014	0
		0.788014	0.615657	0
		0	0	1
		0	1.1583e-005	0
	}
}
{Volume "piece4a"
	{Box 7.09338 40.7902 4.58751}
	{Bone "piece4"}
	{Matrix34
		0.049218	-0.998788	0
		0.998788	0.049218	0
		0	0	1
		1.0602	8.57098	0
	}
}
{Volume "piece4"
	{Box 7.09338 40.7902 4.58751}
	{Bone "piece4"}
	{Position 1.0602	0	0}
}
{Volume "piece6"
	{Box 6.9886 26.1832 29.704}
	{Bone "piece6"}
	{Matrix34
		0.897609	-0.358487	-0.256486
		0.379339	0.924586	0.0352675
		0.2245	-0.128951	0.965904
		2.11929	0.709514	0
	}
}
{Volume "piece3"
	{Box 22.9871 30.35 2.32072}
	{Bone "piece3"}
	{Matrix34
		0.857373	0.514584	0.0106986
		-0.481836	0.795156	0.368187
		0.180956	-0.320828	0.92969
		-0.89517	0.270965	0.276755
	}
}
