;Exported by: sana
;Date:        Fri Jun 23 12:00:18 2006
;File:        D:\-Project-\-3DWork-\Entourage\catholic_church\Catholic_church03_x01.max
{Skeleton
	{bone "catholic_cut12"
		{Orientation
			1	0	0
			0	-1	0
			0	0	1
		}
		{bone "exterior"
			{Position 15.88	-29.9134	7.30315}
		}
		{bone "piece06"
			{Position 3.94578	-19.7596	13.0069}
			{VolumeView "piece06.ply"}
		}
		{bone "piece01"
			{Position -2.34614	-0.315384	19.1053}
			{VolumeView "piece01.ply"}
			{bone "sub_piece01"
				{Position 9.71816	0	-8.69202}
				{VolumeView "sub_piece01.ply"}
			}
		}
		{bone "piece02"
			{Position -23.3519	-0.315384	12.5863}
			{VolumeView "piece02.ply"}
			{bone "sub_piece02"
				{Position -0.422526	0	-9.41634}
				{VolumeView "sub_piece02.ply"}
			}
		}
		{bone "piece03"
			{Position 21.0136	-0.315384	-9.98877}
			{VolumeView "piece03.ply"}
			{bone "sub_piece03"
				{Position -15.6939	0	0.905426}
				{VolumeView "sub_piece03.ply"}
			}
		}
		{bone "piece04"
			{Position -17.2555	-0.315384	-12.8861}
			{VolumeView "piece04.ply"}
			{bone "sub_piece04"
				{Position -2.05228	0	-12.7362}
				{VolumeView "sub_piece04.ply"}
			}
		}
		{bone "piece05"
			{Position 3.88338	-49.2982	13.0861}
			{VolumeView "piece05.ply"}
		}
		{bone "fx_stone1c"
			{Matrix34
				-0.0316703	0.999498	0
				-0.999498	-0.0316703	0
				0	0	1
				-2.38544	-0.192871	-16.8215
			}
		}
	}
}
{Volume "piece01"
	{Box 19.7599 9.84253 13.9942}
	{Bone "piece01"}
	{Matrix34
		0.973583	0	-0.228332
		0	1	0
		0.228332	0	0.973583
		-1.00577	0	-0.852177
	}
}
{Volume "piece02"
	{Box 16.4376 9.84253 12.6252}
	{Bone "piece02"}
	{Matrix34
		0.965926	0	-0.258819
		0	1	0
		0.258819	0	0.965926
		-0.334644	0	0.667058
	}
}
{Volume "piece03"
	{Box 17.3346 9.84251 18.6951}
	{Bone "piece03"}
	{Matrix34
		0.819152	0	0.573576
		0	1	0
		-0.573576	0	0.819152
		-1.546	0	0.0492563
	}
}
{Volume "piece04"
	{Box 19.8178 9.84253 14.0618}
	{Bone "piece04"}
	{Matrix34
		0.819152	0	0.573576
		0	1	0
		-0.573576	0	0.819152
		0.398836	0	-0.569604
	}
}
{Volume "piece05"
	{Box 3.93701 27.4868 49.1546}
	{Bone "piece05"}
	{Matrix34
		0.78475	0	0.619813
		0	1	0
		-0.619813	0	0.78475
		7.90725	3.41556	-2.52254
	}
}
{Volume "piece06"
	{Box 3.93701 25.7206 57.3469}
	{Bone "piece06"}
	{Matrix34
		0.782077	0	0.623182
		0	1	0
		-0.623182	0	0.782077
		10.2416	0.00894165	-4.4166
	}
}
{Volume "sub_piece01"
	{Box 14.7716 9.84251 11.5169}
	{Bone "sub_piece01"}
	{Matrix34
		0.991867	0	-0.127281
		0	1	0
		0.127281	0	0.991867
		-0.0814352	0	-0.262753
	}
}
{Volume "sub_piece02"
	{Box 12.193 9.84253 11.9757}
	{Bone "sub_piece02"}
	{Matrix34
		0.939693	0	-0.34202
		0	1	0
		0.34202	0	0.939693
		-1.09596	0	-1.01483
	}
}
{Volume "sub_piece03"
	{Box 11.7101 9.84251 12.6759}
	{Bone "sub_piece03"}
	{Position 0	0	1.4223e-005}
}
{Volume "sub_piece04"
	{Box 12.9173 9.84253 9.77853}
	{Bone "sub_piece04"}
	{Position 0	0	1.24749e-005}
}
