;Exported by: gals
;Date:        Fri Aug 05 12:51:34 2005
;File:        D:\-Projects1_5-\-3DWork-\build_pipeline\build_pipeline1.max
{Skeleton
	{bone "tubes02"
		{Orientation
			1	0	0
			0	-1	0
			0	0	1
		}
		{VolumeView "tubes02.ply"}
	}
}
{Obstacle "pipeline30"
	{Obb2
		{Center -55.3219 41.3069}
		{Extent 8.42472 18.4407}
		{Axis 1 0}
	}
	{Rotate}
}
{Obstacle "pipeline29"
	{Obb2
		{Center -50.53 111.378}
		{Extent 1.96851 1.70478}
		{Axis 1 0}
	}
	{Rotate}
}
{Obstacle "pipeline28"
	{Obb2
		{Center -60.3839 111.378}
		{Extent 1.96851 1.70478}
		{Axis 1 0}
	}
	{Rotate}
}
{Obstacle "pipeline25"
	{Obb2
		{Center -60.3495 22.6951}
		{Extent 1.96851 1.70478}
		{Axis 1 0}
	}
	{Rotate}
}
{Obstacle "pipeline24"
	{Obb2
		{Center -50.56 22.6951}
		{Extent 1.96851 1.70478}
		{Axis 1 0}
	}
	{Rotate}
}
{Obstacle "pipeline23"
	{Obb2
		{Center 12.1359 -22.749}
		{Extent 1.9685 1.70478}
		{Axis 1 0}
	}
	{Rotate}
}
{Obstacle "pipeline22"
	{Obb2
		{Center 21.9254 -22.749}
		{Extent 1.9685 1.70478}
		{Axis 1 0}
	}
	{Rotate}
}
{Obstacle "pipeline21"
	{Obb2
		{Center 12.106 -111.432}
		{Extent 1.96851 1.70478}
		{Axis 1 0}
	}
	{Rotate}
}
{Obstacle "pipeline19"
	{Obb2
		{Center 21.9598 -111.432}
		{Extent 1.96851 1.70478}
		{Axis 1 0}
	}
	{Rotate}
}
{Obstacle "pipeline16"
	{Obb2
		{Center 67.2178 65.9735}
		{Extent 1.96851 1.70478}
		{Axis 1 0}
	}
	{Rotate}
}
{Obstacle "pipeline13"
	{Obb2
		{Center -90.1295 -22.6998}
		{Extent 3.66409 4.11875}
		{Axis 1 0}
	}
	{Rotate}
}
{Obstacle "pipeline12"
	{Obb2
		{Center -76.5039 -22.6998}
		{Extent 9.84253 9.3608}
		{Axis 1 0}
	}
	{Rotate}
}
{Obstacle "pipeline10"
	{Obb2
		{Center -7.42143 -22.6538}
		{Extent 13.5714 7.48864}
		{Axis 1 0}
	}
	{Rotate}
}
{Obstacle "pipeline06"
	{Obb2
		{Center 39.8612 -22.7168}
		{Extent 39.4433 12.7953}
		{Axis 1 0}
	}
	{Rotate}
}
{Obstacle "pipeline05"
	{Obb2
		{Center 39.7873 6.77471}
		{Extent 8.42472 19.3349}
		{Axis 1 0}
	}
	{Rotate}
}
{Obstacle "pipeline04"
	{Obb2
		{Center 88.0691 -22.699}
		{Extent 12.9423 7.48864}
		{Axis 1 0}
	}
	{Rotate}
}
{Obstacle "pipeline03"
	{Obb2
		{Center 39.8272 35.4258}
		{Extent 7.48865 12.9423}
		{Axis 1 0}
	}
	{Rotate}
}
{Obstacle "pipeline02"
	{Obb2
		{Center -33.1412 22.7151}
		{Extent 12.9423 7.48864}
		{Axis 1 0}
	}
	{Rotate}
}
{Obstacle "pipeline01"
	{Obb2
		{Center -55.7348 22.7151}
		{Extent 19.7835 8.42472}
		{Axis 1 0}
	}
	{Rotate}
}
{Volume "pipeline30"
	{Cylinder 8.85827 36.8814}
	{Bone "tubes02"}
	{Matrix34
		-0.951056	0	0.309017
		0.309017	0	0.951056
		0	1	0
		-55.3219	-41.3069	12.4388
	}
}
{Volume "pipeline29"
	{Cylinder 1.9685 45.6642}
	{Bone "tubes02"}
	{Position -50.53	-111.378	22.8321}
}
{Volume "pipeline28"
	{Cylinder 1.9685 45.6642}
	{Bone "tubes02"}
	{Position -60.3839	-111.378	22.8321}
}
{Volume "pipeline27"
	{Cylinder 1.9685 78.7402}
	{Bone "tubes02"}
	{Matrix34
		1	0	0
		0	0	-1
		0	1	0
		-60.3839	-67.6463	47.7709
	}
}
{Volume "pipeline26"
	{Cylinder 1.9685 78.7402}
	{Bone "tubes02"}
	{Matrix34
		1	0	0
		0	0	-1
		0	1	0
		-50.5301	-67.6463	47.7709
	}
}
{Volume "pipeline25"
	{Cylinder 1.9685 22.1601}
	{Bone "tubes02"}
	{Matrix34
		-1	0	0
		0	-1	0
		0	0	1
		-60.3495	-22.6951	33.0438
	}
}
{Volume "pipeline24"
	{Cylinder 1.9685 22.1601}
	{Bone "tubes02"}
	{Matrix34
		-1	0	0
		0	-1	0
		0	0	1
		-50.56	-22.6951	32.5624
	}
}
{Volume "pipeline23"
	{Cylinder 1.9685 22.1601}
	{Bone "tubes02"}
	{Position 12.1359	22.749	36.2917}
}
{Volume "pipeline22"
	{Cylinder 1.9685 22.1601}
	{Bone "tubes02"}
	{Position 21.9254	22.749	36.2917}
}
{Volume "pipeline21"
	{Cylinder 1.9685 48.0175}
	{Bone "tubes02"}
	{Matrix34
		-1	0	0
		0	-1	0
		0	0	1
		12.106	111.432	24.0087
	}
}
{Volume "pipeline20"
	{Cylinder 1.9685 80.0291}
	{Bone "tubes02"}
	{Matrix34
		-1	0	0
		0	0	-1
		0	-1	0
		12.106	67.0556	51.0338
	}
}
{Volume "pipeline19"
	{Cylinder 1.9685 48.0175}
	{Bone "tubes02"}
	{Matrix34
		-1	0	0
		0	-1	0
		0	0	1
		21.9598	111.432	24.0087
	}
}
{Volume "pipeline18"
	{Cylinder 1.9685 80.0291}
	{Bone "tubes02"}
	{Matrix34
		-1	0	0
		0	0	-1
		0	-1	0
		21.9598	67.0556	51.0338
	}
}
{Volume "pipeline17"
	{Cylinder 1.9685 15.6057}
	{Bone "tubes02"}
	{Matrix34
		1	0	0
		0	0.996195	0.087156
		0	-0.087156	0.996195
		67.2178	22.0689	32.9848
	}
}
{Volume "pipeline16"
	{Cylinder 1.9685 40.0146}
	{Bone "tubes02"}
	{Position 67.2178	-65.9735	20.0073}
}
{Volume "pipeline15"
	{Cylinder 1.9685 80.0291}
	{Bone "tubes02"}
	{Matrix34
		1	0	0
		0	0	-1
		0	1	0
		67.2178	-21.597	43.4179
	}
}
{Volume "pipeline14"
	{Cylinder 2.33858 12.8807}
	{Bone "tubes02"}
	{Matrix34
		-0.951056	0	0.309017
		0.309017	0	0.951056
		0	1	0
		-92.3053	25.8148	23.6285
	}
}
{Volume "pipeline13"
	{Cylinder 4.33071 7.32817}
	{Bone "tubes02"}
	{Matrix34
		0	-0.951056	0.309017
		0	0.309017	0.951056
		-1	0	0
		-90.1294	22.6998	30.4956
	}
}
{Volume "pipeline12"
	{Cylinder 9.84252 45.9447}
	{Bone "tubes02"}
	{Matrix34
		0.309017	-0.951056	0
		0.951056	0.309017	0
		0	0	1
		-76.5039	22.6998	22.9723
	}
}
{Volume "pipeline11"
	{Cylinder 7.87402 22.6378}
	{Bone "tubes02"}
	{Matrix34
		-0.218508	0.951057	0.218508
		-0.672499	-0.309017	0.672498
		0.707107	0	0.707106
		-72.6078	22.6538	53.9563
	}
}
{Volume "pipeline10"
	{Cylinder 7.87402 22.6378}
	{Bone "tubes02"}
	{Matrix34
		0.218508	-0.951056	0.218508
		0.672498	0.309017	0.672499
		-0.707107	0	0.707107
		-7.42143	22.6539	16.0776
	}
}
{Volume "pipeline09"
	{Cylinder 7.87402 22.6378}
	{Bone "tubes02"}
	{Matrix34
		0.218508	-0.951056	0.218508
		0.672498	0.309017	0.672499
		-0.707107	0	0.707107
		-16.1651	22.6538	54.2688
	}
}
{Volume "pipeline08"
	{Cylinder 7.87402 20.8839}
	{Bone "tubes02"}
	{Matrix34
		0.309017	-0.951056	0
		0.951056	0.309017	0
		0	0	1
		-12.0373	22.6998	35.5162
	}
}
{Volume "pipeline07"
	{Cylinder 7.87402 39.3701}
	{Bone "tubes02"}
	{Matrix34
		0	-0.951056	0.309017
		0	0.309017	0.951056
		-1	0	0
		-44.2635	22.6998	58.4957
	}
}
{Volume "pipeline06"
	{Cylinder 12.7953 78.8866}
	{Bone "tubes02"}
	{Matrix34
		0	-1	0
		0	0	1
		-1	0	0
		39.8612	22.7168	12.7804
	}
}
{Volume "pipeline05"
	{Cylinder 8.85827 38.6699}
	{Bone "tubes02"}
	{Matrix34
		-0.951056	0	0.309017
		0.309017	0	0.951056
		0	1	0
		39.7873	-6.77471	12.3725
	}
}
{Volume "pipeline04"
	{Cylinder 7.87402 22.6378}
	{Bone "tubes02"}
	{Matrix34
		0.253132	-0.951056	0.177245
		0.77906	0.309017	0.545503
		-0.573577	0	0.819152
		88.0691	22.699	7.55715
	}
}
{Volume "pipeline03"
	{Cylinder 7.87402 22.6378}
	{Bone "tubes02"}
	{Matrix34
		-0.951056	-0.253133	0.177245
		0.309018	-0.779059	0.545503
		0	0.573577	0.819152
		39.8272	-35.4258	7.55716
	}
}
{Volume "pipeline02"
	{Cylinder 7.87402 22.6378}
	{Bone "tubes02"}
	{Matrix34
		0.253131	-0.951057	0.177245
		0.77906	0.309017	0.545504
		-0.573577	0	0.819152
		-33.1412	-22.7151	7.5603
	}
}
{Volume "pipeline01"
	{Cylinder 8.85827 39.5669}
	{Bone "tubes02"}
	{Matrix34
		0	-0.951056	0.309017
		0	0.309017	0.951056
		-1	0	0
		-55.7348	-22.7151	12.5092
	}
}
