;Exported by: shevchenko
;Date:        Sun Jul 10 14:28:04 2005
;File:        D:\-Projects1_5-\-3DWork-\shed_euro_108_x.max
{Skeleton
	{animation
		{sequence "crush" {speed 0.5}}
	}
	{bone "w5"
		{parameters "CommonMesh;"}
		{Orientation
			1	0	0
			0	-1	0
			0	0	1
		}
		{VolumeView "w5.ply"}
		{bone "piece5"
			{Position 11.7572	-45.5309	41.7059}
			{VolumeView "piece5.ply"}
		}
		{bone "piece7"
			{Matrix34
				1	0	0
				0	0	1
				0	-1	0
				53.6471	8.66142	60.6675
			}
			{VolumeView "piece7.ply"}
		}
		{bone "piece1"
			{Matrix34
				1	0	0
				0	0	1
				0	-1	0
				-42.9758	7.06151	35.5684
			}
			{VolumeView "piece1.ply"}
		}
		{bone "piece2"
			{Matrix34
				1	0	0
				0	0	1
				0	-1	0
				-17.5345	7.06151	64.7053
			}
			{VolumeView "piece2.ply"}
		}
		{bone "piece3"
			{Matrix34
				0	-1	0
				0	0	1
				-1	0	0
				-40.4777	-30.6855	44.8463
			}
			{VolumeView "piece3.ply"}
		}
		{bone "piece4"
			{Matrix34
				1	0	0
				0	0	1
				0	-1	0
				-12.4561	-45.9749	64.1816
			}
			{VolumeView "piece4.ply"}
		}
		{bone "piece6"
			{Matrix34
				1	0	0
				0	0	1
				0	-1	0
				13.2698	-45.9749	58.4572
			}
			{VolumeView "piece6.ply"}
		}
		{bone "exterior"
			{Position 0	6.22047	87.9724}
		}
	}
}
{Volume "piece6"
	{Box 8.60703 17.0323 24.9843}
	{Bone "piece6"}
	{Matrix34
		0	0	-1
		-0.939692	-0.34202	0
		-0.34202	0.939692	0
		-0.0199157	11.5456	-1.90688
	}
}
{Volume "piece4"
	{Box 8.60703 12.7743 24.2347}
	{Bone "piece4"}
	{Matrix34
		0	0	-1
		-0.965926	0.258819	0
		0.258819	0.965926	0
		-2.41931	13.592	-1.90688
	}
}
{Volume "piece3"
	{Box 8.60703 23.8453 16.2148}
	{Bone "piece3"}
	{Matrix34
		0	0	-1
		-0.965926	0.258819	0
		0.258819	0.965926	0
		-0.120641	2.85376	-0.257075
	}
}
{Volume "piece2"
	{Box 8.60703 24.9741 12.6611}
	{Bone "piece2"}
	{Matrix34
		0	0	-1
		-0.996195	0.087156	0
		0.087156	0.996195	0
		-8.21316	3.91785	-1.51423
	}
}
{Volume "piece1"
	{Box 8.60703 35.1748 23.4465}
	{Bone "piece1"}
	{Matrix34
		0	0	-1
		-0.906308	-0.422618	0
		-0.422618	0.906308	0
		-3.00021	7.83567	-1.51423
	}
}
{Volume "piece7"
	{Box 8.60703 27.4715 30.5133}
	{Bone "piece7"}
	{Matrix34
		0	0	-1
		-0.819152	0.573577	0
		0.573577	0.819152	0
		0.429815	1.90559	0.085683
	}
}
{Volume "piece5"
	{Box 8.60703 42.5808 29.4814}
	{Bone "piece5"}
	{Matrix34
		0	1	0
		-1	0	0
		0	0	1
		5.81559	1.46285	-0.745264
	}
}
