;Exported by: sasha
;Date:        Mon Jun 30 17:34:58 2008
;File:        D:\-Projects-\-3D-\-Vehicles-\Ships\coaster_ship\coaster_ship01_alx_v2.max
{Skeleton
	{animation
		{sequence "drift" {speed 0.3}}
		{sequence "move" {speed 0.5}}
	}
	{bone "basis"
		{Orientation
			1	0	0
			0	-1	0
			0	0	1
		}
		{bone "ballast"
		}
		{bone "body"
			{parameters "ID=body;"}
			{VolumeView "body.ply"}
			{bone "driver"
				{Position 10.6957	7.31007	30.3283}
			}
			{bone "emit01"
				{Position 39.1086	72.8543	0}
			}
			{bone "emit02"
				{Position 39.1086	-72.8543	0}
			}
			{bone "fx_bulb_small_center1"
				{Matrix34
					0	1	0
					-1	0	0
					0	0	1
					-137.405	52.5797	3.93701
				}
			}
			{bone "fx_bulb_small_center2"
				{Matrix34
					0	-1	0
					1	0	0
					0	0	1
					-137.12	-52.5032	3.93701
				}
			}
			{bone "fx_bulb_small_center8"
				{Matrix34
					-0.0145439	-0.999855	0.00883567
					0.999888	-0.0145746	-0.00342069
					0.00354897	0.00878494	0.999955
					-47.2287	-48.6238	3.93701
				}
			}
			{bone "fx_bulb_small_center11"
				{Matrix34
					0.0201445	0.999758	-0.00883806
					-0.999794	0.020123	-0.00252046
					-0.002342	0.00888702	0.999958
					-38.5754	50.6323	3.93701
				}
			}
			{bone "pivot_back"
				{Position -188.754	-0.0162845	0}
			}
			{bone "place01"
				{Position -167.45	0.00450279	5.1105}
			}
			{bone "place02"
				{Position -151.702	0.00450279	5.1105}
			}
			{bone "place03"
				{Position -135.954	0.00450279	5.1105}
			}
			{bone "place04"
				{Position -120.206	0.00450279	5.1105}
			}
			{bone "place05"
				{Position -104.458	0.00450279	5.1105}
			}
			{bone "place06"
				{Position -88.7101	0.00450279	5.1105}
			}
			{bone "place07"
				{Position -72.9621	0.00450279	5.1105}
			}
			{bone "body_rear"
				{parameters "ID=body_rear;"}
				{VolumeView "body_rear.ply"}
				{bone "propeller01"
					{parameters "ID=body4;"}
					{Matrix34
						1	0	0
						0	0	1
						0	-1	0
						-280.281	-29.0368	-15.0359
					}
					{VolumeView "propeller01.ply"}
				}
				{bone "propeller02"
					{parameters "ID=body4;"}
					{Matrix34
						1	0	0
						0	0	1
						0	-1	0
						-280.281	29.0354	-15.0358
					}
					{VolumeView "propeller02.ply"}
				}
				{bone "fx_bulb_small_engine1"
					{Matrix34
						-1	0	0
						0	-1	0
						0	0	1
						-281.004	29.0804	-14.1938
					}
				}
				{bone "fx_bulb_small_back1"
					{Matrix34
						-1	0	0
						0	-1	0
						0	0	1
						-289.788	0	3.93702
					}
				}
				{bone "fx_bulb_small_engine2"
					{Matrix34
						-1	0	0
						0	-1	0
						0	0	1
						-280.492	-29.722	-14.1938
					}
				}
				{bone "fx_bulb_small_center9"
					{Matrix34
						-0.122221	-0.992503	0
						0.992503	-0.122221	0
						0	0	1
						-222.582	-48.5358	3.93702
					}
				}
				{bone "fx_bulb_small_center12"
					{Matrix34
						-0.0870503	0.996197	-0.00375795
						-0.996185	-0.087071	-0.00575488
						-0.0060602	0.00324265	0.999976
						-227.239	47.5431	3.93702
					}
				}
				{bone "enumerator3"
					{Position -344.625	1.74046e-005	38.4065}
					{VolumeView "enumerator3.ply"}
				}
				{bone "fire_rear1"
					{Matrix34
						0	0	1
						-1	0	0
						0	-1	0
						-210.84	23.0817	25.1975
					}
				}
				{bone "fire_rear2"
					{Matrix34
						0	0	1
						-1	0	0
						0	-1	0
						-217.849	54.5811	16.0568
					}
				}
				{bone "fire_rear3"
					{Matrix34
						0	0	1
						-1	0	0
						0	-1	0
						-290.016	20.4516	30.1371
					}
				}
				{bone "fire_rear4"
					{Matrix34
						0	0	1
						-1	0	0
						0	-1	0
						-247.963	-28.3014	28.1561
					}
				}
				{bone "fire_rear5"
					{Matrix34
						0	0	1
						-1	0	0
						0	-1	0
						-252.362	-50.9601	12.6729
					}
				}
				{bone "smoke_rear1"
					{Matrix34
						0	0	1
						-1	0	0
						0	-1	0
						-183.657	14.1026	25.1975
					}
				}
				{bone "smoke_rear2"
					{Matrix34
						0	0	1
						-1	0	0
						0	-1	0
						-183.657	-14.1636	25.1975
					}
				}
			}
			{bone "body_front"
				{parameters "ID=body_front;"}
				{VolumeView "body_front.ply"}
				{bone "enumerator1"
					{Position 318.587	0	43.8069}
					{VolumeView "enumerator1.ply"}
				}
				{bone "fx_bulb_small_center5"
					{Matrix34
						0.0871426	0.996195	0.00152111
						-0.996043	0.0871559	-0.017386
						-0.0174524	0	0.999848
						258.161	40.7063	3.93701
					}
				}
				{bone "fx_bulb_small_center6"
					{Matrix34
						0.0963306	-0.995349	0
						0.995349	0.0963306	0
						0	0	1
						261.584	-36.7666	3.93701
					}
				}
				{bone "fx_bulb_small_front1"
					{Matrix34
						0.422619	0.906298	-0.00423849
						-0.906308	0.422614	-0.001976
						0	0.00467647	0.999989
						326.948	11.4322	3.93701
					}
				}
				{bone "fx_bulb_small_front2"
					{Matrix34
						0.5	-0.866016	0.00405024
						0.866025	0.499994	-0.00233839
						0	0.00467681	0.999989
						328.639	-10.6119	3.93701
					}
				}
				{bone "fx_bulb_small_center7"
					{Matrix34
						-0.0249293	-0.999688	0.00158596
						0.999682	-0.0249353	-0.00387143
						0.00390976	0.00148894	0.999991
						151.523	-46.2853	3.93701
					}
				}
				{bone "fx_bulb_small_center10"
					{Matrix34
						0	1	0
						-1	0	0
						0	0	1
						158.763	49.0808	3.93701
					}
				}
				{bone "fx_bulb_small_center3"
					{Matrix34
						0.00701575	0.999948	0.00737613
						-0.999971	0.00703623	-0.00274793
						-0.00279969	-0.00735664	0.999969
						63.987	50.387	3.93701
					}
				}
				{bone "fx_bulb_small_center4"
					{Matrix34
						-0.0187868	-0.999801	-0.00671668
						0.999817	-0.0187614	-0.00382319
						0.00369641	-0.00678727	0.99997
						58.6481	-48.7311	3.93701
					}
				}
				{bone "fire_front1"
					{Position 235.879	-46.8546	25.0636}
				}
				{bone "fire_front2"
					{Position 257.799	43.0521	18.5396}
				}
				{bone "fire_front3"
					{Position 316.174	2.48988	44.2476}
				}
				{bone "fire_front4"
					{Position 233.299	-13.8029	26.9549}
				}
				{bone "smoke_front1"
					{Position 295.451	2.48988	46.8002}
				}
				{bone "smoke_front2"
					{Position 227.969	-14.5131	32.9997}
				}
				{bone "smoke_front3"
					{Position 110.441	-10.8612	29.2468}
				}
				{bone "fire_front5"
					{Position 105.686	-53.699	7.58669}
				}
				{bone "fire_front6"
					{Position 145.268	52.0799	3.03883}
				}
				{bone "fire_front7"
					{Position 74.6546	-4.00922	27.9053}
				}
			}
			{bone "enumerator2"
				{Position 19.6585	0.00761044	66.9417}
				{VolumeView "enumerator2.ply"}
			}
			{bone "fx_smoke"
				{Matrix34
					-0.121549	0.0112231	0.992522
					-0.992381	0.0189206	-0.121746
					-0.0201455	-0.999758	0.00883783
					-44.8557	0	139.4
				}
			}
			{bone "window1"
				{Position 31.0436	0.00127804	63.2002}
				{VolumeView "window1.ply"}
			}
			{bone "window2"
				{Matrix34
					0	-1	0
					1	0	0
					0	0	1
					-6.33184	-23.4033	62.3388
				}
				{VolumeView "window2.ply"}
			}
			{bone "window3"
				{Matrix34
					0	1	0
					-1	0	0
					0	0	1
					-6.33184	23.4112	62.3388
				}
				{VolumeView "window3.ply"}
			}
			{bone "pivot_front"
				{Position 201.825	-0.0162845	0}
			}
			{bone "stuff01"
				{Matrix34
					0.999054	0	-0.0434906
					0	1	0
					0.0434906	0	0.999054
					-276.889	-1.08295	26.1127
				}
			}
			{bone "stuff02"
				{Matrix34
					0.999781	0	0.0209426
					0	1	0
					-0.0209426	0	0.999781
					76.5	-17.31	27.4161
				}
			}
			{bone "stuff03"
				{Matrix34
					0.999986	0	0.00523597
					0	1	0
					-0.00523597	0	0.999986
					71.6355	33.3031	26.7057
				}
			}
			{bone revolute "stuff04"
				{Matrix34
					0.998971	0	0.0453631
					0	1	0
					-0.0453631	0	0.998971
					174.463	28.8731	29.4846
				}
			}
			{bone "stuff05"
				{Matrix34
					0	1	0
					-0.99961	0	-0.0279219
					-0.0279219	0	0.99961
					149.101	-25.585	29.1091
				}
			}
			{bone "stuff06"
				{Matrix34
					0	1	0
					-0.999371	0	-0.035475
					-0.035475	0	0.999371
					242.428	3.20871	32.4604
				}
			}
			{bone "fire_center1"
				{Matrix34
					0	0	1
					0	-1	0
					1	0	0
					-105.461	-57.9934	8.3488
				}
			}
			{bone "fire_center4"
				{Matrix34
					0	0	1
					0	-1	0
					1	0	0
					-6.7556	-54.1246	3.38301
				}
			}
			{bone "fire_center5"
				{Matrix34
					0	0	1
					0	-1	0
					1	0	0
					-0.333918	58.9302	13.0933
				}
			}
			{bone "fire_center6"
				{Matrix34
					0	0	1
					0	-1	0
					1	0	0
					-129.894	58.3228	17.1288
				}
			}
			{bone "fire_center2"
				{Position 32.8012	11.4563	65.0093}
			}
			{bone "fire_center3"
				{Position 32.8012	-10.9953	65.0093}
			}
			{bone "smoke_center1"
				{Matrix34
					0	-1	0
					1	0	0
					0	0	1
					-6.13802	-27.318	62.4325
				}
			}
			{bone "smoke_center2"
				{Matrix34
					0	1	0
					-1	0	0
					0	0	1
					-6.29412	26.8299	62.4325
				}
			}
			{bone "smoke_center4"
				{Matrix34
					0	1	0
					-1	0	0
					0	0	1
					-65.9641	13.5317	36.5235
				}
			}
			{bone "fx_exp1"
				{Position 281.303	-0.52417	41.9115}
			}
			{bone "fx_exp2"
				{Position 188.811	-0.52417	37.8704}
			}
			{bone "fx_exp3"
				{Position 92.3667	6.2131	32.7169}
			}
			{bone "fx_exp4"
				{Position -8.11198	-40.9757	37.8322}
			}
			{bone "fx_exp5"
				{Position -209.114	2.13914	32.6219}
			}
			{bone "fx_exp6"
				{Position -338.113	2.13914	43.7381}
			}
			{bone "fx_exp7"
				{Position -34.0728	41.6239	37.8322}
			}
		}
	}
}
{Obstacle "obstacle"
	{Polygon2
		{Radius 0}
		{Vertex -343.061 -45.8971}
		{Vertex -294.302 -52.4862}
		{Vertex -240.272 -57.0985}
		{Vertex -146.048 -61.052}
		{Vertex 59.5311 -61.052}
		{Vertex 162.321 -57.7574}
		{Vertex 208.444 -54.4629}
		{Vertex 285.5 -39.2113}
		{Vertex 325.738 -21.4378}
		{Vertex 346.815 0.0017662}
		{Vertex 325.73 21.3114}
		{Vertex 285.536 39.7608}
		{Vertex 213.715 54.2568}
		{Vertex 167.592 58.8692}
		{Vertex 58.2133 60.8459}
		{Vertex -145.389 60.8459}
		{Vertex -238.295 56.8924}
		{Vertex -294.302 51.6212}
		{Vertex -342.402 45.0321}
	}
	{Rotate}
}
{Volume "ballast1"
	{Box 344.488 59.0551 32.8248}
	{Bone "ballast"}
	{Position 172.918	-31.7326	-11.7516}
}
{Volume "ballast2"
	{Box 344.488 59.0551 32.8248}
	{Bone "ballast"}
	{Position 172.918	31.6373	-11.7516}
}
{Volume "ballast3"
	{Box 344.488 59.0551 32.8248}
	{Bone "ballast"}
	{Position -173.748	-31.7326	-11.7516}
}
{Volume "ballast4"
	{Box 344.488 59.0551 32.8248}
	{Bone "ballast"}
	{Position -173.748	31.6373	-11.7516}
}
{Volume "body_10"
	{Box 19.685 19.685 73.3268}
	{Bone "body"}
	{Matrix34
		0.992237	0	0.124361
		0	1	0
		-0.124361	0	0.992237
		-41.1484	0	110.414
	}
}
{Volume "body_11"
	{Box 9.36917 23.3398 32.2187}
	{Bone "body"}
	{Matrix34
		0.960728	0	-0.277492
		0	1	0
		0.277492	0	0.960728
		-19.0504	0	90.2644
	}
}
{Volume "body_1"
	{Box 101.347 68.4853 24.5869}
	{Bone "body"}
	{Position -124.985	0	35.3781}
}
{Volume "body_2"
	{Polyhedron "body_2.vol"}
	{Bone "body"}
	{Position -123.739	-20.1901	52.6486}
}
{Volume "body_3"
	{Polyhedron "body_3.vol"}
	{Bone "body"}
	{Position -123.739	20.1968	52.6486}
}
{Volume "body_4"
	{Box 39.2821 48.6246 51.6325}
	{Bone "body"}
	{Position -36.8247	0	49.7}
}
{Volume "body_5"
	{Box 18.2424 26.7093 24.5869}
	{Bone "body"}
	{Position -65.5015	-2.24218	35.3781}
}
{Volume "body_6"
	{Box 48.7213 1.9685 49.8032}
	{Bone "body"}
	{Position 7.17699	-23.328	48.7853}
}
{Volume "body_7"
	{Box 1.9685 45.0773 32.8701}
	{Bone "body"}
	{Position 30.6026	0.0369473	40.3188}
}
{Volume "body_8"
	{Box 48.7213 1.9685 49.8032}
	{Bone "body"}
	{Position 7.17699	23.328	48.7853}
}
{Volume "body_9"
	{Box 49.1026 48.6246 5.90551}
	{Bone "body"}
	{Position 7.0349	0	72.5387}
}
{Volume "body_front_1"
	{Polyhedron "body_front_1.vol"}
	{Bone "body_front"}
	{Matrix34
		1	0	0
		0	0	1
		0	-1	0
		126.472	0	1.47117
	}
}
{Volume "body_front_2"
	{Box 3.93701 3.93701 177.953}
	{Bone "body_front"}
	{Position 202.097	0	118.875}
}
{Volume "body_front"
	{Polyhedron "body_front.vol"}
	{Bone "body_front"}
	{Matrix34
		1	0	0
		0	0	1
		0	-1	0
		267.063	0	5.38928
	}
}
{Volume "body_rear_2"
	{Polyhedron "body_rear_2.vol"}
	{Bone "body_rear"}
	{Matrix34
		1	0	0
		0	0	1
		0	-1	0
		-317.53	0	16.3012
	}
}
{Volume "body_rear_3"
	{Box 3.93701 3.93701 157.48}
	{Bone "body_rear"}
	{Matrix34
		0.984339	0	0.176284
		0	1	0
		-0.176284	0	0.984339
		-202.538	0	101.015
	}
}
{Volume "body_rear"
	{Polyhedron "body_rear.vol"}
	{Bone "body_rear"}
	{Matrix34
		1	0	0
		0	0	1
		0	-1	0
		-217.453	0	1.14912
	}
}
{Volume "body"
	{Polyhedron "body.vol"}
	{Bone "body"}
	{Matrix34
		1	0	0
		0	0	1
		0	-1	0
		-44.9614	0	-0.493813
	}
}
{Volume "window1"
	{Box 0.629921 41.9219 13.148}
	{Bone "window1"}
	{Position -0.211906	0.0356678	-0.102799}
}
{Volume "window2"
	{Box 0.629921 9.84252 9.84252}
	{Bone "window2"}
	{Position 1.27696	-0.00538635	0.00942516}
}
{Volume "window3"
	{Box 0.629921 9.84252 9.84252}
	{Bone "window3"}
	{Matrix34
		-1	0	0
		0	-1	0
		0	0	1
		1.2738	0.00539064	0.00942898
	}
}
