;Exported by: sana
;Date:        Fri Aug 10 11:51:48 2007
;File:        D:\-Project-\-3DWork-\Entourage\School_Ru\School_ru_cut3a.max
{Skeleton
	{bone "school_ru_inn_l_2_6"
		{Orientation
			1	0	0
			0	-1	0
			0	0	1
		}
		{VolumeView "school_ru_inn_l_2_6.ply"}
		{bone "exterior"
			{Position 16.9305	14.913	40.9893}
			{VolumeView "exterior.ply"}
		}
		{bone "fix179"
			{Position -28.6311	0.123642	-21.1902}
		}
		{bone "fix180"
			{Position -40.7239	-0.361771	-0.909897}
		}
		{bone "fix181"
			{Position 35.9208	-0.751083	-4.72649}
		}
	}
}
{Area "interior"
	{Obb2
		{Center 25.8876 -34.574}
		{Extent 54.3072 36.4293}
		{Axis -1 0}
	}
	{Rotate}
}
{Volume "body"
	{Box 40.7506 34.4682 3.77453}
	{Bone "school_ru_inn_l_2_6"}
	{Matrix34
		-1	0	0
		0	0	1
		0	1	0
		-1.21689	0.0823165	-0.732376
	}
}
{Volume "roof1"
	{Box 84.8098 45.253 3.5}
	{Bone "exterior"}
	{Matrix34
		1	0	0
		0	0.959854	0.280499
		0	-0.280499	0.959854
		12.1665	-7.91733	0.464817
	}
}
{Volume "roof2"
	{Box 27.2996 64.8924 3.5}
	{Bone "exterior"}
	{Matrix34
		0.88754	0	0.460731
		0	1	0
		-0.460731	0	0.88754
		-43.2807	18.257	-2.70375
	}
}
{Volume "roof"
	{Box 84.8098 45.253 3.5}
	{Bone "exterior"}
	{Matrix34
		1	0	0
		0	0.962183	-0.272404
		0	0.272404	0.962183
		12.1665	34.859	1.60357
	}
}
