;Exported by: sana
;Date:        Fri Jul 07 14:24:39 2006
;File:        D:\-Project-\-3DWork-\Entourage\catholic_church\Catholic_church04.max
{Skeleton
	{bone "catholic_cut03"
		{Orientation
			1	0	0
			0	-1	0
			0	0	1
		}
		{VolumeView "catholic_cut03.ply"}
		{bone "exterior"
			{Position -1.27657	10.4597	23.4569}
			{VolumeView "exterior.ply"}
		}
	}
}
{Volume "body1"
	{Box 23.1885 11.4848 60.0447}
	{Bone "catholic_cut03"}
	{Matrix34
		0.784571	0	0.620039
		0	1	0
		-0.620039	0	0.784571
		6.81156	0.164001	23.9438
	}
}
{Volume "body"
	{Box 23.1885 11.4848 47.4901}
	{Bone "catholic_cut03"}
	{Matrix34
		-0.789367	0	0.613922
		0	1	0
		-0.613922	0	-0.789367
		-13.0354	0.163994	29.4502
	}
}
{Volume "roof1"
	{Box 24.2474 38.1972 5.8584}
	{Bone "exterior"}
	{Matrix34
		0	-1	0
		-0.637182	0	0.770713
		-0.770713	0	-0.637182
		8.47102	-27.346	-17.0697
	}
}
{Volume "roof2"
	{Box 35.0172 52.4764 5.8584}
	{Bone "exterior"}
	{Matrix34
		0	-1	0
		-0.62378	0	0.7816
		-0.7816	0	-0.62378
		11.8447	11.9743	8.71225
	}
}
{Volume "roof3"
	{Box 31.0065 50.3632 5.8584}
	{Bone "exterior"}
	{Matrix34
		0	-1	0
		0.622637	0	0.782511
		-0.782511	0	0.622637
		-18.9995	10.026	10.316
	}
}
{Volume "roof"
	{Box 27.0068 29.8345 5.8584}
	{Bone "exterior"}
	{Matrix34
		0	-1	0
		0.632128	0	0.774864
		-0.774864	0	0.632128
		-12.3385	-28.5425	-15.0064
	}
}
