;Exported by: sana
;Date:        Mon Jan 16 09:44:45 2006
;File:        D:\-Project-\-3DWork-\Entourage\house_euro_105c\house_euro_105c_x.max
{Skeleton
	{bone "105c_corn10"
		{Orientation
			1	0	0
			0	-1	0
			0	0	1
		}
		{bone "piece0"
			{Position -0.199493	20.5381	48.6201}
			{VolumeView "piece0.ply"}
			{bone "sub_piece0"
				{Position 0	-4.73639	-8.59159}
				{VolumeView "sub_piece0.ply"}
			}
		}
		{bone "piece1"
			{Position -0.199493	-24.0721	39.3125}
			{VolumeView "piece1.ply"}
			{bone "sub_piece1"
				{Position 0	5.83788	-6.88429}
				{VolumeView "sub_piece1.ply"}
			}
		}
		{bone "piece2"
			{Position -0.199493	10.4045	20.2568}
			{VolumeView "piece2.ply"}
			{bone "sub_piece2"
				{Position 0	-13.5483	-5.94805}
				{VolumeView "sub_piece2.ply"}
			}
		}
	}
}
{Volume "piece0"
	{Box 9.84253 24.453 15.8945}
	{Bone "piece0"}
	{Matrix34
		1	0	0
		0	0.742354	-0.670008
		0	0.670008	0.742354
		0	1.17965	1.00171
	}
}
{Volume "piece1"
	{Box 9.84253 13.5615 26.2649}
	{Bone "piece1"}
	{Matrix34
		1	0	0
		0	0.864122	-0.503282
		0	0.503282	0.864122
		0	-1.56319	0.840233
	}
}
{Volume "piece2"
	{Box 9.84253 17.8441 20.1572}
	{Bone "piece2"}
	{Position 0	0	0}
}
{Volume "sub_piece0"
	{Box 9.84253 11.5767 19.8268}
	{Bone "sub_piece0"}
	{Matrix34
		1	0	0
		0	0.638031	0.77001
		0	-0.77001	0.638031
		0	-1.80917	-1.4218
	}
}
{Volume "sub_piece1"
	{Box 9.84253 11.7396 22.4373}
	{Bone "sub_piece1"}
	{Matrix34
		1	0	0
		0	0.858852	-0.512224
		0	0.512224	0.858852
		0	2.02188	-0.845401
	}
}
{Volume "sub_piece2"
	{Box 9.84252 13.5791 12.6396}
	{Bone "sub_piece2"}
	{Matrix34
		1	0	0
		0	0.94171	0.336427
		0	-0.336427	0.94171
		0	-0.189922	-0.477907
	}
}
