;Exported by: garry
;Date:        Mon Sep 11 18:56:03 2006
;File:        D:\-Projects-\-3DWork-\Model\Авто-мото\Opel\Blitz3_6\Blitz3_6.max
{Skeleton
	{animation
		{sequence "start"}
		{sequence "stop"}
		{sequence "doorright"}
		{sequence "doorleft"}
	}
	{bone "basis"
		{parameters "SteerMax=30;WheelRadius=0.5;"}
		{Orientation
			1	0	0
			0	-1	0
			0	0	1
		}
		{bone "emit3"
			{parameters "Group=passengers;"}
			{Position -99.1721	10.9826	0.7532}
			{visibility 0}
		}
		{bone "body"
			{parameters "ID=body;"}
			{Position -1.98028	-0.199262	21.066}
			{VolumeView "body.ply"}
			{bone "bodyback"
				{parameters "ID=bodyback;"}
				{Position -29.1942	-0.574759	22.5734}
				{VolumeView "bodyback.ply"}
				{bone "seat01"
					{Matrix34
						-0.0933884	-0.979406	0.179005
						0.99563	-0.0917463	0.0174483
						-0.000665899	0.179852	0.983693
						21.5197	8.58351	-18.1306
					}
				}
				{bone "seat02"
					{Matrix34
						-0.0225446	-0.983363	0.180247
						0.999652	-0.019707	0.0175188
						-0.0136752	0.180579	0.983465
						11.558	8.58077	-17.3209
					}
				}
				{bone "seat03"
					{Matrix34
						0.0670611	-0.995672	0.0643375
						0.997298	0.0688303	0.0256873
						-0.0300045	0.0624411	0.997598
						1.64344	9.02666	-18.5333
					}
				}
				{bone "seat04"
					{Matrix34
						-0.0933884	-0.979406	0.179005
						0.99563	-0.0917463	0.0174483
						-0.000665899	0.179852	0.983693
						-9.92395	8.58351	-18.0665
					}
				}
				{bone "seat05"
					{Matrix34
						0.123437	-0.97537	0.182805
						0.991526	0.128738	0.0173764
						-0.0404823	0.179111	0.982996
						-21.0452	8.08471	-18.8765
					}
				}
				{bone "seat06"
					{Matrix34
						0.0931788	0.978823	0.182275
						-0.995037	0.0979695	-0.0174379
						-0.034926	-0.179745	0.983093
						-19.8129	-9.34647	-18.8549
					}
				}
				{bone "seat07"
					{Matrix34
						0.0223613	0.983223	0.181034
						-0.99951	0.0259569	-0.0175163
						-0.0219215	-0.180553	0.983321
						-9.88595	-9.4059	-17.6967
					}
				}
				{bone "seat08"
					{Matrix34
						-0.0630495	0.996079	0.0620573
						-0.997996	-0.0625927	-0.00928
						-0.00535928	-0.0625181	0.998029
						0.0620804	-9.91389	-18.561
					}
				}
				{bone "seat09"
					{Matrix34
						0.0931788	0.978823	0.182275
						-0.995037	0.0979695	-0.0174379
						-0.034926	-0.179745	0.983093
						11.6085	-9.543	-17.6891
					}
				}
				{bone "seat10"
					{Matrix34
						-0.123667	0.976142	0.178475
						-0.992312	-0.122536	-0.0173902
						0.00489427	-0.179253	0.983791
						22.7542	-9.1138	-18.1089
					}
				}
				{bone "enumerator1"
					{parameters "ID=wingRight;"}
					{Matrix34
						1	0	0
						0	0.996336	0.0855205
						0	-0.0855205	0.996336
						-44.8591	10.2965	-8.8383
					}
					{VolumeView "enumerator1.ply"}
				}
			}
			{bone "fxsmoke1"
				{Matrix34
					-0.996195	0.0871555	0
					0	0	1
					0.0871557	0.996195	0
					-69.1975	9.98067	-6.18946
				}
			}
			{bone "fxstop2"
				{Matrix34
					-1	0	0
					0	0	1
					0	1	0
					-70.5058	18.2384	-1.29207
				}
			}
			{bone "fxstop1"
				{Matrix34
					-1	0	0
					0	0	1
					0	1	0
					-70.6621	-16.575	-1.29207
				}
			}
			{bone "engine"
				{parameters "ID=engine;"}
				{animation
					{sequence "repair" {file "engine_r.anm"}}
				}
				{Position 20.8339	0	0}
				{VolumeView "engine.ply"}
				{bone "fxfire1"
					{Matrix34
						0.00628999	-0.00629026	0.99996
						0.707079	-0.707079	-0.00889561
						0.707107	0.707107	0
						16.6031	0.227332	-7.25464
					}
				}
				{bone "headlightr"
					{Matrix34
						1	0	0
						0	0	1
						0	-1	0
						38.6353	-17.3453	3.50445
					}
				}
				{bone "headlightl"
					{Matrix34
						1	0	0
						0	0	1
						0	-1	0
						38.6353	16.4728	3.50446
					}
				}
				{bone "fxlight"
					{Matrix34
						1	0	0
						0	0	1
						0	-1	0
						43.1587	-0.28435	11.8246
					}
				}
			}
			{bone "cabin"
				{parameters "ID=cabin;"}
				{animation
					{sequence "repair" {file "cabin_r.anm"}}
				}
				{Matrix34
					0.999808	-5.10127e-005	0.0195929
					5.10672e-005	1	0
					-0.0195929	0	0.999808
					20.8494	-0.00106451	-0.332296
				}
				{VolumeView "cabin.ply"}
				{bone "visor"
					{Matrix34
						0.999998	5.09226e-005	-0.00207637
						-5.09565e-005	1	0
						0.00207637	0	0.999998
						10.3504	-0.263208	31.6255
					}
				}
				{bone "glass"
					{Matrix34
						0.999703	5.10612e-005	0.0243883
						-5.11651e-005	1	0
						-0.0243883	0	0.999703
						11.1531	-0.573207	23.2353
					}
					{VolumeView "glass.ply"}
				}
				{bone "commander"
					{Position 1.69172	-8.20849	-1.15779}
				}
				{bone "driver"
					{Position 1.69094	7.10946	-1.15774}
				}
				{bone "doorl"
					{parameters "ID=cabine;"}
					{Matrix34
						0.999805	-0.00253248	-0.0195929
						0.00253202	0.999997	-4.71979e-005
						0.0195929	0	0.999808
						13.0936	15.8228	12.317
					}
					{VolumeView "doorl.ply"}
				}
				{bone "doorr"
					{parameters "ID=cabine;"}
					{Matrix34
						0.999808	5.1008e-005	-0.0195928
						5.09408e-005	-1	0
						0.0195928	0	0.999808
						13.0953	-16.7155	12.3169
					}
					{VolumeView "doorr.ply"}
				}
			}
			{bone "fuel"
				{Position 19.5154	0.442658	-1.12555}
			}
		}
		{bone "pivot_front"
			{Position 41.5227	-0.774013	10.6202}
			{VolumeView "pivot_front.ply"}
			{bone revolute "steer_l"
				{Matrix34
					-0.999848	0	0.0174524
					0	1	0
					-0.0174524	0	-0.999848
					0.0985069	14.8029	-1.93756
				}
				{bone "fxtracel1"
					{Matrix34
						0.999848	0	0.0174524
						0.0174524	0	-0.999848
						0	1	0
						4.93016	4.02304	5.43901
					}
				}
				{bone revolute "wheell1"
					{parameters "ID=wheelleft1;"}
					{Matrix34
						-0.999848	0	-0.0174523
						-0.0174523	0	0.999848
						0	-1	0
						-0.0803068	1.69878	-1.46646
					}
					{VolumeView "wheell1.ply"}
				}
			}
			{bone revolute "steer_r"
				{Matrix34
					-1	0	0
					0	1	0
					0	0	-1
					0.111965	-14.917	-1.94665
				}
				{bone "fxtracer1"
					{Matrix34
						0.999962	-0.00872679	0
						0	0	-1
						-0.0087268	-0.999962	0
						5.76196	-4.0695	4.83898
					}
				}
				{bone revolute "wheelr1"
					{parameters "ID=wheelright1;"}
					{Matrix34
						-1	0	0
						0	0	1
						0	1	0
						-0.0924292	-1.54732	-1.47392
					}
					{VolumeView "wheelr1.ply"}
				}
			}
		}
		{bone "pivot_back"
			{parameters "ID=body;"}
			{Position -39.7542	-0.774	10.1207}
			{VolumeView "pivot_back.ply"}
			{bone revolute "spring_l"
				{Matrix34
					0.999847	0	0.0175169
					0	1	0
					-0.0175169	0	0.999847
					-0.727226	12.0909	-1.37202
				}
				{bone "fxtracel2"
					{Matrix34
						-0.999847	0	0.017517
						0.0175169	0	0.999847
						0	1	0
						-4.63472	9.50578	-2.2605
					}
				}
				{bone revolute "wheell2"
					{parameters "ID=wheelleft2;"}
					{Matrix34
						0.999847	0	-0.0175168
						-0.0175168	0	-0.999847
						0	-1	0
						0.0712739	6.66265	1.39776
					}
					{VolumeView "wheell2.ply"}
				}
			}
			{bone revolute "spring_r"
				{Matrix34
					0.999847	0	0.0175169
					0	1	0
					-0.0175169	0	0.999847
					-0.733818	-10.6728	-1.62397
				}
				{bone "fxtracer2"
					{Matrix34
						-0.999847	0	0.017517
						0.0175169	0	0.999847
						0	1	0
						-3.94497	-10.0848	-2.02061
					}
				}
				{bone revolute "wheelr2"
					{parameters "ID=wheelright2;"}
					{Matrix34
						0.999847	0	-0.0175169
						-0.0175169	0	-0.999847
						0	1	0
						0.0822831	-7.59863	1.64955
					}
					{VolumeView "wheelr2.ply"}
				}
			}
		}
		{bone "emit1"
			{Matrix34
				0	-1	0
				1	0	0
				0	0	1
				10.2661	31.7831	0.00259489
			}
			{visibility 0}
		}
		{bone "emit2"
			{Matrix34
				0	1	0
				-1	0	0
				0	0	1
				10.4411	-33.2552	0.0025931
			}
			{visibility 0}
		}
		{bone "emit4"
			{parameters "Group=passengers;"}
			{Position -99.1721	-12.8274	0.7532}
			{visibility 0}
		}
		{bone "examine"
			{Position -88.497	-1.54631	0.7532}
			{visibility 0}
		}
		{bone "link2"
			{Matrix34
				-1	0	0
				0	-1	0
				0	0	1
				-75.9477	-0.790745	16.0984
			}
		}
		{bone "examine1"
			{Matrix34
				0	-1	0
				1	0	0
				0	0	1
				-47.3223	37.7466	0.7532
			}
			{visibility 0}
		}
		{bone "examine2"
			{Matrix34
				0	1	0
				-1	0	0
				0	0	1
				-24.4318	-39.4924	0.7532
			}
			{visibility 0}
		}
	}
}
{Volume "body"
	{Box 134.942 20.469 8.62423}
	{Bone "body"}
	{Position -2.10709	-0.649678	-1.31573}
}
{Volume "bodyback"
	{Box 84.2805 51.5941 35.5876}
	{Bone "bodyback"}
	{Position -2.42082	0.127111	-1.10591}
}
{Volume "cabin"
	{Box 20.9995 34.4692 33.0145}
	{Bone "cabin"}
	{Matrix34
		0.999807	5.10418e-005	-0.019593
		-5.09872e-005	0.999999	0
		0.019593	0	0.999806
		0.853602	-0.573709	16.1223
	}
}
{Volume "engine"
	{Box 28.0755 20.5527 18.222}
	{Bone "engine"}
	{Matrix34
		0.998388	0	-0.0567479
		0	0.999999	0
		0.0567479	0	0.998387
		26.2733	-0.574759	5.32846
	}
}
{Volume "fuel"
	{Box 16.679 27.0599 5.78822}
	{Bone "fuel"}
	{Matrix34
		0.999999	0	0
		0	0.999999	0
		0	0	0.999998
		0	0	2.8941
	}
}
{Volume "glass"
	{Box 33.9799 11.6622 2.51703}
	{Bone "glass"}
	{Matrix34
		0	1	0
		-0.365775	0	0.930703
		0.930703	0	0.365775
		-0.00200699	1.57199	0.0177207
	}
}
{Volume "inventory"
	{Box 67.7672 40.9477 17.0017}
	{Bone "body"}
	{Position -28.128	-1.00901	12.1746}
}
{Volume "wheelleft1"
	{Cylinder 10.485 4.95941}
	{Bone "wheell1"}
	{Matrix34
		0.719384	0.694612	0
		0.694612	-0.719385	0
		0	0	1
		0	0	-2.26465
	}
}
{Volume "wheelleft2"
	{Cylinder 10.1037 8.94553}
	{Bone "wheell2"}
	{Matrix34
		0.999847	-0.0175168	0
		-0.0175168	-0.999847	0
		0	0	1
		0	0	-0.840488
	}
}
{Volume "wheelright1"
	{Cylinder 10.485 4.32863}
	{Bone "wheelr1"}
	{Matrix34
		-0.694612	-0.719385	0
		0.719383	-0.694613	0
		0	0	1
		0	0	-2.44877
	}
}
{Volume "wheelright2"
	{Cylinder 10.1037 8.94553}
	{Bone "wheelr2"}
	{Matrix34
		0.999847	-0.0175167	0
		-0.0175167	-0.999847	0
		0	0	-1
		1.07546e-005	3.1439e-005	0.291939
	}
}
