;Exported by: sana
;Date:        Wed Feb 22 11:57:34 2006
;File:        D:\-Project-\-3DWork-\Entourage\build_euro\build-20_cut02_x.max
{Skeleton
	{bone "b_euro_corn20"
		{Orientation
			1	0	0
			0	-1	0
			0	0	1
		}
		{bone "piece04"
			{Position -28.6237	-15.0092	95.282}
			{VolumeView "piece04.ply"}
		}
		{bone "piece05"
			{Position -18.4033	-5.41828	106.655}
			{VolumeView "piece05.ply"}
		}
		{bone "piece00"
			{Position 18.2263	-0.210186	89.1059}
			{VolumeView "piece00.ply"}
		}
		{bone "piece01"
			{Position 21.0476	-0.210186	61.586}
			{VolumeView "piece01.ply"}
			{bone "sub_piece01"
				{Position -13.1164	0	-3.2172}
				{VolumeView "sub_piece01.ply"}
			}
		}
		{bone "piece02"
			{Position -8.8997	-0.210186	58.2351}
			{VolumeView "piece02.ply"}
			{bone "sub_piece02"
				{Position 5.94171	0	11.2208}
				{VolumeView "sub_piece02.ply"}
			}
		}
		{bone "piece03"
			{Position -19.2594	-0.210186	99.1839}
			{VolumeView "piece03.ply"}
			{bone "sub_piece03"
				{Position 16.3095	0	-5.52983}
				{VolumeView "sub_piece03.ply"}
			}
		}
	}
}
{Volume "piece00"
	{Box 14.5518 7.87402 22.7395}
	{Bone "piece00"}
	{Matrix34
		0.909455	0	0.415802
		0	1	0
		-0.415802	0	0.909455
		-1.04956	0	0.0666665
	}
}
{Volume "piece01"
	{Box 16.4327 7.87402 20.7052}
	{Bone "piece01"}
	{Matrix34
		0.997555	0	0.0698806
		0	1	0
		-0.0698806	0	0.997555
		0.137799	0	-1.04839
	}
}
{Volume "piece02"
	{Box 19.2858 7.87402 21.1814}
	{Bone "piece02"}
	{Matrix34
		0.865137	0	-0.501535
		0	1	0
		0.501535	0	0.865137
		-0.721446	0	-1.39445
	}
}
{Volume "piece03"
	{Box 18.8155 7.87402 23.8721}
	{Bone "piece03"}
	{Matrix34
		0.986873	0	-0.161497
		0	1	0
		0.161497	0	0.986873
		1.32512	0	-0.967721
	}
}
{Volume "piece04"
	{Box 4.18298 22.1087 3.91196}
	{Bone "piece04"}
	{Position 0	0	0}
}
{Volume "piece05"
	{Box 32.8415 4.23505 4.20286}
	{Bone "piece05"}
	{Matrix34
		0.794613	0	0.607116
		0	1	0
		-0.607115	0	0.794614
		0.355705	0	-0.169216
	}
}
{Volume "sub_piece01"
	{Box 10.7901 7.87402 15.0468}
	{Bone "sub_piece01"}
	{Position 0	0	0}
}
{Volume "sub_piece02"
	{Box 11.6454 7.87402 18.7808}
	{Bone "sub_piece02"}
	{Matrix34
		0.627889	0	0.778303
		0	1	0
		-0.778303	0	0.627889
		0.907806	0	1.3807
	}
}
{Volume "sub_piece03"
	{Box 15.3996 7.87402 16.9675}
	{Bone "sub_piece03"}
	{Matrix34
		0.971491	0	-0.237079
		0	1	0
		0.237079	0	0.971491
		0.232966	0	-0.892576
	}
}
