;Exported by: dementor
;Date:        Mon Sep 24 11:19:51 2007
;File:        C:\Documents and Settings\dementor\Мои документы\3dsmax\scenes\CerkoV3_x.max
{Skeleton
	{bone "asl03_ch_v6"
		{Orientation
			1	0	0
			0	-1	0
			0	0	1
		}
		{bone "w6"
			{Orientation
				0.923879	0.382684	0
				-0.382684	0.923879	0
				0	0	1
			}
			{VolumeView "w6.ply"}
		}
		{bone "piece1"
			{Matrix34
				-0.642788	0.766044	0
				0	0	1
				0.766044	0.642788	0
				1.61826	0.578468	8.17385
			}
			{VolumeView "piece1.ply"}
		}
		{bone "piece2"
			{Matrix34
				-0.642788	0.766044	0
				0	0	1
				0.766044	0.642788	0
				6.724	-4.40042	-4.44844
			}
			{VolumeView "piece2.ply"}
		}
		{bone "piece3"
			{Matrix34
				-0.642788	0.766044	0
				0	0	1
				0.766044	0.642788	0
				1.61826	0.578468	8.17385
			}
			{VolumeView "piece3.ply"}
		}
		{bone "piece4"
			{Matrix34
				-1	0	0
				0	0	1
				0	1	0
				-5.26542	3.62545	20.5975
			}
			{VolumeView "piece4.ply"}
		}
		{bone "piece5"
			{Matrix34
				-1	0	0
				0	0	1
				0	1	0
				-5.26542	3.62545	8.17385
			}
			{VolumeView "piece5.ply"}
		}
		{bone "piece6"
			{Matrix34
				-1	0	0
				0	0	1
				0	1	0
				-12.0951	3.62545	-3.93922
			}
			{VolumeView "piece6.ply"}
		}
	}
}
{Volume "piece1"
	{Box 8.98714 11.7717 7.87402}
	{Bone "piece1"}
	{Position -6.90759	1.4072	3.93701}
}
{Volume "piece2"
	{Box 7.78388 6.68498 7.87402}
	{Bone "piece2"}
	{Position -5.71036	19.5513	3.937}
}
{Volume "piece3"
	{Box 7.78388 6.68498 7.87402}
	{Bone "piece3"}
	{Position -5.71036	19.5513	3.93701}
}
{Volume "piece4"
	{Box 7.02096 6.77656 7.87402}
	{Bone "piece4"}
	{Matrix34
		1	0	0
		0	1	0
		0	0	0.628985
		-2.0322	11.4469	2.47632
	}
}
{Volume "piece5"
	{Box 7.02096 6.77656 7.87402}
	{Bone "piece5"}
	{Matrix34
		1	0	0
		0	1	0
		0	0	0.628985
		-2.0322	11.4469	2.47633
	}
}
{Volume "piece6"
	{Box 7.02096 6.77656 7.87402}
	{Bone "piece6"}
	{Matrix34
		1	0	0
		0	1	0
		0	0	0.628985
		-2.03219	11.4469	2.47632
	}
}
