;Exported by: sana
;Date:        Mon Nov 20 15:49:29 2006
;File:        D:\-Project-\-3DWork-\Entourage\fortifikations.max
{Skeleton
	{bone "wire_right_br_a"
		{Orientation
			1	0	0
			0	-1	0
			0	0	1
		}
		{VolumeView "wire_right_br_a.ply"}
	}
}
{Obstacle "obstacle"
	{Obb2
		{Center -0.141998 1.1033}
		{Extent 22.279 15.5782}
		{Axis -1 0}
	}
	{Rotate}
}
{Volume "body_vol01"
	{Box 27.233 2.89225 2.3597}
	{Bone "wire_right_br_a"}
	{Matrix34
		-0.999904	0.0119523	-0.00704882
		0.00639178	-0.0541548	-0.998512
		-0.0123162	-0.998461	0.0540732
		-6.61457	-13.2191	14.6718
	}
}
{Volume "body_vol02"
	{Box 24.782 2.89225 2.3597}
	{Bone "wire_right_br_a"}
	{Matrix34
		-0.999904	0.0119523	-0.00704882
		0.00639178	-0.0541548	-0.998512
		-0.0123162	-0.998461	0.0540732
		-8.97748	12.4084	13.9878
	}
}
{Volume "body_vol03"
	{Box 49.4851 2.89225 2.3597}
	{Bone "wire_right_br_a"}
	{Matrix34
		-0.805211	-0.0128252	-0.592849
		0.592117	-0.0715684	-0.802668
		-0.0321349	-0.997353	0.0652217
		-1.30326	-10.4867	15.9409
	}
}
{Volume "body_vol04"
	{Box 39.1823 2.89225 2.3597}
	{Bone "wire_right_br_a"}
	{Matrix34
		0.855024	-0.012825	-0.518429
		0.516357	-0.0715686	0.853378
		-0.0480479	-0.997353	-0.0545707
		-6.38398	-11.1876	17.4736
	}
}
{Volume "body_vol05"
	{Box 49.3697 2.89225 2.3597}
	{Bone "wire_right_br_a"}
	{Matrix34
		0.85308	0.0590334	-0.518429
		0.520543	-0.0279472	0.853378
		0.0358891	-0.997865	-0.0545707
		-1.36789	10.3278	14.7472
	}
}
{Volume "body_vol06"
	{Box 35.4568 3.56325 3.49236}
	{Bone "wire_right_br_a"}
	{Matrix34
		0.0551253	0.607272	-0.792579
		0.187364	0.773394	0.605604
		0.980743	-0.181885	-0.0711471
		18.7216	0.816414	15.0186
	}
}
{Volume "body_vol07"
	{Box 35.4568 3.56325 3.49236}
	{Bone "wire_right_br_a"}
	{Matrix34
		0.0361594	0.608696	-0.792579
		0.163152	0.778862	0.605604
		0.985938	-0.151209	-0.0711472
		-20.678	1.1065	14.9461
	}
}
{Volume "body_vol08"
	{Box 31.5566 3.56325 3.49236}
	{Bone "wire_right_br_a"}
	{Matrix34
		-0.034059	-0.619849	-0.783981
		0.249928	0.75423	-0.607185
		0.967665	-0.216619	0.129229
		-18.8523	-1.73655	14.445
	}
}
