;Exported by: ubrashaev
;Date:        Sat Feb 11 15:54:04 2006
;File:        D:\-Projects1_5-\-work-\3d\reihstag_buildings\house_reich1_x.max
{Skeleton
	{bone "rh_building_corner3_f10"
		{Orientation
			1	0	0
			0	-1	0
			0	0	1
		}
		{bone "piece02"
			{Matrix34
				0	-1	0
				1	0	0
				0	0	1
				21.6503	0.535736	-7.01781
			}
			{VolumeView "piece02.ply"}
		}
		{bone "piece03"
			{Matrix34
				0	-1	0
				1	0	0
				0	0	1
				-7.69228	-0.213348	-7.7325
			}
			{VolumeView "piece03.ply"}
		}
		{bone "piece04"
			{Matrix34
				0	-1	0
				1	0	0
				0	0	1
				-44.2861	-0.213226	-0.91304
			}
			{VolumeView "piece04.ply"}
		}
		{bone "piece00"
			{Matrix34
				0	1	0
				-1	0	0
				0	0	1
				-39.3398	26.015	-19.8652
			}
			{VolumeView "piece00.ply"}
		}
		{bone "piece01"
			{Matrix34
				0.866025	0.5	0
				-0.5	0.866025	0
				0	0	1
				31.9194	46.941	-19.8652
			}
			{VolumeView "piece01.ply"}
		}
	}
}
{Volume "piece00"
	{Box 27.628 43.4521 3.19977}
	{Bone "piece00"}
	{Matrix34
		0.979689	-0.200522	0
		0.200522	0.979689	0
		0	0	1
		2.36629	-2.01689	0
	}
}
{Volume "piece01"
	{Box 23.4375 43.4521 3.19977}
	{Bone "piece01"}
	{Matrix34
		0.916725	-0.399519	0
		0.399519	0.916725	0
		0	0	1
		0.800741	-1.79448	-0.922981
	}
}
{Volume "piece02"
	{Box 7.87402 25.6979 15.3921}
	{Bone "piece02"}
	{Matrix34
		1	0	0
		0	0.957878	-0.287176
		0	0.287176	0.957878
		3.17154e-005	2.00828	-5.37237
	}
}
{Volume "piece03"
	{Box 7.87402 24.2813 14.8829}
	{Bone "piece03"}
	{Matrix34
		1	0	0
		0	-0.83002	-0.557734
		0	0.557734	-0.83002
		3.94792e-005	-1.87996	-0.0756239
	}
}
{Volume "piece04"
	{Box 7.87402 18.2294 27.9379}
	{Bone "piece04"}
	{Matrix34
		1	0	0
		0	0.972013	-0.234928
		0	0.234928	0.972013
		1.62837e-005	5.35173	-1.46685
	}
}
