;Exported by: sasha
;Date:        Thu Feb 28 10:55:44 2008
;File:        D:\-Project-\-3D-\africa\africabuilds\b1_v2_X_v1.max
{Skeleton
	{bone "n1_af_roof3_x"
		{Orientation
			1	0	0
			0	-1	0
			0	0	1
		}
		{bone "piece0"
			{Matrix34
				0.973009	0	-0.230768
				0	1	0
				0.230768	0	0.973009
				4.78844	12.5696	37.5556
			}
			{VolumeView "piece0.ply"}
			{bone "sub_piece0"
				{Position 8.68543	5.10332	0}
				{VolumeView "sub_piece0.ply"}
			}
		}
		{bone "piece1"
			{Matrix34
				0.973009	0	-0.230768
				0	1	0
				0.230768	0	0.973009
				-10.2038	-5.73366	41.1113
			}
			{VolumeView "piece1.ply"}
			{bone "sub_piece1"
				{Position 6.57542	-6.33008	-1.14441e-005}
				{VolumeView "sub_piece1.ply"}
			}
		}
		{bone "piece2"
			{Matrix34
				0.969875	0	-0.243604
				0	1	0
				0.243604	0	0.969875
				-1.93051	-5.56317	41.7646
			}
			{VolumeView "piece2.ply"}
		}
		{bone "piece3"
			{Matrix34
				0.969875	0	-0.243604
				0	1	0
				0.243604	0	0.969875
				-9.8602	17.193	43.5842
			}
			{VolumeView "piece3.ply"}
		}
		{bone "piece4"
			{Matrix34
				0.973009	0	-0.230768
				0	1	0
				0.230768	0	0.973009
				-16.2197	6.73021	42.5381
			}
			{VolumeView "piece4.ply"}
			{bone "sub_piece4"
				{Position 9.02894	-1.12862	2.67029e-005}
				{VolumeView "sub_piece4.ply"}
			}
		}
		{bone "piece5"
			{Matrix34
				0.969875	0	-0.243604
				0	1	0
				0.243604	0	0.969875
				-2.32728	5.63714	41.8642
			}
			{VolumeView "piece5.ply"}
			{bone "sub_piece5"
				{Matrix34
					0.969875	0	0.243604
					0	1	0
					-0.243604	0	0.969875
					2.9244	-1.29759	-1.54944
				}
				{VolumeView "sub_piece5.ply"}
			}
		}
		{bone "piece6"
			{Matrix34
				0.973009	0	-0.230768
				0	1	0
				0.230768	0	0.973009
				15.9132	-4.21248	34.9171
			}
			{VolumeView "piece6.ply"}
			{bone "sub_piece6"
				{Position -10.9918	1.42304	0}
				{VolumeView "sub_piece6.ply"}
			}
		}
		{bone "piece7"
			{Matrix34
				0.973009	0	-0.230768
				0	1	0
				0.230768	0	0.973009
				17.9275	6.51879	34.4394
			}
			{VolumeView "piece7.ply"}
		}
	}
}
{Volume "piece0"
	{Box 17.6653 12.7583 2.95276}
	{Bone "piece0"}
	{Position 0	0	0}
}
{Volume "piece1"
	{Box 10.2066 10.6973 2.95276}
	{Bone "piece1"}
}
{Volume "piece2"
	{Box 47.3152 10.2152 0.821915}
	{Bone "piece2"}
	{Position 0	0	0}
}
{Volume "piece3"
	{Box 41.0442 9.68031 1.15567}
	{Bone "piece3"}
	{Position 0	0	0}
}
{Volume "piece4"
	{Box 10.7955 11.875 2.95276}
	{Bone "piece4"}
	{Position 0	0	0}
}
{Volume "piece5"
	{Box 51.6954 9.76655 0.821915}
	{Bone "piece5"}
	{Position 0	1.52588e-005	0}
}
{Volume "piece6"
	{Box 12.8564 14.1323 2.95276}
	{Bone "piece6"}
	{Position 0	0	0}
}
{Volume "piece7"
	{Box 9.16026 6.24564 2.95276}
	{Bone "piece7"}
}
{Volume "sub_piece0"
	{Box 17.5672 13.5434 2.95276}
	{Bone "sub_piece0"}
	{Position 0	0	0}
}
{Volume "sub_piece1"
	{Box 11.7769 12.562 2.95276}
	{Bone "sub_piece1"}
	{Position 0	0	0}
}
{Volume "sub_piece4"
	{Box 10.2066 10.9918 2.95276}
	{Bone "sub_piece4"}
}
{Volume "sub_piece5"
	{Box 2.11444 46.2135 3.42914}
	{Bone "sub_piece5"}
	{Position 0	0	0}
}
{Volume "sub_piece6"
	{Box 14.2304 14.0341 2.95276}
	{Bone "sub_piece6"}
	{Position 0	0	0}
}
