;Exported by: ubrashaev
;Date:        Sat Jan 28 15:46:35 2006
;File:        D:\-Projects1_5-\-work-\3d\-INVENTORY-\mg_dot\mg_dot_new_xx.max
{Skeleton
	{bone "basis"
		{Orientation
			1	0	0
			0	-1	0
			0	0	1
		}
		{bone "stan"
			{Matrix34
				0	-1	0
				1	0	0
				0	0	1
				-0.517533	-0.15215	0
			}
			{VolumeView "stan.ply"}
		}
		{bone "part1"
			{Matrix34
				0	-1	0
				1	0	0
				0	0	1
				0.585065	4.84035	18.9965
			}
			{VolumeView "part1.ply"}
		}
		{bone "part2"
			{Matrix34
				0	-1	0
				1	0	0
				0	0	1
				0.542217	-4.06575	15.7412
			}
			{VolumeView "part2.ply"}
		}
		{bone "part3"
			{Matrix34
				0	-1	0
				0.642788	0	0.766044
				-0.766044	0	0.642788
				0.924133	0.416992	8.1536
			}
			{VolumeView "part3.ply"}
		}
	}
}
{Volume "part1"
	{Box 12.6119 3.28309 2.06957}
	{Bone "part1"}
	{Matrix34
		0.614545	0.130596	0.777997
		-0.208538	0.978014	0.000554974
		-0.76082	-0.162583	0.628267
		-3.60099	-1.76675	1.1744
	}
}
{Volume "part2"
	{Box 2.76561 3.82604 16.9111}
	{Bone "part2"}
	{Matrix34
		0.670622	-0.640959	0.373413
		0.69325	0.720652	-0.00803553
		-0.26395	0.264257	0.92763
		1.83792	-3.03786	0
	}
}
{Volume "part3"
	{Box 3.2056 2.81018 21.6695}
	{Bone "part3"}
	{Matrix34
		1	0	0
		0	0.906308	0.422618
		0	-0.422618	0.906308
		0	2.70209	2.26731
	}
}
{Volume "stan"
	{Box 31.5097 28.8042 7.69729}
	{Bone "stan"}
	{Position 0	0	3.84864}
}
