;Exported by: shevchenko
;Date:        Thu Jun 29 12:52:40 2006
;File:        D:\-Projects1_5-\-3DWork-\bsh\bsh_c135-a1_x.max
{Skeleton
	{bone "bsh135_w1_1"
		{Orientation
			1	0	0
			0	-1	0
			0	0	1
		}
		{bone "piece0"
			{Matrix34
				0.353553	-0.353554	-0.866025
				-0.612372	0.612373	-0.5
				0.707108	0.707106	0
				22.2235	14.6647	31.3029
			}
			{VolumeView "piece0.ply"}
		}
		{bone "piece1"
			{Matrix34
				-0.707107	-0.707107	0
				0	0	1
				-0.707107	0.707107	0
				14.4718	29.1607	24.5068
			}
			{VolumeView "piece1.ply"}
		}
		{bone "piece2"
			{Matrix34
				-0.122788	-0.122788	-0.984808
				-0.696364	-0.696364	0.173648
				-0.707107	0.707107	0
				30.7309	45.44	53.4083
			}
			{VolumeView "piece2.ply"}
		}
		{bone "piece4"
			{Matrix34
				-0.704415	0.704417	-0.0871556
				-0.0616288	0.0616278	0.996195
				0.707108	0.707106	0
				-2.34043	-46.0674	24.2848
			}
			{VolumeView "piece4.ply"}
		}
		{bone "piece3"
			{Matrix34
				0.12279	0.12279	0.984807
				0.696364	0.696364	-0.173651
				-0.707107	0.707107	0
				-5.30108	9.46438	60.8468
			}
			{VolumeView "piece3.ply"}
		}
		{bone "piece5"
			{Matrix34
				-0.298836	0.298836	-0.906308
				-0.640856	0.640856	0.422618
				0.707107	0.707107	0
				-14.5137	-32.2727	47.2368
			}
			{VolumeView "piece5.ply"}
		}
		{bone "piece6"
			{Matrix34
				-0.183013	0.183013	0.965926
				0.683011	-0.683014	0.258819
				0.707108	0.707105	0
				-17.6452	-30.7626	20.2921
			}
			{VolumeView "piece6.ply"}
		}
		{bone "piece7"
			{Matrix34
				0.353553	-0.353554	-0.866025
				-0.612372	0.612373	-0.5
				0.707108	0.707106	0
				-32.5457	-14.4349	33.5501
			}
			{VolumeView "piece7.ply"}
		}
	}
}
{Volume "piece0"
	{Box 35.3811 17.1222 7.7756}
	{Bone "piece0"}
	{Matrix34
		0.819152	0.573577	0
		-0.573576	0.819153	0
		0	0	1
		0	1.01034e-005	0.00610471
	}
}
{Volume "piece1"
	{Box 19.839 36.2775 9.84252}
	{Bone "piece1"}
	{Matrix34
		0.997818	-0.0660268	0
		0.0660267	0.997818	0
		0	0	1
		0.332231	0.657669	1.40118e-005
	}
}
{Volume "piece2"
	{Box 12.7007 24.6168 9.84252}
	{Bone "piece2"}
	{Matrix34
		0.988561	-0.150824	0
		0.150824	0.988561	0
		0	0	1
		-1.03447	0.091482	0
	}
}
{Volume "piece3"
	{Box 12.7007 24.6168 9.84252}
	{Bone "piece3"}
	{Matrix34
		0.98856	-0.150825	0
		0.150825	0.988561	0
		0	0	1
		-1.03449	0.0914551	2.38419e-005
	}
}
{Volume "piece4"
	{Box 12.7007 24.6168 6.20079}
	{Bone "piece4"}
	{Matrix34
		0.98856	-0.150824	0
		0.150824	0.988561	0
		0	0	1
		-1.03447	0.0914859	1.83048
	}
}
{Volume "piece5"
	{Box 17.5645 13.6501 9.84252}
	{Bone "piece5"}
	{Matrix34
		0.902792	0.430077	0
		-0.430077	0.902792	0
		0	0	1
		0.072202	-0.636893	0
	}
}
{Volume "piece6"
	{Box 12.7007 24.6168 6.20079}
	{Bone "piece6"}
	{Matrix34
		0.988561	-0.150825	0
		0.150825	0.98856	0
		0	0	1
		-1.03447	0.0914806	1.83047
	}
}
{Volume "piece7"
	{Box 35.3811 17.1222 7.7756}
	{Bone "piece7"}
	{Matrix34
		0.819152	0.573577	0
		-0.573576	0.819152	0
		0	0	1
		1.00574	-1.43633	0.00610566
	}
}
