;Exported by: sana
;Date:        Fri Jun 23 11:59:57 2006
;File:        D:\-Project-\-3DWork-\Entourage\catholic_church\Catholic_church03_x01.max
{Skeleton
	{bone "catholic_cut14"
		{Orientation
			1	0	0
			0	-1	0
			0	0	1
		}
		{bone "piece01"
			{Position 18.7358	-40.4431	2.28108}
			{VolumeView "piece01.ply"}
		}
		{bone "piece02"
			{Matrix34
				-0.137501	0	-0.990502
				0	1	0
				0.990502	0	-0.137501
				-41.9897	-40.4431	-25.9251
			}
			{VolumeView "piece02.ply"}
		}
		{bone "piece03"
			{Position -18.3363	13.424	4.72319}
			{VolumeView "piece03.ply"}
		}
		{bone "piece04"
			{Matrix34
				0.930318	0	-0.366754
				0	1	0
				0.366754	0	0.930318
				41.0413	13.424	-25.5983
			}
			{VolumeView "piece04.ply"}
		}
		{bone "exterior"
			{Position 0.649611	-9.52757	-3.28738}
		}
		{bone "piece06"
			{Position 0.649605	-9.52757	-3.2874}
			{VolumeView "piece06.ply"}
		}
		{bone "piece05"
			{Position 1.56584	-9.53323	-3.29645}
			{VolumeView "piece05.ply"}
		}
	}
}
{Volume "piece01"
	{Box 4.79224 3.93703 67.2304}
	{Bone "piece01"}
	{Matrix34
		0.785747	0	0.618548
		0	1	0
		-0.618548	0	0.785747
		1.73824	1.10764e-005	-2.23123
	}
}
{Volume "piece02"
	{Box 64.4645 3.93703 4.65443}
	{Bone "piece02"}
	{Matrix34
		0.864545	0	-0.502555
		0	1	0
		0.502555	0	0.864545
		-29.0018	-3.61769e-005	16.5433
	}
}
{Volume "piece03"
	{Box 4.38206 3.93703 56.7836}
	{Bone "piece03"}
	{Matrix34
		0.785851	0	-0.618416
		0	1	0
		0.618416	0	0.785851
		-0.0629902	0	0.0040628
	}
}
{Volume "piece04"
	{Box 66.4787 3.93703 4.80352}
	{Bone "piece04"}
	{Matrix34
		0.864059	0	-0.503391
		0	1	0
		0.503391	0	0.864059
		-28.2545	-1.68337e-005	16.2023
	}
}
{Volume "piece05"
	{Box 3.93701 92.6768 68.0518}
	{Bone "piece05"}
	{Matrix34
		0.786645	0	0.617406
		0	1	0
		-0.617406	0	0.786645
		18.9683	-1.6051	7.08063
	}
}
{Volume "piece06"
	{Box 3.93701 87.8615 60.3514}
	{Bone "piece06"}
	{Matrix34
		0.783245	0	-0.621713
		0	1	0
		0.621713	0	0.783245
		-20.7162	-1.98208	9.14285
	}
}
