;Exported by: sk
;Date:        Fri Feb 24 15:29:10 2006
;File:        D:\-Projects1_5-\-3DWork-\City_Du\Bahnhof_house\BB_x.max
{Skeleton
	{bone "fd_corner19_x"
		{Orientation
			1	0	0
			0	-1	0
			0	0	1
		}
		{bone "piece06"
			{Matrix34
				0.087156	0	0.996195
				-0.996195	0	0.087156
				0	-1	0
				3.57311	0.554764	-0.158234
			}
			{VolumeView "piece06.ply"}
		}
		{bone "piece03"
			{Matrix34
				1	0	0
				0	0	1
				0	-1	0
				-28.7085	0.554764	3.26918
			}
			{VolumeView "piece03.ply"}
		}
		{bone "piece01"
			{Matrix34
				0.258819	0	-0.965926
				0.965926	0	0.258819
				0	-1	0
				-25.8602	0.554764	44.3079
			}
			{VolumeView "piece01.ply"}
		}
		{bone "piece05"
			{Matrix34
				0.173648	0	-0.984808
				0.984808	0	0.173648
				0	-1	0
				7.64907	0.554771	26.7698
			}
			{VolumeView "piece05.ply"}
		}
		{bone "piece04"
			{Matrix34
				0.866025	0	-0.5
				0.5	0	0.866025
				0	-1	0
				34.345	0.554771	6.27657
			}
			{VolumeView "piece04.ply"}
		}
		{bone "piece02"
			{Matrix34
				0	-1	0
				0	0	1
				-1	0	0
				34.763	0.540924	35.7758
			}
			{VolumeView "piece02.ply"}
		}
	}
}
{Volume "piece01"
	{Box 31.2069 31.352 9.84252}
	{Bone "piece01"}
	{Position 0	0	0}
}
{Volume "piece02"
	{Box 9.84252 22.012 24.1843}
	{Bone "piece02"}
	{Position -1.79785e-005	0	0}
}
{Volume "piece03"
	{Box 24.6029 23.1547 9.84252}
	{Bone "piece03"}
	{Position -0.194529	0.0948724	-1.13687e-005}
}
{Volume "piece04"
	{Box 16.4018 30.9166 9.84251}
	{Bone "piece04"}
	{Position 0	0	-1.32643e-005}
}
{Volume "piece05"
	{Box 34.2651 26.417 9.84252}
	{Bone "piece05"}
	{Position -1.113e-005	0	0}
}
{Volume "piece06"
	{Box 19.7402 34.6904 9.84252}
	{Bone "piece06"}
	{Position 0	0	0}
}
