;Exported by: shevchenko
;Date:        Wed Sep 28 12:17:12 2005
;File:        D:\-Projects1_5-\-3DWork-\e_farm_121_lm_corner_roof_tex_x.max
{Skeleton
	{animation
		{sequence "crush" {speed 0.4}}
	}
	{bone "122_f2w1a"
		{parameters "CommonMesh;"}
		{Orientation
			1	0	0
			0	-1	0
			0	0	1
		}
		{VolumeView "122_f2w1a.ply"}
		{bone "exterior"
			{Position 0	-0.890768	1.41777}
		}
		{bone "piece2"
			{Matrix34
				1	0	0
				0	0	1
				0	-1	0
				-25.2256	28.1175	-7.82954
			}
			{VolumeView "piece2.ply"}
		}
		{bone "piece1"
			{Matrix34
				1	0	0
				0	0	1
				0	-1	0
				2.92941	28.1175	-9.36919
			}
			{VolumeView "piece1.ply"}
		}
		{bone "piece0"
			{Matrix34
				1	0	0
				0	0	1
				0	-1	0
				28.171	28.1175	-12.7508
			}
			{VolumeView "piece0.ply"}
		}
		{bone "piece3"
			{Matrix34
				1	0	0
				0	0	1
				0	-1	0
				0.701309	28.1175	13.3659
			}
			{VolumeView "piece3.ply"}
		}
	}
}
{Volume "piece3"
	{Box 22.7522 5.90551 24.7736}
	{Bone "piece3"}
	{Matrix34
		0.720489	0.693467	0
		0	0	-1
		-0.693467	0.720489	0
		-2.57316	-2.47964	0
	}
}
{Volume "piece0"
	{Box 15.6283 5.90551 22.441}
	{Bone "piece0"}
	{Matrix34
		0.703505	0.71069	0
		0	0	-1
		-0.71069	0.703505	0
		-1.95187	0.865179	0
	}
}
{Volume "piece1"
	{Box 18.5255 5.90551 14.5854}
	{Bone "piece1"}
	{Matrix34
		0.935691	0.352821	0
		0	0	-1
		-0.352821	0.935691	0
		-0.509717	-0.0352282	0
	}
}
{Volume "piece2"
	{Box 19.7834 5.90551 20.3937}
	{Bone "piece2"}
	{Matrix34
		0.702114	-0.712065	0
		0	0	-1
		0.712065	0.702114	0
		2.31473	0.0542616	0
	}
}
