;Exported by: skr
;Date:        Sat Aug 31 19:38:30 2013
;File:        D:\Documents\3dsmax\scenes\Type 11 37 mm Gun\Type 11.max
{Skeleton
	{animation
		{sequence "close" {speed 0.3}}
		{sequence "recoil" {speed 0.9}}
	}
	{bone revolute "basis"
		{speed 0.01}
		{Orientation
			1	0	0
			0	-1	0
			0	0	1
		}
		{bone "body"
			{parameters "ID=body;"}
			{Position 0	0	8.81453}
			{VolumeView "body.ply"}
			{bone revolute "turret"
				{parameters "ID=body;"}
				{limits -11 11}
				{speed 0.005}
				{Matrix34
					-1	0	0
					0	-1	0
					0	0	1
					-0.30743	0.00671317	1.29742
				}
				{VolumeView "turret.ply"}
				{bone revolute "gun_rot"
					{parameters "ID=gun;"}
					{limits -5 35}
					{speed 0.005}
					{Matrix34
						-1	0	0
						0	0	1
						0	1	0
						0.00470653	0.0129084	1.64266
					}
					{VolumeView "gun_rot.ply"}
					{bone "gun"
						{Matrix34
							0	0	1
							0	1	0
							-1	0	0
							12.3529	1.50715	-0.0129072
						}
						{VolumeView "gun.ply"}
						{bone "foresight1"
							{Matrix34
								0	0	-1
								0	1	0
								1	0	0
								0.00671272	0.00527191	-0.156898
							}
						}
						{bone "fx_invers"
							{Matrix34
								0.00334828	0	0.999994
								0	1	0
								-0.999994	0	0.00334871
								0.00671155	-0.019269	21.3833
							}
						}
						{bone "visor"
							{Matrix34
								0	0	-1
								-1	0	0
								0	1	0
								-1.78912	0.891956	15.81
							}
						}
					}
					{bone "pricel"
						{Matrix34
							-1	0	0
							0	1	0
							0	0	-1
							-3.70085	2.49654	-2.22425
						}
						{VolumeView "pricel.ply"}
					}
				}
				{bone "visor2"
					{Matrix34
						-1	0	0
						0	-1	0
						0	0	1
						6.07426	7.93183	5.43392
					}
				}
				{bone "gunner"
					{Matrix34
						-1	0	0
						0	-1	0
						0	0	1
						14.7075	-6.74439	-10.1156
					}
				}
				{bone "commander"
					{Matrix34
						-1	0	0
						0	-1	0
						0	0	1
						14.7012	8.53712	-10.1156
					}
				}
			}
			{bone "detail1"
				{parameters "ID=shield;"}
				{Matrix34
					0	1	0
					0	0	1
					1	0	0
					0.573078	0	3.38897
				}
				{VolumeView "detail1.ply"}
			}
		}
		{bone "driver2"
			{Position -41.2374	0.00467396	0}
		}
		{bone "driver1"
			{Position 20.4813	-0.00601387	0}
		}
		{bone "emit1"
			{Position -50.0133	10.0537	0}
		}
		{bone "emit2"
			{Position -49.9533	-10.0821	0}
		}
		{bone "ruchka2"
			{Matrix34
				-0.149909	0.9887	0
				0	0	1
				0.9887	0.149909	0
				-8.92019	0.99282	0.308139
			}
			{VolumeView "ruchka2.ply"}
		}
		{bone "ruchka1"
			{Matrix34
				-0.14991	-0.9887	0
				0	0	1
				0.9887	-0.14991	0
				-8.92019	-0.925929	0.308139
			}
			{VolumeView "ruchka1.ply"}
		}
	}
}
{Volume "body1"
	{Polyhedron "body1.vol"}
	{Bone "body"}
	{Matrix34
		1	0	0
		0	0	1
		0	-1	0
		0.203674	1.37458	-0.0303583
	}
}
{Volume "body2"
	{Box 2.05445 7.6777 0.521325}
	{Bone "body"}
	{Matrix34
		0.905121	0	0.425154
		-0.425154	0	0.905121
		0	-1	0
		3.78997	0.0429206	-4.87475
	}
}
{Volume "body3"
	{Cylinder 0.807078 35.4781}
	{Bone "body"}
	{Matrix34
		0.172231	-0.984452	0.0344971
		-0.196395	0	0.980525
		-0.96528	-0.175651	-0.193342
		-18.5627	-3.98391	-4.02742
	}
}
{Volume "body4"
	{Cylinder 0.807078 35.4781}
	{Bone "body"}
	{Matrix34
		-0.167632	-0.985278	-0.0335661
		-0.19634	0	0.980536
		-0.966101	0.17096	-0.193449
		-18.5773	3.97761	-4.02933
	}
}
{Volume "body5"
	{Cylinder 2.26262 5.67978}
	{Bone "body"}
	{Matrix34
		1	0	0
		0	1	0
		0	0	1
		-8.42642	-0.00593622	-4.02655
	}
}
{Volume "gun_rot"
	{Box 20.7819 1.56398 1.53377}
	{Bone "gun_rot"}
	{Position 1.63419	-0.12987	0.00709963}
}
{Volume "gun"
	{Cylinder 0.749903 23.4388}
	{Bone "gun"}
	{Matrix34
		-1	0	0
		0	1	0
		0	0	-1
		-0.0137446	-0.0495166	11.4619
	}
}
{Volume "ruchka1"
	{Cylinder 0.362488 20.7745}
	{Bone "ruchka1"}
	{Matrix34
		1	0	0.00061956
		0	1	0
		0.00061956	0	-1
		0.0168332	-0.0492395	10.2943
	}
}
{Volume "ruchka2"
	{Cylinder 0.362488 20.7745}
	{Bone "ruchka2"}
	{Matrix34
		-1	0	0.000443935
		0	1	0
		-0.000443935	0	-1
		0.0228887	-0.0492367	10.2935
	}
}
{Volume "shield1"
	{Box 0.335121 6.65214 17.6325}
	{Bone "detail1"}
	{Matrix34
		0	0	1
		0	1	0
		-1	0	0
		0.0464039	-1.52323	0.0406388
	}
}
{Volume "shield2"
	{Box 0.335121 5.82573 17.6325}
	{Bone "detail1"}
	{Matrix34
		0	0.512783	0.858519
		0	0.858519	-0.512783
		-1	0	0
		0.0464029	4.2808	-1.40871
	}
}
