;Exported by: sana
;Date:        Thu Mar 22 14:28:30 2007
;File:        D:\-Project-\-3DWork-\Entourage\SelSovet\SelSovet_cut2_x.max
{Skeleton
	{bone "sels_wall2_3_x"
		{Orientation
			1	0	0
			0	-1	0
			0	0	1
		}
		{bone "piece02"
			{Position 0.467073	-10.1063	8.22362}
			{VolumeView "piece02.ply"}
		}
		{bone "piece03"
			{Position 12.6399	-19.8652	29.7658}
			{VolumeView "piece03.ply"}
		}
		{bone "piece04"
			{Position 23.1602	21.591	-1.13233}
			{VolumeView "piece04.ply"}
			{bone "sub_piece04"
				{Position -11.308	0	6.18398}
				{VolumeView "sub_piece04.ply"}
			}
		}
		{bone "piece01"
			{Position -14.866	21.5876	-8.62558}
			{VolumeView "piece01.ply"}
		}
		{bone "piece05"
			{Position 24.5124	9.06305	17.1207}
			{VolumeView "piece05.ply"}
		}
	}
}
{Volume "piece01"
	{Box 12.8202 3.89206 18.1092}
	{Bone "piece01"}
	{Matrix34
		0.762182	0	0.647363
		0	1	0
		-0.647363	0	0.762182
		0.516135	0	0.39904
	}
}
{Volume "piece02"
	{Box 3.07321 63.5034 3.0731}
	{Bone "piece02"}
	{Position 0	-1.52588e-005	-1.52588e-005}
}
{Volume "piece03"
	{Box 62.588 39.4214 4.34859}
	{Bone "piece03"}
	{Matrix34
		0.983085	0.159826	-0.0894403
		-0.18315	0.85789	-0.480084
		0	0.488345	0.872651
		0	-0.295097	1.34978
	}
}
{Volume "piece04"
	{Box 17.8001 4.58339 23.6495}
	{Bone "piece04"}
	{Position 2.78791	0	2.15493}
}
{Volume "piece05"
	{Box 45.1805 27.1102 3.1049}
	{Bone "piece05"}
	{Matrix34
		1	0	0
		0	0.869213	-0.494438
		0	0.494438	0.869213
		0	2.01818	-0.773336
	}
}
{Volume "sub_piece04"
	{Box 15.961 4.58339 12.0006}
	{Bone "sub_piece04"}
	{Matrix34
		0.951799	0	-0.306723
		0	1	0
		0.306723	0	0.951799
		0.826141	0	1.23252
	}
}
