;Exported by: sana
;Date:        Fri Apr 28 18:26:52 2006
;File:        D:\-Project-\-3DWork-\Entourage\fence\barricade_cobble_copy.max
{Skeleton
	{bone "barricade_cobl2_c3"
		{Orientation
			1	0	0
			0	-1	0
			0	0	1
		}
		{VolumeView "barricade_cobl2_c3.ply"}
		{bone "fix04"
			{Position 40.5336	7.69495	6.92059}
		}
	}
}
{Volume "body71"
	{Box 9.86062 21.4382 8.6518}
	{Bone "barricade_cobl2_c3"}
	{Matrix34
		-0.513871	-0.136532	-0.846933
		0.250401	-0.968133	0.00414071
		-0.82051	-0.209945	0.531683
		36.9126	24.8512	10.1128
	}
}
{Volume "body72"
	{Box 11.8803 26.3563 8.6518}
	{Bone "barricade_cobl2_c3"}
	{Matrix34
		-0.999128	-0.00290626	0.0416382
		0.00348355	-0.999898	0.0137984
		0.0415939	0.0139315	0.999037
		53.7544	-9.12821	4.64702
	}
}
{Volume "body73"
	{Box 9.86062 12.9146 8.6518}
	{Bone "barricade_cobl2_c3"}
	{Matrix34
		-0.966363	0.0436015	-0.25346
		-0.045073	-0.998983	0
		-0.253202	0.0114243	0.967346
		38.3708	-2.79027	11.004
	}
}
{Volume "body74"
	{Box 15.7414 27.6741 0.685223}
	{Bone "barricade_cobl2_c3"}
	{Matrix34
		-0.861954	0.476611	-0.17285
		-0.494526	-0.865518	0.0795119
		-0.111708	0.154015	0.981733
		23.454	40.4188	2.52669
	}
}
