;Exported by: trax
;Date:        Fri Feb 08 17:05:51 2013
;File:        C:\Users\trax\Documents\3dsmax\scenes\Hungarian Tanks\Csaba_39M\csaba39m_xx.max
{Skeleton
	{bone "basis"
		{Orientation
			1	0	0
			0	-1	0
			0	0	1
		}
		{bone "body"
			{parameters "ID=Body;"}
			{Position -0.268581	3.51276	14.3959}
			{VolumeView "body.ply"}
			{bone revolute "turret"
				{parameters "ID=turret;"}
				{Position 6.82711	0.622845	17.4389}
				{VolumeView "turret.ply"}
				{bone "part4"
					{parameters "ID=part4;"}
					{Position -19.8623	-11.2149	4.47434}
					{VolumeView "part4.ply"}
				}
			}
			{bone "part2"
				{parameters "ID=part2;"}
				{Position -18.2595	2.10254	14.6798}
				{VolumeView "part2.ply"}
			}
			{bone "part3"
				{parameters "ID=part3;"}
				{Position 25.04	-2.09463	11.0495}
				{VolumeView "part3.ply"}
			}
			{bone "part1"
				{parameters "ID=part1;"}
				{Position -27.6644	12.1884	-10.0086}
				{VolumeView "part1.ply"}
			}
		}
	}
}
{Volume "body"
	{Polyhedron "body.vol"}
	{Bone "body"}
	{Position 0.221781	-3.51756	0.381525}
}
{Volume "part1"
	{Cylinder 5.03003 3.23666}
	{Bone "part1"}
	{Matrix34
		1	0	0
		0	-0.481759	0.876303
		0	-0.876303	-0.481761
		0.210958	0.0358146	0.17419
	}
}
{Volume "part2"
	{Box 9.16553 3.59371 7.8249}
	{Bone "part2"}
	{Matrix34
		0.99966	0	0.0260908
		-0.0260908	8.4877e-005	0.99966
		0	-1	8.48768e-005
		-0.388741	-0.0596576	0.648941
	}
}
{Volume "part3"
	{Box 9.16553 3.59371 7.8249}
	{Bone "part3"}
	{Matrix34
		0.925266	0	-0.379318
		0.379318	0	0.925266
		0	-1	0
		0.612829	0.119916	1.07181
	}
}
{Volume "part4"
	{Box 6.57774 10.511 0.580389}
	{Bone "part4"}
	{Matrix34
		0.718515	0.279515	-0.636873
		0.677449	-0.0739356	0.731844
		0.157474	-0.95729	-0.242481
		0.0285549	0.0866113	-0.0959902
	}
}
{Volume "turret"
	{Polyhedron "turret.vol"}
	{Bone "turret"}
	{Position -9.01018	-2.50208	2.84466}
}
