;Exported by: sana
;Date:        Tue Apr 11 16:43:57 2006
;File:        D:\-Project-\-3DWork-\Entourage\stolb2_all.max
{Skeleton
	{bone "post_light12"
		{Orientation
			1	0	0
			0	-1	0
			0	0	1
		}
		{VolumeView "post_light12.ply"}
		{bone "lamp_glass1"
			{Matrix34
				0	0	-1
				0	1	0
				1	0	0
				0.314728	1.70459	103.604
			}
		}
		{bone "lamp_light_spot1"
			{Matrix34
				0	-0.494295	-0.869294
				0	0.869294	-0.494295
				1	0	0
				0.314728	2.41014	102.511
			}
		}
		{bone "light_spot"
			{Matrix34
				0	-0.477451	-0.878659
				0	0.878659	-0.477451
				1	0	0
				0.314728	3.35807	103.272
			}
		}
	}
}
{Volume "body1"
	{Box 6.62067 6.9685 151.26}
	{Bone "post_light12"}
	{Matrix34
		-0.293703	0.921819	-0.252957
		-0.955818	-0.286605	0.0653429
		-0.0122642	0.260972	0.965268
		1.21189	2.26751	74.6986
	}
}
{Volume "body2"
	{Box 3.42283 28.9134 3.40335}
	{Bone "post_light12"}
	{Matrix34
		0.0145739	0.999691	0.0201255
		-0.986942	0.0176113	-0.160107
		-0.160413	-0.0175293	0.986894
		-0.187355	17.9878	118.047
	}
}
{Volume "body3"
	{Box 4.70068 4.80827 113.011}
	{Bone "post_light12"}
	{Matrix34
		0.954641	0.252527	-0.157766
		-0.24171	0.966648	0.0846667
		0.173885	-0.0426928	0.98384
		-10.4405	16.9696	57.2877
	}
}
{Volume "body4"
	{Box 4.70068 4.80827 113.011}
	{Bone "post_light12"}
	{Matrix34
		0.950647	0.248092	0.186333
		-0.256084	0.966453	0.0197315
		-0.175187	-0.0664748	0.982288
		11.5753	19.055	57.2
	}
}
{Volume "lamp1"
	{Box 9.03543 9.92126 5.90551}
	{Bone "post_light12"}
	{Matrix34
		0.997705	0	0.0677101
		0.0316701	0.88387	-0.466659
		-0.0598469	0.467732	0.881842
		-0.30226	2.98092	106.162
	}
}
