;Exported by: sana
;Date:        Tue Dec 27 15:45:47 2005
;File:        D:\-Project-\-3DWork-\Entourage\house_euro_115c\house_euro_115s_n_x.max
{Skeleton
	{bone "115s_corner21"
		{Orientation
			1	0	0
			0	-1	0
			0	0	1
		}
		{bone "piece0"
			{Position 10.6715	7.72604	173.719}
			{VolumeView "piece0.ply"}
		}
		{bone "piece1"
			{Position -4.34	7.71745	213.779}
			{VolumeView "piece1.ply"}
		}
		{bone "piece2"
			{Position 5.49892	5.83116	228.614}
			{VolumeView "piece2.ply"}
		}
		{bone "piece3"
			{Position -25.5013	5.83115	192.226}
			{VolumeView "piece3.ply"}
		}
		{bone "piece4"
			{Position -41.0357	-29.2624	149.264}
			{VolumeView "piece4.ply"}
		}
		{bone "piece5"
			{Position -33.3813	-21.2551	166.12}
			{VolumeView "piece5.ply"}
		}
		{bone "piece6"
			{Position -33.3813	-9.96457	128.809}
			{VolumeView "piece6.ply"}
			{bone "sub_piece6"
				{Position -3.15463e-005	-9.04734	16.4497}
				{VolumeView "sub_piece6.ply"}
			}
		}
		{bone "piece7"
			{Position -33.3812	22.7105	152.287}
			{VolumeView "piece7.ply"}
		}
		{bone "piece8"
			{Position -11.9538	-31.4738	211.909}
			{VolumeView "piece8.ply"}
			{bone "sub_piece8"
				{Position -4.5185	0	-25.9504}
				{VolumeView "sub_piece8.ply"}
			}
		}
		{bone "piece9"
			{Position -16.4723	-31.4738	158.723}
			{VolumeView "piece9.ply"}
		}
	}
}
{Volume "piece0"
	{Box 83.5453 5.90551 5.90552}
	{Bone "piece0"}
	{Position 0	0	0}
}
{Volume "piece1"
	{Box 7.30705 5.90552 92.8863}
	{Bone "piece1"}
	{Matrix34
		0.795086	0	-0.606497
		0	1	0
		0.606497	0	0.795086
		-1.14728	0	-1.1106
	}
}
{Volume "piece2"
	{Box 3.68841 62.6211 48.3035}
	{Bone "piece2"}
	{Matrix34
		0.786946	0	-0.617021
		0	1	0
		0.617021	0	0.786946
		-5.31102	0	-4.19122
	}
}
{Volume "piece3"
	{Box 3.37681 62.6211 40.1948}
	{Bone "piece3"}
	{Matrix34
		0.794956	0	-0.606668
		0	1	0
		0.606668	0	0.794956
		0.904188	0	-0.349613
	}
}
{Volume "piece4"
	{Box 9.40898 13.3963 48.8337}
	{Bone "piece4"}
	{Position 0	0	0}
}
{Volume "piece5"
	{Box 8.25001 27.1091 21.5341}
	{Bone "piece5"}
	{Position 0	-2.11533	0}
}
{Volume "piece6"
	{Box 8.25001 30.9553 24.6745}
	{Bone "piece6"}
	{Position 0	0	-1.56807e-005}
}
{Volume "piece7"
	{Box 8.25001 17.9451 33.348}
	{Bone "piece7"}
	{Position 0	0	0}
}
{Volume "piece8"
	{Box 23.0774 8.25 38.4386}
	{Bone "piece8"}
	{Matrix34
		0.805467	0	-0.59264
		0	1	0
		0.59264	0	0.805467
		5.69922	1.52588e-005	-3.99026
	}
}
{Volume "piece9"
	{Box 22.9106 8.25 25.2578}
	{Bone "piece9"}
	{Position 0	1.52588e-005	0.0892696}
}
{Volume "sub_piece6"
	{Box 8.25001 24.2259 17.4965}
	{Bone "sub_piece6"}
	{Position 0	0	0}
}
{Volume "sub_piece8"
	{Box 32.0142 8.25 20.1007}
	{Bone "sub_piece8"}
	{Matrix34
		0.991034	0	-0.133609
		0	1	0
		0.133609	0	0.991034
		0.191587	1.52588e-005	0.186691
	}
}
