;Exported by: skr
;Date:        Mon Feb 11 02:26:04 2013
;File:        E:\Documents\3dsmax\scenes\DS-39 Degtyaryov\DS-39 Degtyaryov.max
{Skeleton
	{animation
		{sequence "close" {speed 0.5}}
	}
	{bone revolute "basis"
		{speed 0.01}
		{Orientation
			1	0	0
			0	-1	0
			0	0	1
		}
		{bone "body"
			{parameters "ID=body;"}
			{Position 0.000805356	-0.0246211	9.90407}
			{VolumeView "body.ply"}
			{bone revolute "turret"
				{parameters "ID=turret;"}
				{limits -40 40}
				{speed 0.01}
				{Position -0.000893205	0.00526063	0.20047}
				{VolumeView "turret.ply"}
				{bone revolute "gun_rot"
					{parameters "ID=gun_rot;"}
					{limits -5 18}
					{speed 0.01}
					{Matrix34
						0.995271	0	0.0971381
						-0.0971381	0	0.995271
						0	-1	0
						0.0698684	0.0250453	1.16084
					}
					{VolumeView "gun_rot.ply"}
					{bone "mgun"
						{Matrix34
							0.995271	-0.0971382	0
							0.0971272	0.995158	0.0150853
							-0.00146536	-0.015014	0.999886
							-7.42373	1.70263	0.00568499
						}
						{bone "fxshell"
							{Matrix34
								0.725605	0.0103807	0.688033
								0.688111	-0.0109466	-0.725523
								0	0.999886	-0.015086
								2.18417	0.84976	1.72919
							}
						}
						{bone "gunner"
							{Matrix34
								1	0	0
								0	-0.015086	-0.999886
								0	0.999886	-0.015086
								-6.68987	-12.1753	0.156197
							}
						}
						{bone "commander"
							{Matrix34
								1	0	0
								0	-0.0150853	-0.999886
								0	0.999886	-0.0150853
								-7.3041	-11.8014	22.3026
							}
						}
					}
				}
				{bone "shield"
					{parameters "ID=shield;"}
					{Matrix34
						-1.55727e-005	1	0
						0.0185384	0	0.999828
						-0.999828	-1.557e-005	0.0185384
						0.433637	-0.0661617	3.73557
					}
					{VolumeView "shield.ply"}
				}
				{bone "visor"
					{Matrix34
						0	1	0
						0	0	1
						1	0	0
						0.857805	0.00273011	4.89838
					}
				}
				{bone "ammo_box"
					{parameters "CommonMesh;ID=ammo_box;"}
					{Matrix34
						1.55727e-005	-1	0
						0	0	1
						-1	-1.55727e-005	0
						-0.88946	-10.3355	-7.18767
					}
					{VolumeView "ammo_box.ply"}
					{bone "cover_box"
						{parameters "ID=ammo_box;"}
						{Matrix34
							-0.644952	-0.764223	0
							0.764223	-0.644952	0
							0	0	1
							2.24148	2.22028	0.366643
						}
						{VolumeView "cover_box.ply"}
					}
					{bone "ammo1"
						{parameters "CommonMesh;"}
						{Matrix34
							0.9998	-0.0199952	1.55846e-005
							-0.0199952	-0.9998	0
							1.5572e-005	0	-1
							-10.8505	10.739	1.43674
						}
						{VolumeView "ammo1.ply"}
					}
					{bone "ammo2"
						{parameters "CommonMesh;"}
						{Matrix34
							0.891806	0.452418	0
							0.452418	-0.891806	-1.57356e-005
							0	1.41805e-005	-1
							-4.61144	2.12926	1.43685
						}
						{VolumeView "ammo2.ply"}
					}
					{bone "ammo3"
						{parameters "CommonMesh;"}
						{Matrix34
							-0.611523	0.791226	-1.00136e-005
							0.791226	0.611523	1.23103e-005
							1.58638e-005	0	-1
							-1.81294	2.85529	1.43689
						}
						{VolumeView "ammo3.ply"}
					}
					{bone "ammo4"
						{parameters "CommonMesh;"}
						{Matrix34
							0.619567	-0.784944	0
							-0.784944	-0.619567	-1.58866e-005
							1.14152e-005	1.11793e-005	-1
							-5.25774	6.43309	1.43689
						}
						{VolumeView "ammo4.ply"}
					}
					{bone "ammo_box01"
						{parameters "CommonMesh;ID=ammo_box;"}
						{Matrix34
							0.0201647	0	0.999797
							0	1	0
							-0.999797	0	0.0201647
							-0.240539	0.00631332	6.64877
						}
						{VolumeView "ammo_box01.ply"}
					}
				}
			}
			{bone revolute "support1"
				{parameters "ID=body1;"}
				{Matrix34
					-0.633471	0	-0.773767
					0.773767	0	-0.633471
					0	-1	0
					-0.699228	0.0246255	-0.497257
				}
				{VolumeView "support1.ply"}
			}
			{bone revolute "support2"
				{parameters "ID=body2;"}
				{Matrix34
					0.54149	0.319137	-0.777779
					-0.670062	-0.394914	-0.628538
					-0.507746	0.861507	0
					0.577543	0.344869	-0.497257
				}
				{VolumeView "support2.ply"}
			}
			{bone revolute "support3"
				{parameters "ID=body3;"}
				{Matrix34
					0.549081	-0.303006	-0.778908
					-0.68196	0.376334	-0.627139
					0.483156	0.875534	0
					0.593143	-0.290088	-0.497257
				}
				{VolumeView "support3.ply"}
			}
		}
		{bone "emit1"
			{Position -24.9276	0.0814342	-4.88795e-005}
		}
		{bone "emit2"
			{Position -29.9456	9.88806	-4.88795e-005}
		}
		{bone "driver1"
			{Position 4.09946	6.64577	-4.88795e-005}
		}
		{bone "driver2"
			{Position -7.45893	-2.99138	-4.88795e-005}
		}
	}
}
{Volume "ammo_box01"
	{Box 4.92126 6.69291 2.26378}
	{Bone "ammo_box01"}
	{Matrix34
		-0.999797	0	-0.02018
		0	1	0
		0.02018	0	-0.999797
		-0.107823	0.305869	0.854651
	}
}
{Volume "ammo_box"
	{Box 5.19437 6.43432 2.26378}
	{Bone "ammo_box"}
	{Matrix34
		1	0	1.57356e-005
		0	1	0
		-1.57356e-005	0	1
		-0.133269	0.046125	0.833311
	}
}
{Volume "body1"
	{Cylinder 0.619433 12.0551}
	{Bone "support1"}
	{Matrix34
		0.00915104	0.999958	0
		0	0	-1
		-0.999958	0.00915081	0
		6.04171	-0.110712	0.166711
	}
}
{Volume "body2"
	{Cylinder 0.619433 12.0551}
	{Bone "support3"}
	{Matrix34
		0.0210525	-0.96569	0.258843
		-0.0142328	0.258585	0.965884
		-0.999677	-0.0240182	-0.00830053
		5.93261	-0.160473	-0.139815
	}
}
{Volume "body3"
	{Cylinder 0.619433 12.0551}
	{Bone "support2"}
	{Matrix34
		-0.00181595	-0.797423	-0.603418
		-0.0209146	-0.603257	0.797272
		-0.999779	0.0140677	-0.0155823
		6.30898	0.109761	-0.0878191
	}
}
{Volume "body"
	{Box 7.54717 3.7062 1.88679}
	{Bone "body"}
	{Matrix34
		-1	0	0
		0	0	1
		0	1	0
		-1.86208	-0.06257	1.22767
	}
}
{Volume "shield"
	{Box 7.58086 7.95148 0.640162}
	{Bone "shield"}
	{Matrix34
		1	0	-1.58851e-005
		0	0.999828	0.0185384
		-1.56018e-005	0.0185384	-0.999828
		0.127856	0.205069	0.117353
	}
}
