;Exported by: klimenko
;Date:        Mon Dec 26 14:51:46 2005
;File:        D:\-Project-\-3DWork-\windmill\wind_mill2_x.max
{Skeleton
	{bone "basis"
		{Orientation
			1	0	0
			0	-1	0
			0	0	1
		}
		{bone revolute "piece12"
			{Matrix34
				0.934481	-0.050077	0.352474
				0.172563	0.929692	-0.325416
				-0.311396	0.364919	0.87742
				52.7474	-10.8428	203.087
			}
			{VolumeView "piece12.ply"}
		}
		{bone "piece8"
			{Position 16.599	31.4302	79.4439}
			{VolumeView "piece8.ply"}
		}
		{bone "piece1"
			{Matrix34
				-0.343488	-0.658826	0.669301
				0.157946	0.661987	0.732684
				-0.92578	0.357382	-0.123326
				5.61716	10.0459	106.41
			}
			{VolumeView "piece1.ply"}
		}
		{bone "piece2"
			{Matrix34
				0.421181	-0.906946	0.0074076
				0.147033	0.0763362	0.986181
				-0.894979	-0.414271	0.165503
				7.26437	-27.4953	106.013
			}
			{VolumeView "piece2.ply"}
		}
		{bone "piece3"
			{Matrix34
				0.257834	-0.778302	-0.57251
				0.0871555	-0.571394	0.816035
				-0.96225	-0.260299	-0.0794915
				-1.72152	-22.1336	68.1819
			}
			{VolumeView "piece3.ply"}
		}
		{bone "piece4"
			{Matrix34
				0.257834	-0.965926	-0.0225576
				0.0871557	0	0.996195
				-0.96225	-0.258819	0.0841859
				-1.95306	-25.8625	27.3723
			}
			{VolumeView "piece4.ply"}
		}
		{bone "piece5"
			{Matrix34
				-0.424031	-0.905617	0.00740759
				0.152988	-0.0635661	0.986181
				-0.892632	0.419305	0.165503
				-1.50753	16.2642	29.5072
			}
			{VolumeView "piece5.ply"}
		}
		{bone "piece6"
			{Position -3.27005	38.9182	92.3761}
			{VolumeView "piece6.ply"}
		}
		{bone "piece7"
			{Position -7.28526	1.33534	68.6619}
			{VolumeView "piece7.ply"}
		}
		{bone "piece10"
			{Position 52.209	-10.9131	152.23}
			{VolumeView "piece10.ply"}
		}
		{bone "piece11"
			{Position 52.7474	-10.8428	110.663}
			{VolumeView "piece11.ply"}
		}
	}
}
{Volume "piece10"
	{Box 79.8552 80.4123 5.58098}
	{Bone "piece10"}
	{Position 0	0	0}
}
{Volume "piece11"
	{Box 15.5508 15.6651 63.0064}
	{Bone "piece11"}
}
{Volume "piece12"
	{Box 15.5508 15.6651 69.6348}
	{Bone "piece12"}
	{Position 0	0	2.55833e-005}
}
{Volume "piece1"
	{Box 23.5737 38.8168 6}
	{Bone "piece1"}
	{Position 0	0	0}
}
{Volume "piece2"
	{Box 30.2829 38.2474 9.61823}
	{Bone "piece2"}
	{Position 0	0	0}
}
{Volume "piece3"
	{Box 34.2979 33.6207 8.13175}
	{Bone "piece3"}
	{Position 0	0	0}
}
{Volume "piece4"
	{Box 29.9545 38.9941 6}
	{Bone "piece4"}
	{Position 0	0	0}
}
{Volume "piece5"
	{Box 22.6529 29.1702 8.68695}
	{Bone "piece5"}
	{Position 0.902081	-0.325466	-0.338571}
}
{Volume "piece6"
	{Box 38.252 8.44129 8.99799}
	{Bone "piece6"}
	{Matrix34
		0.766044	-0.642788	0
		0.642788	0.766044	0
		0	0	1
		-3.92589	-3.36892	-14.2468
	}
}
{Volume "piece7"
	{Box 56.9531 31.6063 6.24912}
	{Bone "piece7"}
	{Matrix34
		0.984808	-0.173648	0
		0.173648	0.984808	0
		0	0	1
		3.80771	2.63755	10.9457
	}
}
{Volume "piece8"
	{Box 58.1021 26.5443 3.7799}
	{Bone "piece8"}
	{Matrix34
		0.707107	-0.707107	0
		0.707107	0.707107	0
		0	0	1
		0	0	0.38181
	}
}
