;Exported by: Dmirog
;Date:        Fri Jun 03 11:20:32 2011
;File:        E:\мои документы\3dsmax\scenes\t-18-3.max
{Skeleton
	{animation
		{sequence "start"}
		{sequence "stop"}
		{sequence "fire"}
		{sequence "hit"}
		{sequence "open_driver" {resume}}
		{sequence "open" {resume}}
	}
	{bone "basis"
		{parameters "Wheelradius=0.4;"}
		{Orientation
			1	0	0
			0	-1	0
			0	0	1
		}
		{bone "wheelsl"
			{parameters "ID=trackleft;"}
			{Matrix34
				1	0	0
				0	0	1
				0	-1	0
				0	0	5.75961
			}
			{bone revolute "wheell6"
				{parameters "ID=trackleft;"}
				{Matrix34
					1	0	0
					0	-1	0
					0	0	-1
					-4.7664	-2.74231	-14.2986
				}
				{VolumeView "wheell6.ply"}
			}
			{bone revolute "wheell7"
				{parameters "ID=trackleft;"}
				{Matrix34
					1	0	0
					0	-1	0
					0	0	-1
					-10.5354	-2.74231	-14.2963
				}
				{VolumeView "wheell7.ply"}
			}
			{bone revolute "wheell5"
				{parameters "ID=trackleft;"}
				{Matrix34
					1	0	0
					0	-1	0
					0	0	-1
					2.17782	-2.74233	-14.3013
				}
				{VolumeView "wheell5.ply"}
			}
			{bone revolute "wheell8"
				{parameters "ID=trackleft;"}
				{Matrix34
					1	0	0
					0	-1	0
					0	0	-1
					-17.6096	-2.74233	-14.2935
				}
				{VolumeView "wheell8.ply"}
			}
			{bone revolute "wheell3"
				{parameters "ID=trackleft;"}
				{Matrix34
					1	0	0
					0	-1	0
					0	0	-1
					14.8124	-2.74233	-14.3063
				}
				{VolumeView "wheell3.ply"}
			}
			{bone revolute "wheell4"
				{parameters "ID=trackleft;"}
				{Matrix34
					1	0	0
					0	-1	0
					0	0	-1
					7.70321	-2.74233	-14.3035
				}
				{VolumeView "wheell4.ply"}
			}
			{bone "trackl"
				{parameters "ID=trackleft;CommonMesh;"}
				{Matrix34
					-1	0	0
					0	1	0
					0	0	-1
					2.80078	3.85421	-14.4202
				}
				{VolumeView "trackl.ply"}
			}
			{bone "fxtracel2"
				{Matrix34
					-0.937357	0.348371	0
					0.348371	0.937357	0
					0	0	-1
					-32.2752	-2.6817	-14.2017
				}
			}
			{bone "fxtracel1"
				{Matrix34
					-0.937357	0.348371	0
					0.348371	0.937357	0
					0	0	-1
					10.4807	-2.6817	-14.2017
				}
			}
		}
		{bone "wheelsr"
			{parameters "ID=trackright;"}
			{Matrix34
				1	0	0
				0	0	1
				0	-1	0
				0	0	5.75961
			}
			{bone revolute "wheelr3"
				{parameters "ID=trackright;"}
				{Matrix34
					-1	0	0
					0	1	0
					0	0	-1
					14.8238	-2.74233	14.5823
				}
				{VolumeView "wheelr3.ply"}
			}
			{bone revolute "wheelr4"
				{parameters "ID=trackright;"}
				{Matrix34
					-1	0	0
					0	1	0
					0	0	-1
					7.71461	-2.74233	14.5851
				}
				{VolumeView "wheelr4.ply"}
			}
			{bone revolute "wheelr5"
				{parameters "ID=trackright;"}
				{Matrix34
					-1	0	0
					0	1	0
					0	0	-1
					2.18922	-2.74234	14.5873
				}
				{VolumeView "wheelr5.ply"}
			}
			{bone revolute "wheelr6"
				{parameters "ID=trackright;"}
				{Matrix34
					-1	0	0
					0	1	0
					0	0	-1
					-4.755	-2.74232	14.59
				}
				{VolumeView "wheelr6.ply"}
			}
			{bone revolute "wheelr7"
				{parameters "ID=trackright;"}
				{Matrix34
					-1	0	0
					0	1	0
					0	0	-1
					-10.524	-2.74232	14.5923
				}
				{VolumeView "wheelr7.ply"}
			}
			{bone revolute "wheelr8"
				{parameters "ID=trackright;"}
				{Matrix34
					-1	0	0
					0	1	0
					0	0	-1
					-17.5982	-2.74233	14.5951
				}
				{VolumeView "wheelr8.ply"}
			}
			{bone "trackr"
				{parameters "ID=trackright;CommonMesh;"}
				{Matrix34
					-1	0	0
					0	1	0
					0	0	1
					2.80078	3.85421	14.6429
				}
				{VolumeView "trackr.ply"}
			}
			{bone "fxtracer2"
				{Matrix34
					-0.937357	0.348371	0
					0.348371	0.937357	0
					0	0	-1
					-32.2752	-2.68171	14.6326
				}
			}
			{bone "fxtracer1"
				{Matrix34
					-0.937357	0.348371	0
					0.348371	0.937357	0
					0	0	-1
					10.5067	-2.6817	14.6326
				}
			}
		}
		{bone "emit1"
			{Matrix34
				-1	0	0
				0	-1	0
				0	0	1
				43.1626	-0.0509117	0
			}
			{visibility 0}
		}
		{bone "body"
			{parameters "ID=body;"}
			{animation
				{sequence "repair" {file "body_r.anm"}}
			}
			{Position 0	0	5.99662}
			{VolumeView "body.ply"}
			{bone "part2"
				{parameters "ID=body;"}
				{Matrix34
					0.525244	0.000206318	0.850952
					0.850951	0.000334465	-0.525244
					0.000393565	-1	0
					12.0277	-0.181124	20.3508
				}
				{VolumeView "part2.ply"}
			}
			{bone "part3"
				{parameters "ID=body;"}
				{Matrix34
					0.893723	-0.294161	-0.338716
					0.282062	0.955567	-0.0856331
					0.348855	-0.0190062	0.936984
					18.1359	8.47351	12.5381
				}
				{VolumeView "part3.ply"}
			}
			{bone "part4"
				{parameters "ID=body;"}
				{Matrix34
					0.908022	0.252152	-0.334537
					-0.267568	0.963539	0
					0.322339	0.0895114	0.942383
					18.1399	-8.84877	12.5844
				}
				{VolumeView "part4.ply"}
			}
			{bone "detail1"
				{Matrix34
					-1	-0.000394495	0
					0.000394495	-1	0
					0	0	1
					28.3761	-8.17395	11.9575
				}
				{VolumeView "detail1.ply"}
			}
			{bone "detail2"
				{Matrix34
					-1	-0.000394495	0
					0.000394495	-1	0
					0	0	1
					28.8447	8.69387	12.271
				}
				{VolumeView "detail2.ply"}
				{bone "headlightl"
					{Matrix34
						-1	0.000394495	0
						0	0	1
						0.000394495	1	0
						-1.92666	-0.0138254	-0.0129204
					}
				}
			}
			{bone "shieldl1"
				{parameters "ID=shieldL1;"}
				{Matrix34
					1	0	0
					0	1	0
					0	0	1
					-36.8666	-0.502187	10.4738
				}
				{VolumeView "shieldl1.ply"}
				{bone "detail3"
					{Matrix34
						0.770032	-0.000408948	-0.638005
						0.634684	0.102383	0.765959
						0.0650062	-0.994745	0.0790973
						-1.02427	4.987	1.93443
					}
					{VolumeView "detail3.ply"}
				}
			}
			{bone "visor2"
				{Matrix34
					1	0	0
					0	0	1
					0	-1	0
					12.9583	0.840319	16.2952
				}
			}
			{bone "fxfire1"
				{Matrix34
					0	0	1
					-1	0	0
					0	-1	0
					-0.463047	0	2.62852
				}
			}
			{bone "part1"
				{parameters "ID=engine;"}
				{Position -22.8685	-0.15091	20.3506}
				{VolumeView "part1.ply"}
			}
			{bone "fxsmoke1"
				{Matrix34
					-0.981407	0	0.191937
					0.191937	0	0.981407
					0	1	0
					-26.1058	0.150499	17.6785
				}
			}
			{bone revolute "turret"
				{parameters "ID=turret;"}
				{animation
					{sequence "repair" {file "turret_r.anm"}}
				}
				{Matrix34
					1	0.000395559	0
					-0.0003937	1	0
					0	0	1
					-0.733019	-0.0771709	20.4277
				}
				{VolumeView "turret.ply"}
				{bone "visor14"
					{Matrix34
						0.979925	110.199368	0
						-0.199368	0.979925	0
						0	0	1
						10.682715	6.52132	22.799
					}
				}
			    {bone "visor18"
					{Matrix34
						0.979925	-110.199368	0
						-0.199368	0.979925	0
						0	0	1
						10.682715	6.52132	22.799
					}
				}				
				{bone revolute "mgun_rot"
					{limits -10 10}
					{Matrix34
						0.921557	-0.38824	0
						0	0	1
						0.388243	0.921558	0
						9.2836	-4.51133	4.45983
					}
					{VolumeView "mgun_rot.ply"}
					{bone "mgun"
						{Position 4.02004	-0.149178	0.0762727}
						{VolumeView "mgun.ply"}
						{bone "foresight3"
							{Matrix34
								0.999997	0	0.00257766
								-0.00257871	0	0.999997
								0	1	0
								0.524159	-0.0325356	-0.0307775
							}
						}
					}
				}
				{bone revolute "gun_rot"
					{parameters "ID=gun;"}
					{limits -10 10}
					{speed 0.01}
					{Matrix34
						-0.921498	-0.388385	0
						0	0	1
						0.388382	-0.921498	0
						9.37979	4.50712	4.58774
					}
					{VolumeView "gun_rot.ply"}
					{bone "gun"
						{parameters "ID=gun;"}
						{Position -5.30659	0.492603	1.0067}
						{VolumeView "gun.ply"}
						{bone "foresight1"
							{Matrix34
								-0.999682	0	0.0251964
								-0.0251953	0	-0.999682
								0	1	0
								-5.0194	0.0749264	-0.0471358
							}
						}
					}
				}
				{bone "cover"
					{parameters "ID=turret;"}
					{Matrix34
						1	0	0
						0	1	0
						0	0	1
						-6.54333	-0.0707875	11.3532
					}
					{VolumeView "cover.ply"}
				}
				{bone "visor1"
					{Matrix34
						1	-0.000394266	0
						0	0	1
						-0.000396334	-1	0
						5.2423	0.132371	10.5172
					}
				}
				{bone "enumerator"
					{Matrix34
						1	-0.000394177	0
						-7.3133e-005	-0.184509	0.982831
						-0.000389572	-0.982831	-0.184509
						0.782844	9.54097	5.25454
					}
					{VolumeView "enumerator.ply"}
				}
			}
			{bone revolute "wheelr1"
				{parameters "ID=trackright;"}
				{Matrix34
					-1	0	0
					0	0	1
					0	1	0
					28.6452	-14.5141	4.58195
				}
				{VolumeView "wheelr1.ply"}
			}
			{bone revolute "wheell1"
				{parameters "ID=trackleft;"}
				{Matrix34
					1	0	0
					0	0	-1
					0	1	0
					28.6338	14.2636	4.58195
				}
				{VolumeView "wheell1.ply"}
			}
			{bone revolute "wheelr9"
				{parameters "ID=trackright;"}
				{Matrix34
					-1	0	0
					0	0	1
					0	1	0
					-24.659	-14.6572	1.91612
				}
				{VolumeView "wheelr9.ply"}
			}
			{bone revolute "wheell9"
				{parameters "ID=trackleft;"}
				{Matrix34
					1	0	0
					0	0	-1
					0	1	0
					-24.659	14.5078	1.91612
				}
				{VolumeView "wheell9.ply"}
			}
			{bone revolute "wheelr2"
				{parameters "ID=trackright;"}
				{Matrix34
					-1	0	0
					0	0	1
					0	1	0
					20.8344	-14.5799	-2.29568
				}
				{VolumeView "wheelr2.ply"}
			}
			{bone revolute "wheell2"
				{parameters "ID=trackleft;"}
				{Matrix34
					1	0	0
					0	0	-1
					0	1	0
					20.823	14.3087	-2.29568
				}
				{VolumeView "wheell2.ply"}
			}
			{bone "object03"
				{Matrix34
					-1	-0.000394495	0
					0.000394495	-1	0
					0	0	1
					-29.9675	3.88296	4.8345
				}
				{VolumeView "object03.ply"}
			}
			{bone "object04"
				{Matrix34
					-0.809688	-0.000319312	-0.58686
					0.000394298	-1	0
					-0.58686	-0.000230863	0.809688
					8.1767	14.3949	11.2808
				}
				{VolumeView "object04.ply"}
			}
			{bone "object05"
				{Matrix34
					-1	-0.000394495	0
					0.000394495	-1	0
					0	0	1
					2.53725	14.3927	11.1575
				}
				{VolumeView "object05.ply"}
			}
			{bone "object08"
				{Matrix34
					-0.56328	-0.000222212	0.826266
					0.000394529	-1	0
					0.826266	0.000325999	0.563281
					13.7432	14.3971	11.1575
				}
				{VolumeView "object08.ply"}
			}
			{bone "object15"
				{Matrix34
					-1	-0.000394495	0
					0.000394495	-1	0
					0	0	1
					2.54871	-14.648	11.1575
				}
				{VolumeView "object15.ply"}
			}
			{bone "object19"
				{Matrix34
					-0.809688	-0.000319312	-0.58686
					0.000394298	-1	0
					-0.58686	-0.000230863	0.809688
					8.18816	-14.6457	11.2808
				}
				{VolumeView "object19.ply"}
			}
			{bone "object20"
				{Matrix34
					-0.56328	-0.000222212	0.826266
					0.000394529	-1	0
					0.826266	0.000325999	0.563281
					13.7547	-14.6436	11.1575
				}
				{VolumeView "object20.ply"}
			}
			{bone "object21"
				{Matrix34
					-1	-0.000394495	0
					0.000394495	-1	0
					0	0	1
					-29.956	-25.1577	4.8345
				}
				{VolumeView "object21.ply"}
			}
			{bone "shieldl2"
				{parameters "ID=sheildL2;"}
				{Position 15.0959	14.1908	14.7524}
				{VolumeView "shieldl2.ply"}
			}
			{bone "shieldr2"
				{parameters "ID=sheildR2;"}
				{Position 15.1072	-14.488	14.7524}
				{VolumeView "shieldr2.ply"}
			}
		}
		{bone "emit2"
			{Matrix34
				0	1	0
				-1	0	0
				0	0	1
				0.0208196	-34.4322	0
			}
			{visibility 0}
		}
		{bone "emit3"
			{Matrix34
				-0.310884	-0.950448	0
				0.950448	-0.310884	0
				0	0	1
				1.02747	30.5117	0
			}
			{visibility 0}
		}
	}
}
{Volume "body1"
	{Polyhedron "body1.vol"}
	{Bone "body"}
	{Position 0.496262	-0.158687	7.67102}
}
{Volume "body2"
	{Polyhedron "body2.vol"}
	{Bone "body"}
	{Matrix34
		1	0	0
		0	0	1
		0	-1	0
		28.9129	-0.199883	7.16188
	}
}
{Volume "body3"
	{Polyhedron "body3.vol"}
	{Bone "body"}
	{Position 10.2825	-0.256907	14.2406}
}
{Volume "body4"
	{Polyhedron "body4.vol"}
	{Bone "body"}
	{Position -18.6029	-0.270259	20.3954}
}
{Volume "cover"
	{Cylinder 7.29631 3.74016}
	{Bone "cover"}
	{Matrix34
		0.999999	-0.000393197	0
		0.000396397	0.999999	0
		0	0	1
		6.17142	0.0133423	1.83497
	}
}
{Volume "crew"
	{Box 9.10794 22.3904 9.36094}
	{Bone "body"}
	{Matrix34
		0	-1	0
		0	0	1
		-1	0	0
		-0.750244	-0.374866	12.7161
	}
}
{Volume "gun_rot"
	{Box 1.69601 4.92126 3.74016}
	{Bone "gun_rot"}
	{Matrix34
		-0.99998	0	0.00615614
		-0.00615516	0	-0.99998
		0	1	0
		-0.0311195	0.139189	0.0394395
	}
}
{Volume "gun_vol1"
	{Cylinder 0.813474 5.04417}
	{Bone "gun"}
	{Matrix34
		0.000264828	0.999868	0.0162852
		0.0162823	-0.016287	0.999733
		-0.999867	0	0.0162853
		-2.061	0.0438161	-0.0122708
	}
}
{Volume "gun_vol2"
	{Box 3.97638 1.77165 2.85433}
	{Bone "gun"}
	{Matrix34
		-0.99998	0	0.00615596
		-0.00615537	0	-0.99998
		0	1	0
		2.43927	-0.503512	-0.0295476
	}
}
{Volume "inventory"
	{Box 11.6712 12.4323 10.91}
	{Bone "body"}
	{Matrix34
		1	0	0
		0	0	1
		0	-1	0
		-0.71286	-0.250972	8.1838
	}
}
{Volume "part1"
	{Box 21.9149 6.83071 2.86235}
	{Bone "part1"}
	{Matrix34
		0	-1	0
		0	0	1
		-1	0	0
		-1.19155	0.0307123	-3.39889
	}
}
{Volume "part2"
	{Box 6.44123 10.4816 0.52701}
	{Bone "part2"}
	{Matrix34
		-0.735436	0.677593	0.00039165
		-0.000308132	0.000244228	-1
		0.677593	0.735437	-3.03235e-005
		-2.46164	1.94668	-0.0159902
	}
}
{Volume "part3"
	{Polyhedron "part3.vol"}
	{Bone "part3"}
	{Matrix34
		0.893723	0.282061	0.348855
		-0.294161	0.955567	-0.0190062
		-0.338716	-0.0856329	0.936984
		1.32438	-3.47058	-0.313726
	}
}
{Volume "part4"
	{Polyhedron "part4.vol"}
	{Bone "part4"}
	{Matrix34
		0.904997	-0.202053	-0.374374
		-0.252152	-0.963539	-0.0895118
		-0.342637	0.175407	-0.922947
		1.19356	3.59142	-0.0980148
	}
}
{Volume "ram"
	{Polyhedron "ram.vol"}
	{Bone "body"}
	{Position 2.17088	-1.31203	-5.99662}
}
{Volume "shieldl1"
	{Polyhedron "shieldl1.vol"}
	{Bone "shieldl1"}
	{Matrix34
		1	0	0
		0	0	1
		0	-1	0
		-5.59926	0.50219	-14.9281
	}
}
{Volume "shieldl2"
	{Box 19.4882 0.787402 5.70866}
	{Bone "shieldl2"}
	{Matrix34
		0.995561	0	-0.0941178
		0.0941178	0	0.995561
		0	-1	0
		3.76665	-0.00515819	-0.303743
	}
}
{Volume "shieldr2"
	{Box 19.4882 0.787402 5.70866}
	{Bone "shieldr2"}
	{Matrix34
		0.995561	0	-0.0941178
		0.0941178	0	0.995561
		0	-1	0
		3.75535	-0.0248954	-0.303743
	}
}
{Volume "trackleft"
	{Polyhedron "trackleft.vol"}
	{Bone "wheelsl"}
	{Matrix34
		1	0	0
		0	0	-1
		0	1	0
		2.80065	3.28097	-14.1468
	}
}
{Volume "trackright"
	{Polyhedron "trackright.vol"}
	{Bone "wheelsr"}
	{Matrix34
		1	0	0
		0	0	-1
		0	1	0
		2.80064	3.28097	14.3784
	}
}
{Volume "turret_vol1"
	{Polyhedron "turret_vol1.vol"}
	{Bone "turret"}
	{Matrix34
		1	-0.000394117	0
		0.000396423	1	0
		0	0	1
		0.0227492	0.0286576	-1.04636
	}
}
{Volume "turret_vol2"
	{Cylinder 5.74803 3.36898}
	{Bone "turret"}
	{Matrix34
		0.706826	-0.707385	0
		0.707386	0.706828	0
		0	0	1
		-0.389185	-0.0765927	10.4518
	}
}
