;Exported by: kenny
;Date:        Thu Feb 21 16:45:34 2008
;File:        D:\-Projects-\-3D-\africa\africabuilds\tobruk_houses_x.max
{Skeleton
	{bone "st_fence_n1b_af_x"
		{parameters "CommonMesh;"}
		{Orientation
			1	0	0
			0	-1	0
			0	0	1
		}
		{VolumeView "st_fence_n1b_af_x.ply"}
		{bone "piece02"
			{Position 12.8582	-1.27576	15.7514}
			{VolumeView "piece02.ply"}
			{bone "sub_piece02"
				{Position -17.3129	0.494125	2.3791}
				{VolumeView "sub_piece02.ply"}
			}
		}
		{bone "piece01"
			{Position 45.9374	-1.63814	12.5183}
			{VolumeView "piece01.ply"}
			{bone "sub_piece01"
				{Position -12.9484	0.541595	2.7886}
				{VolumeView "sub_piece01.ply"}
			}
		}
	}
}
{Volume "piece01"
	{Box 11.4039 8.3772 9.22035}
	{Bone "piece01"}
	{Matrix34
		0.965926	0	-0.258819
		0	1	0
		0.258819	0	0.965926
		-0.178232	-1.52588e-005	0.311885
	}
}
{Volume "piece02"
	{Box 12.3503 7.95714 7.35875}
	{Bone "piece02"}
	{Matrix34
		0.996195	0	0.0871557
		0	1	0
		-0.0871557	0	0.996195
		0.00993317	0	-0.113362
	}
}
{Volume "sub_piece01"
	{Box 8.20612 4.50621 4.27076}
	{Bone "sub_piece01"}
	{Position -3.05176e-005	1.52588e-005	-0.34762}
}
{Volume "sub_piece02"
	{Box 15.0747 7.4131 5.75871}
	{Bone "sub_piece02"}
	{Matrix34
		0.939693	0.34202	0
		-0.34202	0.939693	0
		0	0	1
		0	-1.52588e-005	-0.250381
	}
}
