;Exported by: klimenko
;Date:        Wed Jan 18 15:54:14 2006
;File:        D:\-Project-\-3DWork-\village\MTS_gr.max
{Skeleton
	{bone "object06"
		{Orientation
			1	0	0
			0	-1	0
			0	0	1
		}
		{bone "piece1"
			{Position -40.334	9.7605	23.8864}
			{VolumeView "piece1.ply"}
			{bone "sub_piece1"
				{Position -0.0305786	-5.27893	-16.3234}
				{VolumeView "sub_piece1.ply"}
			}
		}
		{bone "piece2"
			{Position -20.0215	17.428	18.4443}
			{VolumeView "piece2.ply"}
		}
		{bone "sub_piece2"
			{Position -21.1223	15.9955	40.6943}
			{VolumeView "sub_piece2.ply"}
		}
		{bone "piece3"
			{Position -24.6023	2.14038	55.8399}
			{VolumeView "piece3.ply"}
		}
		{bone "piece4"
			{Position -19.3049	18.4667	50.2497}
			{VolumeView "piece4.ply"}
		}
		{bone "sub_piece5"
			{Position 13.1232	7.23083	58.047}
			{VolumeView "sub_piece5.ply"}
		}
		{bone "sub_piece4"
			{Position -4.91235	20.4971	35.4985}
			{VolumeView "sub_piece4.ply"}
		}
		{bone "piece6"
			{Position 21.486	20.5034	36.564}
			{VolumeView "piece6.ply"}
		}
		{bone "piece5"
			{Position 25.7668	20.557	15.1621}
			{VolumeView "piece5.ply"}
		}
		{bone "sub_piece3"
			{Position 4.15747	20.5625	15.0502}
			{VolumeView "sub_piece3.ply"}
		}
	}
}
{Volume "piece1"
	{Box 26.2632 2.80967 41.5967}
	{Bone "piece1"}
	{Matrix34
		0.940425	0.340001	0
		-0.340001	0.940425	0
		0	0	1
		8.894e-005	2.02984e-005	0
	}
}
{Volume "piece2"
	{Box 15.1865 6.87609 18.6482}
	{Bone "piece2"}
	{Position 0	2.60413	0}
}
{Volume "piece3"
	{Box 6.26904 19.6054 9.1329}
	{Bone "piece3"}
	{Matrix34
		1	0	0
		0	0.849525	-0.527548
		0	0.527548	0.849525
		0	-0.59287	-0.586708
	}
}
{Volume "piece4"
	{Box 21.9262 26.3922 1.73604}
	{Bone "piece4"}
	{Matrix34
		1	0	0
		0	0.842003	-0.539473
		0	0.539473	0.842003
		0	2.42139	-0.616034
	}
}
{Volume "piece5"
	{Box 10.6144 5.2804 22.9609}
	{Bone "piece5"}
}
{Volume "piece6"
	{Box 20.4648 5.17792 21.0701}
	{Bone "piece6"}
	{Position 0	0	0}
}
{Volume "sub_piece1"
	{Box 25.478 1.72238 8.6814}
	{Bone "sub_piece1"}
	{Matrix34
		0.969877	0.243166	0.0144252
		-0.183719	0.769087	-0.61217
		-0.159953	0.59108	0.790595
		0.0215118	1.05038	-0.657637
	}
}
{Volume "sub_piece2"
	{Box 6.74349 11.5095 22.8407}
	{Bone "sub_piece2"}
	{Position -3.32068	1.09424	0}
}
{Volume "sub_piece3"
	{Box 17.3703 5.29126 17.0349}
	{Bone "sub_piece3"}
	{Position -1.91681	0	1.06818}
}
{Volume "sub_piece4"
	{Box 21.6584 5.16193 13.9834}
	{Bone "sub_piece4"}
	{Matrix34
		0.927206	0	0.374553
		0	1	0
		-0.374553	0	0.927206
		-0.405316	0	1.42274
	}
}
{Volume "sub_piece5"
	{Box 24.5401 34.1019 1.34679}
	{Bone "sub_piece5"}
	{Matrix34
		1	0	0
		0	0.832784	-0.553598
		0	0.553598	0.832784
		-1.46295	-1.29127	0.443551
	}
}
