;Exported by: sana
;Date:        Fri Jan 12 16:51:07 2007
;File:        D:\ss\house_ru_141_lm_corner_work.max
{Skeleton
	{bone "house_ru_141_11_3"
		{Orientation
			1	0	0
			0	-1	0
			0	0	1
		}
		{VolumeView "house_ru_141_11_3.ply"}
		{bone "exterior"
			{Position 0	0	-66.3597}
			{VolumeView "exterior.ply"}
		}
		{bone "fix01"
			{Position -16.6297	2.41124	15.423}
		}
		{bone "fix02"
			{Position 22.8108	47.1282	-44.4028}
		}
		{bone "fix03"
			{Position 11.7767	-42.1422	-42.9354}
		}
	}
}
{Area "interior"
	{Obb2
		{Center 6.27322 -7.69356}
		{Extent 15.4314 17.726}
		{Axis -1 0}
	}
	{Rotate}
}
{Volume "body1"
	{Box 2.40956 31.4558 2.42151}
	{Bone "house_ru_141_11_3"}
	{Matrix34
		1	0	0
		0	0	1
		0	-1	0
		6.7784	3.00352	-0.646797
	}
}
{Volume "body2"
	{Box 3.429 17.5242 2.69622}
	{Bone "house_ru_141_11_3"}
	{Matrix34
		0.0296998	0.999559	0
		-0.99826	0.0296612	-0.0509545
		-0.050932	0.00151334	0.998701
		1.99543	3.04109	15.852
	}
}
{Volume "body"
	{Box 2.40956 31.7856 2.42151}
	{Bone "house_ru_141_11_3"}
	{Position 6.99691	2.15071	-16.7044}
}
{Volume "roof1"
	{Box 25.277 31.4379 5.52725}
	{Bone "exterior"}
	{Matrix34
		0.0192846	-0.792487	-0.609584
		0.999709	0.0241012	0.000293821
		0.0144589	-0.609412	0.792721
		9.47594	-23.2951	67.6169
	}
}
{Volume "roof2"
	{Box 23.2549 27.6653 5.52725}
	{Bone "exterior"}
	{Matrix34
		0.0245138	-0.768444	0.639448
		0.999637	0.0116984	-0.0242636
		0.0111648	0.63981	0.768452
		8.98984	27.8831	67.9813
	}
}
{Volume "roof3"
	{Box 20.2317 24.6033 5.52725}
	{Bone "exterior"}
	{Matrix34
		0.0520121	-0.937268	0.344709
		0.996305	0.0250766	-0.0821457
		0.0683483	0.347708	0.935108
		6.12929	11.1486	76.9388
	}
}
{Volume "roof4"
	{Box 20.2317 39.2973 5.52725}
	{Bone "exterior"}
	{Matrix34
		-0.628159	-0.00925588	0.77803
		-0.00983483	-0.999755	-0.019834
		0.778023	-0.0201107	0.627914
		23.7295	3.87825	68.0951
	}
}
{Volume "roof"
	{Box 25.277 24.2072 5.52725}
	{Bone "exterior"}
	{Matrix34
		0.0281005	-0.944571	-0.327101
		0.999565	0.0236081	0.017697
		-0.00899386	-0.327456	0.944824
		5.7352	-5.83494	76.5037
	}
}
