;Exported by: ubrashaev
;Date:        Fri Feb 10 18:40:11 2006
;File:        D:\-Projects1_5-\-work-\3d\reihstag_buildings\house_reich1_x.max
{Skeleton
	{bone "rh_building_corner1_2"
		{Orientation
			1	0	0
			0	-1	0
			0	0	1
		}
		{bone "piece00"
			{Matrix34
				0	-1	0
				1	0	0
				0	0	1
				3.32422	-15.2271	49.072
			}
			{VolumeView "piece00.ply"}
		}
		{bone "piece01"
			{Matrix34
				-1	0	0
				0	-1	0
				0	0	1
				-17.1576	12.6599	11.21
			}
			{VolumeView "piece01.ply"}
		}
		{bone "piece02"
			{Matrix34
				-1	0	0
				0	-1	0
				0	0	1
				-17.1575	-4.95088	18.9144
			}
			{VolumeView "piece02.ply"}
		}
		{bone "piece03"
			{Matrix34
				-1	0	0
				0	-1	0
				0	0	1
				-17.1576	2.77708	44.3914
			}
			{VolumeView "piece03.ply"}
		}
		{bone "piece04"
			{Matrix34
				0	-1	0
				1	0	0
				0	0	1
				3.32419	-15.3126	11.0318
			}
			{VolumeView "piece04.ply"}
		}
		{bone "piece05"
			{Matrix34
				0	-1	0
				1	0	0
				0	0	1
				-9.50463	-16.11	36.5437
			}
			{VolumeView "piece05.ply"}
		}
	}
}
{Volume "piece00"
	{Box 7.87402 16.7769 24.8346}
	{Bone "piece00"}
	{Matrix34
		1	0	0
		0	0.939693	0.34202
		0	-0.34202	0.939693
		4.01834e-005	-0.469959	-0.669784
	}
}
{Volume "piece01"
	{Box 6.92914 12.5186 23.8101}
	{Bone "piece01"}
	{Matrix34
		1	0	0
		0	0.939693	0.34202
		0	-0.34202	0.939693
		-9.12996e-005	1.51585	0.638888
	}
}
{Volume "piece02"
	{Box 7.87402 13.7408 28.3673}
	{Bone "piece02"}
	{Matrix34
		1	0	0
		0	0.866025	-0.5
		0	0.5	0.866025
		7.7972e-005	2.31938	1.21156
	}
}
{Volume "piece03"
	{Box 7.87402 14.0582 29.374}
	{Bone "piece03"}
	{Matrix34
		1	0	0
		0	0.866025	-0.5
		0	0.5	0.866025
		-6.25107e-005	-2.05173	2.85325
	}
}
{Volume "piece04"
	{Box 7.87402 18.5612 24.9855}
	{Bone "piece04"}
	{Matrix34
		1	0	0
		0	-0.258819	-0.965926
		0	0.965926	-0.258819
		4.01274e-005	-2.09466e-005	-1.64482
	}
}
{Volume "piece05"
	{Box 7.87402 18.0071 24.9855}
	{Bone "piece05"}
	{Matrix34
		1	0	0
		0	0.173648	0.984808
		0	-0.984808	0.173648
		4.15636e-005	0.781427	-2.03619
	}
}
