;Exported by: sana
;Date:        Wed Sep 26 11:15:34 2007
;File:        D:\-Project-\-3DWork-\Entourage\Lighthouse_westkapelle\LightHouse_Westkapelle05.max
{Skeleton
	{bone "lh_wk_f2_1"
		{Orientation
			1	0	0
			0	-1	0
			0	0	1
		}
		{VolumeView "lh_wk_f2_1.ply"}
		{bone "fix15"
			{Position 18.8961	-9.87999	-117.126}
			{visibility 0}
		}
	}
}
{Volume "body"
	{Box 13.2428 29.2655 51.0394}
	{Bone "lh_wk_f2_1"}
	{Matrix34
		0.996917	0	0.0784591
		0	1	0
		-0.0784591	0	0.996917
		17.9307	19.6335	-18.6271
	}
}
{Volume "body1"
	{Box 13.2428 29.2655 108.359}
	{Bone "lh_wk_f2_1"}
	{Matrix34
		0.863356	-0.498459	0.0784591
		0.5	0.866026	0
		-0.0679476	0.0392295	0.996917
		10.0849	-1.97951	3.42469
	}
}
{Volume "body2"
	{Box 13.3726 28.3963 115.025}
	{Bone "lh_wk_f2_1"}
	{Matrix34
		0.498458	-0.863356	0.0784591
		0.866026	0.5	0
		-0.0392295	0.0679476	0.996917
		-4.42344	-16.9916	-8.91116
	}
}
{Volume "body3"
	{Box 11.4326 15.0226 54.1078}
	{Bone "lh_wk_f2_1"}
	{Matrix34
		0	-0.996917	0.0784591
		1	0	0
		0	0.0784591	0.996917
		-19.2805	-26.7425	-45.212
	}
}
