;Exported by: ??
;Date:        Tue Jun  5 15:40:21 2018
;File:        E:\3DMAX??\????\??\??\?????\Flak_pz_1a\Flak_pz_1a_xx.max
{Skeleton
	{bone "basis"
		{Orientation
			1	0	0
			0	-1	0
			0	0	1
		}
		{bone "body"
			{parameters "ID=body;"}
			{animation
				{sequence "break" {file "body_b.anm"}}
			}
			{Matrix34
				0.999743	0	-0.0226873
				0.000514715	0.999743	0.0226815
				0.0226815	-0.0226873	0.999485
				0	-0.000215396	16.9874
			}
			{VolumeView "body.ply"}
			{bone "detail1"
				{parameters "ID=body;"}
				{Position 20.9449	-18.9565	2.15551}
				{VolumeView "detail1.ply"}
			}
			{bone "detail2"
				{parameters "ID=body;"}
				{Position 23.1988	-17.7262	3.6122}
				{VolumeView "detail2.ply"}
			}
			{bone "detail4"
				{parameters "ID=body;"}
				{Position -33.1988	9.12423	-4.62599}
				{VolumeView "detail4.ply"}
			}
			{bone "shieldr1"
				{parameters "ID=shieldR1;"}
				{Position 36.2598	-16.3779	-2.12599}
				{VolumeView "shieldr1.ply"}
			}
			{bone "shieldr2"
				{parameters "ID=shieldR2;"}
				{Position -4.33071	-23.6021	3.48425}
				{VolumeView "shieldr2.ply"}
			}
			{bone "shieldr3"
				{parameters "ID=shieldR3;"}
				{Position -17.7362	-16.9486	3.61221}
				{VolumeView "shieldr3.ply"}
			}
			{bone "shieldr4"
				{parameters "ID=shieldR4;"}
				{Position -35.7185	-15.7872	-1.41733}
				{VolumeView "shieldr4.ply"}
			}
			{bone "shieldr5"
				{parameters "ID=shieldR5;"}
				{Position -38.3071	0.000216544	4.16338}
				{VolumeView "shieldr5.ply"}
			}
			{bone "shieldl1"
				{parameters "ID=shieldL1;"}
				{Position 36.2598	16.3782	-2.12599}
				{VolumeView "shieldl1.ply"}
			}
			{bone "shieldl2"
				{parameters "ID=shieldL2;"}
				{Position -4.33071	23.6143	3.44488}
				{VolumeView "shieldl2.ply"}
			}
			{bone "shieldl3"
				{parameters "ID=shieldL3;"}
				{Position -17.7362	16.949	3.53346}
				{VolumeView "shieldl3.ply"}
			}
			{bone "shieldl4"
				{parameters "ID=shieldL4;"}
				{Position -35.7185	15.8171	-1.40748}
				{VolumeView "shieldl4.ply"}
			}
			{bone "shieldl5"
				{parameters "ID=shieldL5;"}
				{Position 29.498	1.16164	-1.63386}
				{VolumeView "shieldl5.ply"}
			}
			{bone revolute "turret"
				{parameters "ID=turret;"}
				{animation
					{sequence "break" {file "turret_b.anm"}}
				}
				{speed 0.006}
				{Matrix34
					0.984808	0.173648	0
					-0.173648	0.984808	0
					0	0	1
					-4.10433	-0.826548	5.94356
				}
				{VolumeView "turret.ply"}
				{bone revolute "gun_rot"
					{parameters "ID=gun;"}
					{limits -10 87}
					{speed 0.005}
					{Matrix34
						0.912439	0	-0.409214
						0.409214	0	0.912439
						0	-1	0
						7.18523	2.09645	11.0759
					}
					{VolumeView "gun_rot.ply"}
					{bone "gun"
						{parameters "ID=gun;"}
						{Matrix34
							1	0	0
							0	0	-1
							0	1	0
							23.0608	0.0277977	1.80118
						}
						{VolumeView "gun.ply"}
					}
					{bone "turret_cover3"
						{parameters "ID=gun;"}
						{Matrix34
							1	0	0
							0	0	-1
							0	1	0
							7.15532	-0.434792	1.82087
						}
						{VolumeView "turret_cover3.ply"}
					}
					{bone "foresight1"
						{Matrix34
							1	0	0
							0	0	-1
							0	1	0
							34.2055	0.0276566	1.80119
						}
					}
				}
				{bone "turret_cover1"
					{parameters "ID=turret;"}
					{Position 13.75	8.01181	9.91274}
					{VolumeView "turret_cover1.ply"}
				}
				{bone "turret_cover2"
					{parameters "ID=turret;"}
					{Position 13.75	-7.51969	9.91274}
					{VolumeView "turret_cover2.ply"}
				}
				{bone "turret_cover4"
					{parameters "ID=turret;"}
					{Position 0.295278	-8.71064	15.4541}
					{VolumeView "turret_cover4.ply"}
				}
				{bone "pole_r"
					{parameters "ID=turret;"}
					{Position 0.521653	-3.22835	3.5151}
					{VolumeView "pole_r.ply"}
				}
				{bone "pole_l"
					{parameters "ID=turret;"}
					{Position -0.43307	2.11614	2.92455}
					{VolumeView "pole_l.ply"}
				}
				{bone "roll1"
					{parameters "ID=turret;"}
					{Position -8.49409	-0.698825	5.54266}
					{VolumeView "roll1.ply"}
				}
				{bone "roll2"
					{parameters "ID=turret;"}
					{Position -2.16535	-6.97835	8.80053}
					{VolumeView "roll2.ply"}
				}
				{bone "turret_net"
					{parameters "ID=turret;"}
					{Position 7.28347	-8.04135	10.0997}
					{VolumeView "turret_net.ply"}
				}
				{bone "visor1"
					{Position -0.952693	-8.87819	17.7596}
				}
				{bone "commander"
					{Matrix34
						0.951251	-0.167731	0.258819
						0.173648	0.984808	0
						-0.254887	0.0449435	0.965926
						0.404506	-9.59276	-0.270456
					}
				}
			}
			{bone "light_l"
				{parameters "ID=body;"}
				{Position 28.4055	15.9746	1.66339}
				{VolumeView "light_l.ply"}
				{bone "headlightl"
					{Position 3.09523	2.21772	1.83916}
				}
			}
			{bone "light_r"
				{parameters "ID=body;"}
				{Position 28.4055	-14.7537	1.66339}
				{VolumeView "light_r.ply"}
				{bone "headlightr"
					{Position 3.09522	-0.994874	1.83916}
				}
			}
			{bone "light_b"
				{parameters "ID=body;"}
				{Position 25.187	0.000219136	1.74213}
				{VolumeView "light_b.ply"}
				{bone "headlightb"
					{Position 1.39526	-0.00440857	1.00833}
				}
			}
			{bone "cover1"
				{parameters "ID=body;"}
				{Position 16.5059	7.78565	7.4311}
				{VolumeView "cover1.ply"}
			}
			{bone "cover2"
				{parameters "ID=body;"}
				{Matrix34
					0.974399	0.0686559	0.214088
					0.0239074	0.915193	-0.402306
					-0.223552	0.397124	0.890122
					13.5417	-14.7967	7.03175
				}
				{VolumeView "cover2.ply"}
			}
			{bone "light_big"
				{parameters "ID=body;"}
				{Position 30.2362	15.3546	3.65157}
				{VolumeView "light_big.ply"}
			}
			{bone "end_light2"
				{parameters "ID=body;"}
				{Position -33.7008	5.37423	-0.836618}
				{VolumeView "end_light2.ply"}
			}
			{bone "end_light1"
				{parameters "ID=body;"}
				{Position -35.2067	15.5711	1.83071}
				{VolumeView "end_light1.ply"}
			}
			{bone "cover_base1"
				{parameters "ID=body;"}
				{Position -27.9429	16.575	3.52362}
				{VolumeView "cover_base1.ply"}
				{bone "engine_cover1"
					{parameters "ID=body;"}
					{VolumeView "engine_cover1.ply"}
				}
			}
			{bone "cover_base2"
				{parameters "ID=body;"}
				{Position -27.9429	-16.5746	3.52362}
				{VolumeView "cover_base2.ply"}
				{bone "engine_cover2"
					{parameters "ID=body;"}
					{VolumeView "engine_cover2.ply"}
				}
			}
			{bone "body_pole"
				{parameters "ID=body;"}
				{Position 24.7736	-11.358	1.45669}
				{VolumeView "body_pole.ply"}
			}
			{bone "end_box"
				{parameters "ID=body;"}
				{Position -30.0886	0.000216931	6.35827}
				{VolumeView "end_box.ply"}
			}
			{bone "hore"
				{parameters "ID=body;"}
				{Matrix34
					0.958447	0.208855	0.194316
					-0.239294	0.959435	0.149075
					-0.155299	-0.18938	0.969545
					29.4095	-11.112	-0.492123
				}
				{VolumeView "hore.ply"}
			}
			{bone revolute "wheell1"
				{parameters "Radius=0.6;ID=trackleft;"}
				{Matrix34
					-1	0	0
					0	0	1
					0	1	0
					31.5256	16.3486	-6.90945
				}
				{VolumeView "wheell1.ply"}
			}
			{bone revolute "wheelr1"
				{parameters "Radius=0.6;ID=trackright;"}
				{Matrix34
					-1	0	0
					0	-0.0791727	0.996861
					0	0.996861	0.0791727
					31.5256	-16.3482	-6.90945
				}
				{VolumeView "wheelr1.ply"}
			}
			{bone "engine"
				{parameters "ID=engine;"}
				{animation
					{sequence "break" {file "engine_b.anm"}}
				}
				{Position -18.591	0.000215381	-2.39435}
				{bone "cover4"
					{parameters "ID=engine;"}
					{Matrix34
						-0.258819	0	0.965926
						0	1	0
						-0.965926	0	-0.258819
						-3.968	0	7.01231
					}
					{VolumeView "cover4.ply"}
				}
				{bone "cover5"
					{parameters "ID=engine;"}
					{Matrix34
						0.990268	0	-0.139173
						0	1	0
						0.139173	0	0.990268
						-3.96822	0	7.02323
					}
					{VolumeView "cover5.ply"}
				}
			}
			{bone "visor2"
				{Position 16.2172	7.7574	6.37001}
			}
			{bone "fxfire2"
				{Position 7.664	-8.18952	-5.47218}
			}
			{bone "fxfire1"
				{Position -28.2809	0.000215083	1.66191}
			}
			{bone "fxsmoke1"
				{Matrix34
					0	-1	0
					1	0	0
					0	0	1
					-34.6717	-19.9915	3.16498
				}
			}
			{bone "fxsmoke2"
				{Matrix34
					0	1	0
					-1	0	0
					0	0	1
					-34.6717	19.9817	3.16498
				}
			}
			{bone "driver"
				{Matrix34
					0.819152	0	0.573576
					0	1	0
					-0.573576	0	0.819152
					18.6281	5.67566	-14.1756
				}
			}
		}
		{bone "wheelsl"
			{parameters "ID=trackleft;"}
			{Position -6.437	16.5945	8.84764}
			{VolumeView "wheelsl.ply"}
			{bone "trackl"
				{parameters "ID=trackleft;"}
				{Position 7.55953	0.10619	-0.763556}
				{VolumeView "trackl.ply"}
				{bone revolute "wheell2"
					{parameters "ID=trackleft;"}
					{Matrix34
						-0.999796	-0.0201022	-0.00187002
						0	-0.0926269	0.995701
						-0.0201889	0.995498	0.092608
						18.9267	0.478964	-2.13999
					}
					{VolumeView "wheell2.ply"}
				}
				{bone revolute "wheell3"
					{parameters "ID=trackleft;"}
					{Matrix34
						-1	0	0
						0	0	1
						0	1	0
						7.80464	-0.096344	-2.13999
					}
					{VolumeView "wheell3.ply"}
				}
				{bone revolute "wheell4"
					{parameters "ID=trackleft;"}
					{Matrix34
						-1	0	0
						0	0	1
						0	1	0
						-5.38434	-0.096344	-2.13999
					}
					{VolumeView "wheell4.ply"}
				}
				{bone revolute "wheell5"
					{parameters "ID=trackleft;"}
					{Matrix34
						-1	0	0
						0	0	1
						0	1	0
						-16.6048	-0.096344	-2.13999
					}
					{VolumeView "wheell5.ply"}
				}
				{bone revolute "wheell7"
					{parameters "ID=trackleft;Radius=0.2;"}
					{Matrix34
						-0.925091	-0.330808	0.186476
						0.129626	0.186476	0.973871
						-0.356938	0.925091	-0.129626
						-11.3489	-0.00776291	5.34033
					}
					{VolumeView "wheell7.ply"}
				}
				{bone revolute "wheell8"
					{parameters "ID=trackleft;Radius=0.2;"}
					{Matrix34
						-0.965882	0.243423	0.0884197
						0.0410728	-0.193112	0.980317
						0.255707	0.950502	0.176525
						0.885349	-0.00776291	5.34033
					}
					{VolumeView "wheell8.ply"}
				}
				{bone revolute "wheell9"
					{parameters "ID=trackleft;Radius=0.2;"}
					{Matrix34
						-0.958602	0.112474	0.261596
						0.277987	0.170606	0.945313
						0.0616934	0.978899	-0.19481
						13.592	-0.00776291	5.34033
					}
					{VolumeView "wheell9.ply"}
				}
				{bone revolute "wheell6"
					{parameters "Radius=0.6;ID=trackleft;"}
					{Matrix34
						-1	0	0
						0	0	1
						0	1	0
						-29.9808	-0.086504	-1.57896
					}
					{VolumeView "wheell6.ply"}
				}
				{bone "fxtracel2"
					{Position -30.1178	-0.106632	-8.08408}
				}
				{bone revolute "fxtracel1"
					{Matrix34
						-1	0	0
						0	0	1
						0	1	0
						23.7386	-0.106632	0.734694
					}
				}
			}
		}
		{bone "wheelsr"
			{parameters "ID=trackright;"}
			{Position -6.437	-16.5945	8.84764}
			{VolumeView "wheelsr.ply"}
			{bone "trackr"
				{parameters "ID=trackright;"}
				{Position 7.55954	-0.109211	-0.763568}
				{VolumeView "trackr.ply"}
				{bone revolute "wheelr2"
					{parameters "ID=trackright;"}
					{Matrix34
						-0.994271	-0.0782366	0.0728348
						0.0782365	-0.0683513	0.994589
						-0.0728349	0.994589	0.0740806
						18.9267	-0.0974808	-2.13998
					}
					{VolumeView "wheelr2.ply"}
				}
				{bone revolute "wheelr3"
					{parameters "ID=trackright;"}
					{Matrix34
						-0.987567	0.115932	-0.106164
						-0.115932	-0.081031	0.989946
						0.106164	0.989946	0.0934638
						7.80464	0.099369	-2.14982
					}
					{VolumeView "wheelr3.ply"}
				}
				{bone revolute "wheelr4"
					{parameters "ID=trackright;"}
					{Matrix34
						-1	0	0
						0	0	1
						0	1	0
						-5.38434	0.099369	-2.14982
					}
					{VolumeView "wheelr4.ply"}
				}
				{bone revolute "wheelr5"
					{parameters "ID=trackright;"}
					{Matrix34
						-1	0	0
						0	0	1
						0	1	0
						-16.6048	0.099369	-2.13998
					}
					{VolumeView "wheelr5.ply"}
				}
				{bone revolute "wheelr7"
					{parameters "ID=trackright;Radius=0.2;"}
					{Matrix34
						-0.981157	0.192883	-0.011306
						0.011306	0.11573	0.993216
						0.192883	0.974373	-0.11573
						-11.3489	0.0304718	5.34034
					}
					{VolumeView "wheelr7.ply"}
				}
				{bone revolute "wheelr8"
					{parameters "ID=trackright;Radius=0.2;"}
					{Matrix34
						-0.999247	0.0362214	-0.0139337
						-0.00602711	0.209838	0.977718
						0.0383381	0.977065	-0.209462
						0.885346	0.0304718	5.34034
					}
					{VolumeView "wheelr8.ply"}
				}
				{bone revolute "wheelr9"
					{parameters "ID=trackright;Radius=0.2;"}
					{Matrix34
						-0.965735	-0.259489	0.00456856
						-0.00456871	0.0345985	0.999391
						-0.259489	0.965126	-0.0345985
						13.6019	0.0304718	5.34034
					}
					{VolumeView "wheelr9.ply"}
				}
				{bone revolute "wheelr6"
					{parameters "Radius=0.6;ID=trackright;"}
					{Matrix34
						-1	0	0
						0	0	1
						0	1	0
						-29.9808	0.0895252	-1.57895
					}
					{VolumeView "wheelr6.ply"}
				}
				{bone revolute "fxtracer1"
					{Matrix34
						-1	0	0
						0	0	1
						0	1	0
						23.7386	0.125668	0.734703
					}
				}
				{bone "fxtracer2"
					{Position -30.1178	0.125668	-8.08407}
				}
			}
		}
		{bone "emit1"
			{Matrix34
				0	1	0
				-1	0	0
				0	0	1
				-12.2404	-34.7942	0
			}
			{visibility 0}
		}
		{bone "emit0"
			{Matrix34
				0	-1	0
				1	0	0
				0	0	1
				13.8709	29.3568	0
			}
			{visibility 0}
		}
	}
}
