;Exported by: klimenko
;Date:        Wed Feb 01 09:45:43 2006
;File:        D:\-Project-\-3DWork-\entourage\barricade_cobble_copy.max
{Skeleton
	{bone "barricade_cobl1_c1"
		{Orientation
			1	0	0
			0	-1	0
			0	0	1
		}
		{bone "fx_stone1"
			{Position 27.4133	-10.5601	8.75102}
		}
		{bone "piece1"
			{Matrix34
				0.458476	-0.888707	0
				0.888707	0.458476	0
				0	0	1
				27.0335	6.18778	9.9752
			}
			{VolumeView "piece1.ply"}
		}
		{bone "sub_piece4"
			{Matrix34
				0.458476	-0.888707	0
				0.888707	0.458476	0
				0	0	1
				25.0669	15.338	15.2237
			}
			{VolumeView "sub_piece4.ply"}
		}
		{bone "sub_piece6"
			{Matrix34
				0.458476	-0.888707	0
				0.888707	0.458476	0
				0	0	1
				31.2411	15.5434	3.98898
			}
			{VolumeView "sub_piece6.ply"}
		}
		{bone "sub_piece2"
			{Matrix34
				0.458476	-0.888707	0
				0.888707	0.458476	0
				0	0	1
				18.2782	0.159818	15.2508
			}
			{VolumeView "sub_piece2.ply"}
		}
		{bone "piece8"
			{Matrix34
				0.458476	-0.888707	0
				0.888707	0.458476	0
				0	0	1
				29.2116	-0.903307	17.6869
			}
			{VolumeView "piece8.ply"}
		}
		{bone "piece7"
			{Matrix34
				0.458476	-0.888707	0
				0.888707	0.458476	0
				0	0	1
				23.9809	-14.518	17.0673
			}
			{VolumeView "piece7.ply"}
		}
		{bone "sub_piece1"
			{Matrix34
				0.458476	-0.888707	0
				0.888707	0.458476	0
				0	0	1
				35.0558	-16.1149	17.3634
			}
			{VolumeView "sub_piece1.ply"}
		}
		{bone "sub_piece7"
			{Matrix34
				0.458476	-0.888707	0
				0.888707	0.458476	0
				0	0	1
				39.1741	-35.8904	10.5971
			}
			{VolumeView "sub_piece7.ply"}
		}
		{bone "piece5"
			{Matrix34
				0.458476	-0.888707	0
				0.888707	0.458476	0
				0	0	1
				32.8256	-21.7541	21.8493
			}
			{VolumeView "piece5.ply"}
		}
		{bone "sub_piece3"
			{Matrix34
				0.458476	-0.888707	0
				0.888707	0.458476	0
				0	0	1
				41.9667	-28.5584	7.49894
			}
			{VolumeView "sub_piece3.ply"}
		}
		{bone "piece4"
			{Matrix34
				0.458476	-0.888707	0
				0.888707	0.458476	0
				0	0	1
				33.4409	-32.4354	19.9054
			}
			{VolumeView "piece4.ply"}
		}
		{bone "piece3"
			{Matrix34
				0.458476	-0.888707	0
				0.888707	0.458476	0
				0	0	1
				39.9079	-7.26431	17.9309
			}
			{VolumeView "piece3.ply"}
		}
		{bone "sub_piece5"
			{Matrix34
				0.458476	-0.888707	0
				0.888707	0.458476	0
				0	0	1
				32.5191	-50.8541	10.4183
			}
			{VolumeView "sub_piece5.ply"}
		}
		{bone "piece2"
			{Matrix34
				0.458476	-0.888707	0
				0.888707	0.458476	0
				0	0	1
				23.5551	-31.0122	17.4677
			}
			{VolumeView "piece2.ply"}
		}
		{bone "piece6"
			{Matrix34
				0.458476	-0.888707	0
				0.888707	0.458476	0
				0	0	1
				21.388	-21.158	13.1223
			}
			{VolumeView "piece6.ply"}
		}
	}
}
{Volume "piece1"
	{Box 6.10533 7.00748 6.21739}
	{Bone "piece1"}
	{Matrix34
		0.829804	0.237848	0.50483
		-0.521384	0.652943	0.549384
		-0.198955	-0.719091	0.665826
		-0.125014	-0.221674	0.071772
	}
}
{Volume "piece2"
	{Box 4.99722 4.8596 6.68129}
	{Bone "piece2"}
	{Matrix34
		0.916453	-0.326152	-0.231815
		0.394886	0.830774	0.392275
		0.0646444	-0.451041	0.890159
		-0.0384445	0.203948	-0.159945
	}
}
{Volume "piece3"
	{Box 9.4011 9.88161 5.09078}
	{Bone "piece3"}
	{Matrix34
		0.964456	-0.223758	-0.140558
		0.0968814	0.794316	-0.59973
		0.245841	0.564796	0.787761
		-0.145843	0.685529	-0.260582
	}
}
{Volume "piece4"
	{Box 4.9071 4.74124 6.59297}
	{Bone "piece4"}
	{Matrix34
		0.742486	-0.556392	0.373018
		0.512749	0.8304	0.218004
		-0.431049	0.0293998	0.901849
		0.0194292	0.122611	0.376663
	}
}
{Volume "piece5"
	{Box 4.9469 6.25322 4.84279}
	{Bone "piece5"}
	{Matrix34
		0.968587	-0.248673	-1.89123e-005
		0.155814	0.606959	-0.77931
		0.193805	0.754826	0.62664
		-0.0082467	0.113598	0.292889
	}
}
{Volume "piece6"
	{Box 5.13683 4.95474 6.46932}
	{Bone "piece6"}
	{Matrix34
		0.956202	0.0261344	-0.291537
		-0.130286	0.929901	-0.343962
		0.262111	0.36688	0.892579
		-0.177563	0.801571	-0.886328
	}
}
{Volume "piece7"
	{Box 5.77438 5.3159 5.32135}
	{Bone "piece7"}
	{Matrix34
		0.994298	0.091854	-0.0541654
		-0.0758211	0.966152	0.24658
		0.0749812	-0.241067	0.967608
		-0.239072	-0.265773	0.700432
	}
}
{Volume "piece8"
	{Box 7.4461 7.92136 5.47047}
	{Bone "piece8"}
	{Matrix34
		0.883079	-0.277041	-0.378709
		0.234545	0.959651	-0.15511
		0.4064	0.0481504	0.912426
		0.40799	-0.829001	0.0286142
	}
}
{Volume "sub_piece1"
	{Box 4.85284 5.21811 5.81344}
	{Bone "sub_piece1"}
	{Matrix34
		0.797948	-0.390726	-0.458925
		0.432409	0.901541	-0.0157216
		0.419881	-0.185898	0.888336
		-0.186374	-0.242138	0.253694
	}
}
{Volume "sub_piece2"
	{Box 4.7788 4.87812 6.57154}
	{Bone "sub_piece2"}
	{Matrix34
		0.9742	0.211051	-0.0799542
		-0.192543	0.962039	0.193414
		0.117739	-0.173029	0.977854
		-0.0834449	0.124474	-0.107263
	}
}
{Volume "sub_piece3"
	{Box 5.26277 4.64027 7.37772}
	{Bone "sub_piece3"}
	{Matrix34
		0.731122	-0.604158	-0.316944
		0.646918	0.761468	0.0407953
		0.216696	-0.234863	0.947566
		-0.30303	-0.356694	0.0479249
	}
}
{Volume "sub_piece4"
	{Box 6.15768 6.82422 6.56848}
	{Bone "sub_piece4"}
	{Matrix34
		0.823879	-0.557443	-0.102376
		0.503831	0.63762	0.582748
		-0.259572	-0.531693	0.806179
		0.67312	-0.157875	-1.13472
	}
}
{Volume "sub_piece5"
	{Box 4.88917 4.99998 6.721}
	{Bone "sub_piece5"}
	{Matrix34
		0.956791	0.280845	-0.0753509
		-0.264285	0.947981	0.17744
		0.121264	-0.149858	0.981243
		-0.123685	-0.162703	0.00298398
	}
}
{Volume "sub_piece6"
	{Box 6.27228 6.28737 4.94939}
	{Bone "sub_piece6"}
	{Matrix34
		0.937941	-0.146484	-0.314338
		0.258825	0.898964	0.353375
		0.230814	-0.412803	0.881089
		-0.24481	0.437852	-0.934463
	}
}
{Volume "sub_piece7"
	{Box 4.50923 4.41926 6.10261}
	{Bone "sub_piece7"}
	{Matrix34
		0.909988	-0.403469	0.0955752
		0.403678	0.914724	0.0180101
		-0.0946913	0.0221926	0.995259
		0.501721	-0.420348	0.0882699
	}
}
