;Exported by: shevchenko
;Date:        Wed Jul 19 15:58:13 2006
;File:        D:\-Projects1_5-\-3DWork-\bsh\bsh_c90_1.max
{Skeleton
	{bone "bsh90_roof3"
		{Orientation
			1	0	0
			0	-1	0
			0	0	1
		}
		{VolumeView "bsh90_roof3.ply"}
		{bone "fix65"
			{Position -22.9833	-95.1728	19.3324}
		}
		{bone "fix67"
			{Position 62.5376	57.8973	40.043}
		}
		{bone "fix70"
			{Position 6.59787	-95.1728	23.4638}
		}
	}
}
{Volume "body1"
	{Box 19.685 9.84252 94.2864}
	{Bone "bsh90_roof3"}
	{Matrix34
		1	0	0
		0	-1	0
		0	0	-1
		-42.5923	-43.8437	2.78629
	}
}
{Volume "body2"
	{Box 19.685 9.84252 94.2864}
	{Bone "bsh90_roof3"}
	{Matrix34
		0	1	0
		1	0	0
		0	0	-1
		18.1219	59.2559	2.7863
	}
}
{Volume "floor1"
	{Box 31.8678 52.7352 3.93701}
	{Bone "bsh90_roof3"}
	{Matrix34
		0	1	0
		1	0	0
		0	0	-1
		-12.1868	-55.0052	-45.1152
	}
}
{Volume "floor2"
	{Box 31.8678 27.9496 3.93701}
	{Bone "bsh90_roof3"}
	{Matrix34
		0	1	0
		1	0	0
		0	0	-1
		-20.3467	-24.665	-45.1152
	}
}
{Volume "roof1"
	{Box 3.93701 43.223 95.2431}
	{Bone "bsh90_roof3"}
	{Matrix34
		0	0.766045	0.642787
		1	0	0
		0	0.642787	-0.766045
		11.8547	52.3807	10.0682
	}
}
{Volume "roof2"
	{Box 68.2092 3.93701 97.7766}
	{Bone "bsh90_roof3"}
	{Matrix34
		0	-1	0
		-0.766043	0	0.642789
		-0.642789	0	-0.766043
		-36.9566	-6.40748	8.89431
	}
}
{Volume "roof3"
	{Box 29.4694 3.93701 35.1541}
	{Bone "bsh90_roof3"}
	{Matrix34
		0.707107	0.707107	0
		-0.579228	0.579228	0.573576
		0.40558	-0.40558	0.819152
		-14.2701	31.5139	34.5446
	}
}
{Volume "roof4"
	{Box 3.93701 49.7163 56.0268}
	{Bone "bsh90_roof3"}
	{Matrix34
		0	0.766044	-0.642788
		1	0	0
		0	-0.642788	-0.766044
		13.1233	5.60987	24.7545
	}
}
{Volume "roof5"
	{Box 59.707 3.93701 55.2135}
	{Bone "bsh90_roof3"}
	{Matrix34
		0	-1	0
		-0.766045	0	-0.642787
		0.642787	0	-0.766045
		10.7455	-10.8174	25.9893
	}
}
