;Exported by: ubrashaev
;Date:        Thu Dec 29 16:01:02 2005
;File:        D:\-Projects1_5-\-work-\3d\statue_seat\germany_pamyat_fin_x.max
{Skeleton
	{bone "statue4"
		{Orientation
			1	0	0
			0	-1	0
			0	0	1
		}
		{VolumeView "statue4.ply"}
		{bone "piece1"
			{Matrix34
				0.999315	0.0047842	0.0367096
				0.00478391	0.966611	-0.256202
				-0.0367097	0.256202	0.965926
				6.35339	12.0906	68.5811
			}
			{VolumeView "piece1.ply"}
		}
		{bone "piece2"
			{Matrix34
				0.999315	0.00478419	-0.0367097
				0.00478393	0.966611	0.256202
				0.0367097	-0.256202	0.965926
				-13.1479	-9.48492	64.1602
			}
			{VolumeView "piece2.ply"}
		}
		{bone "piece3"
			{Position 18.745	3.62317	42.0448}
			{VolumeView "piece3.ply"}
		}
		{bone "piece4"
			{Position -4.3398	3.69144	54.3951}
			{VolumeView "piece4.ply"}
		}
		{bone "piece5"
			{Position 20.4669	10.9129	64.1081}
			{VolumeView "piece5.ply"}
		}
		{bone "piece6"
			{Position -16.0333	19.5445	22.4185}
			{VolumeView "piece6.ply"}
		}
		{bone "piece7"
			{Matrix34
				0.996195	-0.0871557	0
				0.0871557	0.996195	0
				0	0	1
				11.5318	15.2518	22.0829
			}
			{VolumeView "piece7.ply"}
		}
		{bone "piece8"
			{Position 7.29334	-26.2742	21.9135}
			{VolumeView "piece8.ply"}
		}
		{bone "piece9"
			{Position -25.0515	-7.58615	22.4185}
			{VolumeView "piece9.ply"}
		}
	}
}
{Volume "piece1"
	{Cylinder 10.3612 22.4454}
	{Bone "piece1"}
	{Matrix34
		0.992871	-0.1192	0
		0.1192	0.99287	0
		0	0	1
		-5.73491	-2.01535	-0.364048
	}
}
{Volume "piece2"
	{Box 5 29.2692 26.3371}
	{Bone "piece2"}
	{Matrix34
		0.986124	0.141296	0.0871558
		-0.141835	0.98989	0
		-0.0862746	-0.0123613	0.996195
		0.909434	-0.0066409	1.18151
	}
}
{Volume "piece3"
	{Cylinder 3.41919 22.4454}
	{Bone "piece3"}
	{Matrix34
		0.85727	0.122833	0.5
		-0.141835	0.98989	0
		-0.494945	-0.0709177	0.866025
		2.65672	-3.56649	-1.32809
	}
}
{Volume "piece4"
	{Box 19.3276 29.2692 18.5595}
	{Bone "piece4"}
	{Matrix34
		0.98989	0.141835	0
		-0.141835	0.98989	0
		0	0	1
		0.381469	-1.36581	-12.72
	}
}
{Volume "piece5"
	{Box 13.0875 21.9127 2.13965}
	{Bone "piece5"}
	{Matrix34
		0.755957	0.351157	0.552465
		-0.308129	0.935485	-0.172988
		-0.577569	-0.0394594	0.815388
		-0.0225801	0.561417	-1.94015
	}
}
{Volume "piece6"
	{Box 17.5183 26.6337 20.8458}
	{Bone "piece6"}
	{Matrix34
		0.928188	-0.372112	0
		0.372112	0.928188	0
		0	0	1
		2.15262	1.56053	0.667034
	}
}
{Volume "piece7"
	{Box 34.4497 23.8436 20.6693}
	{Bone "piece7"}
	{Matrix34
		0.451593	0.892224	0
		-0.892224	0.451593	0
		0	0	1
		-2.41939	-0.858286	0.335608
	}
}
{Volume "piece8"
	{Box 34.1043 19.0253 20.6693}
	{Bone "piece8"}
	{Matrix34
		0.881682	0.471844	0
		-0.471844	0.881682	0
		0	0	1
		-0.0791062	-2.15547	0.505011
	}
}
{Volume "piece9"
	{Box 23.0568 25.2343 19.3336}
	{Bone "piece9"}
	{Matrix34
		0.892224	-0.451593	0
		0.451593	0.892224	0
		0	0	1
		0.0534103	3.24209	0.667854
	}
}
