;Exported by: Normand
;Date:        Sat Jan 19 20:32:44 2013
;File:        C:\Users\Normand\SdKfz251_1_xx.max
{Skeleton
	{bone "basis"
		{Orientation
			1	0	0
			0	-1	0
			0	0	1
		}
		{bone "wheelsl"
			{parameters "ID=trackleft;"}
			{Matrix34
				1	0	0
				0	0.000937442	1
				0	-1	0.000653276
				-23.6788	13.604	7.08037
			}
			{bone revolute "wheell4"
				{parameters "Radius=0.3;ID=trackleft;"}
				{Matrix34
					-0.998714	0	-0.0507027
					0	1	0
					0.0353566	0	-0.999375
					33.05	-0.397361	-2.97281
				}
				{VolumeView "wheell4.ply"}
			}
			{bone revolute "wheell6"
				{parameters "Radius=0.4;ID=trackleft;"}
				{Matrix34
					-1	0	0
					0	1	0
					0	0	1
					17.9728	-0.417511	-3.20198
				}
				{VolumeView "wheell6.ply"}
			}
			{bone revolute "wheell5"
				{parameters "Radius=0.4;ID=trackleft;"}
				{Matrix34
					-1	0	0
					0	1	0
					0	0	1
					25.617	-0.424869	-2.7466
				}
				{VolumeView "wheell5.ply"}
			}
			{bone revolute "wheell7"
				{parameters "Radius=0.4;ID=trackleft;"}
				{Matrix34
					-1	0	0
					0	1	0
					0	0	1
					10.502	-0.337277	-2.80816
				}
				{VolumeView "wheell7.ply"}
			}
			{bone "trackl"
				{parameters "CommonMesh;ID=trackleft;"}
				{Position 17.0635	0.337577	-1.0649}
				{VolumeView "trackl.ply"}
			}
			{bone revolute "wheell8"
				{parameters "Radius=0.4;ID=trackleft;"}
				{Matrix34
					-1	0	0
					0	1	0
					0	0	1
					-4.08869	-0.312919	-2.80819
				}
				{VolumeView "wheell8.ply"}
			}
			{bone revolute "wheell9"
				{parameters "Radius=0.4;ID=trackleft;"}
				{Matrix34
					-1	0	0
					0	1	0
					0	0	1
					3.38216	-0.393153	-3.202
				}
				{VolumeView "wheell9.ply"}
			}
		}
		{bone "wheelsr"
			{parameters "ID=trackright;"}
			{Matrix34
				1	0	0
				0	0.000937442	1
				0	-1	0.000653276
				-23.7113	-11.6894	7.00785
			}
			{bone revolute "wheelr4"
				{parameters "Radius=0.3;ID=trackright;"}
				{Matrix34
					-1	0	0
					0	1	0
					0	0	1
					33.1737	-0.373884	4.91209
				}
				{VolumeView "wheelr4.ply"}
			}
			{bone revolute "wheelr6"
				{parameters "Radius=0.4;ID=trackright;"}
				{Matrix34
					-1	0	0
					0	1	0
					0	0	1
					18.0061	-0.247187	4.44382
				}
				{VolumeView "wheelr6.ply"}
			}
			{bone revolute "wheelr5"
				{parameters "Radius=0.4;ID=trackright;"}
				{Matrix34
					-1	0	0
					0	1	0
					0	0	1
					25.4825	-0.214752	4.51128
				}
				{VolumeView "wheelr5.ply"}
			}
			{bone revolute "wheelr7"
				{parameters "Radius=0.4;ID=trackright;"}
				{Matrix34
					-1	0	0
					0	1	0
					0	0	1
					10.5342	-0.207091	4.45647
				}
				{VolumeView "wheelr7.ply"}
			}
			{bone "trackr"
				{parameters "CommonMesh;ID=trackright;"}
				{Position 14.8318	0.243377	4.47409}
				{VolumeView "trackr.ply"}
			}
			{bone revolute "wheelr8"
				{parameters "Radius=0.4;ID=trackright;"}
				{Matrix34
					-1	0	0
					0	1	0
					0	0	1
					3.41547	-0.222828	4.44379
				}
				{VolumeView "wheelr8.ply"}
			}
			{bone revolute "wheelr9"
				{parameters "Radius=0.4;ID=trackright;"}
				{Matrix34
					-1	0	0
					0	1	0
					0	0	1
					-4.0565	-0.182733	4.45645
				}
				{VolumeView "wheelr9.ply"}
			}
		}
		{bone "body"
			{parameters "ID=body;"}
			{Matrix34
				0.999735	0	-0.0230412
				0	1	0
				0.0230412	0	0.999735
				0.426582	-0.131827	18.3135
			}
			{VolumeView "body.ply"}
			{bone "detail1"
				{parameters "ID=body;"}
				{Matrix34
					0	1	0
					-1	0	0
					0	0	1
					-4.96709	-17.1354	13.9491
				}
				{VolumeView "detail1.ply"}
			}
			{bone "label1"
				{parameters "ID=body;"}
				{Matrix34
					0	1	0
					-1	0	0
					0	0	1
					53.9801	5.23998	2.34659
				}
				{VolumeView "label1.ply"}
			}
			{bone "detail2"
				{parameters "ID=body;"}
				{Matrix34
					0	1	0
					-1	0	0
					0	0	1
					51.5151	10.7029	3.68793
				}
				{VolumeView "detail2.ply"}
			}
			{bone "door_left"
				{parameters "ID=body;"}
				{Matrix34
					0	0	1
					-1	0	0
					0	-1	0
					-55.7755	12.5296	4.24693
				}
				{VolumeView "door_left.ply"}
			}
			{bone "part2"
				{parameters "ID=body;"}
				{Matrix34
					0	0	-1
					-1	0	0
					0	1	0
					-55.7769	-12.533	4.24693
				}
				{VolumeView "part2.ply"}
			}
			{bone "fxfire1"
				{Matrix34
					0.99999	0.00453793	0
					0	0	1
					0.00453793	-0.99999	0
					32.0084	-0.0852466	4.12357
				}
			}
			{bone revolute "wheell2"
				{parameters "Radius=0.35;ID=trackleft;"}
				{Matrix34
					-1	0	0
					0	0.000937529	1
					0	-1	0.000653364
					22.2448	16.8161	-10.8572
				}
				{VolumeView "wheell2.ply"}
			}
			{bone revolute "wheell3"
				{parameters "Radius=0.5;ID=trackleft;"}
				{Matrix34
					-1	0	0
					0	0.000937529	1
					0	-1	0.000653364
					-36.9117	16.5839	-11.8571
				}
				{VolumeView "wheell3.ply"}
			}
			{bone revolute "wheelr2"
				{parameters "Radius=0.35;ID=trackright;"}
				{Matrix34
					-1	0	0
					0	0.000937529	1
					0	-1	0.000653364
					22.2582	-16.1221	-10.8253
				}
				{VolumeView "wheelr2.ply"}
			}
			{bone revolute "part4"
				{parameters "Radius=0.5;ID=trackright;"}
				{Matrix34
					-1	0	0
					0	0.000937529	1
					0	-1	0.000653364
					-36.9193	-16.5082	-11.9388
				}
				{VolumeView "part4.ply"}
			}
			{bone "detail5"
				{parameters "ID=body;"}
				{Position 16.2408	0.388794	0.139256}
				{VolumeView "detail5.ply"}
			}
			{bone "detail6"
				{parameters "ID=body;"}
				{Matrix34
					0.999506	0.0312509	-0.00327678
					0.0313007	-0.999375	0.0164464
					-0.00276099	-0.0165407	-0.99986
					3.97356	17.4386	-0.840508
				}
				{VolumeView "detail6.ply"}
			}
			{bone "detail4"
				{parameters "ID=body;"}
				{Matrix34
					-0.994319	-0.021425	-0.104264
					-0.0214928	0.999769	-0.000473071
					-0.10425	-0.0017704	0.99455
					3.28402	-18.1778	-0.626865
				}
				{VolumeView "detail4.ply"}
			}
			{bone "engine_body"
				{parameters "ID=engine;"}
				{Matrix34
					0	-1	0
					-0.0347086	0	0.999398
					-0.999398	0	-0.0347081
					38.9198	0.0470387	-4.98876
				}
				{VolumeView "engine_body.ply"}
			}
			
;--- SKR: убираем переднюю пулемётную турель и устанавливаем миномёт ---
		
;			{bone "shield"
;				{parameters "ID=shield;"}
;				{Matrix34
;					0.00507951	0.999987	0
;					0	0	-1
;					-0.999987	0.00507951	0
;					4.70365	0.165799	15.2891
;				}
;				{VolumeView "shield.ply"}
;			}
			{bone "turret1"
				{parameters "ID=body;"}
				{Position -16.5321	-0.0338774	-4.85021}
				{VolumeView "turret1.ply"}
				{bone "gun"
					{parameters "ID=gun;"}
					{Matrix34
						0.999575	0	0.0291421
						0	1	0
						-0.0291421	0	0.999575
						1.10636	0.102518	2.68565
					}
					{VolumeView "gun.ply"}
					{bone "stan"
						{parameters "ID=body;"}
						{Position 14.1645	0.00918967	9.43081}
						{VolumeView "stan.ply"}
					}
				}
			}
			
;-----------------------------------------------------------------------	
		
			{bone "label"
				{parameters "ID=body;"}
				{Matrix34
					-0.000475168	1	0
					-1	-0.000475168	0
					0	0	1
					-10.3491	13.6409	16.3234
				}
				{VolumeView "label.ply"}
			}
			{bone "seats02"
				{parameters "ID=body;"}
				{Position 0	0	0}
				{VolumeView "seats02.ply"}
			}
			{bone "seats04"
				{parameters "ID=body;"}
				{Position 0	0	0}
				{VolumeView "seats04.ply"}
			}
			{bone "seats01"
				{parameters "ID=body;"}
				{Position 0	0	0}
				{VolumeView "seats01.ply"}
			}
			{bone "seats03"
				{parameters "ID=body;"}
				{Position 0	0	0}
				{VolumeView "seats03.ply"}
			}
			{bone "mgun1_turret"
				{parameters "ID=body;"}
				{Position -50.2485	0.0885535	15.4376}
				{VolumeView "mgun1_turret.ply"}
				{bone "mgun1_rot"
					{parameters "ID=body;"}
					{Matrix34
						1	0	0
						0	-0.00327019	0.999995
						0	-0.999995	-0.00327019
						9.59993	7.44686e-005	3.72867
					}
					{VolumeView "mgun1_rot.ply"}
				}
			}
			{bone "engine"
				{parameters "ID=engine;"}
				{Position 0	0	0}
				{VolumeView "engine.ply"}
				{bone "engine_cover1"
					{parameters "ID=engine;"}
					{Matrix34
						0.136792	-0.0269947	0.990232
						0.214454	0.976729	-0.0029984
						-0.967108	0.212769	0.139398
						32.5412	9.64899	8.17636
					}
					{VolumeView "engine_cover1.ply"}
				}
				{bone "part1"
					{parameters "ID=body;"}
					{Matrix34
						0.136792	0.0269965	0.990232
						0.214461	-0.976728	-0.00299754
						-0.967106	-0.212776	0.139398
						32.5412	-9.75493	8.17637
					}
					{VolumeView "part1.ply"}
				}
			}
		}
		{bone "pivot_front"
			{parameters "ID=body;"}
			{Position 0.410746	-0.131818	20.0197}
			{VolumeView "pivot_front.ply"}
			{bone revolute "steerl"
				{Matrix34
					0.999993	0.00386556	0
					0.00386556	-0.999993	0
					0	0	1
					46.0678	15.11	-10.8545
				}
				{VolumeView "steerl.ply"}
				{bone revolute "wheell1"
					{parameters "ID=wheelleft;Radius=0.25;"}
					{Matrix34
						-0.999992	0.00391664	0
						-7.77769e-005	-0.019858	0.999803
						0.00391587	0.999795	0.0198581
						0.503628	-2.59241	-0.300962
					}
					{VolumeView "wheell1.ply"}
				}
			}
			{bone revolute "steerr"
				{Matrix34
					1	0	0
					0	-1	0
					0	0	1
					46.0933	-15.173	-11.3571
				}
				{VolumeView "steerr.ply"}
				{bone revolute "wheelr1"
					{parameters "ID=wheelright;Radius=0.25;"}
					{Matrix34
						-0.99997	-0.0077819	0
						-0.000154529	0.0198569	0.999803
						0.00778037	-0.999773	0.0198575
						0.468082	2.5312	0.201689
					}
					{VolumeView "wheelr1.ply"}
				}
			}
		}
	}
}
{Volume "body_l"
	{Box 41.1328 6.54056 6}
	{Bone "body"}
	{Matrix34
		1	0	0
		0	0	1
		0	-1	0
		-22.779	18.467	1.67128
	}
}
{Volume "body_r"
	{Box 41.1155 6.55464 6}
	{Bone "body"}
	{Matrix34
		1	0	0
		0	0	1
		0	-1	0
		-22.718	-18.4168	1.68232
	}
}
{Volume "body"
	{Polyhedron "body_2.vol"}
	{Bone "body"}
	{Matrix34
		1	0	0
		0	0	1
		0	-1	0
		-20.3333	15.5464	1.05163
	}
}
{Volume "body2"
	{Polyhedron "body_3.vol"}
	{Bone "body"}
	{Matrix34
		1	0	0
		0	0	1
		0	-1	0
		-11.9128	-12.6061	-9.42623
	}
}
{Volume "engine"
	{Polyhedron "engine_2.vol"}
	{Bone "engine"}
	{Matrix34
		1	0	0
		0	0	1
		0	-1	0
		40.4005	13.5726	1.09352
	}
}
{Volume "part2"
	{Polyhedron "doorr.vol"}
	{Bone "part2"}
	{Matrix34
		0	0	1
		-1	0	0
		0	-1	0
		-0.00216293	3.05142	7.38882
	}
}

;--- SKR: убираем переднюю пулемётную турель и устанавливаем миномёт ---
			
;{Volume "mgun_turret"
;	{Polyhedron "mgun_turret.vol"}
;	{Bone "mgun1_turret"}
;	{Matrix34
;		1	0	0
;		0	0	1
;		0	-1	0
;		4.5664	0.369169	2.08305
;	}
;}
;{Volume "shield"
;	{Polyhedron "shield.vol"}
;	{Bone "shield"}
;	{Matrix34
;		0.00436342	-0.512759	-0.858521
;		0.999987	0	0.00508246
;		-0.00260614	-0.858532	0.512753
;		0.18438	0.0770454	-1.24042
;	}
;}
{Volume "gun"
	{Cylinder 0.984252 23.622}
	{Bone "gun"}
	{Matrix34
		0.856049	0	-0.516896
		0	1	0
		0.516896	0	0.856049
		4.50095	-0.0463938	7.54646
	}
}
			
;-----------------------------------------------------------------------	
		
{Volume "trackleft"
	{Box 3.1 0.667323 0.275591}
	{Bone "wheelsl"}
	{Matrix34
		23.2267	-5.53334e-005	0.000145885
		5.524e-005	23.2267	0.0215635
		-0.000214357	-0.01511	23.2267
		16.3023	0.985925	-3.00659
	}
}
{Volume "trackright"
	{Box 3.1 0.665354 0.275591}
	{Bone "wheelsr"}
	{Matrix34
		23.2267	-5.53334e-005	0.000145885
		5.524e-005	23.2267	0.0215635
		-0.000214357	-0.01511	23.2267
		16.1418	1.0024	4.35
	}
}
{Volume "wheelleft1"
	{Cylinder 6.75 3.8}
	{Bone "steerl"}
	{Matrix34
		0.999993	0.00385966	0
		0	0	1
		-0.00385966	0.999993	0
		0.622625	-2.23497	-0.477493
	}
}
{Volume "wheelright1"
	{Cylinder 6.75 3.8}
	{Bone "steerr"}
	{Matrix34
		1	0	0
		0	0	1
		0	1	0
		0.553616	2.171	0.0507721
	}
}
