;Exported by: ubrashaev
;Date:        Mon Dec 18 14:26:41 2006
;File:        D:\-Projects1_5-\-work-\3d\-entourage\wood\wood_x.max
{Skeleton
	{animation
		{sequence "crush2" {speed 0.5}}
	}
	{bone "beam_piles1"
		{Orientation
			1	0	0
			0	-1	0
			0	0	1
		}
		{VolumeView "beam_piles1.ply"}
		{bone "piece00"
			{Position 0.430706	1.89063	11.5575}
			{VolumeView "piece00.ply"}
		}
		{bone "piece01"
			{Position -4.25175	0.059288	13.6046}
			{VolumeView "piece01.ply"}
		}
		{bone "piece02"
			{Position -0.685291	-3.02496	12.2101}
			{VolumeView "piece02.ply"}
		}
		{bone "piece03"
			{Position -1.13665	2.16384	14.026}
			{VolumeView "piece03.ply"}
		}
		{bone "piece04"
			{Matrix34
				0.962993	0	0.269525
				0	1	0
				-0.269525	0	0.962993
				9.12099	-0.363304	10.7585
			}
			{VolumeView "piece04.ply"}
		}
		{bone "piece05"
			{Position 3.58938	-1.74668	11.6174}
			{VolumeView "piece05.ply"}
		}
		{bone "piece06"
			{Matrix34
				0.901571	0	-0.432631
				0	1	0
				0.432631	0	0.901571
				-10.0888	0.314545	8.81116
			}
			{VolumeView "piece06.ply"}
		}
		{bone "piece07"
			{Matrix34
				0.973886	-0.121793	-0.191607
				0.0956628	0.985493	-0.140189
				0.205901	0.118198	0.971408
				-8.43872	-1.49339	5.01566
			}
			{VolumeView "piece07.ply"}
		}
		{bone "piece08"
			{Position -4.95234	-6.25596	6.06938}
			{VolumeView "piece08.ply"}
		}
		{bone "piece09"
			{Matrix34
				1	0	0
				0	0.985645	0.168832
				0	-0.168832	0.985645
				-0.123428	8.40893	11.1753
			}
			{VolumeView "piece09.ply"}
		}
		{bone "piece11"
			{VolumeView "piece11.ply"}
		}
		{bone "fx_wood2"
			{Position -0.546354	1.93024	8.11395}
		}
	}
}
