;Exported by: sasha
;Date:        Thu Mar 06 12:56:03 2008
;File:        D:\-Project-\-3D-\africa\africabuilds\b2_v1.max
{Skeleton
	{bone "n5_af_f1w1"
		{Orientation
			1	0	0
			0	-1	0
			0	0	1
		}
		{VolumeView "n5_af_f1w1.ply"}
		{bone "window1"
			{Matrix34
				0	1	0
				-1	0	0
				0	0	1
				13.789	4.94534	33.9891
			}
			{VolumeView "window1.ply"}
		}
		{bone "window2"
			{Matrix34
				0	1	0
				-1	0	0
				0	0	1
				-15.0307	4.94534	33.9891
			}
			{VolumeView "window2.ply"}
		}
		{bone "attach1"
			{Matrix34
				0	1	0
				-1	0	0
				0	0	1
				14.8859	-8.83527	0
			}
		}
		{bone "attach2"
			{Matrix34
				0	1	0
				-1	0	0
				0	0	1
				-14.7797	-8.83527	0
			}
		}
		{bone "window1_x"
			{Matrix34
				0	1	0
				-1	0	0
				0	0	1
				13.789	4.94534	33.9891
			}
			{visibility 0}
			{VolumeView "window1_x.ply"}
		}
		{bone "window2_x"
			{Matrix34
				0	1	0
				-1	0	0
				0	0	1
				-15.0307	4.94534	33.9891
			}
			{visibility 0}
			{VolumeView "window2_x.ply"}
		}
	}
}
{Obstacle "body"
	{Obb2
		{Center 8.39948 -4.5246}
		{Extent 46.1755 3.40585}
		{Axis 1 0}
	}
	{Rotate}
	{Tags  "body"}
}
{Volume "body"
	{Box 92.3509 6.81169 63.1366}
	{Bone "n5_af_f1w1"}
	{Position 8.39948	4.5246	32.5182}
}
{Volume "fire01"
	{Box 14.9695 1.45483 1.20225}
	{Bone "n5_af_f1w1"}
	{Matrix34
		0	-0.973613	-0.228204
		0	-0.228204	0.973613
		-1	0	0
		-27.5921	15.4136	51.5214
	}
}
{Volume "fire02"
	{Box 14.9695 1.45483 1.20225}
	{Bone "n5_af_f1w1"}
	{Matrix34
		0	-0.973613	-0.228204
		0	-0.228204	0.973613
		-1	0	0
		-2.20135	15.4136	51.5214
	}
}
{Volume "fire03"
	{Box 14.9695 1.45483 1.20225}
	{Bone "n5_af_f1w1"}
	{Matrix34
		0	-0.973613	-0.228204
		0	-0.228204	0.973613
		-1	0	0
		1.55464	15.4136	51.5214
	}
}
{Volume "fire04"
	{Box 14.9695 1.45483 1.20225}
	{Bone "n5_af_f1w1"}
	{Matrix34
		0	-0.973613	-0.228204
		0	-0.228204	0.973613
		-1	0	0
		27.3461	15.4136	51.5214
	}
}
{Volume "fire05"
	{Box 27.9733 1.29678 1.66728}
	{Bone "n5_af_f1w1"}
	{Position -14.676	21.6629	52.832}
}
{Volume "fire06"
	{Box 27.9733 1.29678 1.66728}
	{Bone "n5_af_f1w1"}
	{Position 14.3337	22.4487	53.2157}
}
{Volume "hole1"
	{Box 19.685 15.2721 20.871}
	{Bone "n5_af_f1w1"}
	{Matrix34
		0	1	0
		-1	0	0
		0	0	1
		13.7891	4.94531	33.9891
	}
}
{Volume "hole2"
	{Box 19.685 15.2721 20.871}
	{Bone "n5_af_f1w1"}
	{Matrix34
		0	1	0
		-1	0	0
		0	0	1
		-15.0306	4.94531	33.9891
	}
}
{Volume "window1"
	{Box 0.422729 15.2721 20.871}
	{Bone "window1"}
	{Position -3.05176e-005	-0.00012207	0}
}
{Volume "window2"
	{Box 0.422729 15.2721 20.871}
	{Bone "window2"}
	{Position -3.05176e-005	-0.00012207	0}
}
