;Exported by: sana
;Date:        Wed Feb 22 11:56:38 2006
;File:        D:\-Project-\-3DWork-\Entourage\build_euro\build-20_cut02_x.max
{Skeleton
	{bone "b_euro_corn15"
		{Orientation
			1	0	0
			0	-1	0
			0	0	1
		}
		{bone "piece00"
			{Position 20.7065	-34.249	68.5679}
			{VolumeView "piece00.ply"}
		}
		{bone "piece01"
			{Position -2.03683	-20.5812	95.11}
			{VolumeView "piece01.ply"}
		}
		{bone "piece02"
			{Position 5.33301	13.2909	107.906}
			{VolumeView "piece02.ply"}
		}
		{bone "piece03"
			{Position 11.1025	-16.9066	103.568}
			{VolumeView "piece03.ply"}
		}
		{bone "piece04"
			{Position 4.77543	-11.1046	49.2033}
			{VolumeView "piece04.ply"}
		}
		{bone "piece05"
			{Position 1.00732	13.3084	49.2033}
			{VolumeView "piece05.ply"}
		}
		{bone "piece06"
			{Position -15.1908	25.4541	49.2033}
			{VolumeView "piece06.ply"}
			{bone "sub_piece06"
				{Position -5.19968	-14.9608	0}
				{VolumeView "sub_piece06.ply"}
			}
		}
		{bone "piece07"
			{Position 15.3976	-6.32831	89.4364}
			{VolumeView "piece07.ply"}
		}
		{bone "piece08"
			{Position 15.3975	16.939	85.206}
			{VolumeView "piece08.ply"}
			{bone "sub_piece08"
				{Position 0	2.36702	-13.4467}
				{VolumeView "sub_piece08.ply"}
			}
		}
		{bone "piece09"
			{Position 15.3976	12.3561	53.7296}
			{VolumeView "piece09.ply"}
		}
		{bone "piece10"
			{Position 15.3976	-13.933	50.2546}
			{VolumeView "piece10.ply"}
		}
		{bone "piece11"
			{Position 15.3976	-12.5732	75.335}
			{VolumeView "piece11.ply"}
			{bone "sub_piece11"
				{Position 0	0.050354	-9.77028}
				{VolumeView "sub_piece11.ply"}
			}
		}
		{bone "piece12"
			{Matrix34
				0	-1	0
				1	0	0
				0	0	1
				2.03062	-19.9279	84.9345
			}
			{VolumeView "piece12.ply"}
			{bone "sub_piece12"
				{Position 0	0.0503589	-9.77028}
				{VolumeView "sub_piece12.ply"}
			}
		}
	}
}
{Volume "piece00"
	{Box 9.21209 5.84544 51.8599}
	{Bone "piece00"}
	{Matrix34
		0.982966	0	-0.183789
		0	1	0
		0.183789	0	0.982966
		-0.62705	0	0.707514
	}
}
{Volume "piece01"
	{Box 36.6114 3.6161 3.38178}
	{Bone "piece01"}
	{Position 0	0	0}
}
{Volume "piece02"
	{Box 36.2188 35.3572 3.11325}
	{Bone "piece02"}
	{Matrix34
		0.801829	0	-0.597553
		0	1	0
		0.597553	0	0.801829
		3.55545	-0.576111	-2.22979
	}
}
{Volume "piece03"
	{Box 24.9225 26.4141 2.31155}
	{Bone "piece03"}
	{Matrix34
		0.787935	0	-0.615758
		0	1	0
		0.615758	0	0.787935
		2.1309	0	-1.39054
	}
}
{Volume "piece04"
	{Box 16.0277 23.5639 3.93701}
	{Bone "piece04"}
	{Position 0	0	0}
}
{Volume "piece05"
	{Box 23.3516 25.6868 3.93701}
	{Bone "piece05"}
	{Position 0	0	0}
}
{Volume "piece06"
	{Box 23.7332 16.5163 3.93701}
	{Bone "piece06"}
	{Matrix34
		0.984808	0.173648	0
		-0.173648	0.984808	0
		0	0	1
		0.084257	0.414239	0
	}
}
{Volume "piece07"
	{Box 7.87402 19.329 9.37341}
	{Bone "piece07"}
	{Position 0	0	0.467301}
}
{Volume "piece08"
	{Box 7.87402 16.1159 18.4326}
	{Bone "piece08"}
	{Position 0	0	1.14441e-005}
}
{Volume "piece09"
	{Box 7.87402 19.0369 16.0756}
	{Bone "piece09"}
	{Matrix34
		1	0	0
		0	0.992518	-0.122097
		0	0.122097	0.992518
		0	0.151228	0.0915412
	}
}
{Volume "piece10"
	{Box 7.87402 12.9993 16.4956}
	{Bone "piece10"}
	{Matrix34
		1	0	0
		0	0.942945	-0.332949
		0	0.332949	0.942945
		0	0.133392	-0.990156
	}
}
{Volume "piece11"
	{Box 7.87402 15.3101 15.6123}
	{Bone "piece11"}
}
{Volume "piece12"
	{Box 7.87402 15.3101 15.6123}
	{Bone "piece12"}
	{Position 0	0	0}
}
{Volume "sub_piece06"
	{Box 14.1446 20.1629 3.93701}
	{Bone "sub_piece06"}
	{Matrix34
		0.993951	-0.109828	0
		0.109828	0.993951	0
		0	0	1
		0	0	0
	}
}
{Volume "sub_piece08"
	{Box 7.87402 11.7848 10.2561}
	{Bone "sub_piece08"}
	{Matrix34
		1	0	0
		0	0.993891	0.110365
		0	-0.110365	0.993891
		0	0.0232043	-0.209058
	}
}
{Volume "sub_piece11"
	{Box 7.87402 15.4108 10.424}
	{Bone "sub_piece11"}
	{Matrix34
		1	0	0
		0	0.951329	-0.308179
		0	0.308179	0.951329
		0	-0.346042	-0.677676
	}
}
{Volume "sub_piece12"
	{Box 7.87402 15.4108 9.56551}
	{Bone "sub_piece12"}
	{Matrix34
		1	0	0
		0	0.948797	-0.315887
		0	0.315887	0.948797
		0	-0.462546	-0.696868
	}
}
