;Exported by: dementor
;Date:        Mon Sep 24 11:19:46 2007
;File:        C:\Documents and Settings\dementor\Мои документы\3dsmax\scenes\CerkoV3_x.max
{Skeleton
	{bone "asl03_ch_v3"
		{Orientation
			1	0	0
			0	-1	0
			0	0	1
		}
		{bone "w3"
			{Orientation
				0.923879	0.382684	0
				-0.382684	0.923879	0
				0	0	1
			}
			{VolumeView "w3.ply"}
		}
		{bone "piece1"
			{Matrix34
				0.707107	0.707107	0
				0	0	1
				0.707107	-0.707107	0
				11.7842	8.90421	8.17384
			}
			{VolumeView "piece1.ply"}
		}
		{bone "piece2"
			{Matrix34
				0.707107	0.707107	0
				0	0	1
				0.707107	-0.707107	0
				11.7842	8.90421	8.17384
			}
			{VolumeView "piece2.ply"}
		}
		{bone "piece3"
			{Matrix34
				0.707107	0.707107	0
				0	0	1
				0.707107	-0.707107	0
				6.72174	3.71859	20.9053
			}
			{VolumeView "piece3.ply"}
		}
		{bone "piece4"
			{Matrix34
				1	0	0
				0	0	1
				0	-1	0
				12.0338	-3.2469	8.17384
			}
			{VolumeView "piece4.ply"}
		}
		{bone "piece5"
			{Matrix34
				1	0	0
				0	0	1
				0	-1	0
				-2.51712	-4.84297	8.17384
			}
			{VolumeView "piece5.ply"}
		}
		{bone "piece6"
			{Matrix34
				1	0	0
				0	0	1
				0	-1	0
				-2.51712	-4.84297	8.17384
			}
			{VolumeView "piece6.ply"}
		}
	}
}
{Volume "piece1"
	{Box 8.60806 7.54255 7.87402}
	{Bone "piece1"}
	{Matrix34
		0.884644	0	0
		0	1	0
		0	0	0.884644
		1.87483	25.383	3.48285
	}
}
{Volume "piece2"
	{Box 7.50916 6.78332 7.87402}
	{Bone "piece2"}
	{Matrix34
		0.884644	0	0
		0	1	0
		0	0	0.884644
		0.254604	0.461256	3.48285
	}
}
{Volume "piece3"
	{Box 7.50916 6.78332 7.87401}
	{Bone "piece3"}
	{Matrix34
		0.884644	0	0
		0	1	0
		0	0	0.884644
		0.254603	0.461254	3.48286
	}
}
{Volume "piece4"
	{Box 8.51648 7.76254 7.87402}
	{Bone "piece4"}
	{Position -6.71769	27.2543	3.93701}
}
{Volume "piece5"
	{Box 7.78388 6.68498 7.87402}
	{Bone "piece5"}
	{Matrix34
		1	0	0
		0	1	0
		0	0	0.594599
		-5.71036	19.5513	2.34095
	}
}
{Volume "piece6"
	{Box 8.98714 11.7717 7.87402}
	{Bone "piece6"}
	{Matrix34
		1	0	0
		0	1	0
		0	0	0.594599
		-6.90759	1.4072	2.34095
	}
}
