;Exported by: Kislov_A
;Date:        Thu Dec 04 12:23:46 2008
;File:        E:\Black\DESIGN~1\EXPORT~1\A2FD~1\models\76-MM_~1\000E32~1\76-MM_~1.MAX
{Skeleton
	{bone "basis"
		{Orientation
			1	0	0
			0	-1	0
			0	0	1
		}
		{bone "body"
			{parameters "ID=body;"}
			{Matrix34
				0.985045	0	-0.172298
				0	1	0
				0.172298	0	0.985045
				4.64782	-0.695591	3.51433
			}
			{VolumeView "body.ply"}
			{bone "part4"
				{Position -0.00140076	0	-0.0983525}
				{VolumeView "part4.ply"}
			}
			{bone "part3"
				{Position 2.57667	0	5.52689}
				{VolumeView "part3.ply"}
				{bone "part2"
					{Matrix34
						0.953717	0	0.300706
						0.300706	0	-0.953717
						0	1	0
						-3.00771	0.574423	-0.45308
					}
					{VolumeView "part2.ply"}
					{bone "part1"
						{Matrix34
							0	1	0
							0	0	1
							1	0	0
							2.46994	-2.59804	-0.804212
						}
						{VolumeView "part1.ply"}
					}
				}
			}
		}
	}
}
{Volume "body"
	{Polyhedron "body.vol"}
	{Bone "body"}
	{Matrix34
		0.981134	0	0.19333
		0	1	0
		-0.19333	0	0.981134
		-29.2721	3.03704	-7.45801
	}
}
{Volume "part1"
	{Polyhedron "part1.vol"}
	{Bone "part1"}
	{Matrix34
		0	-1	0
		-1	0	0
		0	0	-1
		-0.306672	0.2026	-5.35425
	}
}
{Volume "part2"
	{Polyhedron "part2.vol"}
	{Bone "part2"}
	{Matrix34
		0.953717	0.300706	0
		0.300706	-0.953717	0
		0	0	-1
		0.875732	0.310453	2.22867
	}
}
{Volume "part3"
	{Polyhedron "part3.vol"}
	{Bone "part3"}
	{Matrix34
		1	0	0
		0	0	1
		0	-1	0
		0.54756	0.0143638	-2.27874
	}
}
{Volume "part4"
	{Polyhedron "part4.vol"}
	{Bone "part4"}
	{Position 0.0790622	0.117513	-1.94338}
}
