;Exported by: sk
;Date:        Fri Feb 24 15:29:37 2006
;File:        D:\-Projects1_5-\-3DWork-\City_Du\Bahnhof_house\BB_x.max
{Skeleton
	{bone "roof_center2_x"
		{Orientation
			1	0	0
			0	-1	0
			0	0	1
		}
		{bone "piece1"
			{Position -68.3747	-36.5154	-20.3658}
			{VolumeView "piece1.ply"}
		}
		{bone "piece2"
			{Position 41.3033	4.00349	-26.2774}
			{VolumeView "piece2.ply"}
		}
		{bone "piece3"
			{Position 9.73978	4.00349	-12.0098}
			{VolumeView "piece3.ply"}
		}
		{bone "piece4"
			{Position -4.82357	-14.1264	-26.2774}
			{VolumeView "piece4.ply"}
		}
		{bone "piece5"
			{Position -67.2952	2.06888	-19.0923}
			{VolumeView "piece5.ply"}
		}
		{bone "piece6"
			{Position -26.2728	-4.61314	-7.45551}
			{VolumeView "piece6.ply"}
		}
		{bone "piece7"
			{Position 7.24307	-10.6029	2.04449}
			{VolumeView "piece7.ply"}
		}
		{bone "piece8"
			{Position 41.0902	-26.1614	10.9794}
			{VolumeView "piece8.ply"}
		}
		{bone "piece9"
			{Position 71.7368	-31.0167	20.0027}
			{VolumeView "piece9.ply"}
		}
		{bone "piece10"
			{Position 47.0113	15.1079	-4.48178}
			{VolumeView "piece10.ply"}
		}
		{bone "piece11"
			{Position 10.668	19.8456	-9.00607}
			{VolumeView "piece11.ply"}
		}
		{bone "piece12"
			{Position -28.3455	24.8038	-13.7346}
			{VolumeView "piece12.ply"}
		}
		{bone "piece13"
			{Position -25.2092	-37.2977	-8.12122}
			{VolumeView "piece13.ply"}
		}
	}
}
{Volume "piece10"
	{Box 46.2827 42.5158 1.22674}
	{Bone "piece10"}
	{Matrix34
		1	0	0
		0	0.725368	-0.688361
		0	0.688361	0.725368
		0	-2.87793	2.90081
	}
}
{Volume "piece11"
	{Box 46.5992 33.0405 1.96152}
	{Bone "piece11"}
	{Matrix34
		1	0	0
		0	0.722825	-0.691031
		0	0.691031	0.722825
		0	-0.500598	0.816021
	}
}
{Volume "piece12"
	{Box 37.7766 23.124 1.34316}
	{Bone "piece12"}
	{Matrix34
		1	0	0
		0	0.74575	-0.666226
		0	0.666226	0.74575
		0	0.0166346	0.0186218
	}
}
{Volume "piece13"
	{Box 53.1132 35.7849 1.84221}
	{Bone "piece13"}
	{Matrix34
		0.969272	0	0.245991
		0	1	0
		-0.245991	0	0.969272
		-0.172658	0	0.680306
	}
}
{Volume "piece1"
	{Box 37.267 36.4577 3.04068}
	{Bone "piece1"}
	{Matrix34
		0.962429	0	0.271534
		0	1	0
		-0.271534	0	0.962429
		-0.109409	0	0.387814
	}
}
{Volume "piece2"
	{Box 2.95276 64.2835 2.95276}
	{Bone "piece2"}
}
{Volume "piece3"
	{Box 8.68972 7.71403 31.4879}
	{Bone "piece3"}
	{Position 13.8904	-17.1934	0}
}
{Volume "piece4"
	{Box 121.086 2.95277 2.95277}
	{Bone "piece4"}
	{Position 0	0	0}
}
{Volume "piece5"
	{Box 40.1274 68.5939 3.26773}
	{Bone "piece5"}
	{Matrix34
		0.960835	0	0.277121
		0	1	0
		-0.277121	0	0.960835
		0.15047	0	-0.521733
	}
}
{Volume "piece6"
	{Box 48.4187 58.1368 1.82257}
	{Bone "piece6"}
	{Matrix34
		0.962501	0	0.271279
		0	1	0
		-0.271279	0	0.962501
		0.208547	0	-0.739988
	}
}
{Volume "piece7"
	{Box 33.414 47.6935 3.01997}
	{Bone "piece7"}
	{Matrix34
		0.95771	0	0.287735
		0	1	0
		-0.287735	0	0.95771
		0.0978664	0	-0.325728
	}
}
{Volume "piece8"
	{Box 35.2876 59.021 2.81084}
	{Bone "piece8"}
	{Matrix34
		0.967089	0	0.25444
		0	1	0
		-0.25444	0	0.967089
		0.875353	0	0.624421
	}
}
{Volume "piece9"
	{Box 31.9454 49.7969 2.5609}
	{Bone "piece9"}
	{Matrix34
		0.95911	0	0.283034
		0	1	0
		-0.283034	0	0.95911
		1.03148	0	0.35427
	}
}
