;Exported by: ubrashaev
;Date:        Fri Aug 26 14:48:58 2005
;File:        D:\-Projects1_5-\-work-\3d\-Model-\-TRAIN\crane\crane_wheel_cargo_x.max
{Skeleton
	{animation
		{sequence "crush" {speed 0.5}}
	}
	{bone "body"
		{Orientation
			1	0	0
			0	-1	0
			0	0	1
		}
		{bone "rope"
			{parameters "CommonMesh;"}
			{VolumeView "rope.ply"}
		}
		{bone "piece1"
			{Matrix34
				1	0	0
				0	0.939693	0.34202
				0	-0.34202	0.939693
				-3.92047	10.2313	-101.741
			}
			{VolumeView "piece1.ply"}
		}
		{bone "piece2"
			{Matrix34
				1	0	0
				0	0.939693	0.34202
				0	-0.34202	0.939693
				-3.92047	31.3337	-101.741
			}
			{VolumeView "piece2.ply"}
		}
		{bone "piece3"
			{Matrix34
				0.965926	0	-0.258819
				0.0885214	0.939693	0.330366
				0.24321	-0.34202	0.907673
				36.4064	50.7375	-99.8255
			}
			{VolumeView "piece3.ply"}
		}
		{bone "piece4"
			{Matrix34
				0.996195	0	0.0871557
				-0.029809	0.939693	0.340719
				-0.0818996	-0.34202	0.936117
				-41.7326	10.2313	-82.2434
			}
			{VolumeView "piece4.ply"}
		}
		{bone "piece5"
			{Matrix34
				1	0	0
				0	0.939693	0.34202
				0	-0.34202	0.939693
				-3.92047	31.3337	-75.9682
			}
			{VolumeView "piece5.ply"}
		}
		{bone "piece6"
			{Matrix34
				1	0	0
				0	0.939693	0.34202
				0	-0.34202	0.939693
				-3.92047	50.7375	-75.9682
			}
			{VolumeView "piece6.ply"}
		}
		{bone "piece7"
			{Matrix34
				0.965926	0	-0.258819
				0	1	0
				0.258819	0	0.965926
				1.79644	30.2977	-86.4154
			}
			{VolumeView "piece7.ply"}
		}
		{bone "piece8"
			{Matrix34
				1	0	0
				0	0.965926	-0.258819
				0	0.258819	0.965926
				-0.719788	-48.3394	-86.7145
			}
			{VolumeView "piece8.ply"}
		}
		{bone "torpedo_cargo"
			{Position 0.625854	30.2977	-114.882}
		}
		{bone "piece9"
			{Matrix34
				-0.819152	0	-0.573576
				0	1	0
				0.573576	0	-0.819152
				59.9767	5.43433	-126.171
			}
			{VolumeView "piece9.ply"}
		}
		{bone "piece10"
			{Matrix34
				0.866025	0	0.5
				0	1	0
				-0.5	0	0.866025
				-84.0002	5.43433	-98.6228
			}
			{VolumeView "piece10.ply"}
		}
	}
}
{Volume "piece10"
	{Box 3.5676 66.0606 39.354}
	{Bone "piece10"}
	{Position 1.23813	25.0427	19.677}
}
{Volume "piece9"
	{Box 3.5676 66.0606 39.354}
	{Bone "piece9"}
	{Position 1.23814	25.0427	19.677}
}
{Volume "piece8"
	{Box 125.269 61.3264 55.08}
	{Bone "piece8"}
	{Position -3.05176e-005	1.32046e-005	0}
}
{Volume "piece7"
	{Box 115.862 73.308 57.8767}
	{Bone "piece7"}
	{Position -1.10731e-005	0	0}
}
{Volume "piece6"
	{Cylinder 5.70428 139.965}
	{Bone "piece6"}
	{Matrix34
		0	0.34202	0.939693
		0	0.939693	-0.34202
		-1	0	0
		-3.46812	-2.9862e-005	0
	}
}
{Volume "piece5"
	{Cylinder 5.70428 139.965}
	{Bone "piece5"}
	{Matrix34
		0	0.34202	0.939693
		0	0.939693	-0.34202
		-1	0	0
		-3.46809	-3.53502e-005	0
	}
}
{Volume "piece4"
	{Cylinder 5.70428 139.965}
	{Bone "piece4"}
	{Matrix34
		0	0.34202	0.939692
		0	0.939692	-0.34202
		-1	0	0
		-3.46814	0	0
	}
}
{Volume "piece3"
	{Cylinder 5.70428 139.965}
	{Bone "piece3"}
	{Matrix34
		0	0.34202	0.939693
		0	0.939693	-0.34202
		-1	0	0
		-4.9205	0	0
	}
}
{Volume "piece2"
	{Cylinder 5.70428 139.965}
	{Bone "piece2"}
	{Matrix34
		0	0.34202	0.939693
		0	0.939693	-0.34202
		-1	0	0
		-3.46809	-2.11384e-005	0
	}
}
{Volume "piece1"
	{Cylinder 5.70428 139.965}
	{Bone "piece1"}
	{Matrix34
		0	0.34202	0.939693
		0	0.939693	-0.34202
		-1	0	0
		-3.46809	0	0
	}
}
