;Exported by: sana
;Date:        Wed Feb 22 11:58:04 2006
;File:        D:\-Project-\-3DWork-\Entourage\build_euro\build-20_cut02_x.max
{Skeleton
	{bone "b_euro_corn26"
		{Orientation
			1	0	0
			0	-1	0
			0	0	1
		}
		{bone "piece00"
			{Position 14.4039	3.24721	98.2677}
			{VolumeView "piece00.ply"}
		}
		{bone "piece01"
			{Position 6.15859	2.63395	96.7498}
			{VolumeView "piece01.ply"}
		}
		{bone "piece02"
			{Position 14.4039	44.9614	98.2677}
			{VolumeView "piece02.ply"}
		}
		{bone "piece03"
			{Position 18.0016	-0.896477	127.649}
			{VolumeView "piece03.ply"}
		}
		{bone "piece04"
			{Position 10.1121	2.48232	119.135}
			{VolumeView "piece04.ply"}
		}
		{bone "piece05"
			{Position -11.2517	-10.7244	104.573}
			{VolumeView "piece05.ply"}
		}
		{bone "piece06"
			{Position -10.4927	36.0616	104.515}
			{VolumeView "piece06.ply"}
		}
		{bone "piece07"
			{Position 17.9724	36.0132	127.594}
			{VolumeView "piece07.ply"}
		}
		{bone "piece08"
			{Position 2.68534	17.3724	49.0683}
			{VolumeView "piece08.ply"}
			{bone "sub_piece08"
				{Position -4.62932	-18.9288	0}
				{VolumeView "sub_piece08.ply"}
			}
		}
		{bone "piece09"
			{Position 20.3257	2.81578	49.0683}
			{VolumeView "piece09.ply"}
		}
		{bone "piece10"
			{Position -17.2424	28.015	86.9641}
			{VolumeView "piece10.ply"}
			{bone "sub_piece10"
				{Position 0	-10.4218	3.48779}
				{VolumeView "sub_piece10.ply"}
			}
		}
		{bone "piece11"
			{Position -17.2424	-2.50308	86.2998}
			{VolumeView "piece11.ply"}
			{bone "sub_piece11"
				{Position 0	4.31821	-10.5049}
				{VolumeView "sub_piece11.ply"}
			}
		}
		{bone "piece12"
			{Position -17.2424	-26.6685	89.7461}
			{VolumeView "piece12.ply"}
			{bone "sub_piece12"
				{Position 0	-4.5258	-10.0897}
				{VolumeView "sub_piece12.ply"}
			}
		}
		{bone "piece13"
			{Position -17.2424	-27.2912	53.3735}
			{VolumeView "piece13.ply"}
			{bone "sub_piece13"
				{Position 0	10.5879	0.954994}
				{VolumeView "sub_piece13.ply"}
			}
		}
		{bone "piece14"
			{Position -17.2424	0.527977	52.8336}
			{VolumeView "piece14.ply"}
			{bone "sub_piece14"
				{Position 0	1.86845	6.47732}
				{VolumeView "sub_piece14.ply"}
			}
		}
		{bone "piece15"
			{Position -17.2424	27.683	58.0654}
			{VolumeView "piece15.ply"}
			{bone "sub_piece15"
				{Position 0	-11.3768	0.788902}
				{VolumeView "sub_piece15.ply"}
			}
		}
	}
}
{Volume "piece00"
	{Box 61.8051 4.18303 3.91197}
	{Bone "piece00"}
	{Position -2.51927	0	0}
}
{Volume "piece01"
	{Box 4.00012 80.6094 3.74091}
	{Bone "piece01"}
	{Position 0	5.89122	0}
}
{Volume "piece02"
	{Box 61.8051 4.18303 3.91197}
	{Bone "piece02"}
	{Position -2.51927	0	0}
}
{Volume "piece03"
	{Box 37.2186 42.559 3.74631}
	{Bone "piece03"}
	{Matrix34
		0.785015	0	0.619477
		0	1	0
		-0.619477	0	0.785015
		-2.57001	0	-1.71544
	}
}
{Volume "piece04"
	{Box 71.2085 4.18572 5.2404}
	{Bone "piece04"}
	{Matrix34
		0.782119	0	0.623129
		0	1	0
		-0.62313	0	0.782118
		0.338509	0	0.774732
	}
}
{Volume "piece05"
	{Box 31.9256 61.8634 3.12555}
	{Bone "piece05"}
	{Matrix34
		0.793282	0	0.608855
		0	1	0
		-0.608855	0	0.793282
		-0.600748	1.52588e-005	-0.156559
	}
}
{Volume "piece06"
	{Box 34.2519 31.7881 4.04548}
	{Bone "piece06"}
	{Matrix34
		0.791922	0	0.610622
		0	1	0
		-0.610622	0	0.791922
		-0.98332	0	-0.180921
	}
}
{Volume "piece07"
	{Box 37.4608 31.3394 3.97844}
	{Bone "piece07"}
	{Matrix34
		0.79309	0	0.609104
		0	1	0
		-0.609104	0	0.79309
		-0.774571	0	-0.23939
	}
}
{Volume "piece08"
	{Box 28.3932 22.3236 3.93701}
	{Bone "piece08"}
	{Matrix34
		0.99835	0.0574234	0
		-0.0574234	0.99835	0
		0	0	1
		-0.553077	0	0
	}
}
{Volume "piece09"
	{Box 18.9288 29.0104 3.93701}
	{Bone "piece09"}
	{Matrix34
		0.997189	0.0749302	0
		-0.0749302	0.997189	0
		0	0	1
		0	0	0
	}
}
{Volume "piece10"
	{Box 7.87402 12.8716 14.9477}
	{Bone "piece10"}
	{Position 0	0.230526	0}
}
{Volume "piece11"
	{Box 7.87402 17.1068 15.4459}
	{Bone "piece11"}
}
{Volume "piece12"
	{Box 7.87402 16.7746 10.8786}
	{Bone "piece12"}
}
{Volume "piece13"
	{Box 7.87402 12.8973 15.8462}
	{Bone "piece13"}
	{Matrix34
		1	0	0
		0	0.981772	0.190063
		0	-0.190063	0.981772
		0	-0.21215	-0.157002
	}
}
{Volume "piece14"
	{Box 7.87402 19.515 11.1277}
	{Bone "piece14"}
	{Position 0	0	0}
}
{Volume "piece15"
	{Box 7.87402 19.515 11.6376}
	{Bone "piece15"}
	{Matrix34
		1	0	0
		0	0.772979	0.634432
		0	-0.634432	0.772979
		0	-0.410669	0.66268
	}
}
{Volume "sub_piece08"
	{Box 18.7024 17.6984 3.93701}
	{Bone "sub_piece08"}
	{Matrix34
		0.993963	0.109714	0
		-0.109714	0.993963	0
		0	0	1
		0	0.491015	0
	}
}
{Volume "sub_piece10"
	{Box 7.87402 11.792 7.806}
	{Bone "sub_piece10"}
}
{Volume "sub_piece11"
	{Box 7.87402 12.1242 11.4732}
	{Bone "sub_piece11"}
	{Matrix34
		1	0	0
		0	0.940547	0.339664
		0	-0.339664	0.940547
		0	0.683635	-0.224459
	}
}
{Volume "sub_piece12"
	{Box 7.87402 8.35159 12.8351}
	{Bone "sub_piece12"}
	{Matrix34
		1	0	0
		0	0.971643	-0.236455
		0	0.236455	0.971643
		0	0.140758	-0.0416974
	}
}
{Volume "sub_piece13"
	{Box 7.87402 9.64622 12.091}
	{Bone "sub_piece13"}
	{Matrix34
		1	0	0
		0	0.978003	0.208592
		0	-0.208592	0.978003
		0	-0.117624	0.56566
	}
}
{Volume "sub_piece14"
	{Box 7.87402 14.1172 9.76579}
	{Bone "sub_piece14"}
	{Matrix34
		1	0	0
		0	0.934096	-0.35702
		0	0.35702	0.934096
		0	0.75038	0.798911
	}
}
{Volume "sub_piece15"
	{Box 7.87402 12.62 10.0481}
	{Bone "sub_piece15"}
	{Matrix34
		1	0	0
		0	0.996084	0.088409
		0	-0.088409	0.996084
		0	-0.25936	0.00744459
	}
}
