;Exported by: sana
;Date:        Tue Apr 24 12:44:01 2007
;File:        D:\-Project-\-3DWork-\Entourage\School_Ru\School_ru_cut3a_x.max
{Skeleton
	{bone "school_ru_wall2_15_x"
		{Orientation
			1	0	0
			0	-1	0
			0	0	1
		}
		{bone "piece02"
			{Position 15.9931	12.3586	17.0772}
			{VolumeView "piece02.ply"}
			{bone "sub_piece02"
				{Position -9.02631	3.05176e-005	-5.66789}
				{VolumeView "sub_piece02.ply"}
			}
		}
		{bone "piece03"
			{Position 12.0512	12.3586	-1.64037}
			{VolumeView "piece03.ply"}
			{bone "sub_piece03"
				{Position -4.82697	0	-3.54344}
				{VolumeView "sub_piece03.ply"}
			}
		}
		{bone "piece01"
			{Position -14.1692	12.3586	13.3082}
			{VolumeView "piece01.ply"}
			{bone "sub_piece01"
				{Position 2.64136	0	-10.0486}
				{VolumeView "sub_piece01.ply"}
			}
		}
		{bone "piece06"
			{Position -5.69733	-3.47583	19.0256}
			{VolumeView "piece06.ply"}
		}
		{bone "piece04"
			{Position -5.69733	-11.7092	-13.0694}
			{VolumeView "piece04.ply"}
			{bone "sub_piece04"
				{Position 0	11.4515	-5.29816}
				{VolumeView "sub_piece04.ply"}
			}
		}
		{bone "piece05"
			{Position -5.69733	1.41946	3.92616}
			{VolumeView "piece05.ply"}
		}
	}
}
{Volume "piece01"
	{Box 10.4148 3.83699 14.6195}
	{Bone "piece01"}
	{Matrix34
		0.974151	0	-0.2259
		0	1	0
		0.2259	0	0.974151
		0.517741	0	0.322483
	}
}
{Volume "piece02"
	{Box 17.1391 3.83698 10.3564}
	{Bone "piece02"}
	{Position 1.52588e-005	0	0.320147}
}
{Volume "piece03"
	{Box 11.0819 3.83698 8.37357}
	{Bone "piece03"}
	{Orientation
		0.997487	0	0.0708524
		0	1	0
		-0.0708524	0	0.997487
	}
}
{Volume "piece04"
	{Box 2.95276 15.827 21.8356}
	{Bone "piece04"}
	{Matrix34
		1	0	0
		0	0.94923	0.314583
		0	-0.314583	0.94923
		0	0.513444	0.353666
	}
}
{Volume "piece05"
	{Box 2.95279 10.9492 18.888}
	{Bone "piece05"}
	{Matrix34
		1	0	0
		0	0.949141	0.314851
		0	-0.314851	0.949141
		0	-1.27931	-0.0966192
	}
}
{Volume "piece06"
	{Box 2.95279 12.7741 6.61349}
	{Bone "piece06"}
}
{Volume "sub_piece01"
	{Box 7.88832 3.83699 12.6176}
	{Bone "sub_piece01"}
	{Matrix34
		0.969763	0	-0.24405
		0	1	0
		0.24405	0	0.969763
		0.284486	0	0.26146
	}
}
{Volume "sub_piece02"
	{Box 9.56781 3.83698 9.4348}
	{Bone "sub_piece02"}
	{Matrix34
		0.808803	0	0.58808
		0	1	0
		-0.58808	0	0.808803
		0.5653	0	0.0934837
	}
}
{Volume "sub_piece03"
	{Box 7.99697 3.83699 6.25038}
	{Bone "sub_piece03"}
	{Matrix34
		0.911859	0	0.410504
		0	1	0
		-0.410504	0	0.911859
		-0.580633	0	0.118465
	}
}
{Volume "sub_piece04"
	{Box 2.95279 11.7429 11.2393}
	{Bone "sub_piece04"}
	{Matrix34
		1	0	0
		0	0.969628	-0.244583
		0	0.244583	0.969628
		0	-0.51039	0.156381
	}
}
