;Exported by: sana
;Date:        Mon Apr 30 17:23:59 2007
;File:        D:\-Project-\-3DWork-\Entourage\School_Ru\School_ru_cut3a_x01.max
{Skeleton
	{bone "school_ru_inn_l_1_10_x"
		{Orientation
			1	0	0
			0	-1	0
			0	0	1
		}
		{bone "piece01"
			{Position -13.6927	1.95587	18.5955}
			{VolumeView "piece01.ply"}
			{bone "sub_piece01"
				{Position 0	5.18768	-3.84106}
				{VolumeView "sub_piece01.ply"}
			}
		}
		{bone "piece02"
			{Position -13.6927	-18.9714	21.9276}
			{VolumeView "piece02.ply"}
			{bone "sub_piece02"
				{Position 0	0.649841	-9.58509}
				{VolumeView "sub_piece02.ply"}
			}
		}
		{bone "piece03"
			{Position 7.31995	-11.7008	12.2562}
			{VolumeView "piece03.ply"}
			{bone "sub_piece03"
				{Position -4.91263	0	-8.03022}
				{VolumeView "sub_piece03.ply"}
			}
		}
		{bone "piece04"
			{Position -13.6927	0.348022	-15.7536}
			{VolumeView "piece04.ply"}
		}
		{bone "piece05"
			{Position -13.6927	24.9362	2.46647}
			{VolumeView "piece05.ply"}
			{bone "sub_piece05"
				{Position 0	-2.33295	-14.9828}
				{VolumeView "sub_piece05.ply"}
			}
		}
	}
}
{Volume "piece01"
	{Box 3.50082 14.8076 10.7991}
	{Bone "piece01"}
	{Matrix34
		1	0	0
		0	0.910679	-0.413114
		0	0.413114	0.910679
		-1.52588e-005	-0.271056	0.194356
	}
}
{Volume "piece02"
	{Box 3.50085 16.7685 8.92541}
	{Bone "piece02"}
	{Position 0	1.3701	-0.0274854}
}
{Volume "piece03"
	{Box 16.2463 2.95276 23.0378}
	{Bone "piece03"}
	{Position -1.52588e-005	0	0}
}
{Volume "piece04"
	{Box 3.50082 16.7996 16.0928}
	{Bone "piece04"}
	{Matrix34
		1	0	0
		0	0.954637	-0.297772
		0	0.297772	0.954637
		-1.52588e-005	-0.161225	0.530594
	}
}
{Volume "piece05"
	{Box 3.50082 14.8168 22.5709}
	{Bone "piece05"}
	{Position -1.52588e-005	0	0}
}
{Volume "sub_piece01"
	{Box 3.50082 13.1109 6.58857}
	{Bone "sub_piece01"}
	{Matrix34
		1	0	0
		0	0.873878	0.486144
		0	-0.486144	0.873878
		-1.52588e-005	0.363244	-1.13058
	}
}
{Volume "sub_piece02"
	{Box 3.50085 13.3813 9.63289}
	{Bone "sub_piece02"}
	{Position 0	0	0.818234}
}
{Volume "sub_piece03"
	{Box 10.7747 2.95276 12.2256}
	{Bone "sub_piece03"}
	{Position 0	0	0}
}
{Volume "sub_piece05"
	{Box 3.50082 10.8919 13.6578}
	{Bone "sub_piece05"}
	{Position -1.52588e-005	0	-0.0352359}
}
