;Exported by: sana
;Date:        Wed Feb 22 11:57:25 2006
;File:        D:\-Project-\-3DWork-\Entourage\build_euro\build-20_cut02_x.max
{Skeleton
	{bone "b_euro_corn18"
		{Orientation
			1	0	0
			0	-1	0
			0	0	1
		}
		{bone "piece00"
			{Position 7.67749	12.1876	102.097}
			{VolumeView "piece00.ply"}
			{bone "sub_piece00"
				{Position 0.0203094	-30.5746	-0.119598}
				{VolumeView "sub_piece00.ply"}
			}
		}
		{bone "piece02"
			{Position 0.0374298	-21.0646	105.635}
			{VolumeView "piece02.ply"}
		}
		{bone "piece03"
			{Position -1.79528	15.5744	96.8762}
			{VolumeView "piece03.ply"}
		}
		{bone "piece01"
			{Position -0.868526	16.2451	107.081}
			{VolumeView "piece01.ply"}
		}
		{bone "piece04"
			{Position 2.99136	7.95335	49.0499}
			{VolumeView "piece04.ply"}
		}
		{bone "piece05"
			{Position -12.2663	-18.8346	49.0499}
			{VolumeView "piece05.ply"}
			{bone "sub_piece05"
				{Position 3.70398	11.4857	0}
				{VolumeView "sub_piece05.ply"}
			}
		}
		{bone "piece06"
			{Position 10.8522	10.4207	86.5979}
			{VolumeView "piece06.ply"}
			{bone "sub_piece06"
				{Position 0	3.02072	-9.26019}
				{VolumeView "sub_piece06.ply"}
			}
		}
		{bone "piece07"
			{Position 10.8522	-19.9844	85.9047}
			{VolumeView "piece07.ply"}
			{bone "sub_piece07"
				{Position 0	-0.0990295	-12.2314}
				{VolumeView "sub_piece07.ply"}
			}
		}
		{bone "piece08"
			{Position 10.8522	-17.3599	58.4707}
			{VolumeView "piece08.ply"}
			{bone "sub_piece08"
				{Position 0	7.87364	-4.80342}
				{VolumeView "sub_piece08.ply"}
			}
		}
		{bone "piece09"
			{Position 10.8522	9.28175	61.0953}
			{VolumeView "piece09.ply"}
			{bone "sub_piece09"
				{Position 0	5.10054	-9.21068}
				{VolumeView "sub_piece09.ply"}
			}
		}
		{bone "piece13"
			{Matrix34
				0	1	0
				-0.707107	0	-0.707107
				-0.707107	0	0.707107
				-4.76808	22.4473	85.1459
			}
			{VolumeView "piece13.ply"}
			{bone "sub_piece13"
				{Position 1.36548e-005	7.87365	-4.80342}
				{VolumeView "sub_piece13.ply"}
			}
		}
	}
}
{Volume "piece00"
	{Box 22.6927 31.4936 2.8336}
	{Bone "piece00"}
	{Matrix34
		0.785241	0	-0.61919
		0	1	0
		0.61919	0	0.785241
		1.58994	0	-0.540441
	}
}
{Volume "piece01"
	{Box 34.1639 4.335 3.79142}
	{Bone "piece01"}
	{Matrix34
		0.773321	0	-0.634014
		0	1	0
		0.634014	0	0.773322
		-0.358564	0	-0.578892
	}
}
{Volume "piece02"
	{Box 31.4056 4.67773 4.14378}
	{Bone "piece02"}
	{Matrix34
		0.770057	0	-0.637974
		0	1	0
		0.637974	0	0.770058
		-0.411129	0	-0.20339
	}
}
{Volume "piece03"
	{Box 29.3835 4.18301 3.91197}
	{Bone "piece03"}
	{Position -1.44899e-005	0	0}
}
{Volume "piece04"
	{Box 9.71869 20.049 3.93701}
	{Bone "piece04"}
	{Position 0	0	0}
}
{Volume "piece05"
	{Box 20.1619 15.5975 3.93701}
	{Bone "piece05"}
	{Matrix34
		0.926869	-0.375386	0
		0.375386	0.926869	0
		0	0	1
		0.686782	0.395421	0
	}
}
{Volume "piece06"
	{Box 7.87402 18.4214 15.5492}
	{Bone "piece06"}
	{Position 0	0	0}
}
{Volume "piece07"
	{Box 7.87402 15.6483 16.5396}
	{Bone "piece07"}
	{Position 0	0	0}
}
{Volume "piece08"
	{Box 7.87402 18.6561 14.9694}
	{Bone "piece08"}
	{Matrix34
		1	0	0
		0	0.893518	-0.449028
		0	0.449028	0.893518
		0	-0.8084	0.809436
	}
}
{Volume "piece09"
	{Box 7.87402 17.1338 17.2329}
	{Bone "piece09"}
}
{Volume "piece13"
	{Box 7.87402 17.221 15.1878}
	{Bone "piece13"}
	{Matrix34
		1	0	0
		0	0.863458	-0.504421
		0	0.504421	0.863458
		0	-0.904621	1.09645
	}
}
{Volume "sub_piece00"
	{Box 21.1594 26.3934 2.66402}
	{Bone "sub_piece00"}
	{Matrix34
		0.773684	0	-0.633572
		0	1	0
		0.633572	0	0.773684
		1.91791	2.33289	-0.728702
	}
}
{Volume "sub_piece05"
	{Box 13.193 10.4391 3.93701}
	{Bone "sub_piece05"}
	{Matrix34
		0.939838	-0.341621	0
		0.341621	0.939838	0
		0	0	1
		1.01068	0.207275	0
	}
}
{Volume "sub_piece06"
	{Box 7.87402 10.2209 13.7269}
	{Bone "sub_piece06"}
	{Matrix34
		1	0	0
		0	0.388898	-0.921281
		0	0.921281	0.388898
		0	0.582506	-0.470374
	}
}
{Volume "sub_piece07"
	{Box 7.87402 9.5078 10.6963}
	{Bone "sub_piece07"}
}
{Volume "sub_piece08"
	{Box 7.87402 10.2605 15.4502}
	{Bone "sub_piece08"}
	{Matrix34
		1	0	0
		0	0.788189	-0.615433
		0	0.615433	0.788189
		0	1.19774	-0.967681
	}
}
{Volume "sub_piece09"
	{Box 7.87402 11.5428 11.6195}
	{Bone "sub_piece09"}
	{Matrix34
		1	0	0
		0	0.973202	0.229952
		0	-0.229952	0.973202
		0	-0.143554	-0.567208
	}
}
{Volume "sub_piece13"
	{Box 7.87402 10.6765 15.1412}
	{Bone "sub_piece13"}
	{Matrix34
		1	0	0
		0	-0.771898	0.635746
		0	-0.635746	-0.771898
		1.46368e-005	1.31811	-1.23973
	}
}
