;Exported by: sana
;Date:        Mon Mar 26 18:40:50 2007
;File:        D:\-Project-\-3DWork-\Entourage\factory2_gluk\factory2_back_x.max
{Skeleton
	{bone "factory_back_wall4_x"
		{Orientation
			1	0	0
			0	-1	0
			0	0	1
		}
		{bone "piece06"
			{Position -29.0622	8.88782	177.165}
			{VolumeView "piece06.ply"}
			{bone "sub_piece06"
				{Position 14.7302	0	2.14429}
				{VolumeView "sub_piece06.ply"}
			}
		}
		{bone "piece04"
			{Position 22.5309	8.88782	174.759}
			{VolumeView "piece04.ply"}
			{bone "sub_piece04"
				{Position 6.55646	0	7.60529}
				{VolumeView "sub_piece04.ply"}
			}
		}
		{bone "piece05"
			{Position -16.8456	8.88782	116.287}
			{VolumeView "piece05.ply"}
			{bone "sub_piece05"
				{Position 10.2338	0	-6.82869}
				{VolumeView "sub_piece05.ply"}
			}
		}
		{bone "piece01"
			{Position 29.7728	8.88782	120.183}
			{VolumeView "piece01.ply"}
		}
		{bone "piece03"
			{Position -35.2009	8.88782	81.4825}
			{VolumeView "piece03.ply"}
		}
		{bone "piece07"
			{Position -6.57867	8.88785	56.1064}
			{VolumeView "piece07.ply"}
			{bone "sub_piece07"
				{Position -0.464233	0	11.8064}
				{VolumeView "sub_piece07.ply"}
			}
		}
		{bone "piece02"
			{Position 31.7545	8.88785	71.0154}
			{VolumeView "piece02.ply"}
			{bone "sub_piece02"
				{Position -9.60495	0	-6.69829}
				{VolumeView "sub_piece02.ply"}
			}
		}
	}
}
{Volume "piece01"
	{Box 21.5123 7.87402 33.0613}
	{Bone "piece01"}
	{Position 1.11349	0	0}
}
{Volume "piece02"
	{Box 19.1682 7.87401 44.3885}
	{Bone "piece02"}
	{Position 0	0	0}
}
{Volume "piece03"
	{Box 12.2754 7.87401 29.2639}
	{Bone "piece03"}
}
{Volume "piece04"
	{Box 23.1237 7.87401 14.8724}
	{Bone "piece04"}
	{Matrix34
		0.976638	0	-0.214891
		0	1	0
		0.214891	0	0.976638
		-1.49023e-005	0	0
	}
}
{Volume "piece05"
	{Box 36.3907 7.87401 23.331}
	{Bone "piece05"}
	{Position 0	0	0}
}
{Volume "piece06"
	{Box 24.5527 7.87401 19.685}
	{Bone "piece06"}
	{Position 0	0	0}
}
{Volume "piece07"
	{Box 30.8063 7.87402 22.0148}
	{Bone "piece07"}
	{Position 0	0	-1.7919}
}
{Volume "sub_piece02"
	{Box 12.3589 7.87401 32.3796}
	{Bone "sub_piece02"}
	{Matrix34
		0.962601	0	0.270925
		0	1	0
		-0.270925	0	0.962601
		-1.39638	0	-0.185286
	}
}
{Volume "sub_piece04"
	{Box 24.5025 7.87401 9.28717}
	{Bone "sub_piece04"}
}
{Volume "sub_piece05"
	{Box 16.803 7.87401 20.7208}
	{Bone "sub_piece05"}
}
{Volume "sub_piece06"
	{Box 20.1455 7.87401 15.3965}
	{Bone "sub_piece06"}
	{Position 0	0	0}
}
{Volume "sub_piece07"
	{Box 26.7948 7.87401 11.674}
	{Bone "sub_piece07"}
	{Matrix34
		0.932341	0	-0.361582
		0	1	0
		0.361582	0	0.932341
		0.818873	0	0.960415
	}
}
