;Exported by: sana
;Date:        Wed Feb 22 11:57:41 2006
;File:        D:\-Project-\-3DWork-\Entourage\build_euro\build-20_cut02_x.max
{Skeleton
	{bone "b_euro_corn22"
		{Orientation
			1	0	0
			0	-1	0
			0	0	1
		}
		{bone "piece00"
			{Position 6.27728	-45.372	128.845}
			{VolumeView "piece00.ply"}
		}
		{bone "piece02"
			{Position -2.90317	-40.9459	134.457}
			{VolumeView "piece02.ply"}
		}
		{bone "piece03"
			{Position 24.6559	-44.2357	126.218}
			{VolumeView "piece03.ply"}
		}
		{bone "piece01"
			{Position -24.8579	-27.025	117.127}
			{VolumeView "piece01.ply"}
		}
		{bone "piece04"
			{Position 24.5064	-48.4124	128.412}
			{VolumeView "piece04.ply"}
		}
		{bone "piece05"
			{Position 20.8214	-13.659	132.167}
			{VolumeView "piece05.ply"}
		}
		{bone "piece06"
			{Position -1.50277	0.414279	142.506}
			{VolumeView "piece06.ply"}
			{bone "sub_piece06"
				{Position 18.7184	0	6.10156}
				{VolumeView "sub_piece06.ply"}
			}
		}
		{bone "piece07"
			{Position 18.8703	0.276992	128.907}
			{VolumeView "piece07.ply"}
		}
		{bone "piece08"
			{Position -18.5665	1.10612	113.136}
			{VolumeView "piece08.ply"}
			{bone "sub_piece08"
				{Position 14.4266	0	3.41275}
				{VolumeView "sub_piece08.ply"}
			}
		}
	}
}
{Volume "piece00"
	{Box 2.93113 3.38459 25.8069}
	{Bone "piece00"}
	{Position 0	0	-1.77752e-005}
}
{Volume "piece01"
	{Box 29.8155 55.527 3.18968}
	{Bone "piece01"}
	{Matrix34
		0.796047	0	0.605234
		0	1	0
		-0.605234	0	0.796047
		-0.189227	3.20657	1.12968
	}
}
{Volume "piece02"
	{Box 25.5164 77.9846 3.32114}
	{Bone "piece02"}
	{Matrix34
		0.786958	0	0.617007
		0	1	0
		-0.617007	0	0.786958
		-0.53183	0.29364	0.911155
	}
}
{Volume "piece03"
	{Box 46.6391 4.23906 4.69647}
	{Bone "piece03"}
	{Matrix34
		0.79733	0	-0.603544
		0	1	0
		0.603544	0	0.79733
		-0.147052	0	-0.115397
	}
}
{Volume "piece04"
	{Box 37.9991 34.3188 3.98367}
	{Bone "piece04"}
	{Matrix34
		0.792897	0	-0.609356
		0	1	0
		0.609356	0	0.792897
		-2.74333	0	3.10852
	}
}
{Volume "piece05"
	{Box 31.5111 35.188 3.28328}
	{Bone "piece05"}
	{Matrix34
		0.789514	0	-0.613733
		0	1	0
		0.613733	0	0.789514
		-1.45817	0	1.94847
	}
}
{Volume "piece06"
	{Box 22.0277 7.87402 25.6473}
	{Bone "piece06"}
}
{Volume "piece07"
	{Box 14.1429 7.87402 21.0266}
	{Bone "piece07"}
	{Matrix34
		0.648588	0	-0.76114
		0	1	0
		0.76114	0	0.648588
		0.100071	0	0.283389
	}
}
{Volume "piece08"
	{Box 20.9935 7.87402 18.3213}
	{Bone "piece08"}
	{Matrix34
		0.783995	0	0.620767
		0	1	0
		-0.620767	0	0.783995
		0.354006	-1.52588e-005	-1.73938
	}
}
{Volume "sub_piece06"
	{Box 18.0979 7.87402 13.651}
	{Bone "sub_piece06"}
}
{Volume "sub_piece08"
	{Box 12.8236 7.87402 14.1163}
	{Bone "sub_piece08"}
	{Matrix34
		0.969477	0	0.245181
		0	1	0
		-0.245181	0	0.969477
		-0.0485326	-1.52588e-005	0.722946
	}
}
