;Exported by: ubrashaev
;Date:        Fri Feb 10 17:21:16 2006
;File:        D:\-Projects1_5-\-work-\3d\reihstag_buildings\house_reich1_x.max
{Skeleton
	{bone "reichstag_building1_3"
		{Orientation
			1	0	0
			0	-1	0
			0	0	1
		}
		{bone "piece00"
			{Matrix34
				0	-1	0
				1	0	0
				0	0	1
				31.6893	-0.0611625	11.457
			}
			{VolumeView "piece00.ply"}
		}
		{bone "piece01"
			{Matrix34
				0	-1	0
				1	0	0
				0	0	1
				-7.91796	-0.327465	32.9503
			}
			{VolumeView "piece01.ply"}
		}
		{bone "piece02"
			{Matrix34
				0	-1	0
				1	0	0
				0	0	1
				10.3994	-0.622685	27.445
			}
			{VolumeView "piece02.ply"}
		}
		{bone "piece03"
			{Matrix34
				0	-1	0
				1	0	0
				0	0	1
				-5.15469	0.581074	11.149
			}
			{VolumeView "piece03.ply"}
		}
	}
}
{Volume "piece00"
	{Box 7.87402 21.6419 31.1911}
	{Bone "piece00"}
	{Matrix34
		1	0	0
		0	0.939693	0.34202
		0	-0.34202	0.939693
		3.24986e-005	1.6684	-1.2903
	}
}
{Volume "piece01"
	{Box 7.87403 16.6404 29.374}
	{Bone "piece01"}
	{Matrix34
		1	0	0
		0	0.965926	-0.258819
		0	0.258819	0.965926
		-9.97778e-005	-1.10922	1.34248
	}
}
{Volume "piece02"
	{Box 7.87403 17.8999 36.8406}
	{Bone "piece02"}
	{Matrix34
		1	0	0
		0	0.996195	-0.0871558
		0	0.0871558	0.996195
		3.48202e-005	3.4837	-3.51015e-005
	}
}
{Volume "piece03"
	{Box 7.87402 17.453 21.9872}
	{Bone "piece03"}
	{Matrix34
		1	0	0
		0	0.573576	-0.819152
		0	0.819152	0.573576
		2.19773e-005	-1.22805	-0.859898
	}
}
