;Exported by: sergienko
;Date:        Wed Mar 01 19:16:33 2006
;File:        D:\-projets1_5\3dwork\anima\construction\bridge\bidge_x.max
{Skeleton
	{bone "bridge_river_land1"
		{Orientation
			1	0	0
			0	-1	0
			0	0	1
		}
		{VolumeView "bridge_river_land1.ply"}
		{bone "fx_dust1"
			{Position 51.3777	15.9381	166.729}
		}
		{bone "fx_wood1"
			{Position 51.3777	-67.139	166.729}
		}
		{bone "fx_wood2"
			{Position 51.3777	63.0316	166.729}
		}
		{bone "fx_dust2"
			{Position 51.3777	-32.9667	166.729}
		}
		{bone "land1"
			{parameters "Land;Ground;"}
			{VolumeView "land1.ply" {Ground}}
		}
		{bone "piece1"
			{Position 46.4368	1.8468	109.553}
			{VolumeView "piece1.ply"}
		}
		{bone "piece2"
			{Matrix34
				-0.991982	0	-0.126381
				0	-1	0
				-0.126381	0	0.991982
				-8.61017	0.112061	145.639
			}
			{VolumeView "piece2.ply"}
		}
		{bone "piece3"
			{Position 50.046	51.2767	142.682}
			{VolumeView "piece3.ply"}
		}
		{bone "piece4"
			{Position 50.046	5.40186	142.682}
			{VolumeView "piece4.ply"}
		}
		{bone "piece5"
			{Position 50.046	-48.308	142.682}
			{VolumeView "piece5.ply"}
		}
		{bone "piece6"
			{Matrix34
				0.343764	-0.561728	-0.752521
				0.195338	0.826605	-0.527795
				0.918515	0.0344411	0.393883
				73.8382	-45.8921	157.558
			}
			{VolumeView "piece6.ply"}
		}
		{bone "piece7"
			{Matrix34
				0.677755	0.354934	-0.643949
				0.67373	-0.650554	0.350525
				0.294511	0.671417	0.680046
				86.093	47.725	162.574
			}
			{VolumeView "piece7.ply"}
		}
		{bone "piece8"
			{Matrix34
				0.905823	0.423657	0
				0.372762	-0.797005	0.475218
				-0.201329	0.430463	0.879868
				41.2051	50.9233	160.851
			}
			{VolumeView "piece8.ply"}
		}
		{bone "piece9"
			{Matrix34
				-0.991982	0	-0.126381
				0	-1	0
				-0.126381	0	0.991982
				-8.61017	51.667	145.639
			}
			{VolumeView "piece9.ply"}
		}
		{bone "piece10"
			{Matrix34
				0.495218	0.00127598	-0.868768
				0.401728	0.886329	0.230296
				0.770307	-0.463055	0.438414
				113.463	-42.7037	162.749
			}
			{VolumeView "piece10.ply"}
		}
		{bone "sub_piece1"
			{Matrix34
				0.614077	-0.0912195	0.783957
				-0.355235	-0.918942	0.171331
				-0.704782	0.383699	0.596705
				24.0143	57.3724	159.648
			}
			{VolumeView "sub_piece1.ply"}
		}
		{bone "sub_piece2"
			{Matrix34
				0.676726	-0.677998	-0.286985
				-0.499719	-0.709252	0.497235
				0.540669	0.19308	0.818778
				98.7044	46.3154	160.851
			}
			{VolumeView "sub_piece2.ply"}
		}
		{bone "sub_piece3"
			{Matrix34
				0.960755	0.0153309	-0.276974
				0.180583	0.723361	0.666438
				0.210569	-0.6903	0.692204
				89.7912	-53.5757	157.565
			}
			{VolumeView "sub_piece3.ply"}
		}
		{bone "sub_piece4"
			{Position 39.9471	51.2999	103.636}
			{VolumeView "sub_piece4.ply"}
		}
	}
}
{Volume "piece10"
	{Box 12.4609 96.4912 7.34401}
	{Bone "piece10"}
	{Position 0	-0.000189523	7.71128e-005}
}
{Volume "piece1"
	{Box 36.9394 48.7017 40.7682}
	{Bone "piece1"}
	{Position 0	-0.00012207	-5.41855}
}
{Volume "piece2"
	{Box 118.574 22.8756 13.7155}
	{Bone "piece2"}
	{Matrix34
		1	0	0
		0	-1	0
		0	0	-1
		7.8202e-005	6.28054e-005	1.55075e-005
	}
}
{Volume "piece3"
	{Box 16.7962 30.6563 26.2064}
	{Bone "piece3"}
	{Position 0	0.00012207	7.42937}
}
{Volume "piece4"
	{Box 16.7962 75.8068 35.6173}
	{Bone "piece4"}
	{Position 0	-3.2771	2.47776}
}
{Volume "piece5"
	{Box 16.7962 29.3428 34.8258}
	{Bone "piece5"}
	{Position 0	-0.825439	2.85237}
}
{Volume "piece6"
	{Box 12.4609 92.4836 7.34401}
	{Bone "piece6"}
	{Position 1.48077e-005	1.56643e-005	2.41936e-005}
}
{Volume "piece7"
	{Box 12.4609 89.8383 7.34401}
	{Bone "piece7"}
	{Matrix34
		1	0	0
		0	-1	0
		0	0	1
		0	-0.000116578	0
	}
}
{Volume "piece8"
	{Box 12.4609 80.0056 7.34401}
	{Bone "piece8"}
	{Matrix34
		1	0	0
		0	-1	0
		0	0	1
		-2.51608e-005	-2.94798e-005	-2.79516e-005
	}
}
{Volume "piece9"
	{Box 118.574 22.8756 13.7154}
	{Bone "piece9"}
	{Matrix34
		1	0	0
		0	-1	0
		0	0	-1
		9.6853e-005	6.28055e-005	0
	}
}
{Volume "sub_piece1"
	{Box 12.4609 65.9698 7.34401}
	{Bone "sub_piece1"}
	{Matrix34
		1	0	0
		0	-1	0
		0	0	1
		3.7514e-005	5.43759e-005	-8.59021e-005
	}
}
{Volume "sub_piece2"
	{Box 12.4609 89.2213 7.34401}
	{Bone "sub_piece2"}
	{Matrix34
		1	0	0
		0	-1	0
		0	0	1
		-5.57332e-005	1.09569e-005	1.99698e-005
	}
}
{Volume "sub_piece3"
	{Box 12.4609 70.1456 7.34401}
	{Bone "sub_piece3"}
	{Position 0.000128187	-0.000200704	-4.63996e-005}
}
{Volume "sub_piece4"
	{Box 44.9324 30.1408 31.0917}
	{Bone "sub_piece4"}
	{Position 0.00012207	-0.00012207	5.1418}
}
