;Exported by: Kislov_A
;Date:        Mon Apr 27 13:37:23 2009
;File:        E:\Black\Design doc\Art\Models\Technics\Tanks\Panhard_Rail\Panzerspahwagen_Panhard_xxx.max
{Skeleton
	{bone "basis"
		{Orientation
			1	0	0
			0	-1	0
			0	0	1
		}
		{bone "body"
			{parameters "id=body;"}
			{Matrix34
				0	1	0
				-1	0	0
				0	0	1
				1.03327	-0.143307	17.4908
			}
			{VolumeView "body.ply"}
			{bone revolute "turret"
				{parameters "Id=turret;"}
				{Matrix34
					-0.208961	-0.977912	0.00490282
					0.977699	-0.208803	0.0225143
					-0.0209933	0.0094981	0.999735
					-0.00166076	-4.99995	19.966
				}
				{VolumeView "turret.ply"}
				{bone revolute "gun_rot"
					{parameters "Id=Gun;"}
					{limits -12 12}
					{Matrix34
						1	0	0
						0	0	1
						0	-1	0
						8.72555	0.107816	-2.0012
					}
					{VolumeView "gun_rot.ply"}
					{bone "gun"
						{parameters "Id=Gun;"}
						{Matrix34
							0	0	-1
							-1	0	0
							0	1	0
							20.9416	0.423297	0
						}
						{VolumeView "gun.ply"}
					}
				}
				{bone "cover_01"
					{parameters "Id=turret;"}
					{Matrix34
						0	1	0
						-1	0	0
						0	0	1
						-15.2591	-4.55076	-0.586275
					}
					{VolumeView "cover_01.ply"}
				}
				{bone "cover_02"
					{parameters "Id=turret;"}
					{Matrix34
						0	1	0
						-1	0	0
						0	0	1
						-15.2591	4.48417	-0.586275
					}
					{VolumeView "cover_02.ply"}
				}
				{bone revolute "mgun"
					{parameters "Id=turret;"}
					{limits -12 12}
					{Matrix34
						1	0	0
						0	0	-1
						0	1	0
						12.8183	5.23461	-3.34336
					}
					{VolumeView "mgun.ply"}
				}
			}
			{bone "doorleft"
				{parameters "ID=Body;"}
				{Position 15.1774	12.2906	3.41374}
				{VolumeView "doorleft.ply"}
			}
			{bone "doorright"
				{parameters "ID=body;"}
				{Position -16.7924	3.49162	4.51804}
				{VolumeView "doorright.ply"}
			}
			{bone "cover_03"
				{parameters "ID=Body;"}
				{Matrix34
					1	0	0
					0	0.996195	-0.0871557
					0	0.0871557	0.996195
					-7.90763	14.9921	9.53585
				}
				{VolumeView "cover_03.ply"}
			}
			{bone "cover_04"
				{parameters "ID=Body;"}
				{Matrix34
					1	0	0
					0	0.996195	-0.0871557
					0	0.0871557	0.996195
					7.64245	14.992	9.53585
				}
				{VolumeView "cover_04.ply"}
			}
			{bone "part1"
				{parameters "ID=body;"}
				{Position 0.167765	50.0709	-0.719355}
				{VolumeView "part1.ply"}
			}
			{bone "antenn2"
				{parameters "Id=Body;"}
				{Position 0	0	0}
				{VolumeView "antenn2.ply"}
			}
			{bone "part2"
				{parameters "id=body;"}
				{Position 0	0	0}
				{VolumeView "part2.ply"}
			}
			{bone "part3"
				{parameters "id=body;"}
				{VolumeView "part3.ply"}
			}
			{bone "engine"
				{parameters "id=engine;"}
				{Matrix34
					0	-1	0
					1	0	0
					0	0	1
					-0.117192	30.53	-3.76704
				}
			}
		}
		{bone "pivot_front"
			{Position 46.8794	-0.0207892	0}
			{bone revolute "steerl"
				{Matrix34
					1	0	0
					0	-1	0
					0	0	-1
					-13.8921	17.7452	8.25673
				}
				{bone revolute "wheell1"
					{Matrix34
						1	0	0
						0	0.0883076	0.996093
						0	-0.996093	0.0883076
						-0.594112	-4.89169	-2.46507
					}
					{VolumeView "wheell1.ply"}
				}
			}
			{bone revolute "steerr"
				{Matrix34
					1	0	0
					0	-1	0
					0	0	-1
					-13.9139	-17.7968	8.25673
				}
				{bone revolute "wheelr1"
					{parameters "id=wheelr1;"}
					{Matrix34
						-1	0	0
						0	0	-1
						0	-1	0
						-0.572353	4.82025	-2.88627
					}
					{VolumeView "wheelr1.ply"}
				}
			}
		}
		{bone "pivot_back"
			{Position -45.3846	-0.020795	0}
			{bone revolute "wheell2"
				{Matrix34
					1	0	0
					0	0	-1
					0	1	0
					15.0535	22.6586	11.143
				}
				{VolumeView "wheell2.ply"}
			}
			{bone revolute "wheelr2"
				{Matrix34
					-1	0	0
					0	0	1
					0	1	0
					15.0535	-22.617	11.143
				}
				{VolumeView "wheelr2.ply"}
			}
		}
	}
}
{Volume "body1"
	{Polyhedron "body1.vol"}
	{Bone "body"}
	{Position 0.177734	-33.1768	-7.99284}
}
{Volume "body2"
	{Polyhedron "body2.vol"}
	{Bone "body"}
	{Position -0.325837	-3.79303	6.75135}
}
{Volume "body3"
	{Polyhedron "body3.vol"}
	{Bone "body"}
	{Position -0.0344999	15.7503	-17.4258}
}
{Volume "gun"
	{Polyhedron "gun.vol"}
	{Bone "gun"}
	{Position -0.0221323	16.094	1.76484e-005}
}
{Volume "part1"
	{Box 1.64853 19.1648 6.10181}
	{Bone "part1"}
	{Matrix34
		0	-0.990268	-0.139173
		1	0	0
		0	-0.139173	0.990268
		0.0566189	0.150812	0.305767
	}
}
{Volume "part2"
	{Cylinder 0.957158 30.7312}
	{Bone "part2"}
	{Matrix34
		0	-1	0
		1	0	0
		0	0	1
		18.1373	-44.3138	17.3369
	}
}
{Volume "part3"
	{Cylinder 2.67386 12.3755}
	{Bone "part3"}
	{Matrix34
		0	-0.998629	0.0523361
		1	0	0
		0	0.0523361	0.998629
		-16.1373	15.4309	-1.89062
	}
}
{Volume "turret"
	{Polyhedron "turret.vol"}
	{Bone "turret"}
	{Matrix34
		0	1	0
		-1	0	0
		0	0	1
		-1.30229	0.44951	-0.708463
	}
}
{Volume "wheell1"
	{Polyhedron "wheell1.vol"}
	{Bone "wheell1"}
	{Matrix34
		1	0	0
		0	-0.999999	-0.0011557
		0	0.00115571	-0.999999
		0.122831	0.00408104	-3.11965
	}
}
{Volume "wheell2"
	{Polyhedron "wheell2.vol"}
	{Bone "wheell2"}
	{Matrix34
		1	0	0
		0	-1	0
		0	0	-1
		0.206954	0.130481	-2.42364
	}
}
{Volume "wheelr1"
	{Polyhedron "wheelr1.vol"}
	{Bone "wheelr1"}
	{Position -0.068972	-0.13048	6.9769}
}
{Volume "wheelr2"
	{Polyhedron "wheelr2.vol"}
	{Bone "wheelr2"}
	{Position 0.150736	-0.130476	6.9263}
}
