;Exported by: kenny
;Date:        Tue Jul 01 12:08:44 2008
;File:        D:\Obmen\DAN\town_wall_x.max
{Skeleton
	{bone "town_wall03_part3_x"
		{Orientation
			1	0	0
			0	-1	0
			0	0	1
		}
		{bone "piece01"
			{Position -15.625	0.926758	10.4145}
			{VolumeView "piece01.ply"}
			{bone "sub_piece01"
				{Position 7.01017	9.39087	-6.20745}
				{VolumeView "sub_piece01.ply"}
			}
		}
		{bone "piece02"
			{Position 10.8363	-18.0901	10.4923}
			{VolumeView "piece02.ply"}
		}
	}
}
{Volume "piece01"
	{Box 15.088 8.72075 15.4674}
	{Bone "piece01"}
	{Matrix34
		0.707107	-0.707107	0
		0.707107	0.707107	0
		0	0	1
		0.293957	0.278198	0.460714
	}
}
{Volume "piece02"
	{Box 15.0659 10.497 14.5134}
	{Bone "piece02"}
	{Matrix34
		0.866025	-0.5	0
		0.5	0.866025	0
		0	0	1
		0.3582	0.19812	0.954894
	}
}
{Volume "sub_piece01"
	{Box 14.1383 17.3216 8.66361}
	{Bone "sub_piece01"}
	{Matrix34
		0.723632	-0.690175	-0.00395295
		0.657422	0.687525	0.308392
		-0.210126	-0.225761	0.951251
		0.160645	0.172597	1.61817
	}
}
