;MDL File generated by SOEdit
;Model created by: <your name here>
;PLY Geometry by: <insert modeler name>
;VOL Geometry by: <insert modeler name>
{Skeleton
    {bone revolute "Basis"
        {parameters "WheelRadius=0.4;"}
        {limits 0 0}
        {speed 0.0010}
        {Orientation
            1.0000 0.0000 0.0000
            0.0000 -1.0000 0.0000
            0.0000 0.0000 1.0000
        }
        {bone "wheelsl"
            {parameters "ID=trackleft;"}
	    {animation
		{sequence "break" {file "trackL.anm"} {speed 0.8}}
            }
            {Matrix34
                -0.6428 0.0000 -0.7660
                -0.7660 0.0000 0.6428
                0.0000 1.0000 0.0000
                9.5000 23 5.1646
            }
            {bone "trackl"
                {parameters "ID=trackleft;"}
                {Matrix34
                    0.6428 0.7660 0.0000
                    -0.7660 0.6428 0.0000
                    0.0000 0.0000 1.0000
                    -4.3637 11.1141 0.7268
                }
                {volumeview "trackl.ply"}
            }
            {bone revolute "wheell2"
                {parameters "ID=trackleft;"}
                {Matrix34
                    0.9848 0.1736 0.0000
                    -0.1736 0.9848 0.0000
                    0.0000 0.0000 1.0000
                    -14.1382 -16.8492 -2.4000
                }
                {volumeview "wheelL2.ply"}
            }
            {bone revolute "wheell3"
                {parameters "ID=trackleft;"}
                {Matrix34
                    0.9659 -0.2588 0.0000
                    0.2588 0.9659 0.0000
                    0.0000 0.0000 1.0000
                    -7.0559 -8.4089 -2.4000
                }
                {volumeview "wheelL2.ply"}
            }
            {bone revolute "wheell4"
                {parameters "ID=trackleft;"}
                {Matrix34
                    0.9659 -0.2588 0.0000
                    0.2588 0.9659 0.0000
                    0.0000 0.0000 1.0000
                    0.0615 0.0733 -2.4000
                }
                {volumeview "wheelL2.ply"}
            }
            {bone revolute "wheell5"
                {parameters "ID=trackleft;"}
                {Matrix34
                    0.9659 -0.2588 0.0000
                    0.2588 0.9659 0.0000
                    0.0000 0.0000 1.0000
                    7.1008 8.4625 -2.4000
                }
                {volumeview "wheelL2.ply"}
            }
            {bone revolute "wheell6"
                {parameters "ID=trackleft;"}
                {Matrix34
                    0.9659 -0.2588 0.0000
                    0.2588 0.9659 0.0000
                    0.0000 0.0000 1.0000
                    14.2660 17.0016 -2.4000
                }
                {volumeview "wheelL2.ply"}
            }
            {bone revolute "wheell7"
                {parameters "ID=trackleft;"}
                {Matrix34
                    0.9659 -0.2588 0.0000
                    0.2588 0.9659 0.0000
                    0.0000 0.0000 1.0000
                    21.2582 25.3345 -2.4000
                }
                {volumeview "wheelL2.ply"}
            }
        }
        {bone "wheelsr"
            {parameters "ID=trackright;"}
	    {animation
		{sequence "break" {file "trackR.anm"} {speed 0.8}}
            }
            {Matrix34
                -0.6428 0.0000 -0.7660
                -0.7660 0.0000 0.6428
                0.0000 -1.0000 0.0000
                9.5000 -25.2 5.1646
            }
            {bone "trackr"
                {parameters "ID=trackright;"}
                {Matrix34
                    0.6428 0.7660 0.0000
                    -0.7660 0.6428 0.0000
                    0.0000 0.0000 -1.0000
                    -4.3637 11.1141 0.1836
                }
                {volumeview "trackr.ply"}
            }
            {bone revolute "wheelr2"
                {parameters "ID=trackright;"}
                {Matrix34
                    -0.9848 -0.1736 0.0000
                    0.1736 -0.9848 0.0000
                    0.0000 0.0000 -1.0000
                    -14.1382 -16.8492 -2.8000
                }
                {VolumeView "wheelr2.ply"}
            }
            {bone revolute "wheelr3"
                {parameters "ID=trackright;"}
                {Matrix34
                    -0.9848 -0.1736 0.0000
                    0.1736 -0.9848 0.0000
                    0.0000 0.0000 -1.0000
                    -7.1912 -8.5702 -2.8000
                }
                {VolumeView "wheelr2.ply"}
            }
            {bone revolute "wheelr4"
                {parameters "ID=trackright;"}
                {Matrix34
                    -0.9848 -0.1736 0.0000
                    0.1736 -0.9848 0.0000
                    0.0000 0.0000 -1.0000
                    -0.1918 -0.2286 -2.8000
                }
                {VolumeView "wheelr2.ply"}
            }
            {bone revolute "wheelr5"
                {parameters "ID=trackright;"}
                {Matrix34
                    -0.9848 -0.1736 0.0000
                    0.1736 -0.9848 0.0000
                    0.0000 0.0000 -1.0000
                    6.9380 8.2684 -2.8000
                }
                {VolumeView "wheelr2.ply"}
            }
            {bone revolute "wheelr6"
                {parameters "ID=trackright;"}
                {Matrix34
                    -0.9848 -0.1736 0.0000
                    0.1736 -0.9848 0.0000
                    0.0000 0.0000 -1.0000
                    14.0024 16.6874 -2.8000
                }
                {VolumeView "wheelr2.ply"}
            }
            {bone revolute "wheelr7"
                {parameters "ID=trackright;"}
                {Matrix34
                    -0.9848 -0.1736 0.0000
                    0.1736 -0.9848 0.0000
                    0.0000 0.0000 -1.0000
                    21.0717 25.1123 -2.8000
                }
                {VolumeView "wheelr2.ply"}
            }
        }
        {bone "Body"
            {parameters "ID=body;"}
            {Position 1.3827 -1.0005 19.8671}
            {VolumeView "Body.ply"}
	    {bone "hatch"
                {Matrix34
                    -1.0000 0.0000 0.0000
                    -0.0000 -1.0000 0.0000
                    0.0000 0.0000 1.0000
                    8.4000 2.2000 0.0000
                }
                {Position 2.75 0.18 6.3}
                {bone "cover"
                    {parameters "ID=hatch;"}
                    {VolumeView "cover.ply"}
                }
            }
	    {bone "engine"
                {parameters "ID=engine;"}
                {VolumeView "engine.ply"}
            }
            {bone socket "mg"
                {parameters "ID=body;"}
		{terminator}
                {limits 20}
                {Matrix34
                    0.0000 0.0000 1.0000
                    0.0000 -1.0000 0.0000
                    1.0000 0.0000 0.0000
                    32 -15 13
                }
                {VolumeView "mgmount.ply"}
            }
            {bone "gun_shield"
                {parameters "ID=gun;"}
                ;{Position -17.3999 7.3300 -20.8100}
                {VolumeView "gun_shield.ply"}
            }
            {bone revolute "Gun_rot1"
                {limits -3.0000 3.0000}
                {speed 0.0020}
                {Position 31 -2.7127 15}
                {bone revolute "Gun_rot"
                    {parameters "ID=gun;"}
                    {limits -3.0000 20.0000}
                    {speed 0.0020}
                    {Matrix34
                        1.0000 0.0000 -0.0000
                        0.0000 0.0000 1.0000
                        0.0000 -1.0000 0.0000
                        -6.4521 1.2635 -0.4757
                    }
                    {VolumeView "Gun_rot.ply"}
                    {bone "Gun"
                        {parameters "ID=gun;"}
                        {Matrix34
                            1.0000 0.0000 -0.0000
                            -0.0000 0.0000 -1.0000
                            -0.0000 1.0000 0.0000
                            30.7482 0.4645 0.3483
                        }
                        {VolumeView "Gun.ply"}
                    }
                }
            }
            {bone revolute "wheell1"
                {parameters "ID=trackleft;Radius=0.7;"}
                {Matrix34
                    -0.8660 0.0000 -0.5000
                    -0.5000 0.0000 0.8660
                    0.0000 1.0000 0.0000
                    42.0000 24.5307 -7.0584
                }
                {VolumeView "wheell1.ply"}
            }
            {bone revolute "wheell8"
                {parameters "ID=trackleft;Radius=0.7;"}
                {Matrix34
                    -0.9397 0.0000 -0.3420
                    -0.3420 0.0000 0.9397
                    0.0000 1.0000 0.0000
                    -39.5699 25.0000 -5.3029
                }
                {VolumeView "wheell4.ply"}
            }
            {bone revolute "wheell11"
                {parameters "ID=trackleft;Radius=0.2;"}
                {Matrix34
                    -0.9659 0.0000 -0.2588
                    -0.2588 0.0000 0.9659
                    0.0000 1.0000 0.0000
                    26.8033 21.5000 -1.2038
                }
                {VolumeView "wheelL3.ply"}
            }
            {bone revolute "wheelr1"
                {parameters "ID=trackright;Radius=0.7;"}
                {Matrix34
                    -0.8660 0.0000 -0.5000
                    -0.5000 0.0000 0.8660
                    0.0000 1.0000 0.0000
                    42.0000 -24.0000 -7.0584
                }
                {VolumeView "wheelr1.ply"}
            }
            {bone revolute "wheelr8"
                {parameters "ID=trackright;Radius=0.7;"}
                {Matrix34
                    -0.9397 0.0000 -0.3420
                    -0.3420 0.0000 0.9397
                    0.0000 1.0000 0.0000
                    -39.5699 -24.5000 -5.3029
                }
                {VolumeView "wheelr4.ply"}
            }
            {bone revolute "wheelr9"
                {parameters "ID=trackright;Radius=0.2;"}
                {Matrix34
                    0.9659 0.0000 0.2588
                    0.2588 0.0000 -0.9659
                    0.0000 1.0000 0.0000
                    26.8033 -21.5000 -1.2038
                }
                {VolumeView "wheelR3.ply"}
            }
            {bone revolute "wheell10"
                {parameters "ID=trackleft;Radius=0.2;"}
                {Matrix34
                    -0.9659 0.0000 -0.2588
                    -0.2588 0.0000 0.9659
                    0.0000 1.0000 0.0000
                    2.5583 21.5000 -1.2038
                }
                {VolumeView "wheelL3.ply"}
            }
            {bone revolute "wheell9"
                {parameters "ID=trackleft;Radius=0.2;"}
                {Matrix34
                    -0.9659 0.0000 -0.2588
                    -0.2588 0.0000 0.9659
                    0.0000 1.0000 0.0000
                    -16.3943 21.5000 -1.2038
                }
                {VolumeView "wheelL3.ply"}
            }
            {bone revolute "wheelr10"
                {parameters "ID=trackright;Radius=0.2;"}
                {Matrix34
                    0.9659 0.0000 0.2588
                    0.2588 0.0000 -0.9659
                    0.0000 1.0000 0.0000
                    2.5584 -21.5000 -1.2038
                }
                {VolumeView "wheelR3.ply"}
            }
            {bone revolute "wheelr11"
                {parameters "ID=trackright;Radius=0.2;"}
                {Matrix34
                    0.9659 0.0000 0.2588
                    0.2588 0.0000 -0.9659
                    0.0000 1.0000 0.0000
                    -16.4859 -21.5000 -1.2038
                }
                {VolumeView "wheelR3.ply"}
            }
        }
    }
}