;Exported by: golanov
;Date:        Tue Dec 20 11:43:26 2005
;File:        D:\-Projects-\-3DWork-\Constructions\LightHouse\LightHouse_Westkapelle_x01.max
{Skeleton
	{bone "lh_wk_f3_1_x"
		{Orientation
			1	0	0
			0	-1	0
			0	0	1
		}
		{bone "piece0"
			{Position 11.8508	23.5377	55.1986}
			{VolumeView "piece0.ply"}
		}
		{bone "sub_piece0"
			{Position -3.05122	-5.35328	43.3059}
			{VolumeView "sub_piece0.ply"}
		}
		{bone "piece1"
			{Position -20.9732	-11.3359	14.7178}
			{VolumeView "piece1.ply"}
		}
		{bone "sub_piece1"
			{Position -1.56831	-8.37754	-8.86884}
			{VolumeView "sub_piece1.ply"}
		}
		{bone "piece2"
			{Position -21.3688	-15.6172	-51.4633}
			{VolumeView "piece2.ply"}
		}
	}
}
{Volume "piece0"
	{Box 6.92229 16.9744 21.0876}
	{Bone "piece0"}
	{Matrix34
		0.996916	0	0.0784591
		0	1	0
		-0.0784591	0	0.996916
		-0.358438	-0.088625	-0.753599
	}
}
{Volume "piece1"
	{Box 6.92229 18.3324 25.2616}
	{Bone "piece1"}
	{Matrix34
		0	-0.996916	0.0784591
		1	0	0
		0	0.0784591	0.996916
		-0.0185603	0.154897	-0.15921
	}
}
{Volume "piece2"
	{Box 8.60042 19.7167 43.1833}
	{Bone "piece2"}
	{Matrix34
		0	-0.996916	0.0784591
		0.642788	0.060103	0.763683
		-0.766044	0.0504326	0.640806
		-0.687853	-0.0280886	0.544574
	}
}
{Volume "sub_piece0"
	{Box 6.92229 18.3324 21.4082}
	{Bone "sub_piece0"}
	{Matrix34
		0.571808	-0.816626	0.0784591
		0.819152	0.573576	0
		-0.0450023	0.0642699	0.996917
		-1.37662	-0.0977868	-0.0935709
	}
}
{Volume "sub_piece1"
	{Box 7.13204 21.9988 17.128}
	{Bone "sub_piece1"}
	{Matrix34
		0.498239	-0.863509	0.0781605
		0.865871	0.50022	0.00683817
		-0.0450023	0.0642699	0.996916
		-1.27885	0.23429	1.16863
	}
}
