;Exported by: golanov
;Date:        Wed Feb 22 10:45:01 2006
;File:        D:\-Projects-\-3DWork-\Constructions\town_e\house_euro_106c\house_euro_106c_x.max
{Skeleton
	{bone "106_f3fire1_x"
		{Orientation
			1	0	0
			0	-1	0
			0	0	1
		}
		{bone "piece0"
			{Position 0.216675	-3.15591	-1.47964}
			{VolumeView "piece0.ply"}
		}
		{bone "sub_piece0"
			{Position 0.208618	-3.1572	-17.2709}
			{VolumeView "sub_piece0.ply"}
		}
		{bone "piece1"
			{Position 0.208618	3.14096	-0.193878}
			{VolumeView "piece1.ply"}
		}
		{bone "sub_piece1"
			{Position 0.199951	3.13971	-17.6751}
			{VolumeView "sub_piece1.ply"}
		}
	}
}
{Volume "piece0"
	{Box 16.9521 1.57687 10.4287}
	{Bone "piece0"}
	{Matrix34
		0.939693	0	0.34202
		0	1	0
		-0.34202	0	0.939693
		-0.741552	0	-0.137993
	}
}
{Volume "piece1"
	{Box 16.9689 1.57434 11.0235}
	{Bone "piece1"}
	{Matrix34
		0.953811	0	0.300407
		0	1	0
		-0.300407	0	0.953811
		0.87002	2.59419e-005	1.27824
	}
}
{Volume "sub_piece0"
	{Box 16.9689 1.57433 12.1258}
	{Bone "sub_piece0"}
	{Matrix34
		0.965926	0	-0.258819
		0	1	0
		0.258819	0	0.965926
		-0.0471845	0	-0.507418
	}
}
{Volume "sub_piece1"
	{Box 16.9521 1.57687 10.7447}
	{Bone "sub_piece1"}
	{Matrix34
		0.965926	0	-0.258819
		0	1	0
		0.258819	0	0.965926
		0.0481947	-3.05176e-005	0.305218
	}
}
