;Exported by: sana
;Date:        Wed Sep 26 11:15:30 2007
;File:        D:\-Project-\-3DWork-\Entourage\Lighthouse_westkapelle\LightHouse_Westkapelle05.max
{Skeleton
	{bone "lh_wk_f3_4"
		{Orientation
			1	0	0
			0	-1	0
			0	0	1
		}
		{VolumeView "lh_wk_f3_4.ply"}
		{bone "fix06"
			{Position 1.68418	-3.83194	-88.2874}
			{visibility 0}
		}
	}
}
{Volume "body"
	{Box 8.1465 25.0152 55.0866}
	{Bone "lh_wk_f3_4"}
	{Matrix34
		0.498459	0.863356	0.0784591
		-0.866026	0.5	0
		-0.0392296	-0.0679476	0.996917
		-14.017	0.150479	-34.6212
	}
}
{Volume "body1"
	{Box 8.1465 25.0152 109.169}
	{Bone "lh_wk_f3_4"}
	{Matrix34
		0.863356	0.498459	0.0784591
		-0.5	0.866025	0
		-0.0679476	-0.0392295	0.996917
		0.260524	-14.3146	-22.2408
	}
}
{Volume "body2"
	{Box 8.1465 25.0152 94.4734}
	{Bone "lh_wk_f3_4"}
	{Matrix34
		0.996917	0	0.0784591
		0	1	0
		-0.0784591	0	0.996917
		6.82376	-33.3504	-46.9351
	}
}
{Volume "body3"
	{Box 6.23622 20.7626 15.6572}
	{Bone "lh_wk_f3_4"}
	{Matrix34
		0.498459	0.863356	0.0784591
		-0.866026	0.5	0
		-0.0392296	-0.0679476	0.996917
		-15.995	-3.08839	25.5774
	}
}
{Volume "body4"
	{Box 4.13386 4.13386 32.1193}
	{Bone "lh_wk_f3_4"}
	{Matrix34
		0	0	1
		0	1	0
		-1	0	0
		-12.5945	-33.3504	-21.4742
	}
}
