;Exported by: vic
;Date:        Thu Sep 22 16:03:58 2005
;File:        D:\-Projects-\-3DWork-\Constructions\NEW\S2\Oksana\soldier26_v_x.max
{Skeleton
	{bone "euro_king"
		{Orientation
			1	0	0
			0	-1	0
			0	0	1
		}
		{bone "piece0"
			{Position -4.52165	-0.368459	86.0117}
			{VolumeView "piece0.ply"}
			{bone "sub_piece5"
				{Position 2.29784	-7.13316	-5.91936}
				{VolumeView "sub_piece5.ply"}
			}
			{bone "sub_piece4"
				{Position 1.46386	0.669271	10.1754}
				{VolumeView "sub_piece4.ply"}
			}
		}
		{bone "piece1"
			{Position -3.51793	0.344062	80.0517}
			{VolumeView "piece1.ply"}
			{bone "sub_piece3"
				{Position -1.68898	8.7182	-0.649475}
				{VolumeView "sub_piece3.ply"}
			}
		}
		{bone "piece2"
			{Position -1.28921	0.386733	62.4094}
			{VolumeView "piece2.ply"}
			{bone "sub_piece2"
				{Position 4.13637	-3.94034	-12.8899}
				{VolumeView "sub_piece2.ply"}
			}
		}
		{bone "piece3"
			{Position -3.21392	4.56427	45.294}
			{VolumeView "piece3.ply"}
		}
		{bone "piece4"
			{Position 4.59637	-5.47703	22.7063}
			{VolumeView "piece4.ply"}
		}
		{bone "piece5"
			{Position -2.22803	2.43833	22.7063}
			{VolumeView "piece5.ply"}
			{bone "sub_piece0"
				{Position 9.34365	2.96519	5.17574}
				{VolumeView "sub_piece0.ply"}
			}
		}
		{bone "piece6"
			{Position 0.72033	5.296	6.67186}
			{VolumeView "piece6.ply"}
		}
		{bone "sub_piece1"
			{Position -6.34941	-8.88631	6.86379}
			{VolumeView "sub_piece1.ply"}
		}
	}
}
{Volume "sub_piece1"
	{Box 12.3343 11.1085 10.3121}
	{Bone "sub_piece1"}
	{Matrix34
		-1	0	0
		0	0	1
		0	1	0
		-1.67395	-0.257332	-0.981724
	}
}
{Volume "piece6"
	{Box 26.1863 9.41304 16.8969}
	{Bone "piece6"}
	{Matrix34
		-0.999945	-8.90127e-005	-0.0104605
		-0.0104605	0	0.999945
		-8.90171e-005	1	0
		-0.646366	0.982396	-1.99025
	}
}
{Volume "sub_piece0"
	{Box 9.55442 16.1159 9.84252}
	{Bone "sub_piece0"}
	{Matrix34
		-1	0	0
		0	0	1
		0	1	0
		0.393253	-0.44737	0.0370166
	}
}
{Volume "piece5"
	{Box 12.3171 24.5192 13.0746}
	{Bone "piece5"}
	{Matrix34
		-1	0	0
		0	0.0741523	0.997247
		0	0.997247	-0.0741523
		0.124155	-0.0354222	1.32856
	}
}
{Volume "piece4"
	{Box 13.6985 24.2037 9.72709}
	{Bone "piece4"}
	{Matrix34
		-0.996288	0	0.0860883
		0.0860883	0	0.996288
		0	1	0
		0.383374	0.684355	1.55084
	}
}
{Volume "piece3"
	{Box 5.40049 18.7506 6.07234}
	{Bone "piece3"}
	{Matrix34
		0	1	0
		0	0	1
		1	0	0
		-0.236058	-0.089136	-0.154886
	}
}
{Volume "sub_piece2"
	{Box 5.8382 19.6029 7.25231}
	{Bone "sub_piece2"}
	{Matrix34
		0	0.996966	-0.0778341
		0	0.0778341	0.996966
		1	0	0
		0.297829	-0.207583	-0.0870486
	}
}
{Volume "piece2"
	{Box 13.7143 15.0315 12.0916}
	{Bone "piece2"}
	{Matrix34
		0	1	0
		0	0	1
		1	0	0
		-0.686377	0.0171845	0.593606
	}
}
{Volume "sub_piece3"
	{Box 4.15718 18.3632 6.28718}
	{Bone "sub_piece3"}
	{Matrix34
		0.0435298	0.968383	0.245643
		0.168974	-0.24947	0.953526
		0.984659	0	-0.174491
		-0.484273	0.351837	0.163783
	}
}
{Volume "piece1"
	{Box 11.9361 18.8405 9.73326}
	{Bone "piece1"}
	{Matrix34
		0	0.998037	-0.0626311
		-0.0941767	0.0623528	0.993601
		0.995556	0.00589855	0.0939918
		-0.108796	0.154877	-0.97649
	}
}
{Volume "sub_piece4"
	{Box 5.55524 10.6336 6.2648}
	{Bone "sub_piece4"}
	{Matrix34
		0	1	0
		0.260662	0	0.96543
		0.96543	0	-0.260662
		0.228104	-0.0618697	-0.0737289
	}
}
{Volume "sub_piece5"
	{Box 4.72256 17.2492 5.73683}
	{Bone "sub_piece5"}
	{Matrix34
		0.10502	0.990443	-0.0894024
		-0.524364	0.131537	0.841273
		0.844993	-0.0414707	0.533167
		0.585726	-0.451004	0.648936
	}
}
{Volume "piece0"
	{Box 9.41406 12.0128 8.99658}
	{Bone "piece0"}
	{Matrix34
		0	0.986351	-0.164655
		0	0.164655	0.986351
		1	0	0
		0.00962543	-0.387788	0.192742
	}
}
