;Exported by: sergienko
;Date:        Thu Aug 04 18:04:05 2005
;File:        D:\-projets1_5\3dwork\anima\construction\3D\11.max
{Skeleton
	{bone "dok_wall_cor4"
		{Orientation
			1	0	0
			0	-1	0
			0	0	1
		}
		{VolumeView "dok_wall_cor4.ply"}
		{bone "land1"
			{parameters "Land;Ground;"}
			{VolumeView "land1.ply" {Ground} {DecalTarget}}
		}
	}
}
{Obstacle "rectangle10"
	{Obb2
		{Center -4.61692 -35.3287}
		{Extent 51.8517 3.60803}
		{Axis -1 0}
	}
	{Rotate}
}
{Obstacle "rectangle07"
	{Obb2
		{Center -16.2427 50.7085}
		{Extent 4.38118 21.777}
		{Axis -1 0}
	}
	{Rotate}
}
{Obstacle "rectangle09"
	{Obb2
		{Center -50.2613 -1.67564}
		{Extent 4.6389 37.1112}
		{Axis -1 0}
	}
	{Rotate}
}
{Obstacle "rectangle08"
	{Obb2
		{Center -33.3808 30.9864}
		{Extent 21.5193 4.6389}
		{Axis -1 0}
	}
	{Rotate}
}
{Volume "body1"
	{Box 7.68513 96.6378 128.325}
	{Bone "dok_wall_cor4"}
	{Matrix34
		0	-0.998354	-0.057355
		1	0	0
		0	-0.057355	0.998354
		0.519462	37.3431	-62.9578
	}
}
{Volume "body2"
	{Box 7.68513 61.6091 128.325}
	{Bone "dok_wall_cor4"}
	{Matrix34
		0.998354	0	-0.057355
		0	1	0
		0.057355	0	0.998354
		-47.2497	3.70309	-62.9578
	}
}
{Volume "body3"
	{Box 7.68513 27.1359 128.325}
	{Bone "dok_wall_cor4"}
	{Matrix34
		0	0.998354	-0.057355
		-1	0	0
		0	0.057355	0.998354
		-30.1358	-31.3058	-62.9578
	}
}
{Volume "body4"
	{Box 7.68513 43.4758 128.325}
	{Bone "dok_wall_cor4"}
	{Matrix34
		0.998354	0	-0.057355
		0	1	0
		0.057355	0	0.998354
		-17.2828	-49.6204	-62.9578
	}
}
