;Exported by: golanov
;Date:        Tue Dec 20 11:43:32 2005
;File:        D:\-Projects-\-3DWork-\Constructions\LightHouse\LightHouse_Westkapelle_x01.max
{Skeleton
	{bone "lh_wk_f2_1_x"
		{Orientation
			1	0	0
			0	-1	0
			0	0	1
		}
		{bone "piece0"
			{Position 20.4535	20.4559	-44.7034}
			{VolumeView "piece0.ply"}
		}
		{bone "piece1"
			{Position 12.5562	-2.21044	10.0609}
			{VolumeView "piece1.ply"}
		}
		{bone "sub_piece1"
			{Position -1.10331	-17.7393	4.29326}
			{VolumeView "sub_piece1.ply"}
		}
		{bone "piece2"
			{Position 13.6368	-4.18656	-21.1837}
			{VolumeView "piece2.ply"}
		}
		{bone "sub_piece2"
			{Position 0.744867	-20.4556	-42.1573}
			{VolumeView "sub_piece2.ply"}
		}
	}
}
{Volume "piece0"
	{Box 11.3557 26.4646 14.4158}
	{Bone "piece0"}
	{Matrix34
		0.996917	0	0.0784591
		0	1	0
		-0.0784591	0	0.996917
		-0.0855401	0.227888	0.491821
	}
}
{Volume "piece1"
	{Box 11.3557 18.7898 13.695}
	{Bone "piece1"}
	{Matrix34
		0.816627	-0.571808	0.0784591
		0.573576	0.819152	0
		-0.0642699	0.0450023	0.996917
		0.0774778	1.09405	0.236053
	}
}
{Volume "piece2"
	{Box 11.3557 21.7962 13.695}
	{Bone "piece2"}
	{Matrix34
		0.816627	-0.571808	0.0784591
		0.573576	0.819152	0
		-0.0642699	0.0450023	0.996917
		0.00783663	1.40612	0.373493
	}
}
{Volume "sub_piece1"
	{Box 9.99304 20.4809 17.1187}
	{Bone "sub_piece1"}
	{Matrix34
		0.498459	-0.863355	0.0784591
		0.866025	0.5	0
		-0.0392296	0.0679476	0.996917
		-1.81971	0.998139	-0.483844
	}
}
{Volume "sub_piece2"
	{Box 9.99304 20.4809 17.1187}
	{Bone "sub_piece2"}
	{Matrix34
		0.498459	-0.863355	0.0784591
		0.866025	0.5	0
		-0.0392296	0.0679476	0.996917
		-2.4493	0.337547	-0.150934
	}
}
