;Exported by: shevchenko
;Date:        Mon Jul 24 14:18:12 2006
;File:        D:\-Projects1_5-\-3DWork-\ch_bastogne_lm_corner41_last.max
{Skeleton
	{bone "ch_c3"
		{Orientation
			1	0	0
			0	-1	0
			0	0	1
		}
		{VolumeView "ch_c3.ply"}
		{bone "exterior"
			{Position -8.17188	1.95427	20.6535}
			{VolumeView "exterior.ply"}
		}
	}
}
{Volume "body1"
	{Box 30.9756 7.87402 37.4016}
	{Bone "ch_c3"}
	{Position 18.5533	-18.3432	-14.389}
}
{Volume "body2"
	{Box 25.4 7.87402 22.0669}
	{Bone "ch_c3"}
	{Position -9.68361	-18.3432	-6.94641}
}
{Volume "body3"
	{Box 17.8308 7.87402 47.8852}
	{Bone "ch_c3"}
	{Matrix34
		0	-0.573577	0.819152
		1	0	0
		0	0.819152	0.573577
		-18.5419	4.45668	12.09
	}
}
{Volume "body4"
	{Box 22.8234 7.87402 18.1964}
	{Bone "ch_c3"}
	{Matrix34
		0	-1	0
		1	0	0
		0	0	1
		-18.5419	-2.82701	-5.46388
	}
}
{Volume "body5"
	{Box 18.6303 5.90551 11.5276}
	{Bone "ch_c3"}
	{Position -31.8182	-1.61092	-1.67599}
}
{Volume "roof1"
	{Box 20.0131 1.9685 24.7745}
	{Bone "ch_c3"}
	{Matrix34
		-1	0	0
		0	-0.538462	0.84265
		0	0.84265	0.538462
		-32.318	4.23136	9.58428
	}
}
{Volume "roof2"
	{Box 13.3449 1.9685 54.6284}
	{Bone "ch_c3"}
	{Matrix34
		-1	0	0
		0	-0.582266	0.812998
		0	0.812998	0.582266
		-15.689	-2.04232	18.623
	}
}
