;Exported by: ubrashaev
;Date:        Wed Jul 20 14:19:02 2005
;File:        D:\-Projects1_5-\-work-\3d\-Model-\-TRAIN\platform\platform_x.max
{Skeleton
	{bone "basis"
		{Orientation
			1	0	0
			0	-1	0
			0	0	1
		}
		{bone "body"
			{parameters "CommonMesh;ID=body;"}
			{animation
				{sequence "break" {speed 0.45}}
			}
			{Matrix34
				0.999847	0	-0.0175169
				0	1	0
				0.0175169	0	0.999847
				5.86072	-2.06409	32.7917
			}
			{VolumeView "body.ply"}
		}
		{bone revolute "pivot_back"
			{parameters "ID=body;"}
			{Matrix34
				0.999847	0.0175168	0
				-0.0175168	0.999847	0
				0	0	1
				-47.5525	-1.63879	9.55853
			}
			{VolumeView "pivot_back.ply"}
			{bone revolute "wheel_l2"
				{parameters "ID=wheelleft2;"}
				{Matrix34
					-0.999693	0.0175142	0.017517
					0.0175143	-0.000306824	0.999847
					0.0175169	0.999847	0
					-0.194001	14.7845	-0.160959
				}
				{VolumeView "wheel_l2.ply"}
			}
			{bone revolute "wheel_r2"
				{parameters "ID=wheelright2;"}
				{Matrix34
					-0.999693	0.0175142	0.017517
					0.0175143	-0.000306824	0.999847
					0.0175169	0.999847	0
					-0.735458	-16.1214	-0.160959
				}
				{VolumeView "wheel_r2.ply"}
			}
		}
		{bone revolute "pivot_front"
			{parameters "ID=body;"}
			{Matrix34
				0.999847	0.017514	-0.000305653
				-0.0175167	0.999694	-0.0174499
				0	0.0174526	0.999848
				46.1995	-1.63879	9.55855
			}
			{VolumeView "pivot_front.ply"}
			{bone revolute "wheel_l1"
				{parameters "ID=wheelleft1;"}
				{Matrix34
					-0.999699	0.0172084	0.0175142
					0.0172086	-0.0177541	0.999694
					0.0175141	0.999694	0.0174526
					0.17245	14.7786	0.0969713
				}
				{VolumeView "wheel_l1.ply"}
			}
			{bone revolute "wheel_r1"
				{parameters "ID=wheelright1;"}
				{Matrix34
					-0.999699	0.0172084	0.0175142
					0.0172086	-0.0177541	0.999694
					0.0175141	0.999694	0.0174526
					-0.368919	-16.1226	-0.4425
				}
				{VolumeView "wheel_r1.ply"}
			}
		}
	}
}
