;Exported by: Ekaterina
;Date:        Fri Apr 11 16:28:22 2008
;File:        D:\-Project-\-3DWork-\africa\algere_storage21_x.max
{Skeleton
	{bone "d_build2_c2"
		{Orientation
			1	0	0
			0	-1	0
			0	0	1
		}
		{bone "piece08"
			{Position -12.915	22.8697	-5.12455}
			{VolumeView "piece08.ply"}
		}
		{bone "piece09"
			{Position 8.06583	22.8739	20.4385}
			{VolumeView "piece09.ply"}
		}
		{bone "piece10"
			{Position -18.5266	22.8705	46.372}
			{VolumeView "piece10.ply"}
		}
		{bone "piece11"
			{Position -18.7443	22.8697	19.7998}
			{VolumeView "piece11.ply"}
		}
		{bone "piece12"
			{Position 17.0208	6.4184	-4.48543}
			{VolumeView "piece12.ply"}
		}
		{bone "piece07"
			{Position 17.424	11.476	42.6942}
			{VolumeView "piece07.ply"}
		}
		{bone "piece05"
			{Position 17.4389	-21.2912	46.747}
			{VolumeView "piece05.ply"}
		}
		{bone "piece03"
			{Position 27.3955	-14.6598	11.9908}
			{VolumeView "piece03.ply"}
		}
		{bone "piece06"
			{Position -1.79882	-10.1806	56.3291}
			{VolumeView "piece06.ply"}
		}
		{bone "piece04"
			{Position 21.7997	-20.5347	35.8226}
			{VolumeView "piece04.ply"}
		}
		{bone "piece01"
			{Position -16.3197	-34.4607	61.4563}
			{VolumeView "piece01.ply"}
		}
		{bone "piece02"
			{Position -4.97558	4.8018	61.3377}
			{VolumeView "piece02.ply"}
		}
	}
}
{Volume "piece01"
	{Box 50.7144 50.1955 2.87294}
	{Bone "piece01"}
	{Matrix34
		0.987685	0	-0.156453
		0	1	0
		0.156453	0	0.987685
		-0.574194	3.67751	0.794122
	}
}
{Volume "piece02"
	{Box 32.45 36.3586 1.82723}
	{Bone "piece02"}
	{Matrix34
		0	0.999982	-0.00587662
		-0.990834	0.00079379	0.135084
		0.135086	0.00582277	0.990817
		0.712053	-2.68135	-0.85702
	}
}
{Volume "piece03"
	{Box 24.6915 1.34705 45.4444}
	{Bone "piece03"}
	{Matrix34
		0.865828	-0.500341	0
		0.500341	0.865828	0
		0	0	1
		-1.36074e-005	-1.62131e-005	0.445536
	}
}
{Volume "piece04"
	{Box 2.89858 30.3629 2.68563}
	{Bone "piece04"}
	{Position 0	0	0}
}
{Volume "piece05"
	{Box 6.40745 24.9084 16.5751}
	{Bone "piece05"}
	{Position 0	0	0}
}
{Volume "piece06"
	{Box 40.0001 2.16857 2.8641}
	{Bone "piece06"}
	{Matrix34
		0.988907	0	-0.148534
		0	1	0
		0.148534	0	0.988907
		-0.41217	0	-0.0279729
	}
}
{Volume "piece07"
	{Box 6.54483 30.0514 21.6062}
	{Bone "piece07"}
	{Position 0	0.196548	0.162916}
}
{Volume "piece08"
	{Box 25.9349 6.40804 19.4804}
	{Bone "piece08"}
	{Position 0	0	0.569057}
}
{Volume "piece09"
	{Box 24.9084 6.40745 16.5751}
	{Bone "piece09"}
}
{Volume "piece10"
	{Box 30.7795 6.41136 28.3952}
	{Bone "piece10"}
	{Position 0	0	0}
}
{Volume "piece11"
	{Box 25.9349 6.40804 21.1744}
	{Bone "piece11"}
	{Position 0	0	0}
}
{Volume "piece12"
	{Box 7.05232 30.5746 23.3802}
	{Bone "piece12"}
	{Position 0	0	1.36712}
}
