;Exported by: vic
;Date:        Wed Jul 20 16:34:44 2005
;File:        D:\Obmen\stroghold22a_posled_x.max
{Skeleton
	{bone "stronghold_wall_broken_1b_x"
		{Orientation
			1	0	0
			0	-1	0
			0	0	1
		}
		{bone "sub_piece1"
			{Matrix34
				1	0	0
				0	0	1
				0	-1	0
				-1.10889	-13.2771	6.71268
			}
			{VolumeView "sub_piece1.ply"}
		}
		{bone "sub_piece0"
			{Matrix34
				1	0	0
				0	0	1
				0	-1	0
				2.71716	-13.2771	-10.0934
			}
			{VolumeView "sub_piece0.ply"}
		}
		{bone "sub_piece2"
			{Matrix34
				1	0	0
				0	0	1
				0	-1	0
				15.6679	-13.2771	17.9324
			}
			{VolumeView "sub_piece2.ply"}
		}
		{bone "piece0"
			{Matrix34
				1	0	0
				0	0	1
				0	-1	0
				21.4235	-13.2771	-3.86264
			}
			{VolumeView "piece0.ply"}
		}
		{bone "piece2"
			{Matrix34
				1	0	0
				0	0	1
				0	-1	0
				-19.8018	-13.2771	-7.07254
			}
			{VolumeView "piece2.ply"}
		}
		{bone "piece1"
			{Matrix34
				1	0	0
				0	0	1
				0	-1	0
				-21.7517	-13.2771	19.3326
			}
			{VolumeView "piece1.ply"}
		}
	}
}
{Volume "piece1"
	{Box 28.1445 10.0012 15.8028}
	{Bone "piece1"}
	{Matrix34
		0.999999	0.0010438	0
		0	0	-1
		-0.0010438	0.999999	0
		1.16119	0.576131	0.00422405
	}
}
{Volume "piece2"
	{Box 17.4811 10.0012 26.338}
	{Bone "piece2"}
	{Matrix34
		0.938913	0.344154	0
		0	0	-1
		-0.344154	0.938913	0
		0.295971	-0.443565	0.00419462
	}
}
{Volume "piece0"
	{Box 18.4011 10.0012 23.308}
	{Bone "piece0"}
	{Matrix34
		0.999015	-0.0443742	0
		0	0	-1
		0.0443742	0.999015	0
		0.242107	-0.602442	0.00422481
	}
}
{Volume "sub_piece2"
	{Box 17.0342 10.0012 15.5259}
	{Bone "sub_piece2"}
	{Matrix34
		0.999885	-0.0151771	0
		0	0	-1
		0.0151771	0.999885	0
		-0.271819	1.53581	0.00416425
	}
}
{Volume "sub_piece0"
	{Box 11.2834 10.0012 9.92263}
	{Bone "sub_piece0"}
	{Matrix34
		0.99953	-0.0306601	0
		0	0	-1
		0.0306601	0.99953	0
		-0.665267	-0.46644	0.00422482
	}
}
{Volume "sub_piece1"
	{Box 12.2646 10.0012 12.8865}
	{Bone "sub_piece1"}
	{Matrix34
		0.808965	0.587857	0
		0	0	-1
		-0.587857	0.808965	0
		-0.248788	-0.482883	0.0041132
	}
}
