;Exported by: sasha
;Date:        Tue Dec 25 10:00:12 2007
;File:        D:\-Project-\-3DWork-\a_house 303\a_house_303.max
{Skeleton
	{bone "303_dc4"
		{Orientation
			1	0	0
			0	-1	0
			0	0	1
		}
		{VolumeView "303_dc4.ply"}
	}
}
{Obstacle "body1"
	{Obb2
		{Center 7.77726 -14.4635}
		{Extent 13.4743 9.54581}
		{Axis 1 0}
	}
	{Rotate}
	{Tags  "body"}
}
{Obstacle "body2"
	{Obb2
		{Center 15.8241 0.733658}
		{Extent 8.10478 20.5435}
		{Axis 1 0}
	}
	{Rotate}
	{Tags  "body"}
}
{Volume "body1"
	{Box 16.2814 26.9485 16.2954}
	{Bone "303_dc4"}
	{Matrix34
		0	-0.981627	-0.190809
		1	0	0
		0	-0.190809	0.981627
		7.77726	14.4635	6.3233
	}
}
{Volume "body2"
	{Box 13.3454 41.0869 16.2954}
	{Bone "303_dc4"}
	{Matrix34
		-0.981627	0	-0.190809
		0	-1	0
		-0.190809	0	0.981627
		15.8241	-0.733659	6.3233
	}
}
{Volume "body3"
	{Box 8.69624 30.8281 36.1715}
	{Bone "303_dc4"}
	{Matrix34
		-0.988969	0	-0.148119
		0	-1	0
		-0.148119	0	0.988969
		10.3119	-1.79482	31.7022
	}
}
{Volume "body4"
	{Box 8.69624 4.11367 23.1497}
	{Bone "303_dc4"}
	{Matrix34
		-0.988969	0	-0.148119
		0	-1	0
		-0.148119	0	0.988969
		10.5541	-19.153	31.4949
	}
}
{Volume "body5"
	{Box 10.0494 18.4946 13.0217}
	{Bone "303_dc4"}
	{Matrix34
		0	-0.988994	-0.147951
		1	0	0
		0	-0.147951	0.988994
		6.0592	11.2645	20.2551
	}
}
