;Exported by: skr
;Date:        Sat Aug 31 19:25:25 2013
;File:        D:\Documents\3dsmax\scenes\Type 11 37 mm Gun\Type 11_x.max
{Skeleton
	{bone revolute "basis"
		{Orientation
			1	0	0
			0	-1	0
			0	0	1
		}
		{bone "body"
			{parameters "ID=body;"}
			{Position 0	0	8.81453}
			{VolumeView "body.ply"}
			{bone revolute "turret"
				{parameters "ID=body;"}
				{limits -11 11}
				{speed 0.005}
				{Matrix34
					-1	0	0
					0	-1	0
					0	0	1
					-0.30743	0.00671317	1.29742
				}
				{VolumeView "turret.ply"}
				{bone revolute "gun_rot"
					{parameters "ID=gun;"}
					{limits -9 15}
					{speed 0.005}
					{Matrix34
						-0.971659	0	0.236387
						0.236387	0	0.971659
						0	1	0
						0.00470653	0.0129084	1.64266
					}
					{VolumeView "gun_rot.ply"}
					{bone "gun"
						{Matrix34
							0	0	1
							0	1	0
							-1	0	0
							12.3529	1.50715	-0.0129076
						}
						{VolumeView "gun.ply"}
					}
					{bone "pricel"
						{Matrix34
							-1	0	0
							0	1	0
							0	0	-1
							-3.70085	2.49655	-2.22425
						}
						{VolumeView "pricel.ply"}
					}
				}
			}
			{bone "detail1"
				{parameters "ID=shield;"}
				{Matrix34
					0	1	0
					0	0	1
					1	0	0
					0.573078	0	3.38897
				}
				{VolumeView "detail1.ply"}
			}
		}
		{bone "ruchka2"
			{Matrix34
				-0.149909	0.9887	0
				0	0	1
				0.9887	0.149909	0
				-8.92019	0.99282	0.308139
			}
			{VolumeView "ruchka2.ply"}
		}
		{bone "ruchka1"
			{Matrix34
				-0.14991	-0.9887	0
				0	0	1
				0.9887	-0.14991	0
				-8.92019	-0.925929	0.308139
			}
			{VolumeView "ruchka1.ply"}
		}
	}
}
