;MDL File generated by SOEdit
;Model created by: <St.Andrey>
;PLY Geometry by: <insert modeler name>
;VOL Geometry by: <insert modeler name>
{Skeleton
    {bone "basis"
        {parameters "WheelRadius=0.47;SteerMax=45;"}
        {Orientation
            1.0000 0.0000 0.0000
            0.0000 -1.0000 0.0000
            0.0000 0.0000 1.0000
        }
        {bone "pivot_front"
            {Position 27.0079 0.0000 9.5669}
            {bone revolute "steer_R1"
                {Matrix34
                    1.0000 0.0000 0.0000
                    0.0000 -1.0000 0.0000
                    0.0000 0.0000 -1.0000
                    0.0000 -15.6299 0.0000
                }
                {bone revolute "WheelR1"
                    {parameters "ID=wheelright1;"}
                    {Matrix34
                        1.0000 0.0000 0.0000
                        0.0000 0.6401 0.7683
                        0.0000 -0.7683 0.6401
                        0.0000 3.7416 0.0000
                    }
                    {VolumeView "wheelr1.ply"}
                }
            }
            {bone revolute "steer_L1"
                {Matrix34
                    1.0000 0.0000 0.0000
                    0.0000 -1.0000 0.0000
                    0.0000 0.0000 -1.0000
                    0.0000 15.6299 0.0000
                }
                {bone revolute "WheelL1"
                    {parameters "ID=wheelleft1;"}
                    {Matrix34
                        1.0000 0.0000 0.0000
                        0.0000 -0.6018 0.7986
                        0.0000 -0.7986 -0.6018
                        0.0000 -3.7008 0.0000
                    }
                    {VolumeView "WheelL1.ply"}
                }
            }
        }
        {bone "pivot_back"
            {Position -23.0512 0.0000 9.5669}
            {bone revolute "WheelL2"
                {parameters "ID=wheelleft2;"}
                {Matrix34
                    1.0000 0.0000 0.0000
                    0.0000 -0.3190 -0.9478
                    0.0000 0.9478 -0.3190
                    -0.0228 16.9334 -0.2461
                }
                {VolumeView "WheelL2.ply"}
            }
            {bone revolute "WheelR2"
                {parameters "ID=wheelright2;"}
                {Matrix34
                    0.8446 0.4322 0.3159
                    0.3811 -0.0709 -0.9218
                    -0.3760 0.8990 -0.2246
                    -0.0722 -18.6949 -0.7328
                }
                {VolumeView "WheelR2.ply"}
            }
        }
        {bone "Body"
            {parameters "ID=body;"}
            {Matrix34
                0.9893 0.0000 -0.1461
                0.0000 1.0000 0.0000
                0.1461 0.0000 0.9893
                1.3586 0.0000 9.2002
            }
            {VolumeView "Body.ply"}
            {bone revolute "turret"
                {parameters "CommonMesh;ID=turret;"}
                {speed 0.0100}
                {Matrix34
                    0.9724 0.0000 0.2334
                    0.0525 0.9744 -0.2187
                    -0.2275 0.2250 0.9474
                    2.5068 3.0000 26.8264
                }
                {VolumeView "Turret.ply"}
                {bone revolute "gun_rot"
                    {parameters "ID=turret;"}
                    {limits -15.0000 15.0000}
                    {speed 0.0100}
                    {Matrix34
                        0.8953 0.0000 -0.4455
                        0.4455 0.0000 0.8953
                        0.0000 -1.0000 0.0000
                        6.2346 -0.1101 6.2256
                    }
                    {VolumeView "gun_rot.ply"}
                    {bone "gun"
                        {parameters "ID=gun;"}
                        {Matrix34
                            0.0000 0.0000 -1.0000
                            -0.0010 1.0000 0.0000
                            1.0000 0.0010 0.0000
                            4.3972 -0.6191 2.5200
                        }
                        {VolumeView "gun.ply"}
                    }
                }
            }
        }
    }
}
{Volume "wheelright2"
    {Cylinder 10.25610 5.42746}
    {Bone "WheelR2"}
    {Matrix34
        -1.0000 0.0000 0.0000
        0.0000 -1.0000 0.0000
        0.0000 0.0000 1.0000
        0.0148 0.0000 0.0349
    }
}
{Volume "wheelleft2"
    {Cylinder 10.25610 5.42746}
    {Bone "WheelL2"}
    {Matrix34
        -1.0000 0.0000 0.0000
        0.0000 -1.0000 0.0000
        0.0000 0.0000 1.0000
        0.0376 0.0000 -0.0079
    }
}
{Volume "wheelleft1"
    {Cylinder 10.25610 5.42746}
    {Bone "WheelL1"}
    {Matrix34
        -1.0000 0.0000 0.0000
        0.0000 -1.0000 0.0000
        0.0000 0.0000 1.0000
        0.0000 0.0000 -0.0012
    }
}
{Volume "wheelright1"
    {Cylinder 10.25610 5.42746}
    {Bone "WheelR1"}
    {Matrix34
        -1.0000 0.0000 0.0000
        0.0000 -1.0000 0.0000
        0.0000 0.0000 1.0000
        0.0000 0.0000 0.0349
    }
}
{Volume "Body1"
    {Polyhedron "Body.vol"}
    {Bone "Body"}
    {Matrix34
        0.8641 0.0000 0.0000
        0.0000 0.7070 0.0000
        0.0000 0.0000 1.2902
        1.0817 -0.3293 -2.2462
    }
}
{Volume "Turret"
    {Polyhedron "Turret.vol"}
    {Bone "Turret"}
    {Position -5.6117 -0.1101 -0.0262}
}
