;Exported by: Emmanuel
;Date:        Mon Jan 06 02:21:13 2014
;File:        L:\3D models\Ju-87\Stuka Ju87G v28.max
{Skeleton
	{animation
		{sequence "engine_start" {speed 0.8}}
		{sequence "engine_stop" {speed 0.5}}
		{sequence "engine_work" {speed 1}}
		{sequence "open1" {speed 0.15} {resume}}
		{sequence "open2" {speed 0.15} {resume}}
		{sequence "recoil" {speed 0.6}}
	}
	{bone "basis"
		{parameters "SteerMax=45;"}
		{Orientation
			1	0	0
			0	-1	0
			0	0	1
		}
		{bone "pivot_front"
			{parameters "Main;"}
			{Position 69.4646	-0.0205839	15.906}
			{bone "wingr1"
				{parameters "id=wingr1;"}
				{Position -47.29843	-16.6686161	-8.7558}
				{VolumeView "wingr1.ply"}
				{bone "wingr2"
					{parameters "id=wingr;"}
					{Position 3.84632	-39.0258	-0.146473}
					{VolumeView "wingr2.ply"}
					{bone "wingr3"
						{parameters "ID=wingRight;"}
						{Position 14.8694	-59.2575	8.4827}
						{VolumeView "wingr3.ply"}
						{bone "aileron3"
							{parameters "ID=aileron3;"}
							{Matrix34
								0.948544	0.311356	-0.0576303
								0.000174884	0.181488	0.983393
								0.316645	-0.932802	0.172095
								-16.0794	4.93673	-1.93689
							}
							{VolumeView "aileron3.ply"}
						}
						{bone "bomb01"
							{parameters "ID=bomb;"}
							{Matrix34
								1	0	0
								0	1	0
								0	0	1
								-7.11364	23.8407	-7.36689
							}
							{VolumeView "bomb01.ply"}
						}
						{bone "bomb00"
							{parameters "ID=bomb;"}
							{Matrix34
								1	0	0
								0	1	0
								0	0	1
								-7.11364	18.6346	-6.43654
							}
							{VolumeView "bomb00.ply"}
						}
					}
					{bone "aileron2"
						{parameters "ID=aileron2;"}
						{Matrix34
							0.999853	0.00246087	0.0169774
							-0.0171505	0.165644	0.986037
							-0.000385699	-0.986183	0.165661
							-20.9947	12.8072	-4.49127
						}
						{VolumeView "aileron2.ply"}
					}
					{bone "detail2_1"
						{parameters "ID=Detail2;"}
						{Matrix34
							1	0	0
							0	1	0
							0	0	1
							6.64042	-21.1431	-4.05941
						}
						{VolumeView "detail2_1.ply"}
					}
					{bone "mg01"
						{parameters "IKMini=-15;"}
						{Matrix34
							1	0	0
							0	0	1
							0	-1	0
							40.9546	16.0001	-2.04075
						}
						{VolumeView "mg01.ply"}
						{bone "shooter_m01"
							{Position 0.102921	0.0566387	-79.2473}
						}
						{bone "barrel_m01"
							{Position 0.102921	0.0566387	-79.2473}
						}
					}
					{bone "cannon_body1"
						{parameters "ID=wingr;"}
						{Matrix34
							-1	0	0
							0	1	0
							0	0	-1
							3.09327	9.69621	-10.8775
						}
						{VolumeView "cannon_body1.ply"}
						{bone "fxshellr1"
							{Matrix34
								-1	-1.2849e-005	0
								1.44352e-005	1	2.10105e-005
								0	0	-1
								2.70288	-13.625	6.1179
							}
						}
						{bone "gun01"
							{parameters "ID=gun01;"}
							{Matrix34
								-1	0	0
								0	1	0
								0	0	-1
								-41.9095	-0.201424	5.01132
							}
							{VolumeView "gun01.ply"}
							{bone "shooter_g00"
								{Matrix34
									-1	1.35361e-005	0
									1.342e-005	-1	1.68363e-005
									0	0	-1
									20.0122	0.0718117	-0.367352
								}
							}
							{bone "barrel_g00"
								{Matrix34
									-1	1.35361e-005	0
									1.342e-005	-1	1.68363e-005
									0	0	-1
									20.0122	0.0718117	-0.367352
								}
							}
						}
					}
				}
				{bone "support1"
					{Matrix34
						1	0	0
						0	1	0
						0	0	1
						28.1239	46.0786	-35.4249
					}
				}
				{bone "retract_wheelr"
					{parameters "ID=retract_wR;"}
					{Matrix34
						-1	0	0
						0	-1	1.37409e-005
						0	-1.37409e-005	-1
						22.6562	-12.7173	-18.4765
					}
					{VolumeView "retract_wheelr.ply"}
					{bone "wheelr"
						{parameters "id=retract_wheelR;Radius=0.5;support;"}
						{Matrix34
							-2.9997e-005	0	1
							-0.999998	-0.00196011	-2.9997e-005
							-0.00196011	0.999998	0
							-5.26973	-0.000112534	11.1898
						}
						{VolumeView "wheelr.ply"}
					}
				}
			}
			{bone "wingl1"
				{parameters "id=wingl;"}
				{Position -47.29842	16.7095839	-8.7559}
				{VolumeView "wingl1.ply"}
				{bone "wingl2"
					{parameters "id=wingl2;"}
					{Position 3.84638	39.0258	-0.216281}
					{VolumeView "wingl2.ply"}
					{bone "headlightl"
						{Position 25	-0	0}
					}
					{bone "aileron5"
						{parameters "ID=aileron5;"}
						{Matrix34
							0.966241	-0.219838	0.134351
							-0.168	-0.142254	0.975469
							-0.195334	-0.965109	-0.174384
							-17.9118	0.17733	-2.91707
						}
						{VolumeView "aileron5.ply"}
					}
					{bone "detail2_2"
						{parameters "ID=Detail2;"}
						{Position 6.64035	21.1432	-3.98976}
						{VolumeView "detail2_2.ply"}
					}
					{bone "cannon_body2"
						{parameters "ID=wingr;"}
						{Matrix34
							-1	0	0
							0	-1	0
							0	0	-1
							3.09319	-9.69607	-10.8075
						}
						{VolumeView "cannon_body2.ply"}
						{bone "fxshell2"
							{Matrix34
								-1	0	0
								0	-1	0
								0	0	-1
								2.35086	-13.8394	5.64421
							}
						}
						{bone "gun02"
							{parameters "ID=gun02;"}
							{Matrix34
								-1	0	0
								0	-1	0
								0	0	-1
								-41.9095	-0.372562	5.01132
							}
							{VolumeView "gun02.ply"}
							{bone "shooter_g01"
								{Matrix34
									1	0	0
									0	1	0
									0	0	1
									20.0177	-0.131374	-0.115701
								}
							}
							{bone "barrel_g01"
								{Matrix34
									1	0	0
									0	1	0
									0	0	1
									20.0177	-0.131374	-0.115701
								}
							}
						}
					}
					{bone "mg02"
						{parameters "IKmini=-15;"}
						{Matrix34
							1	0	0
							0	1	0
							0	0	1
							41.0573	-16.069	-1.97109
						}
						{VolumeView "mg02.ply"}
						{bone "shooter_m00"
							{Matrix34
								1	0	0
								0	0	1
								0	-1	0
								-0.113022	-79.4831	0.0565071
							}
						}
						{bone "barrel_m00"
							{Matrix34
								1	0	0
								0	0	1
								0	-1	0
								-0.113022	-79.4831	0.0565071
							}
						}
					}
					{bone "wingl3"
						{parameters "ID=wingLeft;"}
						{Matrix34
							-1	0	0
							0	-1	0
							0	0	-1
							5.18619	59.2577	8.55227
						}
						{VolumeView "wingl3.ply"}
						{bone "aileron6"
							{parameters "ID=aileron6;"}
							{Matrix34
								-0.923519	0.332315	-0.191517
								0.232274	0.087209	-0.968733
								0.305223	0.939128	0.157728
								8.55591	10.5671	2.59296
							}
							{VolumeView "aileron6.ply"}
						}
						{bone "bomb02"
							{parameters "ID=bomb;"}
							{Matrix34
								-1	0	0
								0	-1	0
								0	0	-1
								-2.56933	24.2104	6.49877
							}
							{VolumeView "bomb02.ply"}
						}
						{bone "bomb03"
							{parameters "ID=bomb;"}
							{Matrix34
								-1	0	0
								0	-1	0
								0	0	-1
								-2.56918	19.0046	5.81596
							}
							{VolumeView "bomb03.ply"}
						}
					}
				}
				{bone "retract_wheell"
					{parameters "ID=retract_wL;"}
					{Position 22.6562	12.7173	-18.4764}
					{VolumeView "retract_wheell.ply"}
					{bone "wheell"
						{parameters "id=retract_wheelL;Radius=0.5;support;"}
						{Matrix34
							0	0	-1
							0.99987	0.0161362	0
							0.0161362	-0.99987	0
							5.26974	0	-11.1899
						}
						{VolumeView "wheell.ply"}
					}
				}
				{bone "support2"
					{Matrix34
						1	0	0
						0	1	0
						0	0	1
						28.1237	-46.0816	-35.4243
					}
				}
			}
		}
		{bone "body"
			{parameters "ID=body;"}
			{Position 26.1648	0	27.6441}
			{VolumeView "body.ply"}
			{bone "cabin"
				{parameters "ID=body;"}
				{Matrix34
					1	0	0
					0	1	0
					0	0	1
					-7.36093	-0.0788638	-3.00259
				}
				{VolumeView "cabin.ply"}
			}
			{bone revolute "turret_mgun"
				{parameters "ID=turret;"}
				{limits -30 30}
				{speed 0.01}
				{Matrix34
					-1	0	0
					0	-1	0
					0	0	1
					-32.8253	-0.0373336	-2.59296
				}
				{VolumeView "turret_mgun.ply"}
				{bone revolute "mgun_rot"
					{limits -30 30}
					{speed 0.01}
					{Matrix34
						0.999994	0.00359723	0
						0	0	1
						0.00359723	-0.999994	0
						0.21637	-0.00407886	4.05818
					}
					{bone "mg81z"
						{parameters "id=mg81z;"}
						{Matrix34
							0.926785	0.375545	0.00589365
							0.0056875	0.00165746	-0.999982
							-0.375548	0.926803	-0.000599807
							1.02515	0.431089	0.121822
						}
						{VolumeView "mg81z.ply"}
						{bone "foresight3"
							{Matrix34
								0.99931	0.00283301	-0.0370264
								-0.00284304	0.999996	-0.000217597
								0.0370255	0.000322701	0.999314
								7.87565	0.102662	0.0881157
							}
						}
						{bone "shooter_z00"
							{Matrix34
								0.99931	0.00283301	-0.0370264
								-0.00284304	0.999996	-0.000217597
								0.0370255	0.000322701	0.999314
								7.8904	0.988581	0.112417
							}
						}
						{bone "shooter_z01"
							{Matrix34
								0.99931	0.00283301	-0.0370264
								-0.00284304	0.999996	-0.000217597
								0.0370255	0.000322701	0.999314
								7.89528	-0.844458	0.106859
							}
						}
						{bone "barrel_z00"
							{Matrix34
								0.99931	0.00283301	-0.0370264
								-0.00284304	0.999996	-0.000217597
								0.0370255	0.000322701	0.999314
								7.8904	0.988581	0.112417
							}
						}
						{bone "barrel_z01"
							{Matrix34
								0.99931	0.00283301	-0.0370264
								-0.00284304	0.999996	-0.000217597
								0.0370255	0.000322701	0.999314
								7.89528	-0.844458	0.106859
							}
						}
					}
				}
			}
			{bone "body_back"
				{parameters "ID=body_back;"}
				{Position -77.6284	1.39271e-005	-13.0482}
				{VolumeView "body_back.ply"}
				{bone "gouv_fix"
					{parameters "ID=body_back;"}
					{Position -33.1534	0.0149619	19.7459}
					{VolumeView "gouv_fix.ply"}
					{bone "fil_antenne"
						{parameters "ID=fil_antenne;"}
						{Matrix34
							1	0	0
							0	1	0
							0	0	1
							48.0193	-0.13765	15.9559
						}
						{VolumeView "fil_antenne.ply"}
					}
					{bone "rudder"
						{parameters "ID=rudder;"}
						{Matrix34
							0.999985	-0.00540302	0
							0.00540302	0.999985	0
							0	0	1
							-11.9779	-0.0148773	-2.816
						}
						{VolumeView "rudder.ply"}
					}
					{bone "elevator_fix_l"
						{parameters "ID=body_back;"}
						{Position 0.14624	23.725	-8.76751}
						{VolumeView "elevator_fix_l.ply"}
						{bone "sup_elevator_fix_l"
							{parameters "CommonMesh;ID=ssup_elevator_fix_l;"}
							{Position 6.08292	-13.5133	-7.10459}
							{VolumeView "sup_elevator_fix_l.ply"}
						}
						{bone "elevator2"
							{parameters "ID=elevator2;"}
							{Matrix34
								0.996727	0	0.0808357
								-0.0808357	0	0.996727
								0	-1	0
								-8.8222	0.444824	-1.06792
							}
							{VolumeView "elevator2.ply"}
						}
					}
					{bone "elevator_fix_r"
						{parameters "ID=body_back;"}
						{Position 0.146225	-23.7547	-8.76718}
						{VolumeView "elevator_fix_r.ply"}
						{bone "elevator1"
							{parameters "ID=elevator1;"}
							{Matrix34
								0.998858	0	-0.0477728
								0.0477728	0	0.998858
								0	-1	0
								-8.67464	-0.444849	-1.06782
							}
							{VolumeView "elevator1.ply"}
						}
						{bone "sup_elevator_fix_r"
							{parameters "CommonMesh;ID=sup_elevator_fix_r;"}
							{Position 6.08294	13.5131	-7.10488}
							{VolumeView "sup_elevator_fix_r.ply"}
						}
					}
				}
				{bone "pivot_back"
					{Matrix34
						1	0	0
						0	1	0
						0	0	1
						-37.0802	-1.18461e-005	-3.29014
					}
					{bone "support_roue_ar"
						{parameters "ID=body_back;"}
						{Matrix34
							1	0	0
							0	1	0
							0	0	1
							-2.11421	0	-4.44621
						}
						{VolumeView "support_roue_ar.ply"}
						{bone "support3"
							{Matrix34
								1	0	0
								0	1	0
								0	0	1
								-2.26447	0.103318	-6.35541
							}
						}
						{bone "wheelback"
							{parameters "ID=wheelback;Radius=0.4;support;"}
							{Matrix34
								1	0	0
								0	0	1
								0	-1	0
								-2.14869	-1.50549e-005	-4.1041
							}
							{VolumeView "wheelback.ply"}
						}
					}
				}
			}
			{bone "shooter_b02"
				{Matrix34
					1	0	0
					0	1	0
					0	0	1
					9.3318	90.9374	-17.1929
				}
			}
			{bone "shooter_b00"
				{Matrix34
					1	0	0
					0	1	0
					0	0	1
					8.77698	-95.9857	-17.08
				}
			}
			{bone "window0"
				{parameters "ID=body;"}
				{Position -0.34005	-0.0689357	3.08335}
				{VolumeView "window0.ply"}
				{bone "fxglass0"
					{Position 13.3811	0.730163	-0.416986}
				}
			}
			
			{bone "visor1"
				{Matrix34
					-1	0	0
					0	-1	0
					0	0	1
					20.8255	-0.062786	3.8152
				}
			}
			{bone "visor2"
				{Matrix34
					-1	0	0
					0	-1	0
					0	0	1
					-36.1313	-0.053288	3.05472
				}
			}
			{bone "fxfire2"
				{Position 26.1648	5	27.6441}
			}
			{bone "door2"
				{parameters "ID=body;"}
				{Matrix34
					0	0	1
					0	1	0
					-1	0	0
					-28.5904	-0.12543	2.13106
				}
				{VolumeView "door2.ply"}
				{bone "window2"
					{parameters "ID=body;"}
					{Position 1.39415	0.125473	-1.61821}
					{VolumeView "window2.ply"}
					{bone "fxglass2"
						{Matrix34
							0	0	-1
							0	1	0
							1	0	0
							-3.28561	0.793212	1.60321
						}
					}
				}
			}
			{bone "shooter_b01"
				{Matrix34
					1	0	0
					0	1	0
					0	0	1
					8.77698	-90.5776	-17.08
				}
			}
			{bone "shooter_b03"
				{Matrix34
					1	0	0
					0	1	0
					0	0	1
					9.33181	96.2067	-17.1929
				}
			}
			{bone revolute "gun_rot1"
				{limits -30 30}
				{speed 0.01}
				{Matrix34
					1	0	0
					0	0	1
					0	-1	0
					-26.1648	-2.219e-005	-27.6441
				}
				{bone revolute "foresight1"
					{limits -7 7}
					{speed 0.01}
					{Matrix34
						1	0	0
						0	0	-1
						0	1	0
						90.6932	-9.01306	4.872e-005
					}
				}
			}
			{bone revolute "mgun_rot1"
				{limits -30 30}
				{speed 0.01}
				{parameters "ID=body;"}
				{Matrix34
					1	0	0
					0	0	1
					0	-1	0
					-25.9284	-6.58167	-13.75
				}
				{bone revolute "foresight5"
					{limits -7 7}
					{speed 0.01}
					{Matrix34 ; лево право
						1	0	0
						0	0	-1
						0	1	0
						66.8589	-8.87466	-6.58173
					}
				}
			}
			{bone "door1"
				{parameters "ID=body;"}
				{Position 0.102526	-0.0397581	1.79479}
				{VolumeView "door1.ply"}
				{bone "window1"
					{parameters "ID=body;"}
					{Matrix34
						-0.000473901	0	1
						0	1	0
						-1	0	-0.000473901
						-0.00762558	0.0208908	1.29151
					}
					{VolumeView "window1.ply"}
					{bone "fxglass1"
						{Matrix34
							0	0	-1
							0	-1	0
							1	0	0
							-2.97207	-0.677196	-2.59056
						}
					}
				}
			}
			{bone "engine"
				{parameters "ID=engine;"}
				{Matrix34
					0.999715	0	0.0238768
					0	1	0
					-0.0183689	0	0.999831
					45.3271	0.0276225	-10.6938
				}
				{VolumeView "engine.ply"}
				{bone "propeller1"
					{parameters "ID=propeller1;"}
					{Matrix34
						0.999847	0	-0.0238579
						-0.0167373	-0.409882	-0.911893
						-0.00752106	0.912139	-0.409772
						24.0863	-0.0269278	-1.99787
					}
					{VolumeView "propeller1.ply"}
					{bone "casserole"
						{parameters "ID=propeller1;"}
						{Matrix34
							1	0	0
							0	0.996215	0.0869184
							0	-0.126641	0.991949
							6.06789	-0.00406837	0.00814056
						}
						{VolumeView "casserole.ply"}
					}
				}
				{bone "carter_motorr"
					{parameters "ID=carter_motorr;"}
					{Matrix34
						0.999847	0	-0.0238771
						0	-1	0
						0.0183691	0	0.99973
						2.33917	-4.909	-0.763408
					}
					{VolumeView "carter_motorr.ply"}
					{bone "fxsmoke1_1"
						{Matrix34
							-1	0	0
							0	-1	0
							0	0	-1
							-15.0748	-14.3696	-1.66024
						}
					}
					{bone "fxsmoke1"
						{Matrix34
							-1	0	0
							0	-1	0
							0	0	-1
							-15.0884	5.98532	-1.68496
						}
					}
				}
				{bone "carter_motorl"
					{parameters "ID=carter_motorl;"}
					{Matrix34
						0.999847	0	-0.0238771
						0	1	0
						0.0183691	0	0.99973
						2.33919	4.85378	-0.763428
					}
					{VolumeView "carter_motorl.ply"}
					{bone "fxsmoke2_1"
						{Matrix34
							-1	0	0
							0	1	0
							0	0	-1
							-15.0885	-14.8221	-1.68496
						}
					}
					{bone "fxsmoke2"
						{Matrix34
							-1	0	0
							0	1	0
							0	0	-1
							-15.0748	5.83649	-1.66024
						}
					}
				}
				{bone "ecope"
					{parameters "ID=ecope;"}
					{Matrix34
						0.999847	0	-0.0238771
						0	-1	0
						0.0183691	0	0.99973
						-2.24439	-0.266635	-12.1242
					}
					{VolumeView "ecope.ply"}
				}
				{bone "fxfire2_1"
					{Matrix34
						0.999847	0	-0.0238772
						0	1	0
						0.0183691	0	0.99973
						-1.97499	0.497219	-0.888547
					}
				}
				{bone "detail1_2"
					{parameters "Id=Detail1;"}
					{Matrix34
						0.999847	0	-0.0238773
						0	1	0
						0.0183691	0	0.99973
						2.52799	10.3322	-3.35432
					}
					{VolumeView "detail1_2.ply"}
				}
				{bone "detail1_1"
					{parameters "ID=Detail1;"}
					{Matrix34
						-0.999847	0	0.0238771
						0	-1	0
						-0.0183691	0	-0.99973
						2.52735	-10.4365	-3.3885
					}
					{VolumeView "detail1_1.ply"}
				}
			}
		}
		{bone "emit2"
			{Position -20.308	-20.6317	-7.83132}
		}
		{bone "emit1"
			{Position -20.8898	19.85	-7.66308}
		}
		{bone "driver"
			{parameters "Group=crew;"}
			{Matrix34
				1	0	0
				0	1	0
				0	0	1
				30	0	8
			}
		}
		{bone "headlightr"
			{parameters "Group=crew;"}
			{Matrix34
				1	0	0
				0	1	0
				0	0	1
				27.5591	-0.00431381	7
			}
		}
		{bone "gunner"
			{parameters "Group=crew;"}
			{Matrix34
				-1	0	0
				0	-1	0
				0	0	1
				7	0	8
			}
		}
	}
}
{obstacle "rectangle1"
	{Obb2
		{Center 3.37859 -7.15256e-006}
		{Extent 100.056 5.62172}
		{Axis 1 0}
	}
	{Rotate}
}
{obstacle "rectangle2"
	{Obb2
		{Center 22.9156 -1.52588e-005}
		{Extent 29.6069 154.276}
		{Axis 1 0}
	}
	{Rotate}
}
{obstacle "rectangle3"
	{Obb2
		{Center -86.4632 7.62939e-006}
		{Extent 11.3135 46.2102}
		{Axis 1 0}
	}
	{Rotate}
}
{Volume "aileronl5"
	{Polyhedron "aileronl5.vol"}
	{Bone "aileron5"}
	{Matrix34
		0.975827	-0.0232895	-0.217298
		-0.217973	-0.175465	-0.960052
		-0.015769	0.98421	-0.1763
		-3.48331	-0.0678687	1.60879
	}
}
{Volume "aileronl6"
	{Polyhedron "aileronl6.vol"}
	{Bone "aileron6"}
	{Matrix34
		0.940517	-0.0341785	-0.338023
		-0.339174	-0.152187	-0.928332
		-0.0197138	0.987761	-0.154727
		-2.27646	0.0735064	-3.45181
	}
}
{Volume "aileronr2"
	{Polyhedron "aileronr2.vol"}
	{Bone "aileron2"}
	{Matrix34
		0.972242	0.233823	0.00843997
		-0.0445603	0.220453	-0.974379
		-0.229693	0.946957	0.224753
		-0.860855	-1.27467	11.5925
	}
}
{Volume "aileronr3"
	{Polyhedron "aileronr3.vol"}
	{Bone "aileron3"}
	{Matrix34
		0.911506	0.234675	0.337766
		0.276551	0.258158	-0.925675
		-0.30443	0.937167	0.170413
		-2.22523	-0.152224	-2.97923
	}
}
{Volume "body_back"
	{Polyhedron "body_back.vol"}
	{Bone "body_back"}
	{Matrix34
		1	0	0
		0	1	0
		0	0	1
		0.58432	-0.115429	0.18978
	}
}
{Volume "body"
	{Polyhedron "body.vol"}
	{Bone "body"}
	{Matrix34
		1	0	0
		0	1	0
		0	0	1
		-2.69433	0.170835	0.0133858
	}
}
{Volume "bomb00"
	{Cylinder 2.28417 18.3046}
	{Bone "bomb00"}
	{Matrix34
		0.00685241	0	-0.999977
		0	1	0
		0.999977	0	0.00685241
		0.00366116	-0.00775146	0.00813007
	}
}
{Volume "bomb01"
	{Cylinder 2.28417 18.3046}
	{Bone "bomb01"}
	{Matrix34
		0.00685241	0	-0.999977
		0	1	0
		0.999977	0	0.00685241
		0.00365544	-0.0358124	0.0485363
	}
}
{Volume "bomb02"
	{Cylinder 2.28417 18.3046}
	{Bone "bomb02"}
	{Matrix34
		0.00685241	0	-0.999977
		0	1	0
		0.999977	0	0.00685241
		0.00366116	-0.00775146	0.00813102
	}
}
{Volume "bomb03"
	{Cylinder 2.28417 18.3046}
	{Bone "bomb03"}
	{Matrix34
		0.00685241	0	-0.999977
		0	1	0
		0.999977	0	0.00685241
		0.00365925	-0.0358124	0.0485373
	}
}
{Volume "cannon_body1"
	{Polyhedron "cannon_body1.vol"}
	{Bone "cannon_body1"}
	{Matrix34
		-1	0	0
		0	-1	0
		0	0	-1
		-0.331881	92.9763	0.320284
	}
}
{Volume "cannon_body2"
	{Polyhedron "cannon_body2.vol"}
	{Bone "cannon_body2"}
	{Matrix34
		-1	0	0
		0	-1	0
		0	0	-1
		-0.332098	92.9763	0.31998
	}
}
{Volume "carter_motorr"
	{Box 44.5191 10.3361 29.0888}
	{Bone "carter_motorr"}
	{Matrix34
		1	0	0
		0	-1	0
		0	0	1
		0.0196847	-0.0741204	-1.84083
	}
}
{Volume "detail1_1"
	{Cylinder 2.54202 33.7327}
	{Bone "detail1_1"}
	{Matrix34
		-0.0273695	0.00832946	-0.99959
		0.0213045	-0.999733	-0.00891395
		0.999398	0.0215387	-0.0271848
		-0.143471	-0.250056	0.151213
	}
}
{Volume "detail1_2"
	{Cylinder 2.54202 33.7327}
	{Bone "detail1_2"}
	{Matrix34
		0.0273695	0.0083312	0.999591
		-0.0213074	-0.999733	0.0089158
		-0.999398	0.0215424	0.027185
		0.143497	-0.25019	-0.151242
	}
}
{Volume "detail2_1"
	{Polyhedron "detail2_1.vol"}
	{Bone "detail2_1"}
	{Matrix34
		1	0	0
		0	-1	0
		0	0	1
		1.57965	-0.871696	0.142491
	}
}
{Volume "detail2_2"
	{Polyhedron "detail2_2.vol"}
	{Bone "detail2_2"}
	{Matrix34
		1	0	0
		0	1	0
		0	0	1
		1.57959	0.871727	0.142424
	}
}
{Volume "ecope"
	{Box 16.4537 21.1454 12.3348}
	{Bone "ecope"}
	{Matrix34
		0	1	0
		1	0	0
		0	0	1
		0.0168154	-0.135996	-0.127774
	}
}
{Volume "elevator1"
	{Polyhedron "elevator1.vol"}
	{Bone "elevator2"}
	{Matrix34
		1	0	0
		0	0	-1
		0	1	0
		-1.40337	0.863155	0.290834
	}
}
{Volume "elevator2"
	{Polyhedron "elevator2.vol"}
	{Bone "elevator1"}
	{Matrix34
		1	0	0
		0	0	-1
		0	1	0
		-1.79148	0.899179	-0.278063
	}
}
{Volume "elevator_fix_l"
	{Polyhedron "elevator_fix_l.vol"}
	{Bone "elevator_fix_l"}
	{Matrix34
		1	0	0
		0	1	0
		0	0	1
		0.769829	0.96825	-0.144356
	}
}
{Volume "elevator_fix_r"
	{Polyhedron "elevator_fix_r.vol"}
	{Bone "elevator_fix_r"}
	{Matrix34
		1	0	0
		0	1	0
		0	0	1
		0.65049	-0.924742	-0.144392
	}
}
{Volume "engine"
	{Box 39.547 13.7721 21.0795}
	{Bone "engine"}
	{Matrix34
		-1.28239	0	0.0306242
		0	-1.13713	0
		0.0183688	0	0.99973
		-0.0500338	0.0731672	-0.12522
	}
}
{Volume "fil_antenne"
	{Cylinder 0.359433 95.3754}
	{Bone "fil_antenne"}
	{Matrix34
		-0.00609999	9.7799e-005	0.999981
		0.000972784	0.999999	-9.18667e-005
		-0.999981	0.000972215	-0.00610009
		-0.292612	-0.0101706	-0.054628
	}
}
{Volume "gouv_fix"
	{Polyhedron "gouv_fix.vol"}
	{Bone "gouv_fix"}
	{Matrix34
		1	0	0
		0	1	0
		0	0	1
		0.650536	0.322591	3.89396
	}
}
{Volume "gun01"
	{Polyhedron "gun01.vol"}
	{Bone "gun01"}
	{Matrix34
		-1	1.43056e-005	0
		1.25716e-005	-1	1.67356e-005
		0	0	-1
		0.469254	0.166138	-0.261564
	}
}
{Volume "gun02"
	{Polyhedron "gun02.vol"}
	{Bone "gun02"}
	{Matrix34
		1	0	0
		0	1	0
		0	0	1
		-0.473221	-0.404472	-0.0675468
	}
}
{Volume "inventory"
	{Polyhedron "inventory.vol"}
	{Bone "body"}
	{Matrix34
		1	0	0
		0	1	0
		0	0	1
		-55.0477	0.00172723	-12.7849
	}
}
{Volume "m31z"
	{Box 16.026 7.2055 2.22128}
	{Bone "mg81z"}
	{Matrix34
		-1.20276	-0.00341006	0.0313731
		0.00340438	-1.20317	-0.000262098
		0.0313733	-0.000173243	1.20277
		2.65877	0.0691433	-0.0700173
	}
}
{Volume "mg01"
	{Polyhedron "mg01.vol"}
	{Bone "mg01"}
	{Matrix34
		1	0	0
		0	0	-1
		0	1	0
		-7.70985	-0.000152588	-79.3605
	}
}
{Volume "mg02"
	{Polyhedron "mg02.vol"}
	{Bone "mg02"}
	{Matrix34
		1	0	0
		0	0	1
		0	-1	0
		-7.71031	-79.3609	0.000168324
	}
}
{Volume "propeller1"
	{Polyhedron "propeller1.vol"}
	{Bone "propeller1"}
	{Matrix34
		-0.90656	0.422023	0.0066769
		0.419205	0.902122	-0.10219
		-0.0491504	-0.0898424	-0.994742
		0.164505	0.706641	4.81394
	}
}
{Volume "retract_wheell"
	{Polyhedron "retract_wheell.vol"}
	{Bone "retract_wheell"}
	{Matrix34
		1	0	0
		0	1	0
		0	0	1
		0.176315	-0.170229	-0.136677
	}
}
{Volume "retract_wheelr"
	{Polyhedron "retract_wheelr.vol"}
	{Bone "retract_wheelr"}
	{Matrix34
		-1	0	0
		0	1	0
		0	0	-1
		-0.17627	-0.169821	0.135766
	}
}
{Volume "rudder"
	{Polyhedron "rudder.vol"}
	{Bone "rudder"}
	{Matrix34
		0.985732	-0.168325	0
		0.168325	0.985732	0
		0	0	1
		-6.36803	1.78392	0.151018
	}
}
{Volume "sup_elevator_fix_l"
	{Polyhedron "sup_elevator_fix_l.vol"}
	{Bone "sup_elevator_fix_l"}
	{Matrix34
		0.999994	0.00230683	0.00269985
		-0.00230685	0.999997	0
		-0.00269983	0	0.999996
		-0.282661	-0.047678	0.58699
	}
}
{Volume "sup_elevator_fix_r"
	{Polyhedron "sup_elevator_fix_r.vol"}
	{Bone "sup_elevator_fix_r"}
	{Matrix34
		0.999994	-0.0023074	0.00269976
		-0.00230742	-0.999997	0
		-0.00269975	0	0.999996
		-0.282669	0.0476456	0.586956
	}
}
{Volume "support_roue_ar"
	{Polyhedron "support_roue_ar.vol"}
	{Bone "support_roue_ar"}
	{Matrix34
		-1	0	0
		0	0	1
		0	1	0
		0.0928955	0.0109084	0.0453987
	}
}
{Volume "wheelback"
	{Polyhedron "wheelback.vol"}
	{Bone "wheelback"}
	{Matrix34
		1	0	0
		0	0	-1
		0	1	0
		-0.000350952	0.0299218	-0.0292533
	}
}
{Volume "wheell"
	{Polyhedron "wheell.vol"}
	{Bone "wheell"}
	{Matrix34
		0	1	0
		1	0	0
		0	0	-1
		0.0635529	0.0215607	-0.00841141
	}
}
{Volume "wheelr"
	{Polyhedron "wheelr.vol"}
	{Bone "wheelr"}
	{Matrix34
		0	1	0
		1	0	0
		0	0	-1
		-0.163385	-0.0112381	-0.0214958
	}
}
{Volume "wingl1"
	{Polyhedron "wingl1.vol"}
	{Bone "wingl1"}
	{Matrix34
		1	0	0
		0	1	0
		0	0	1
		0.729364	2.60462	-0.688015
	}
}
{Volume "wingl2"
	{Polyhedron "wingl2.vol"}
	{Bone "wingl2"}
	{Matrix34
		1	0	0
		0	1	0
		0	0	1
		0.154684	-0.2812	1.34208
	}
}
{Volume "wingl3"
	{Polyhedron "wingl3.vol"}
	{Bone "wingl3"}
	{Matrix34
		-1	0	0
		0	-1	0
		0	0	-1
		-0.579874	-1.17809	-1.90511
	}
}
{Volume "wingr1"
	{Polyhedron "wingr1.vol"}
	{Bone "wingr1"}
	{Matrix34
		1	0	0
		0	1	0
		0	0	1
		0.729355	-2.60464	-0.687978
	}
}
{Volume "wingr2"
	{Polyhedron "wingr2.vol"}
	{Bone "wingr2"}
	{Matrix34
		1	0	0
		0	1	0
		0	0	1
		0.617186	-1.32687	0.855166
	}
}
{Volume "wingr3"
	{Polyhedron "wingr3.vol"}
	{Bone "wingr3"}
	{Matrix34
		1	0	0
		0	1	0
		0	0	1
		-9.10291	-0.598328	1.90613
	}
}
