;Exported by: ubrashaev
;Date:        Mon Mar 28 17:33:49 2005
;File:        D:\-Projects1_5-\-work-\3d\-entourage\radar\radar_x.max
{Skeleton
	{animation
		{sequence "crush" {speed 0.4}}
	}
	{bone "radar"
		{Orientation
			1	0	0
			0	-1	0
			0	0	1
		}
		{VolumeView "radar.ply"}
		{bone "piece1"
			{Matrix34
				0.859183	-0.258954	0.441301
				0.244133	0.965443	0.0912092
				-0.44967	0.0293708	0.892712
				-67.4475	20.9666	62.5462
			}
			{VolumeView "piece1.ply"}
		}
		{bone "piece2"
			{Matrix34
				1	0	0
				0	0.939693	0.34202
				0	-0.34202	0.939693
				-34.8265	21.3563	115.198
			}
			{VolumeView "piece2.ply"}
		}
		{bone "piece3"
			{Matrix34
				0.986077	0.155624	-0.0585983
				0.156911	-0.987449	0.0180105
				-0.05506	-0.0269544	-0.998119
				-29.2416	-41.1039	67.7876
			}
			{VolumeView "piece3.ply"}
		}
		{bone "piece4"
			{Matrix34
				0.969302	0.187717	-0.158798
				-0.153898	0.966887	0.203578
				0.191754	-0.17289	0.966095
				19.1979	-39.4108	67.1506
			}
			{VolumeView "piece4.ply"}
		}
		{bone "fx_exp1"
			{Position -5.55208	-29.6633	48.8103}
		}
		{bone "fx_smoke2"
			{Position -21.8252	-29.6633	48.8103}
		}
		{bone "fx_smoke2a"
			{Position 32.6625	-27.0242	48.8103}
		}
		{bone "fx_fire1"
			{Position -2.01657	-29.6633	48.8103}
		}
		{bone "ladder"
			{Position -83.9445	-27.9465	0}
			{VolumeView "ladder.ply"}
		}
		{bone "anten"
			{Matrix34
				1	0	0
				0	0.939693	0.34202
				0	-0.34202	0.939693
				1.24003	22.4046	70.8232
			}
			{VolumeView "anten.ply"}
		}
		{bone "body"
			{Position -7.76598	-15.4391	25.2468}
			{VolumeView "body.ply"}
		}
	}
}
{Obstacle "rectangle02"
	{Obb2
		{Center -64.0594 27.8746}
		{Extent 21.0902 12.2108}
		{Axis -1 0}
	}
	{Rotate}
}
{Obstacle "rectangle01"
	{Obb2
		{Center 0.101639 -11.4417}
		{Extent 43.0632 73.6522}
		{Axis -1 0}
	}
	{Rotate}
}
{Volume "body16"
	{Box 2.96009 10.2274 49.4938}
	{Bone "radar"}
	{Matrix34
		1	0	0
		0	0.627692	0.778462
		0	-0.778462	0.627692
		-21.6949	45.6708	19.6223
	}
}
{Volume "body14"
	{Box 2.96009 10.2274 49.4938}
	{Bone "radar"}
	{Matrix34
		1	0	0
		0	0.627692	0.778462
		0	-0.778462	0.627692
		1.0376	45.6708	19.6223
	}
}
{Volume "body21"
	{Box 48.8383 12.7843 49.4938}
	{Bone "radar"}
	{Matrix34
		0.766044	0.604023	0.219846
		-0.642788	0.719846	0.262003
		1.33099e-007	-0.34202	0.939693
		45.059	37.7275	76.7467
	}
}
{Volume "body18"
	{Box 2.96009 10.2274 49.4938}
	{Bone "radar"}
	{Matrix34
		1	0	0
		0	0.906308	-0.422618
		0	0.422618	0.906308
		1.0376	26.1772	110.455
	}
}
{Volume "body17"
	{Box 2.96009 10.2274 49.4938}
	{Bone "radar"}
	{Matrix34
		1	0	0
		0	0.906308	-0.422618
		0	0.422618	0.906308
		24.1207	19.0871	113.761
	}
}
{Volume "body9"
	{Box 14.005 38.8178 6.53675}
	{Bone "radar"}
	{Matrix34
		-3.9616e-008	0.906308	-0.422618
		1.81394e-007	-0.422618	-0.906308
		-1	-1.12565e-007	-1.47656e-007
		40.83	4.50117	50.6812
	}
}
{Volume "body22"
	{Box 33.1532 13.0634 20.8507}
	{Bone "radar"}
	{Position 0.145866	-12.1125	42.3478}
}
{Volume "body1"
	{Box 104.06 37.3757 1.2542}
	{Bone "radar"}
	{Matrix34
		1	0	0
		0	0.957474	0.288521
		0	-0.288521	0.957474
		-8.24939	-40.7427	25.4712
	}
}
{Volume "body12"
	{Cylinder 36.5301 31.3574}
	{Bone "radar"}
	{Position 0.55751	0.245355	15.5283}
}
{Volume "piece4"
	{Box 48.5407 40.2073 15.7912}
	{Bone "piece4"}
	{Position 8.82114e-007	-2.98278e-007	-4.53226e-006}
}
{Volume "piece3"
	{Box 49.4004 40.2046 15.7912}
	{Bone "piece3"}
	{Position 10.8709	-6.76447e-007	-3.62774e-007}
}
{Volume "piece2"
	{Box 61.2845 10.1475 57.3732}
	{Bone "piece2"}
	{Matrix34
		0.847256	-0.0693429	0.526639
		0.415859	0.703428	-0.576412
		-0.330482	0.707376	0.62482
		2.75772	5.41544	-3.45494
	}
}
{Volume "piece1"
	{Box 9.40043 17.5882 43.4955}
	{Bone "piece1"}
	{Matrix34
		1	2.13261e-008	1.82739e-008
		1.33758e-008	0.835381	-0.549672
		3.06349e-008	0.549672	0.835381
		-9.3172e-007	-10.1874	-12.9836
	}
}
