;Exported by: sana
;Date:        Fri Feb 02 14:44:16 2007
;File:        D:\-Project-\-3DWork-\Entourage\house_ru_140\house_ru_140_cut_x.max
{Skeleton
	{bone "h_w_4_cut4_x"
		{Orientation
			1	0	0
			0	-1	0
			0	0	1
		}
		{bone "piece04"
			{Position 5.54068	-6.21533	-7.87307}
			{VolumeView "piece04.ply"}
		}
		{bone "piece01"
			{Position 5.6743	11.1175	15.055}
			{VolumeView "piece01.ply"}
		}
		{bone "piece02"
			{Position 5.6743	4.42637	6.60593}
			{VolumeView "piece02.ply"}
		}
		{bone "piece03"
			{Position 5.54071	1.6854	-1.4685}
			{VolumeView "piece03.ply"}
		}
		{bone "piece05"
			{Position -8.96371	1.75718	21.0421}
			{VolumeView "piece05.ply"}
		}
	}
}
{Volume "piece01"
	{Box 36.4075 3.93701 6.99861}
	{Bone "piece01"}
	{Matrix34
		0	0.985633	0.168901
		-1	0	0
		0	-0.168901	0.985633
		0	-1.05512e-005	3.54955e-005
	}
}
{Volume "piece02"
	{Box 29.0333 3.93701 5.57362}
	{Bone "piece02"}
	{Matrix34
		0.198375	0.978634	-0.0540689
		-0.980126	0.198073	-0.0109434
		0	0.0551652	0.998477
		3.12621e-005	0	0
	}
}
{Volume "piece03"
	{Box 27.2 3.93701 6.62521}
	{Bone "piece03"}
	{Matrix34
		0	0.999078	0.0429408
		-1	0	0
		0	-0.0429408	0.999078
		0	0	1.52577e-005
	}
}
{Volume "piece04"
	{Box 21.5303 3.93701 5.54574}
	{Bone "piece04"}
	{Matrix34
		0	0.994782	-0.10202
		-1	0	0
		0	0.10202	0.994782
		0	0	0
	}
}
{Volume "piece05"
	{Box 1.975 1.975 21.2624}
	{Bone "piece05"}
	{Matrix34
		0.0803137	0.711241	-0.698345
		-0.141421	0.701651	0.698345
		0.986686	0.0426743	0.156937
		1.52864e-005	0	0
	}
}
