;Exported by: shevchenko
;Date:        Sun Jul 10 14:25:05 2005
;File:        D:\-Projects1_5-\-3DWork-\shed_euro_109_x.max
{Skeleton
	{animation
		{sequence "crush" {speed 0.4}}
	}
	{bone "shed_euro3"
		{parameters "CommonMesh;"}
		{Orientation
			1	0	0
			0	-1	0
			0	0	1
		}
		{VolumeView "shed_euro3.ply"}
		{bone "piece2"
			{Matrix34
				0	-1	0
				0	0	1
				-1	0	0
				22.489	1.9685	36.8566
			}
			{VolumeView "piece2.ply"}
		}
		{bone "piece3"
			{Matrix34
				1	0	0
				0	0	1
				0	-1	0
				22.4796	-2.2045	66.1368
			}
			{VolumeView "piece3.ply"}
		}
		{bone "piece4"
			{Matrix34
				1	0	0
				0	0	1
				0	-1	0
				5.03315	20.5565	24.5593
			}
			{VolumeView "piece4.ply"}
		}
		{bone "piece6"
			{Matrix34
				1	0	0
				0	0	1
				0	-1	0
				-7.77559	20.5565	18.7008
			}
			{VolumeView "piece6.ply"}
		}
		{bone "piece7"
			{Matrix34
				0	-1	0
				0	0	1
				-1	0	0
				22.489	14.0396	26.4896
			}
			{VolumeView "piece7.ply"}
		}
		{bone "exterior"
			{Position 1.20079	-0.551181	70.7677}
		}
	}
}
{Volume "piece7"
	{Box 5.64271 15.4488 7.78696}
	{Bone "piece7"}
	{Matrix34
		0	0	-1
		0.152536	0.988298	0
		0.988298	-0.152536	0
		0.428695	-1.38857	-0.314943
	}
}
{Volume "piece6"
	{Box 8.41437 14.1732 5}
	{Bone "piece6"}
	{Matrix34
		0.886221	0.463262	0
		-0.463262	0.886221	0
		0	0	1
		-0.914049	0.775972	-0.530442
	}
}
{Volume "piece4"
	{Box 11.4783 14.8051 5}
	{Bone "piece4"}
	{Matrix34
		0.942924	0.333007	0
		-0.333007	0.942924	0
		0	0	1
		1.00266	-0.00292919	-0.530443
	}
}
{Volume "piece3"
	{Box 5.68426 24.3544 12.59}
	{Bone "piece3"}
	{Matrix34
		1	0	0
		0	0.673015	0.739629
		0	-0.739629	0.673015
		0.32431	-0.977435	1.72907
	}
}
{Volume "piece2"
	{Box 6.38681 17.2726 11.227}
	{Bone "piece2"}
	{Matrix34
		0	0	-1
		0	1	0
		1	0	0
		-0.629376	-0.309939	-0.314949
	}
}
