;Exported by: sana
;Date:        Thu Apr 13 10:10:26 2006
;File:        D:\-Project-\-3DWork-\Entourage\gate_snackbar_big1.max
{Skeleton
	{bone "gate_snackbar"
		{Orientation
			1	0	0
			0	-1	0
			0	0	1
		}
		{VolumeView "gate_snackbar.ply"}
		{bone "fx_stone1"
			{Matrix34
				-1	0	0
				0	0	1
				0	1	0
				-0.543962	15.3498	16.4807
			}
		}
		{bone "piece2"
			{Matrix34
				-1	0	0
				0	-1	0
				0	0	1
				0.253654	22.7824	30.3903
			}
			{VolumeView "piece2.ply"}
		}
		{bone "piece3"
			{Matrix34
				-1	0	0
				0	-1	0
				0	0	1
				0.253676	12.5556	44.9639
			}
			{VolumeView "piece3.ply"}
		}
		{bone "piece4"
			{Matrix34
				-1	0	0
				0	-1	0
				0	0	1
				0.253662	-19.2041	41.9718
			}
			{VolumeView "piece4.ply"}
		}
		{bone "piece5"
			{Matrix34
				-1	0	0
				0	-1	0
				0	0	1
				0.253664	-23.1465	25.0288
			}
			{VolumeView "piece5.ply"}
		}
		{bone "piece6"
			{Matrix34
				-1	0	0
				0	-1	0
				0	0	1
				0.0474243	0.0583496	53.6424
			}
			{VolumeView "piece6.ply"}
		}
		{bone "piece7"
			{Matrix34
				-1	0	0
				0	-1	0
				0	0	1
				0.0474319	28.8051	53.6424
			}
			{VolumeView "piece7.ply"}
		}
		{bone "piece9"
			{Matrix34
				-1	0	0
				0	0	1
				0	1	0
				-0.056366	-36.3007	56.6392
			}
			{VolumeView "piece9.ply"}
		}
	}
}
{Volume "body1"
	{Box 15.252 16.5798 5.34613}
	{Bone "gate_snackbar"}
	{Matrix34
		0	1	0
		-1	0	0
		0	0	1
		0.231022	22.8768	2.60208
	}
}
{Volume "body2"
	{Box 15.252 16.5798 6.21307}
	{Bone "gate_snackbar"}
	{Matrix34
		0	1	0
		-1	0	0
		0	0	1
		-0.0776098	-22.4667	3.04437
	}
}
{Volume "piece2"
	{Box 16.4 17.0926 14.4852}
	{Bone "piece2"}
	{Matrix34
		0	-1	0
		1	0	0
		0	0	1
		0.0226573	-0.286619	-0.306868
	}
}
{Volume "piece3"
	{Box 20.2695 17.0926 12.071}
	{Bone "piece3"}
	{Matrix34
		0	-1	0
		1	0	0
		0	0	1
		0.0226566	-0.314193	0.906811
	}
}
{Volume "piece4"
	{Box 22.032 17.0926 17.2443}
	{Bone "piece4"}
	{Matrix34
		0	-1	0
		1	0	0
		0	0	1
		0.0226541	0.208515	0.108747
	}
}
{Volume "piece5"
	{Box 16.3566 17.0926 7.17815}
	{Bone "piece5"}
	{Matrix34
		0	-1	0
		1	0	0
		0	0	1
		0.0226538	0.177998	0.176167
	}
}
{Volume "piece6_1"
	{Box 20.4039 12.8587 0.864391}
	{Bone "piece6"}
	{Matrix34
		0	-1	0
		0.766045	0	-0.642788
		0.642788	0	0.766045
		4.60696	-0.719009	-0.111862
	}
}
{Volume "piece6_2"
	{Box 20.4039 12.8587 0.864391}
	{Bone "piece6"}
	{Matrix34
		0	1	0
		-0.766045	0	-0.642788
		-0.642788	0	0.766045
		-4.97957	-0.71901	-0.111862
	}
}
{Volume "piece7_1"
	{Box 17.5981 12.8587 0.864391}
	{Bone "piece7"}
	{Matrix34
		0	-1	0
		0.766045	0	-0.642788
		0.642788	0	0.766045
		4.60696	0.194522	-0.111866
	}
}
{Volume "piece7_2"
	{Box 17.9554 12.8587 0.864391}
	{Bone "piece7"}
	{Matrix34
		0	1	0
		-0.766045	0	-0.642788
		-0.642788	0	0.766045
		-4.97957	0.194522	-0.111874
	}
}
{Volume "piece9_1"
	{Box 17.1393 12.8587 0.864391}
	{Bone "piece9"}
	{Matrix34
		0	0	1
		0.766044	-0.642788	0
		0.642788	0.766044	0
		4.50316	-3.10866	8.19613
	}
}
{Volume "piece9_2"
	{Box 17.7514 12.8587 0.864391}
	{Bone "piece9"}
	{Matrix34
		0	0	-1
		-0.766044	-0.642788	0
		-0.642788	0.766044	0
		-5.08336	-3.10866	8.13077
	}
}
