;Exported by: sana
;Date:        Thu Mar 22 14:28:41 2007
;File:        D:\-Project-\-3DWork-\Entourage\SelSovet\SelSovet_cut2_x.max
{Skeleton
	{bone "sels_wall2_17_x"
		{Orientation
			1	0	0
			0	-1	0
			0	0	1
		}
		{bone "piece04"
			{Position 5.33024	-21.3644	20.7557}
			{VolumeView "piece04.ply"}
			{bone "sub_piece04"
				{Position -11.2121	0	3.6766}
				{VolumeView "sub_piece04.ply"}
			}
		}
		{bone "piece03"
			{Position -20.7917	-21.3708	15.892}
			{VolumeView "piece03.ply"}
		}
		{bone "piece07"
			{Position -31.3474	-0.248474	28.1763}
			{VolumeView "piece07.ply"}
			{bone "sub_piece07"
				{Position -0.0501404	-7.74345	-4.52596}
				{VolumeView "sub_piece07.ply"}
			}
		}
		{bone "piece01"
			{Position -13.4909	0.298355	43.9207}
			{VolumeView "piece01.ply"}
		}
		{bone "piece08"
			{Position -7.57327	8.66643	25.2265}
			{VolumeView "piece08.ply"}
		}
		{bone "piece02"
			{Position 12.4577	-3.14986	43.1305}
			{VolumeView "piece02.ply"}
		}
		{bone "piece09"
			{Position -22.5759	-1.5436	35.1293}
			{VolumeView "piece09.ply"}
		}
	}
}
{Volume "piece01"
	{Box 29.0492 40.7501 2.4895}
	{Bone "piece01"}
	{Matrix34
		1	0	0
		0	0.87203	0.489453
		0	-0.489453	0.87203
		-2.34016	-3.28694	-0.508356
	}
}
{Volume "piece02"
	{Box 35.0439 40.6623 2.69042}
	{Bone "piece02"}
	{Matrix34
		1	0	0
		0	0.867098	0.498137
		0	-0.498137	0.867098
		0	-2.27513	0.353098
	}
}
{Volume "piece03"
	{Box 19.8111 4.0612 13.6573}
	{Bone "piece03"}
	{Matrix34
		0.970046	0	0.242919
		0	1	0
		-0.242919	0	0.970046
		-0.264403	0	0.182756
	}
}
{Volume "piece04"
	{Box 16.2416 4.0741 20.0584}
	{Bone "piece04"}
	{Matrix34
		0.9203	0	-0.391213
		0	1	0
		0.391213	0	0.9203
		-0.840399	0	0.885257
	}
}
{Volume "piece07"
	{Box 8.80396 12.1237 19.2534}
	{Bone "piece07"}
	{Matrix34
		1	0	0
		0	0.872358	0.488868
		0	-0.488868	0.872358
		0	0.409232	-0.730259
	}
}
{Volume "piece08"
	{Box 3.40497 46.7394 3.18418}
	{Bone "piece08"}
	{Matrix34
		1	0	0
		0	0.993648	0.112535
		0	-0.112535	0.993648
		0	0.280226	0.122763
	}
}
{Volume "piece09"
	{Box 4.16953 31.2671 3.22235}
	{Bone "piece09"}
	{Matrix34
		1	0	0
		0	0.873801	0.486285
		0	-0.486285	0.873801
		0	-0.189817	0.439322
	}
}
{Volume "sub_piece04"
	{Box 10.1386 4.0741 11.5618}
	{Bone "sub_piece04"}
	{Position -1.18562	0	0.714557}
}
{Volume "sub_piece07"
	{Box 8.68343 7.06444 11.8594}
	{Bone "sub_piece07"}
	{Matrix34
		1	0	0
		0	0.816386	0.577507
		0	-0.577507	0.816386
		0	-0.485832	-0.0884655
	}
}
