;Exported by: golanov
;Date:        Tue Dec 20 11:43:23 2005
;File:        D:\-Projects-\-3DWork-\Constructions\LightHouse\LightHouse_Westkapelle_x01.max
{Skeleton
	{bone "lh_wk_f3_4_x"
		{Orientation
			1	0	0
			0	-1	0
			0	0	1
		}
		{bone "piece0"
			{Position -10.8598	-1.90058	-11.6944}
			{VolumeView "piece0.ply"}
		}
		{bone "sub_piece0"
			{Position -12.5584	-4.39753	25.1536}
			{VolumeView "sub_piece0.ply"}
		}
		{bone "piece1"
			{Position 1.41322	-21.3154	-3.46817}
			{VolumeView "piece1.ply"}
		}
		{bone "sub_piece1"
			{Position 7.36637	-32.9035	-59.439}
			{VolumeView "sub_piece1.ply"}
		}
	}
}
{Volume "piece0"
	{Box 8.1465 14.3937 23.7207}
	{Bone "piece0"}
	{Matrix34
		0.498459	0.863356	0.0784589
		-0.640112	0.305507	0.704927
		0.584633	-0.4016	0.704927
		0.741522	-1.77198	0.566473
	}
}
{Volume "piece1"
	{Box 9.19916 21.1531 44.0144}
	{Bone "piece1"}
	{Matrix34
		0.981772	0.173113	0.0784591
		-0.173648	0.984808	0
		-0.0772672	-0.0136243	0.996917
		1.30803	-0.184115	-0.412805
	}
}
{Volume "sub_piece0"
	{Box 8.1465 14.3937 17.1287}
	{Bone "sub_piece0"}
	{Matrix34
		0.421316	0.903514	0.0784591
		-0.906308	0.422618	0
		-0.0331583	-0.0711081	0.996917
		0.0121775	0.19506	0.00554097
	}
}
{Volume "sub_piece1"
	{Box 10.6246 24.7491 44.7195}
	{Bone "sub_piece1"}
	{Matrix34
		0.993124	0.0868868	0.0784591
		-0.0871558	0.996195	0
		-0.0781606	-0.00683814	0.996917
		0.0768395	-1.43033	-4.01885
	}
}
