;Exported by: sana
;Date:        Wed Feb 22 11:56:25 2006
;File:        D:\-Project-\-3DWork-\Entourage\build_euro\build-20_cut02_x.max
{Skeleton
	{bone "b_euro_corn12"
		{Orientation
			1	0	0
			0	-1	0
			0	0	1
		}
		{bone "piece00"
			{Position -12.867	-21.4076	42.5129}
			{VolumeView "piece00.ply"}
			{bone "sub_piece00"
				{Position 0	10.8956	3.95432}
				{VolumeView "sub_piece00.ply"}
			}
		}
		{bone "piece01"
			{Position -12.867	-23.5862	23.3263}
			{VolumeView "piece01.ply"}
			{bone "sub_piece01"
				{Position 0	11.5503	-6.03656}
				{VolumeView "sub_piece01.ply"}
			}
		}
		{bone "piece02"
			{Position -12.867	9.78119	35.5895}
			{VolumeView "piece02.ply"}
		}
		{bone "piece03"
			{Position -12.867	23.613	22.5183}
			{VolumeView "piece03.ply"}
			{bone "sub_piece03"
				{Position 0	-5.84643	-10.0768}
				{VolumeView "sub_piece03.ply"}
			}
		}
		{bone "piece04"
			{Position -0.665207	20.75	25.8069}
			{VolumeView "piece04.ply"}
			{bone "sub_piece04"
				{Position -1.86761	0	-11.9718}
				{VolumeView "sub_piece04.ply"}
			}
		}
		{bone "piece05"
			{Position 14.2278	20.75	17.3787}
			{VolumeView "piece05.ply"}
		}
	}
}
{Volume "piece00"
	{Box 7.87402 19.0128 12.9287}
	{Bone "piece00"}
	{Position 0	0	0}
}
{Volume "piece01"
	{Box 7.87402 18.0621 22.6252}
	{Bone "piece01"}
	{Position 0	0	0}
}
{Volume "piece02"
	{Box 7.87402 12.5484 16.929}
	{Bone "piece02"}
	{Position 0	0	0.104109}
}
{Volume "piece03"
	{Box 7.87402 15.5439 20.3639}
	{Bone "piece03"}
	{Matrix34
		1	0	0
		0	0.945776	0.32482
		0	-0.32482	0.945776
		0	-0.798559	-0.0571213
	}
}
{Volume "piece04"
	{Box 17.2394 5.90552 14.5578}
	{Bone "piece04"}
	{Position 0	0	0}
}
{Volume "piece05"
	{Box 13.2658 5.90552 15.1324}
	{Bone "piece05"}
	{Matrix34
		0.95361	0	0.301045
		0	1	0
		-0.301045	0	0.95361
		-0.0842627	0	-0.334162
	}
}
{Volume "sub_piece00"
	{Box 7.87402 13.108 8.01669}
	{Bone "sub_piece00"}
	{Matrix34
		1	0	0
		0	0.987247	0.159196
		0	-0.159196	0.987247
		0	0.611981	-0.110072
	}
}
{Volume "sub_piece01"
	{Box 7.87402 10.457 13.0314}
	{Bone "sub_piece01"}
	{Matrix34
		1	0	0
		0	0.956573	-0.291492
		0	0.291492	0.956573
		0	0.308868	-0.604338
	}
}
{Volume "sub_piece03"
	{Box 7.87402 14.4497 11.6415}
	{Bone "sub_piece03"}
	{Matrix34
		1	0	0
		0	0.813398	-0.581708
		0	0.581708	0.813398
		0	-1.09249	-1.05785
	}
}
{Volume "sub_piece04"
	{Box 13.1211 5.90552 10.3437}
	{Bone "sub_piece04"}
	{Matrix34
		0.999056	0	0.0434448
		0	1	0
		-0.0434448	0	0.999056
		0	0	-0.0593369
	}
}
