;Exported by: Yurov
;Date:        Fri Jul 08 15:20:12 2005
;File:        D:\-Projects-\-3DWork-\Soldiers\Hi-poly\Germany\GER_SS\ger_ss_NewSkeleton_REF.max
{Skeleton
	{extension "/properties/animation/human/human_anm.ext"}
	{bone revolute "basis"
		{limits -30 30}
		{speed 0.1}
		{Orientation
			1	0	0
			0	-1	0
			0	0	1
		}
		{bone "handle"}
		{bone "body"
			{Matrix34
				0	0	1
				0	-1	0
				1	0	0
				0	0.0344553	19.9224
			}
			{bone "foot1l"
				{Matrix34
					-0.993535	-0.0202547	0.111703
					0.111666	0.00297584	0.993741
					0.0204604	-0.99979	0.000694824
					-0.143509	-2.13095	-0.488995
				}
				{bone "foot2l"
					{Matrix34
						0.952385	-0.304899	-0.000108002
						0.304899	0.952385	-4.08264e-005
						0.000115287	0	1
						9.37838	-0.0471724	0
					}
					{bone "foot3l"
						{Matrix34
							0.0905576	0.979615	0.179314
							0.00345643	-0.180362	0.983594
							0.995885	-0.0884523	-0.0197191
							9.2003	-0.346289	-0.072997
						}
					}
				}
			}
			{bone "foot1r"
				{Matrix34
					-0.993573	0.0113964	0.112617
					0.112605	-0.0016877	0.993638
					0.0115138	0.999934	0.000393569
					-0.143518	2.17103	-0.488755
				}
				{bone "foot2r"
					{Matrix34
						0.951792	-0.306743	-0.000104386
						0.306743	0.951792	-3.94955e-005
						0.000111691	0	1
						9.37831	-0.0472316	0
					}
					{bone "foot3r"
						{Matrix34
							0.0880249	0.974738	0.205275
							0.00721153	0.205446	-0.978642
							-0.996092	0.0876249	0.0110547
							9.2003	-0.346288	-0.0729958
						}
					}
				}
			}
			{bone revolute "ik_leftright"
				{limits -20 20}
				;{limits 0 0}
				{speed 0.1}
				{Matrix34
					0	0	1
					0	-1	0
					1	0	0
					1.90368	0.0344548	0
				}
				{bone planarsocket "ik_socket"
					{limits 30}
					{speed 0.1}
					{Matrix34
					    0   1	0
						1	0	0
						0	0	1
	        
						0	0	0
					}
					{bone "compensate"
						{Matrix34
						    0   1	0
							1	0	0
							0	0	1
	        
							0	0   0
						}
						{bone revolute "ik_updown"
							;{limits -40 20}
							{limits 0 0}
							{speed 0.1}
							{Matrix34
								1	0	0
								0	0	1
								0	-1	0
								0	0	1.66801
							}
							{bone "head"
								{Matrix34
									1	0	0
									0	0	-1
									0	1	0
									0	7.21458	0
								}
								{bone "visor"
									{Matrix34
										1	0	0
										0	1	0
										0	0	1
										2.31916	0	2.33291
									}
								}
							}
							{bone "gun_back"
								{Matrix34
									0.00647827	0.996053	0.0885295
									-0.106389	0.0887156	-0.990359
									-0.994303	-0.00300278	0.106544
									-4.16774	-4.2536	2.42593
								}
							}
							{bone "clavicle_right"
								{Position -0.13918	6.12487	1.17253}
								{bone "hand1r"
									{Matrix34
										-0.139908	-0.964538	0.223815
										0.8542	-0.23189	-0.465371
										0.500768	0.126073	0.856351
										0.0503405	-0.225974	2.95337
									}
									{bone "hand2r"
										{Matrix34
											0.941579	0.336792	0
											-0.336792	0.941579	0
											0	0	1
											6.26813	0	0
										}
										{bone "right_hand"
											{Matrix34
												0.997179	0.0750639	0.000306329
												-0.0690742	0.915993	0.395203
												0.0293851	-0.394109	0.918594
												6.26416	1.39944	0.337036
											}
										}
										{bone "hand_rot1r"
											{Matrix34
												0.0033359	-0.999958	0.00855793
												-0.999992	-0.00331784	0.00210724
												-0.00207877	-0.00856494	-0.999961
												5.19225	0	0
											}
											{bone "palm1r"
												{Matrix34
													-0.987462	-0.121604	-0.100652
													-0.0703691	-0.231655	0.97025
													-0.141302	0.965167	0.220194
													0.12139	-0.163001	0.149547
												}
												{bone "palm2r"
													{Matrix34
														-0.00756741	0.50705	-0.861883
														0.00245775	0.861916	0.507046
														0.999968	0.00171632	-0.00776881
														0.146144	0.242285	-1.25751
													}
													{bone "palm3r"
														{Matrix34
															0.576833	0.816863	0
															-0.816862	0.576832	0
															0	0	1
															0.58188	-0.000115261	0
														}
													}
												}
											}
										}
									}
								}
							}
							{bone "clavicle_left"
								{Position -0.13918	6.12487	-1.18112}
								{bone "hand1l"
									{Matrix34
										-0.17574	-0.948524	-0.263473
										0.850453	-0.281083	0.444659
										-0.495827	-0.145928	0.856073
										0.0503408	-0.225974	-2.95273
									}
									{bone "hand2l"
										{Matrix34
											0.864419	0.502773	0
											-0.502773	0.864419	0
											0	0	1
											6.26813	0	0
										}
										{bone "left_hand"
											{Matrix34
												0.275672	0.823505	-0.495827
												0.00418853	-0.516838	-0.856073
												-0.961242	0.233919	-0.145927
												5.99778	-0.667303	0.409924
											}
										}
										{bone "hand_rot1l"
											{Matrix34
												0.00130216	-0.999931	0.0116371
												-0.999999	-0.00131429	-0.00103847
												0.00105358	-0.0116363	-0.999932
												5.25744	-0.000656051	-0.00162079
											}
											{bone "palm1l"
												{Matrix34
													0.965404	0.249251	-0.0766089
													-0.0261254	-0.199861	-0.979476
													-0.259446	0.947591	-0.186436
													0.0886898	-0.337659	-0.0916094
												}
												{bone "palm2l"
													{Matrix34
														-0.00583927	0.491345	-0.870945
														-0.00450489	-0.870965	-0.491325
														-0.999973	0.0010554	0.00729822
														-0.0738367	0.242492	-1.26342
													}
													{bone "palm3l"
														{Matrix34
															0.578449	-0.815719	0
															0.815719	0.578449	0
															0	0	1
															0.578554	0.00016544	0
														}
													}
												}
											}
										}
									}
								}
							}
						}
					}
				}
			}
			{bone revolute "placement"
				{Matrix34
					0	1	0
					-1	0	0
					0	0	1
					0.783108	0	0
				}
			}
		}
		{bone revolute "foresight2rot"
			{limits -20 20}
			{speed 0.1}
			{Position 13.7429	0.0246876	27.5947}
			{bone revolute "foresight2"
				{limits -10 80}
				{speed 0.1}
				{Matrix34
					1	0	0
					0	0	1
					0	-1	0
					4.98851	0	0
				}
			}
		}
		{bone "skin"
			{Matrix34
				1	0	0
				0	-1	0
				0	0	1
				-0.580139	-0.0706339	23.3558
			}
			{VolumeView "skin.ply"}
		}
	}
}
{Volume "body"
	{Box 5.79517 10.1378 10.5315}
	{Bone "ik_updown"}
	{Matrix34
		1	0	0
		0	0	-1
		0	1	0
		0.0972269	1.4567	0.0175823
	}
}
{Volume "head"
	{Box 3.93701 4.2052 5.71606}
	{Bone "head"}
	{Position 0.0972269	-0.017583	2.16047}
}
{Volume "foot1r"
	{Box 5.31496 4.33071 10.2667}
	{Bone "foot1r"}
	{Matrix34
		-0.000547874	0.999998	0.00169417
		-0.0113967	0.00168782	-0.999934
		-0.999935	-0.000567006	0.0113954
		4.59069	-0.0514774	-0.0236297
	}
}
{Volume "foot2r"
	{Box 4.76378 3.34646 10.5843}
	{Bone "foot2r"}
	{Matrix34
		-0.0340668	0.999419	-0.00146551
		-0.0112599	-0.00184951	-0.999935
		-0.999356	-0.0340486	0.0113172
		5.35503	-0.0714047	-0.0133916
	}
}
{Volume "foot1l"
	{Box 5.31496 4.33071 10.2667}
	{Bone "foot1l"}
	{Matrix34
		-0.00145271	0.999994	0.00300585
		0.0202548	-0.0029758	0.99979
		-0.999794	-0.00151317	0.0202504
		4.5898	-0.0468472	-0.0931758
	}
}
{Volume "foot2l"
	{Box 4.77051 3.34646 10.5843}
	{Bone "foot2l"}
	{Matrix34
		-0.0330716	0.999449	-0.00263528
		0.0200897	0.00330076	0.999793
		-0.999251	-0.0330119	0.0201878
		5.3503	-0.068715	-0.207656
	}
}
