;Exported by: dementor
;Date:        Mon Sep 24 11:19:31 2007
;File:        C:\Documents and Settings\dementor\Мои документы\3dsmax\scenes\CerkoV3_x.max
{Skeleton
	{bone "asl03_ch_f2"
		{Orientation
			1	0	0
			0	-1	0
			0	0	1
		}
		{bone "piece1"
			{Matrix34
				0.642788	-0.766044	0
				0	0	1
				-0.766044	-0.642788	0
				4.68877	-9.59713	54.1556
			}
			{VolumeView "piece1.ply"}
		}
		{bone "piece2"
			{Matrix34
				0.642788	-0.766044	0
				0	0	1
				-0.766044	-0.642788	0
				-2.67994	-2.81271	33.1402
			}
			{VolumeView "piece2.ply"}
		}
		{bone "piece3"
			{Matrix34
				0.642788	-0.766044	0
				0	0	1
				-0.766044	-0.642788	0
				12.3305	-18.4383	40.4779
			}
			{VolumeView "piece3.ply"}
		}
		{bone "piece4"
			{Matrix34
				0.642788	-0.766044	0
				0	0	1
				-0.766044	-0.642788	0
				12.3305	-18.4383	45.7625
			}
			{VolumeView "piece4.ply"}
		}
	}
}
{Volume "piece1"
	{Box 8.98714 11.7717 7.87402}
	{Bone "piece1"}
	{Position -6.90759	1.4072	3.93701}
}
{Volume "piece2"
	{Box 7.78388 6.68498 7.87401}
	{Bone "piece2"}
	{Position -5.71036	19.5513	3.93701}
}
{Volume "piece3"
	{Box 7.78388 6.68498 7.87401}
	{Bone "piece3"}
	{Position -5.71036	19.5513	3.93701}
}
{Volume "piece4"
	{Box 8.98714 11.7717 7.87401}
	{Bone "piece4"}
	{Position -6.90759	1.4072	3.93701}
}
