;Exported by: sergienko
;Date:        Mon Aug 29 10:58:39 2005
;File:        D:\-projets1_5\3dwork\anima\construction\ruins\ruins_x.max
{Skeleton
	{bone "ruin2"
		{Orientation
			1	0	0
			0	-1	0
			0	0	1
		}
		{bone "piece1"
			{Position -1.54146	-6.77735	27.6431}
			{VolumeView "piece1.ply"}
		}
		{bone "piece4"
			{Position -1.54149	28.1323	37.9873}
			{VolumeView "piece4.ply"}
		}
		{bone "piece3"
			{Position -1.54146	13.1986	20.3362}
			{VolumeView "piece3.ply"}
		}
		{bone "piece5"
			{Position -1.54146	30.9763	18.2359}
			{VolumeView "piece5.ply"}
		}
		{bone "piece2"
			{Position -1.54146	-3.59895	9.55091}
			{VolumeView "piece2.ply"}
		}
		{bone "fx_dust"
			{Position -6.18106	1.60398	16.6646}
		}
	}
}
{Volume "piece2"
	{Box 4.72691 11.7359 14.1853}
	{Bone "piece2"}
	{Matrix34
		1	0	0
		0	0.939693	-0.34202
		0	0.34202	0.939693
		0	-0.691204	0.323643
	}
}
{Volume "piece5"
	{Box 4.72691 9.18465 17.8889}
	{Bone "piece5"}
	{Matrix34
		1	0	0
		0	0.939693	0.34202
		0	-0.34202	0.939693
		-1.39919e-005	0.33205	0.909514
	}
}
{Volume "piece3"
	{Box 4.72691 12.4163 18.0855}
	{Bone "piece3"}
	{Matrix34
		1	0	0
		0	0.422618	-0.906308
		0	0.906308	0.422618
		0	-0.272493	-0.0503686
	}
}
{Volume "piece4"
	{Box 4.72691 17.0086 19.6581}
	{Bone "piece4"}
	{Matrix34
		-1	0	0
		0	-1	0
		0	0	1
		2.02889e-005	1.74558e-005	0.563379
	}
}
{Volume "piece1"
	{Box 4.72691 17.0086 19.6581}
	{Bone "piece1"}
	{Position 1.72628e-005	0	0.563377}
}
