;Exported by: sana
;Date:        Tue Feb 28 19:53:42 2006
;File:        D:\-Project-\-3DWork-\Entourage\e-house3a\e_farm112_new_x.max
{Skeleton
	{bone "farm_corn5"
		{Orientation
			1	0	0
			0	-1	0
			0	0	1
		}
		{bone "exterior"
			{Position 27.5394	1.14172	90.5118}
		}
		{bone "piece0"
			{Matrix34
				-1	0	0
				0	-1	0
				0	0	-1
				46.6582	-2.8559	59.6788
			}
			{VolumeView "piece0.ply"}
		}
		{bone "piece1"
			{Matrix34
				-1	0	0
				0	-1	0
				0	0	-1
				25.3262	-5.10187	90.3358
			}
			{VolumeView "piece1.ply"}
		}
		{bone "piece2"
			{Position 22.2106	17.6511	99.864}
			{VolumeView "piece2.ply"}
		}
		{bone "piece3"
			{Position 14.8784	-13.8125	109.425}
			{VolumeView "piece3.ply"}
		}
		{bone "piece4"
			{Position 39.9445	-13.8125	73.1807}
			{VolumeView "piece4.ply"}
		}
		{bone "piece5"
			{Position 7.66174	-22.8131	103.587}
			{VolumeView "piece5.ply"}
			{bone "sub_piece5"
				{Position -2.09515	0	-19.4278}
				{VolumeView "sub_piece5.ply"}
			}
		}
		{bone "piece6"
			{Position -34.6929	-22.8131	85.5092}
			{VolumeView "piece6.ply"}
			{bone "sub_piece6"
				{Position 3.63641	0	-18.3167}
				{VolumeView "sub_piece6.ply"}
			}
		}
		{bone "piece7"
			{Position -7.28381	-22.8131	62.1724}
			{VolumeView "piece7.ply"}
			{bone "sub_piece7"
				{Position 17.718	0	0.61351}
				{VolumeView "sub_piece7.ply"}
			}
		}
		{bone "piece8"
			{Position 25.5099	-22.8131	78.2364}
			{VolumeView "piece8.ply"}
			{bone "sub_piece8"
				{Position 2.15491	0	-16.4985}
				{VolumeView "sub_piece8.ply"}
			}
		}
		{bone "piece9"
			{Position 40.3249	-22.8131	46.2495}
			{VolumeView "piece9.ply"}
			{bone "sub_piece9"
				{Position -6.12793	0	-10.9766}
				{VolumeView "sub_piece9.ply"}
			}
		}
		{bone "piece10"
			{Position -0.475098	-22.8131	24.3343}
			{VolumeView "piece10.ply"}
			{bone "sub_piece10"
				{Position 6.59381	0	-14.3124}
				{VolumeView "sub_piece10.ply"}
			}
		}
		{bone "piece11"
			{Position -44.6232	-22.8131	37.5844}
			{VolumeView "piece11.ply"}
			{bone "sub_piece11"
				{Position 9.99957	0	-7.95206}
				{VolumeView "sub_piece11.ply"}
			}
		}
	}
}
{Volume "piece0"
	{Box 3.40955 59.512 2.95276}
	{Bone "piece0"}
	{Matrix34
		-1	0	0
		0	-1	0
		0	0	-1
		0	0	0
	}
}
{Volume "piece10"
	{Box 19.9329 6.75 28.4987}
	{Bone "piece10"}
	{Position 0	0	0.305682}
}
{Volume "piece11"
	{Box 16.6775 6.75 25.2581}
	{Bone "piece11"}
	{Matrix34
		0.984808	0	-0.173648
		0	1	0
		0.173648	0	0.984808
		-0.0813142	0	-0.344436
	}
}
{Volume "piece1"
	{Box 3.40955 59.5971 2.95276}
	{Bone "piece1"}
	{Matrix34
		-1	0	0
		0	-1	0
		0	0	-1
		0	-2.28851	0
	}
}
{Volume "piece2"
	{Box 3.79375 24.525 46.1994}
	{Bone "piece2"}
	{Matrix34
		0.819152	0	0.573576
		0	1	0
		-0.573576	0	0.819152
		-1.04451	2.20404	0.292202
	}
}
{Volume "piece3"
	{Box 4.14942 26.7451 36.3954}
	{Bone "piece3"}
	{Matrix34
		0.819152	0	0.573576
		0	1	0
		-0.573576	0	0.819152
		2.01461	-3.67276	-3.07734
	}
}
{Volume "piece4"
	{Box 3.90135 26.4149 45.9603}
	{Bone "piece4"}
	{Matrix34
		0.819152	0	0.573576
		0	1	0
		-0.573576	0	0.819152
		0.260074	-3.55722	-0.787412
	}
}
{Volume "piece5"
	{Box 21.4449 6.75 20.4183}
	{Bone "piece5"}
	{Matrix34
		0.819152	0	0.573576
		0	1	0
		-0.573576	0	0.819152
		-0.946348	0	-3.56098
	}
}
{Volume "piece6"
	{Box 13.1988 6.75 23.5155}
	{Bone "piece6"}
	{Position 0	0	0.250649}
}
{Volume "piece7"
	{Box 21.9192 6.75 22.7382}
	{Bone "piece7"}
	{Position 1.022	0	0.758436}
}
{Volume "piece8"
	{Box 19.1248 6.75 19.0036}
	{Bone "piece8"}
	{Matrix34
		0.642788	0	-0.766044
		0	1	0
		0.766044	0	0.642788
		-0.474001	0	-0.883963
	}
}
{Volume "piece9"
	{Box 15.8925 6.75 20.2629}
	{Bone "piece9"}
	{Position 0	0	1.07533}
}
{Volume "sub_piece10"
	{Box 10.2951 6.75 13.6298}
	{Bone "sub_piece10"}
	{Matrix34
		0.707107	0	-0.707107
		0	1	0
		0.707107	0	0.707107
		0.856183	0	-0.758484
	}
}
{Volume "sub_piece11"
	{Box 8.2854 6.75 17.9993}
	{Bone "sub_piece11"}
	{Matrix34
		0.984808	0	-0.173648
		0	1	0
		0.173648	0	0.984808
		0	0	0
	}
}
{Volume "sub_piece5"
	{Box 17.7136 6.75 11.6567}
	{Bone "sub_piece5"}
	{Position 0	0	0.923969}
}
{Volume "sub_piece6"
	{Box 11.1517 6.75 12.3261}
	{Bone "sub_piece6"}
	{Matrix34
		0.965926	0	0.258819
		0	1	0
		-0.258819	0	0.965926
		0.00375845	0	0.211228
	}
}
{Volume "sub_piece7"
	{Box 13.2042 6.75 15.7632}
	{Bone "sub_piece7"}
	{Matrix34
		0.984808	0	-0.173648
		0	1	0
		0.173648	0	0.984808
		-0.0885758	0	-1.26213
	}
}
{Volume "sub_piece8"
	{Box 16.1618 6.75 11.6271}
	{Bone "sub_piece8"}
	{Matrix34
		0.996195	0	0.0871557
		0	1	0
		-0.0871557	0	0.996195
		-0.235199	0	0.621012
	}
}
{Volume "sub_piece9"
	{Box 11.2904 6.75 14.7073}
	{Bone "sub_piece9"}
	{Matrix34
		0.766044	0	0.642788
		0	1	0
		-0.642788	0	0.766044
		-0.853321	0	-0.291171
	}
}
