;Exported by: Ekaterina
;Date:        Fri Apr 11 18:09:29 2008
;File:        D:\-Project-\-3DWork-\africa\algere_storage21.max
{Skeleton
	{bone "d_build2_w3"
		{Orientation
			1	0	0
			0	-1	0
			0	0	1
		}
		{VolumeView "d_build2_w3.ply"}
		{bone "exterior"
			{Position 14.1663	-11.3596	77.356}
			{VolumeView "exterior.ply"}
		}
	}
}
{Obstacle "body01"
	{Obb2
		{Center -28.451 -1.37389}
		{Extent 3.756 32.1383}
		{Axis 1 0}
	}
	{Rotate}
	{Tags  "body"}
}
{Area "interior"
	{Obb2
		{Center 11.5795 3.74934}
		{Extent 35.2836 46.1068}
		{Axis -1 1.14873e-007}
	}
	{Rotate}
}
{Volume "body01"
	{Box 7.512 64.2766 91.8298}
	{Bone "d_build2_w3"}
	{Position -28.451	1.37389	36.0724}
}
{Volume "body02"
	{Box 8.17566 18.6139 49.5502}
	{Bone "d_build2_w3"}
	{Position -28.451	34.6858	27.8281}
}
{Volume "body03"
	{Box 8.17566 8.37624 38.3271}
	{Bone "d_build2_w3"}
	{Position -28.451	-33.4975	26.0052}
}
{Volume "body04"
	{Box 7.61154 19.8617 23.4562}
	{Bone "d_build2_w3"}
	{Position -28.451	-37.9073	70.8872}
}
{Volume "body05"
	{Box 7.61154 19.8617 10.7898}
	{Bone "d_build2_w3"}
	{Matrix34
		1	0	0
		0	0.51512	0.857118
		0	-0.857118	0.51512
		-28.451	35.5623	75.8695
	}
}
{Volume "roof01"
	{Box 88.2744 60.6834 4.59668}
	{Bone "exterior"}
	{Matrix34
		0	-0.999981	0.00587651
		0.990835	-0.000793996	-0.135084
		0.135087	0.00582261	0.990818
		-21.9301	8.54055	2.42255
	}
}
{Volume "roof02"
	{Box 84.7435 30.3417 4.59668}
	{Bone "exterior"}
	{Matrix34
		0.259081	-0.962856	-0.0760439
		0.958192	0.266127	-0.1051
		0.121433	-0.0456354	0.991551
		13.1293	-3.11689	-1.94693
	}
}
{Volume "roof03"
	{Box 16.7721 34.6138 4.59668}
	{Bone "exterior"}
	{Matrix34
		0	-0.999981	0.00587651
		0.990835	-0.000793996	-0.135084
		0.135087	0.00582261	0.990818
		-8.57916	-37.7006	2.42255
	}
}
