;Exported by: golanov
;Date:        Sat Jan 14 17:08:11 2006
;File:        D:\-Projects-\-3DWork-\Constructions\house_euro_114corner\house_euro_114ac_x.max
{Skeleton
	{bone "114ac_f2c3_x"
		{Orientation
			1	0	0
			0	-1	0
			0	0	1
		}
		{bone "piece0"
			{Position -5.36765	35.764	2.67889}
			{VolumeView "piece0.ply"}
			{bone "sub_piece0"
				{Position 2.28447	-3.22813	-8.03909}
				{VolumeView "sub_piece0.ply"}
			}
		}
		{bone "piece1"
			{Position -2.78102	32.5368	-20.7749}
			{VolumeView "piece1.ply"}
			{bone "sub_piece1"
				{Position 2.08054	6.85636	-0.367615}
				{VolumeView "sub_piece1.ply"}
			}
		}
		{bone "piece2"
			{Position 12.0574	34.0501	-36.5281}
			{VolumeView "piece2.ply"}
		}
		{bone "sub_piece2"
			{Position -14.9164	34.0693	-40.1895}
			{VolumeView "sub_piece2.ply"}
		}
		{bone "piece3"
			{Position 37.6882	12.7743	-8.6687}
			{VolumeView "piece3.ply"}
			{bone "sub_piece3"
				{Position 1.96221	-3.69463	12.5328}
				{VolumeView "sub_piece3.ply"}
			}
		}
		{bone "piece4"
			{Position 44.487	9.76424	-21.1425}
			{VolumeView "piece4.ply"}
			{bone "sub_piece4"
				{Position -6.91566	6.88076	-14.461}
				{VolumeView "sub_piece4.ply"}
			}
		}
		{bone "piece5"
			{Position 37.5143	-22.6432	-21.3801}
			{VolumeView "piece5.ply"}
			{bone "sub_piece5"
				{Position -11.2692	-1.80093	19.0455}
				{VolumeView "sub_piece5.ply"}
			}
		}
		{bone "piece6"
			{Position 16.1012	14.3501	33.9748}
			{VolumeView "piece6.ply"}
		}
		{bone "sub_piece6"
			{Position -25.3179	17.1542	30.4593}
			{VolumeView "sub_piece6.ply"}
		}
	}
}
{Volume "piece0"
	{Box 1.9685 45.4214 17.1496}
	{Bone "piece0"}
	{Matrix34
		0	0.819152	0.573576
		-1	0	0
		0	-0.573576	0.819152
		-0.417527	-0.446533	-0.972284
	}
}
{Volume "piece1"
	{Box 9.84252 7.87402 19.685}
	{Bone "piece1"}
	{Position 0.00291443	-0.0294724	0.0040493}
}
{Volume "piece2"
	{Box 19.685 7.87402 5.7358}
	{Bone "piece2"}
	{Position -0.0634842	-1.54273	0.00122952}
}
{Volume "piece3"
	{Box 31.5692 7.87402 11.1393}
	{Bone "piece3"}
	{Matrix34
		0	-1	0
		1	0	0
		0	0	1
		-0.0950467	0.00313422	0.712812
	}
}
{Volume "piece4"
	{Box 0.19685 8.09903 25.6883}
	{Bone "piece4"}
	{Matrix34
		0.742626	-0.669706	0
		0.669706	0.742626	0
		0	0	1
		0.0194881	0.00350684	0.0553055
	}
}
{Volume "piece5"
	{Box 16.4944 7.87402 32.7832}
	{Bone "piece5"}
	{Matrix34
		0	-1	0
		1	0	0
		0	0	1
		0.0788555	1.9826	0.823414
	}
}
{Volume "piece6"
	{Box 0.19685 24.3052 30.1847}
	{Bone "piece6"}
	{Matrix34
		0	0.819152	0.573576
		-1	0	0
		0	-0.573576	0.819152
		-2.00431	-0.160518	-0.87766
	}
}
{Volume "sub_piece0"
	{Box 49.2126 7.87402 6.26782}
	{Bone "sub_piece0"}
	{Position 0.394726	-0.028511	-0.0282848}
}
{Volume "sub_piece1"
	{Box 0.19685 8.09903 25.6883}
	{Bone "sub_piece1"}
	{Matrix34
		0.669706	0.742626	0
		-0.742626	0.669706	0
		0	0	1
		-0.0117271	0.00384491	0.0553055
	}
}
{Volume "sub_piece2"
	{Box 12.7953 7.87402 11.0576}
	{Bone "sub_piece2"}
	{Position 1.82198	-1.56198	0.975617}
}
{Volume "sub_piece3"
	{Box 2.16535 22.4707 16.1931}
	{Bone "sub_piece3"}
	{Matrix34
		0.895916	0	0.444223
		0	1	0
		-0.444223	0	0.895916
		0.234372	0.171959	-0.625193
	}
}
{Volume "sub_piece4"
	{Box 19.685 7.87402 13.8912}
	{Bone "sub_piece4"}
	{Matrix34
		0	-1	0
		1	0	0
		0	0	1
		0.0218121	-0.0122657	-0.00399017
	}
}
{Volume "sub_piece5"
	{Box 0.19685 14.5395 35.4331}
	{Bone "sub_piece5"}
	{Matrix34
		0	0	1
		1	0	0
		0	1	0
		-0.0186371	-0.0110245	-0.000106686
	}
}
{Volume "sub_piece6"
	{Box 0.19685 25.6299 19.1126}
	{Bone "sub_piece6"}
	{Matrix34
		0	0.819152	0.573576
		-1	0	0
		0	-0.573576	0.819152
		0.284165	0.190617	-1.90533
	}
}
