;Exported by: shevchenko
;Date:        Wed Jul 19 15:58:31 2006
;File:        D:\-Projects1_5-\-3DWork-\bsh\bsh_c90_1.max
{Skeleton
	{bone "bsh90_c5_3"
		{Orientation
			1	0	0
			0	-1	0
			0	0	1
		}
		{VolumeView "bsh90_c5_3.ply"}
		{bone "window1"
			{Matrix34
				-0.707105	-0.707108	0
				0	0	-1
				0.707108	-0.707105	0
				-15.2122	22.9846	6.56821
			}
			{VolumeView "../common/window1.ply"}
		}
		{bone "window1_x"
			{Matrix34
				-0.707105	-0.707108	0
				0	0	-1
				0.707108	-0.707105	0
				-15.2122	22.9846	6.56821
			}
			{visibility 0}
			{VolumeView "../common/window1_x.ply"}
		}
		{bone "attach1"
			{Matrix34
				-0.707107	0.707107	0
				-0.707107	-0.707107	0
				0	0	1
				-0.0901947	7.86713	-20.8222
			}
		}
		{bone "window2"
			{Matrix34
				0	-1	0
				0	0	-1
				1	0	0
				-27.607	-10.1647	6.56821
			}
			{VolumeView "../common/window1.ply"}
		}
		{bone "window2_x"
			{Matrix34
				0	-1	0
				0	0	-1
				1	0	0
				-27.607	-10.1648	6.56821
			}
			{visibility 0}
			{VolumeView "../common/window1_x.ply"}
		}
		{bone "attach2"
			{Matrix34
				-1	0	0
				0	-1	0
				0	0	1
				-6.27951	-10.2894	-20.9744
			}
		}
		{bone "fix38"
			{Position -28.5057	-39.3955	-12.1955}
		}
		{bone "fix39"
			{Matrix34
				0.707107	-0.707107	0
				0.707107	0.707107	0
				0	0	1
				7.84905	46.4327	-17.4776
			}
		}
		{bone "fix40"
			{Matrix34
				0.707107	-0.707107	0
				0.707107	0.707107	0
				0	0	1
				-26.5691	12.0146	-32.6034
			}
		}
	}
}
{Volume "body1"
	{Box 9.84252 40.659 49.3994}
	{Bone "bsh90_c5_3"}
	{Matrix34
		0.707105	-0.707108	0
		0.707108	0.707105	0
		0	0	1
		-14.223	23.1891	0.758188
	}
}
{Volume "body2"
	{Box 9.84252 45.1314 51.3754}
	{Bone "bsh90_c5_3"}
	{Matrix34
		1	0	0
		0	1	0
		0	0	1
		-27.1048	-10.4531	1.74618
	}
}
{Volume "floor1"
	{Box 32.9703 46.2054 3.93701}
	{Bone "bsh90_c5_3"}
	{Matrix34
		0.707107	0.707107	0
		0.707107	-0.707107	0
		0	0	-1
		4.84982	2.95064	-22.919
	}
}
{Volume "floor2"
	{Box 35.011 41.5948 3.93701}
	{Bone "bsh90_c5_3"}
	{Matrix34
		0	1	0
		1	0	0
		0	0	-1
		-1.43796	-10.0168	-22.919
	}
}
{Volume "hole1"
	{Box 17.7165 29.5276 19.685}
	{Bone "bsh90_c5_3"}
	{Matrix34
		-0.707106	-0.707107	0
		0	0	-1
		0.707107	-0.707106	0
		-15.5602	23.3326	6.5682
	}
}
{Volume "hole2"
	{Box 17.7165 29.5276 19.685}
	{Bone "bsh90_c5_3"}
	{Matrix34
		0	-1	0
		0	0	-1
		1	0	0
		-28.0991	-10.1647	6.5682
	}
}
{Volume "window1"
	{Box 17.7165 29.5276 0.984253}
	{Bone "window1"}
	{Position 0	1.50839e-005	0}
}
{Volume "window2"
	{Box 17.7165 29.5276 0.984253}
	{Bone "window2"}
}
