;Exported by: garry
;Date:        Tue May 16 11:45:05 2006
;File:        D:\-Projects-\-3DWork-\Model\Здания\construction\Loader1_x_reactor2.max
{Skeleton
	{animation
		{sequence "crush"}
	}
	{bone "basis"
		{Orientation
			1	0	0
			0	-1	0
			0	0	1
		}
		{bone "loader"
			{parameters "CommonMesh;"}
			{Position 42.1124	56.0802	102.127}
			{VolumeView "loader.ply"}
			{bone "fx_dust2"
				{Matrix34
					0	0	1
					0	-1	0
					1	0	0
					-43.4449	-1.1188	-30.6694
				}
			}
		}
	}
}
{Obstacle "obstacle"
	{Polygon2
		{Radius 0}
		{Vertex -76.4259 -193.579}
		{Vertex 78.7539 -193.579}
		{Vertex 78.7539 72.1729}
		{Vertex -76.4259 72.1729}
	}
	{Rotate}
}
{Volume "bearing1"
	{Box 7.77282 18.9776 138.919}
	{Bone "loader"}
	{Matrix34
		0.434571	0.104837	0.894515
		0.207056	0.95497	-0.212514
		-0.876513	0.277567	0.393292
		-146.041	-112.779	-61.5443
	}
}
{Volume "bearing3"
	{Box 7.77282 18.9776 138.919}
	{Bone "loader"}
	{Matrix34
		0.652156	0.7095	0.267021
		-0.714275	0.693092	-0.097115
		-0.253973	-0.127392	0.958785
		-124.114	121.653	-37.1536
	}
}
{Volume "bearing4"
	{Box 7.77282 18.9776 138.919}
	{Bone "loader"}
	{Position 27.4916	125.231	-32.0615}
}
{Volume "bearing6"
	{Box 7.77282 18.9776 138.919}
	{Bone "loader"}
	{Position 27.4916	-122.47	-32.0615}
}
{Volume "body1"
	{Box 129.939 116.757 64.4173}
	{Bone "loader"}
	{Matrix34
		0.845257	-0.467953	0.257986
		0.504903	0.54137	-0.672302
		0.174941	0.698526	0.693869
		-43.1984	84.6471	-56.2272
	}
}
{Volume "body"
	{Box 129.939 116.757 64.4173}
	{Bone "loader"}
	{Matrix34
		0.834364	0.320141	-0.448712
		-0.177223	0.92663	0.331579
		0.521943	-0.197137	0.829885
		-40.5964	-78.216	-48.2629
	}
}
{Volume "stairs"
	{Box 18.9672 18.9776 111.135}
	{Bone "loader"}
	{Matrix34
		0.283704	0.0947197	0.954222
		0.21386	0.963795	-0.159254
		-0.93476	0.249251	0.253175
		83.8275	-30.8431	-89.3797
	}
}
