;Exported by: shevchenko
;Date:        Tue Mar 07 18:04:52 2006
;File:        D:\-Projects1_5-\-3DWork-\euro1_corner2_lm_corner_x.max
{Skeleton
	{bone "101_f2int2"
		{Orientation
			1	0	0
			0	-1	0
			0	0	1
		}
		{bone "piece1"
			{Matrix34
				0	1	0
				0	0	1
				1	0	0
				-8.68473	6.26312	-25.5906
			}
			{VolumeView "piece1.ply"}
		}
		{bone "piece0"
			{Matrix34
				0	1	0
				0	0	1
				1	0	0
				2.61581	-10.0436	-25.5906
			}
			{VolumeView "piece0.ply"}
		}
		{bone "piece4"
			{Matrix34
				0.939693	0	0.34202
				-0.34202	0	0.939693
				0	-1	0
				13.2937	4.12238	16.388
			}
			{VolumeView "piece4.ply"}
		}
		{bone "piece3"
			{Matrix34
				1	0	0
				0	0	1
				0	-1	0
				-5.43275	4.12238	24.1341
			}
			{VolumeView "piece3.ply"}
		}
		{bone "piece2"
			{Matrix34
				-0.173648	0	0.984808
				-0.984808	0	-0.173648
				0	-1	0
				-16.4279	4.12238	-6.60243
			}
			{VolumeView "piece2.ply"}
		}
	}
}
{Volume "piece0"
	{Box 31.925 11.5595 3.93701}
	{Bone "piece0"}
	{Matrix34
		0	0	1
		1	0	0
		0	1	0
		-1.77678e-005	0	0
	}
}
{Volume "piece1"
	{Box 31.925 11.5595 3.93701}
	{Bone "piece1"}
	{Matrix34
		0	0	1
		1	0	0
		0	1	0
		0	0	0
	}
}
{Volume "piece2"
	{Box 10.2 3.93701 13.1698}
	{Bone "piece2"}
	{Matrix34
		-0.173648	-0.984808	0
		0	0	-1
		0.984808	-0.173648	0
		-0.494446	-0.701563	-1.11172e-005
	}
}
{Volume "piece3"
	{Box 17.7165 3.93701 11.811}
	{Bone "piece3"}
	{Matrix34
		1	0	0
		0	0	-1
		0	1	0
		0	-0.175878	0
	}
}
{Volume "piece4"
	{Box 9.80551 3.93701 14.7134}
	{Bone "piece4"}
	{Matrix34
		0.996195	-0.0871557	0
		0	0	-1
		0.0871557	0.996195	0
		0.0909507	-0.0297998	0
	}
}
