;Exported by: vic
;Date:        Thu Oct 06 10:17:32 2005
;File:        D:\-Projects-\-3DWork-\Constructions\NEW\S2\e_farm_121_lm_corner2_x.max
{Skeleton
	{bone "add121_f1c1_x"
		{Orientation
			1	0	0
			0	-1	0
			0	0	1
		}
		{bone "piece1"
			{Matrix34
				0	-1	0
				0	0	1
				-1	0	0
				26.6665	9.58447	10.6246
			}
			{VolumeView "piece1.ply"}
		}
		{bone "piece2"
			{Matrix34
				0	-1	0
				0	0	1
				-1	0	0
				26.6665	16.4558	50.2184
			}
			{VolumeView "piece2.ply"}
		}
		{bone "piece3"
			{Matrix34
				0	-1	0
				0	0	1
				-1	0	0
				26.6665	-5.8486	51.2765
			}
			{VolumeView "piece3.ply"}
		}
		{bone "piece4"
			{Matrix34
				1	0	0
				0	0	1
				0	-1	0
				-11.6645	26.6265	11.8268
			}
			{VolumeView "piece4.ply"}
		}
		{bone "piece5"
			{Matrix34
				1	0	0
				0	0	1
				0	-1	0
				-15.87	26.6265	49.1614
			}
			{VolumeView "piece5.ply"}
		}
		{bone "piece6"
			{Matrix34
				1	0	0
				0	0	1
				0	-1	0
				18.3882	26.6265	47.8733
			}
			{VolumeView "piece6.ply"}
		}
		{bone "sub_piece1"
			{Matrix34
				0	-1	0
				0	0	1
				-1	0	0
				26.6665	-14.1983	8.44691
			}
			{VolumeView "sub_piece1.ply"}
		}
		{bone "sub_piece2"
			{Matrix34
				0	-1	0
				0	0	1
				-1	0	0
				26.6665	19.0747	29.5334
			}
			{VolumeView "sub_piece2.ply"}
		}
		{bone "sub_piece3"
			{Matrix34
				0	-1	0
				0	0	1
				-1	0	0
				26.6665	-13.2641	26.8556
			}
			{VolumeView "sub_piece3.ply"}
		}
		{bone "sub_piece4"
			{Matrix34
				1	0	0
				0	0	1
				0	-1	0
				22.6278	26.6265	9.03823
			}
			{VolumeView "sub_piece4.ply"}
		}
		{bone "sub_piece5"
			{Matrix34
				1	0	0
				0	0	1
				0	-1	0
				20.2496	26.6265	25.8953
			}
			{VolumeView "sub_piece5.ply"}
		}
		{bone "sub_piece6"
			{Matrix34
				1	0	0
				0	0	1
				0	-1	0
				-9.44864	26.6265	36.0698
			}
			{VolumeView "sub_piece6.ply"}
		}
		{bone "sub_piece7"
			{Matrix34
				1	0	0
				0	0	1
				0	-1	0
				2.29906	26.6265	51.0721
			}
			{VolumeView "sub_piece7.ply"}
		}
		{bone "piece8"
			{Position -9.39087	13.8235	52.6284}
			{VolumeView "piece8.ply"}
		}
		{bone "piece7"
			{Position 12.6916	7.32672	52.6284}
			{VolumeView "piece7.ply"}
		}
		{bone "sub_piece8"
			{Position -12.428	-3.40738	52.6284}
			{VolumeView "sub_piece8.ply"}
		}
		{bone "sub_piece9"
			{Position 7.87831	-11.4558	52.6284}
			{VolumeView "sub_piece9.ply"}
		}
		{bone "piece9"
			{Matrix34
				1	0	0
				0	1	0
				0	0	-1
				-1.51927	-18.1237	27.7981
			}
			{VolumeView "piece9.ply"}
		}
	}
}
{Volume "piece9"
	{Box 2.95276 2.95276 27.4}
	{Bone "piece9"}
	{Matrix34
		1	0	0
		0	1	0
		0	0	-1
		0.0463666	0.0107056	-0.0359154
	}
}
{Volume "sub_piece9"
	{Box 16.438 10.3282 1.37795}
	{Bone "sub_piece9"}
	{Matrix34
		0.98979	-0.14253	0
		0.14253	0.98979	0
		0	0	1
		0.614882	0.436061	-0.083721
	}
}
{Volume "sub_piece8"
	{Box 10.1916 11.9807 1.37795}
	{Bone "sub_piece8"}
	{Matrix34
		0.979236	0.202722	0
		-0.202722	0.979236	0
		0	0	1
		-0.121991	0.411652	-0.083721
	}
}
{Volume "piece7"
	{Box 17.3032 18.4432 1.37795}
	{Bone "piece7"}
	{Position -0.153702	-0.499237	-0.083721}
}
{Volume "piece8"
	{Box 13.0452 16.5334 1.37795}
	{Bone "piece8"}
	{Matrix34
		0.283299	0.959032	0
		-0.959032	0.283299	0
		0	0	1
		-1.84224	0.432643	-0.083721
	}
}
{Volume "sub_piece7"
	{Box 5.90551 13.86 11.024}
	{Bone "sub_piece7"}
	{Matrix34
		0	0	-1
		-0.985006	0.172521	0
		0.172521	0.985006	0
		-0.968462	0.928192	-0.0245537
	}
}
{Volume "sub_piece6"
	{Box 5.90551 15.5232 8.44739}
	{Bone "sub_piece6"}
	{Matrix34
		0	0	-1
		-0.406954	-0.913448	0
		-0.913448	0.406954	0
		0.266981	-0.90655	-0.0245567
	}
}
{Volume "sub_piece5"
	{Box 5.90551 8.25002 13.1713}
	{Bone "sub_piece5"}
	{Matrix34
		0	0	-1
		-0.999681	0.025239	0
		0.025239	0.999681	0
		-0.232604	0.703501	-0.0245542
	}
}
{Volume "sub_piece4"
	{Box 5.90551 8.77661 9.40805}
	{Bone "sub_piece4"}
	{Matrix34
		0	0	-1
		-0.984808	-0.173648	0
		-0.173648	0.984808	0
		-0.0764449	0.275426	-0.0245671
	}
}
{Volume "sub_piece3"
	{Box 5.90551 12.0936 17.7217}
	{Bone "sub_piece3"}
	{Matrix34
		0	0	-1
		-0.990222	0.139498	0
		0.139498	0.990222	0
		-0.16566	0.955313	-0.125703
	}
}
{Volume "sub_piece2"
	{Box 5.90551 10.6859 11.618}
	{Bone "sub_piece2"}
	{Matrix34
		0	0	-1
		-0.884514	0.466513	0
		0.466513	0.884514	0
		-0.878337	-0.375493	-0.125704
	}
}
{Volume "sub_piece1"
	{Box 5.90551 8.82743 9.79097}
	{Bone "sub_piece1"}
	{Matrix34
		0	0	-1
		-0.893432	0.449197	0
		0.449197	0.893432	0
		-1.07723	0.169395	-0.12571
	}
}
{Volume "piece6"
	{Box 5.90551 11.088 19.6858}
	{Bone "piece6"}
	{Matrix34
		0	0	-1
		-0.998283	0.0585777	0
		0.0585777	0.998283	0
		0.136224	0.538816	-0.0245569
	}
}
{Volume "piece5"
	{Box 5.90551 19.404 11.4154}
	{Bone "piece5"}
	{Matrix34
		0	0	-1
		-0.351138	-0.936324	0
		-0.936324	0.351138	0
		-1.31161	1.20679	-0.0245591
	}
}
{Volume "piece4"
	{Box 5.90551 11.332 20.0203}
	{Bone "piece4"}
	{Matrix34
		0	0	-1
		-0.996789	-0.0800679	0
		-0.0800679	0.996789	0
		0.0524992	-0.430387	-0.0245509
	}
}
{Volume "piece3"
	{Box 5.90551 22.7359 17.7217}
	{Bone "piece3"}
	{Matrix34
		0	0	-1
		-0.996581	-0.0826257	0
		-0.0826257	0.996581	0
		-0.730889	1.76361	-0.125704
	}
}
{Volume "piece2"
	{Box 5.90551 10.6859 18.4412}
	{Bone "piece2"}
	{Matrix34
		0	0	-1
		-0.999997	-0.0022885	0
		-0.0022885	0.999997	0
		-0.454682	0.11245	-0.125693
	}
}
{Volume "piece1"
	{Box 5.90551 22.6344 14.1898}
	{Bone "piece1"}
	{Matrix34
		0	0	-1
		-0.984808	0.173648	0
		0.173648	0.984808	0
		-0.404142	-0.196305	-0.125713
	}
}
