;Exported by: Butyvsky
;Date:        Sat Jul 09 18:27:05 2005
;File:        D:\-Projects-\-3D Work-\ruins_basis_town_x.max
{Skeleton
	{bone "ruin_town_corner5_x"
		{Orientation
			1	0	0
			0	-1	0
			0	0	1
		}
		{bone "sub_piece1"
			{Matrix34
				0.763587	-0.645705	0
				0	0	1
				-0.645705	-0.763587	0
				-10.9956	9.25455	54.9438
			}
			{VolumeView "sub_piece1.ply"}
		}
		{bone "piece1"
			{Matrix34
				0.763587	-0.645705	0
				0	0	1
				-0.645705	-0.763587	0
				-5.21397	4.36549	31.3599
			}
			{VolumeView "piece1.ply"}
		}
		{bone "sub_piece2"
			{Matrix34
				0.763587	-0.645705	0
				0	0	1
				-0.645705	-0.763587	0
				-10.7113	9.01411	18.1405
			}
			{VolumeView "sub_piece2.ply"}
		}
		{bone "sub_piece3"
			{Matrix34
				0.763587	-0.645705	0
				0	0	1
				-0.645705	-0.763587	0
				5.54366	-4.73141	20.0644
			}
			{VolumeView "sub_piece3.ply"}
		}
	}
}
{Volume "sub_piece3"
	{Box 11.3389 9.71906 6.75}
	{Bone "sub_piece3"}
	{Matrix34
		0.760356	0.649507	0
		-0.649507	0.760356	0
		0	0	1
		0.342383	-0.400837	0
	}
}
{Volume "sub_piece2"
	{Box 8.6888 14.3986 6.75}
	{Bone "sub_piece2"}
	{Position -1.3948e-005	0	0}
}
{Volume "piece1"
	{Box 13.247 18.6319 6.75}
	{Bone "piece1"}
	{Matrix34
		0.658663	0.752438	0
		-0.752438	0.658663	0
		0	0	1
		-0.636969	-0.727636	0
	}
}
{Volume "sub_piece1"
	{Box 9.18531 15.5902 6.75}
	{Bone "sub_piece1"}
	{Position 0	0	0}
}
