;Exported by: vic
;Date:        Fri Aug 19 17:06:42 2005
;File:        D:\Obmen\SS\house_euro_117a_v_fix_x.max
{Skeleton
	{bone "117a_f3c4_x"
		{Orientation
			1	0	0
			0	-1	0
			0	0	1
		}
		{bone "sub_piece3"
			{Matrix34
				-1	0	0
				0	0	1
				0	1	0
				9.89476	20.7086	-21.8854
			}
			{VolumeView "sub_piece3.ply"}
		}
		{bone "piece2"
			{Matrix34
				0	-1	0
				0	0	1
				-1	0	0
				25.0378	11.4026	-23.9451
			}
			{VolumeView "piece2.ply"}
		}
		{bone "piece5"
			{Matrix34
				-1	0	0
				0	0	1
				0	1	0
				7.96358	20.7086	26.0945
			}
			{VolumeView "piece5.ply"}
		}
		{bone "sub_piece2"
			{Matrix34
				-1	0	0
				0	0	1
				0	1	0
				-21.0941	20.7086	27.2897
			}
			{VolumeView "sub_piece2.ply"}
		}
		{bone "piece4"
			{Matrix34
				-1	0	0
				0	0	1
				0	1	0
				14.5196	20.7086	2.35645
			}
			{VolumeView "piece4.ply"}
		}
		{bone "piece1"
			{Matrix34
				-1	0	0
				0	0	1
				0	1	0
				-15.0387	20.7086	-0.804047
			}
			{VolumeView "piece1.ply"}
		}
		{bone "sub_piece1"
			{Matrix34
				-1	0	0
				0	0	1
				0	1	0
				-13.0897	20.7086	-24.4669
			}
			{VolumeView "sub_piece1.ply"}
		}
		{bone "sub_piece4"
			{Matrix34
				0	-1	0
				0	0	1
				-1	0	0
				25.0378	-4.92126	9.63766
			}
			{VolumeView "sub_piece4.ply"}
		}
		{bone "sub_piece5"
			{Matrix34
				0	-1	0
				0	0	1
				-1	0	0
				25.0378	-7.87402	-21.6697
			}
			{VolumeView "sub_piece5.ply"}
		}
		{bone "piece3"
			{Matrix34
				-1	0	0
				0	1	0
				0	0	1
				24.6498	12.5414	28.986
			}
			{VolumeView "piece3.ply"}
		}
		{bone "piece0"
			{Position 10.7885	3.62206	-27.935}
			{VolumeView "piece0.ply"}
		}
		{bone "sub_piece0"
			{Position -19.2466	4.96449	-27.935}
			{VolumeView "sub_piece0.ply"}
		}
	}
}
{Volume "sub_piece0"
	{Box 14.0199 3.93701 8.8041}
	{Bone "sub_piece0"}
	{Matrix34
		-0.957181	0.289491	0
		0	0	1
		0.289491	0.957181	0
		-1.3618	0.00831128	0.0246361
	}
}
{Volume "piece0"
	{Box 20.0284 3.93701 19.1393}
	{Bone "piece0"}
	{Matrix34
		-0.120086	0.992763	0
		0	0	1
		0.992763	0.120086	0
		0.267663	0.949151	0.0246336
	}
}
{Volume "piece3"
	{Box 27.7796 1.37795 20.2745}
	{Bone "piece3"}
	{Matrix34
		0	-1	0
		-0.707205	0	0.707009
		0.707009	0	0.707205
		-0.22665	-1.13357	-0.0363314
	}
}
{Volume "sub_piece5"
	{Box 10.0125 7.87402 14.97}
	{Bone "sub_piece5"}
	{Matrix34
		0.936365	-0.351028	0
		-4.69781e-005	-0.000128529	-1
		0.351028	0.936365	-0.00013684
		-0.951629	-1.40074	0.0200724
	}
}
{Volume "sub_piece4"
	{Box 7.87402 7.87402 22.8856}
	{Bone "sub_piece4"}
	{Matrix34
		1	0	0
		0	-0.000137405	-1
		0	1	-0.000137405
		0.0509339	0.0133047	-0.315351
	}
}
{Volume "sub_piece1"
	{Box 12.8182 7.87402 10.6721}
	{Bone "sub_piece1"}
	{Matrix34
		-0.914144	0.405389	0
		0	0	1
		0.405389	0.914144	0
		-1.2245	0.469758	-0.017799
	}
}
{Volume "piece1"
	{Box 22.0473 7.87402 26.5735}
	{Bone "piece1"}
	{Matrix34
		-1	-0.000137981	0
		0	0	1
		-0.000137981	1	0
		0.576764	0.577012	-0.0178012
	}
}
{Volume "piece4"
	{Box 22.0473 7.87402 22.5875}
	{Bone "piece4"}
	{Matrix34
		-1	-0.000138458	0
		0	0	1
		-0.000138458	1	0
		0.549269	-0.899936	-0.0177889
	}
}
{Volume "sub_piece2"
	{Box 16.39 7.87402 14.7543}
	{Bone "sub_piece2"}
	{Matrix34
		-0.950606	-0.3104	0
		0	0	1
		-0.3104	0.950606	0
		-0.0989131	0.237294	-0.0177628
	}
}
{Volume "piece5"
	{Box 27.7796 7.87402 15.3595}
	{Bone "piece5"}
	{Matrix34
		-1	-0.000139411	0
		0	0	1
		-0.000139411	1	0
		1.00615	-0.230415	-0.0177805
	}
}
{Volume "piece2"
	{Box 17.263 7.87402 18.0797}
	{Bone "piece2"}
	{Matrix34
		0.996194	0.0871559	0
		1.26172e-005	-0.000136738	-1
		-0.0871559	0.996195	-0.000137317
		-0.0864969	0.492893	0.0198527
	}
}
{Volume "sub_piece3"
	{Box 12.8182 7.87402 15.6943}
	{Bone "sub_piece3"}
	{Matrix34
		-0.978607	-0.205735	0
		0	0	1
		-0.205735	0.978607	0
		-2.43884	0.262797	-0.0178034
	}
}
