;Exported by: sana
;Date:        Wed Apr 25 13:48:13 2007
;File:        D:\-Project-\-3DWork-\Entourage\School_Ru\School_ru_cut3a_x.max
{Skeleton
	{bone "school_ru_wall2_28_x"
		{Orientation
			1	0	0
			0	-1	0
			0	0	1
		}
		{bone "piece03"
			{Position -0.497681	-3.75922	-14.7918}
			{VolumeView "piece03.ply"}
		}
		{bone "piece04"
			{Position -0.497681	12.5756	12.543}
			{VolumeView "piece04.ply"}
		}
		{bone "piece05"
			{Position 0.530518	1.73431	30.5522}
			{VolumeView "piece05.ply"}
		}
		{bone "piece01"
			{Position -4.93027	-27.1704	34.2211}
			{VolumeView "piece01.ply"}
		}
		{bone "piece02"
			{Position -0.497681	-14.8565	6.68456}
			{VolumeView "piece02.ply"}
			{bone "sub_piece02"
				{Position 0	0.838409	-9.96485}
				{VolumeView "sub_piece02.ply"}
			}
		}
	}
}
{Volume "piece01"
	{Box 32.9016 31.6513 2.24464}
	{Bone "piece01"}
	{Matrix34
		0.831534	0	-0.555474
		0	1	0
		0.555474	0	0.831534
		0.245911	0	0.150874
	}
}
{Volume "piece02"
	{Box 3.50089 21.9017 13.456}
	{Bone "piece02"}
	{Matrix34
		1	0	0
		0	0.998021	-0.0628852
		0	0.0628852	0.998021
		0	-1.54685e-005	0
	}
}
{Volume "piece03"
	{Box 3.50085 16.4746 17.8727}
	{Bone "piece03"}
}
{Volume "piece04"
	{Box 3.50085 10.7509 12.1613}
	{Bone "piece04"}
	{Matrix34
		1	0	0
		0	0.975593	-0.219585
		0	0.219585	0.975593
		0	-0.101745	0.133964
	}
}
{Volume "piece05"
	{Box 21.0759 38.4158 2.48633}
	{Bone "piece05"}
	{Matrix34
		0.815084	0	-0.579342
		0	1	0
		0.579342	0	0.815084
		-0.457805	0	0.305582
	}
}
{Volume "sub_piece02"
	{Box 3.50089 12.1738 9.77215}
	{Bone "sub_piece02"}
}
