;Exported by: sana
;Date:        Tue Jul 24 12:20:08 2007
;File:        D:\-Project-\-3DWork-\Entourage\School_Ru\School_ru_cut3a_x01.max
{Skeleton
	{bone "school_ru_wall2_1_x"
		{Orientation
			1	0	0
			0	-1	0
			0	0	1
		}
		{bone "piece01"
			{Position -6.36608	8.59116	12.8187}
			{VolumeView "piece01.ply"}
			{bone "sub_piece01"
				{Position -2.58304	0	-9.08253}
				{VolumeView "sub_piece01.ply"}
			}
		}
		{bone "piece04"
			{Position -9.14925	42.7914	6.45662}
			{VolumeView "piece04.ply"}
		}
		{bone "piece05"
			{Position -2.7555	48.4544	16.6314}
			{VolumeView "piece05.ply"}
		}
	}
}
{Volume "piece01"
	{Box 18.5549 4.32368 15.5514}
	{Bone "piece01"}
	{Position 1.52588e-005	0	0}
}
{Volume "piece04"
	{Box 4.48392 51.6959 3.09739}
	{Bone "piece04"}
	{Matrix34
		0.98093	0.194362	0
		-0.194362	0.98093	0
		0	0	1
		-3.05176e-005	-2.28882e-005	0
	}
}
{Volume "piece05"
	{Box 84.2511 3.26791 4.42185}
	{Bone "piece05"}
	{Matrix34
		0.988465	0	0.151449
		0	1	0
		-0.151449	0	0.988465
		0.227137	0	0.0216098
	}
}
{Volume "sub_piece01"
	{Box 13.9143 7.5854 7.63992}
	{Bone "sub_piece01"}
	{Matrix34
		0.941869	0	-0.335979
		0	1	0
		0.335979	0	0.941869
		-0.318067	0	-0.694734
	}
}
