;Exported by: Kislov_A
;Date:        Wed Feb 25 13:30:11 2009
;File:        E:\Black\Design doc\Art\Models\Technics\Корабельные Орудия\20mm_mg_c-30\max\20mm_MG_C-30_xx\22mm_mg_xx.max
{Skeleton
	{bone revolute "basis"
		{Orientation
			1	0	0
			0	-1	0
			0	0	1
		}
		{bone "body"
			{parameters "ID=body;"}
			{Position 0	0	0.826772}
			{VolumeView "body.ply"}
			{bone "part1"
				{parameters "ID=body;"}
				{VolumeView "part1.ply"}
			}
			{bone revolute "part2"
				{parameters "ID=Turret;"}
				{Position 0.00365888	-0.0527623	22.2224}
				{VolumeView "part2.ply"}
			}
			{bone "part3"
				{parameters "ID=gun_rot;"}
				{Matrix34
					1	0	0
					0	0	1
					0	-1	0
					-13.0598	4.58647	20.3614
				}
				{VolumeView "part3.ply"}
			}
			{bone "part4"
				{parameters "ID=gun_rot;"}
				{Matrix34
					1	0	0
					0	0	-1
					0	1	0
					-3.10244	-0.0123811	25.9177
				}
				{VolumeView "part4.ply"}
			}
			{bone revolute "part5"
				{parameters "ID=gun_rot;"}
				{limits -40 10}
				{speed 0.08}
				{Matrix34
					1	0	0
					0	0	-1
					0	1	0
					-3.10244	-0.0123811	25.9177
				}
				{VolumeView "part5.ply"}
			}
			{bone "part6"
				{parameters "ID=gun_rot;"}
				{Matrix34
					1	0	0
					0	0	-1
					0	1	0
					-3.10244	-0.0123811	25.9177
				}
				{VolumeView "part6.ply"}
			}
		}
	}
}
{Volume "body1"
	{Polyhedron "body1.vol"}
	{Bone "body"}
	{Matrix34
		0	1	0
		1	0	0
		0	0	-1
		-1.91065	-3.92879	9.19063
	}
}
{Volume "body"
	{Polyhedron "body.vol"}
	{Bone "body"}
	{Matrix34
		0	1	0
		-1	0	0
		0	0	1
		-0.0673365	-0.223906	-0.759854
	}
}
{Volume "part1_1"
	{Polyhedron "part1_1.vol"}
	{Bone "part1"}
	{Matrix34
		-1	0	0
		0	0	1
		0	1	0
		0.318262	1.54515	13.5447
	}
}
{Volume "part1_2"
	{Cylinder 3.97181 0.953888}
	{Bone "part1"}
	{Matrix34
		-1	0	0
		0	0	1
		0	1	0
		0.0445791	4.86259	13.5833
	}
}
{Volume "part1_3"
	{Polyhedron "part1_3.vol"}
	{Bone "part1"}
	{Matrix34
		-1	0	0
		0	0	1
		0	1	0
		-2.54587	6.37727	11.8302
	}
}
{Volume "part2"
	{Polyhedron "part2.vol"}
	{Bone "part2"}
	{Matrix34
		0	1	0
		0.446117	0	0.894975
		0.894975	0	-0.446117
		0.603304	-2.85319	0.112145
	}
}
{Volume "part3"
	{Polyhedron "part3.vol"}
	{Bone "part3"}
	{Matrix34
		0	0	-1
		0	1	0
		1	0	0
		26.6654	3.55082	8.4993
	}
}
{Volume "part4_1"
	{Polyhedron "part4_1.vol"}
	{Bone "part4"}
	{Matrix34
		0.94951	0.133631	0.283854
		-0.281084	-0.039559	0.958867
		0.139363	-0.990241	0
		-17.268	2.51886	-2.52314
	}
}
{Volume "part4_2"
	{Polyhedron "part4_2.vol"}
	{Bone "part4"}
	{Matrix34
		1	0	0
		0	-0.983255	0.182235
		0	-0.182235	-0.983255
		-21.5471	-0.499168	-2.54937
	}
}
{Volume "part4_3"
	{Polyhedron "part4_3.vol"}
	{Bone "part4"}
	{Matrix34
		1	0	0
		0	-0.999043	-0.043744
		0	0.043744	-0.999043
		-21.5471	-0.499169	5.18605
	}
}
{Volume "part5"
	{Polyhedron "part5.vol"}
	{Bone "part5"}
	{Matrix34
		-1	0	0
		0	-1	0
		0	0	1
		-0.932311	-0.666217	-4.21135
	}
}
{Volume "part6"
	{Polyhedron "part6.vol"}
	{Bone "part6"}
	{Matrix34
		-1	0	0
		0	-1	0
		0	0	1
		-3.01436	0.336103	3.82683
	}
}
