;Exported by: sana
;Date:        Thu Jul 06 15:44:51 2006
;File:        D:\ss\store_1\store_03n_x.max
{Skeleton
	{bone "store3_wall5"
		{Orientation
			1	0	0
			0	-1	0
			0	0	1
		}
		{bone "exterior"
			{Position 2.48035	23.5433	30.4724}
		}
		{bone "piece01"
			{Position 29.0649	-0.351807	16.2724}
			{VolumeView "piece01.ply"}
			{bone "sub_piece01"
				{Position -7.38294	-1.47959e-005	-1.76945}
				{VolumeView "sub_piece01.ply"}
			}
		}
		{bone "piece02"
			{Position 5.6958	-0.351807	17.5537}
			{VolumeView "piece02.ply"}
			{bone "sub_piece02"
				{Position -5.97956	-1.40873e-005	-4.57619}
				{VolumeView "sub_piece02.ply"}
			}
		}
		{bone "piece03"
			{Position -25.1783	-0.351807	15.4182}
			{VolumeView "piece03.ply"}
			{bone "sub_piece03"
				{Position -1.64746	-1.32312e-005	-10.9219}
				{VolumeView "sub_piece03.ply"}
			}
		}
		{bone "piece04"
			{Position -21.9446	-0.351799	-6.67014}
			{VolumeView "piece04.ply"}
			{bone "sub_piece04"
				{Position 1.89148	-1.34496e-005	-7.74902}
				{VolumeView "sub_piece04.ply"}
			}
		}
		{bone "piece05"
			{Position 3.43811	-0.351807	-8.61334}
			{VolumeView "piece05.ply"}
			{bone "sub_piece05"
				{Position -12.3253	-1.38098e-005	1.28135}
				{VolumeView "sub_piece05.ply"}
			}
		}
		{bone "piece09"
			{Position -24.6995	19.56	29.3504}
			{VolumeView "piece09.ply"}
		}
		{bone "piece06"
			{Position 23.528	29.1839	29.6517}
			{VolumeView "piece06.ply"}
		}
		{bone "piece07"
			{Position -11.1087	31.1697	30.025}
			{VolumeView "piece07.ply"}
		}
		{bone "piece08"
			{Position 13.1575	24.2211	31.2999}
			{VolumeView "piece08.ply"}
		}
	}
}
{Volume "piece01"
	{Box 15.5859 5.90551 10.7632}
	{Bone "piece01"}
	{Matrix34
		0.727336	0	-0.686281
		0	1	0
		0.686281	0	0.727336
		-0.209562	0	0.451726
	}
}
{Volume "piece02"
	{Box 18.4268 5.90552 10.4948}
	{Bone "piece02"}
	{Position 0	0	0}
}
{Volume "piece03"
	{Box 16.7184 5.90551 14.7659}
	{Bone "piece03"}
	{Position 0	0	0}
}
{Volume "piece04"
	{Box 13.1795 5.90551 11.964}
	{Bone "piece04"}
	{Matrix34
		0.943184	0	0.332271
		0	1	0
		-0.332271	0	0.943184
		0.33324	0	0.217808
	}
}
{Volume "piece05"
	{Box 15.6201 5.90552 9.76256}
	{Bone "piece05"}
	{Position 0	0	0}
}
{Volume "piece06"
	{Box 3.40551 52.7161 3.93701}
	{Bone "piece06"}
	{Matrix34
		1	0	0
		0	0.961796	0.273767
		0	-0.273767	0.961796
		0	-0.0410145	-0.0984594
	}
}
{Volume "piece07"
	{Box 3.40958 56.6876 3.93701}
	{Bone "piece07"}
	{Matrix34
		1	0	0
		0	0.963304	0.268413
		0	-0.268413	0.963304
		5.84789e-005	-0.297064	-0.11613
	}
}
{Volume "piece08"
	{Box 45.3067 65.7888 3.93701}
	{Bone "piece08"}
	{Matrix34
		1	0	0
		0	0.967089	0.25444
		0	-0.25444	0.967089
		0	-1.89982	1.39084
	}
}
{Volume "piece09"
	{Box 39.1655 59.1779 3.93701}
	{Bone "piece09"}
	{Matrix34
		1	0	0
		0	0.967089	0.25444
		0	-0.25444	0.967089
		0	-0.355245	2.49052
	}
}
{Volume "sub_piece01"
	{Box 6.42497 5.90551 9.51849}
	{Bone "sub_piece01"}
	{Matrix34
		0.872161	0	0.489218
		0	1	0
		-0.489218	0	0.872161
		-0.706114	0	-0.178103
	}
}
{Volume "sub_piece02"
	{Box 10.873 5.90552 5.41455}
	{Bone "sub_piece02"}
	{Matrix34
		0.913242	0	-0.407419
		0	1	0
		0.407419	0	0.913242
		-0.0719343	0	-1.05492
	}
}
{Volume "sub_piece03"
	{Box 9.13775 5.90552 7.85642}
	{Bone "sub_piece03"}
	{Matrix34
		0.984599	0	-0.174827
		0	1	0
		0.174827	0	0.984599
		-0.00144532	0	0.122578
	}
}
{Volume "sub_piece04"
	{Box 9.6405 5.90552 6.10404}
	{Bone "sub_piece04"}
	{Matrix34
		0.9481	0	0.317974
		0	1	0
		-0.317974	0	0.9481
		0.395421	0	-0.529059
	}
}
{Volume "sub_piece05"
	{Box 8.54224 5.90552 7.68801}
	{Bone "sub_piece05"}
	{Position 0	0	0}
}
