;Exported by: sana
;Date:        Tue Dec 27 15:46:44 2005
;File:        D:\-Project-\-3DWork-\Entourage\house_euro_115c\house_euro_115s_n_x.max
{Skeleton
	{bone "115s_corner10"
		{Orientation
			1	0	0
			0	-1	0
			0	0	1
		}
		{bone "piece0"
			{Position 60.5773	51.6504	100.921}
			{VolumeView "piece0.ply"}
		}
		{bone "piece1"
			{Position 60.5773	51.6504	48.3402}
			{VolumeView "piece1.ply"}
		}
		{bone "piece2"
			{Position 36.6901	19.5928	119.861}
			{VolumeView "piece2.ply"}
			{bone "sub_piece2"
				{Position 0.00713348	-28.5115	0}
				{VolumeView "sub_piece2.ply"}
			}
		}
		{bone "piece3"
			{Position -11.8544	-14.9988	61.0553}
			{VolumeView "piece3.ply"}
			{bone "sub_piece3"
				{Position 15.2725	-9.14694	0}
				{VolumeView "sub_piece3.ply"}
			}
		}
		{bone "piece4"
			{Position -30.5959	-7.64401	105.212}
			{VolumeView "piece4.ply"}
			{bone "sub_piece4"
				{Position -18.9584	0	-17.0804}
				{VolumeView "sub_piece4.ply"}
			}
		}
		{bone "piece5"
			{Position 34.1486	-7.64401	106.375}
			{VolumeView "piece5.ply"}
		}
		{bone "piece6"
			{Position -2.06898	-7.64401	76.0594}
			{VolumeView "piece6.ply"}
		}
		{bone "piece7"
			{Position 53.0438	-33.1632	99.719}
			{VolumeView "piece7.ply"}
			{bone "sub_piece7"
				{Position 0	14.6078	-7.8033}
				{VolumeView "sub_piece7.ply"}
			}
		}
		{bone "piece8"
			{Position 53.0438	0.484612	123.566}
			{VolumeView "piece8.ply"}
			{bone "sub_piece8"
				{Position 0	-1.12367	-16.2309}
				{VolumeView "sub_piece8.ply"}
			}
		}
		{bone "piece9"
			{Position 53.0438	41.6861	114.826}
			{VolumeView "piece9.ply"}
			{bone "sub_piece9"
				{Position 0	1.06125	-14.3581}
				{VolumeView "sub_piece9.ply"}
			}
		}
	}
}
{Volume "piece0"
	{Box 5.51154 5.51154 47.8522}
	{Bone "piece0"}
}
{Volume "piece1"
	{Box 5.51154 5.51154 57.3102}
	{Bone "piece1"}
}
{Volume "piece2"
	{Box 23.5087 43.8067 5.90551}
	{Bone "piece2"}
	{Position 1.37342	3.41481	0}
}
{Volume "piece3"
	{Box 41.9496 24.9943 5.90551}
	{Bone "piece3"}
	{Position -2.36698	4.62834	0}
}
{Volume "piece4"
	{Box 35.4808 8.25 29.153}
	{Bone "piece4"}
	{Position -2.29662	0	0}
}
{Volume "piece5"
	{Box 24.932 8.25 26.2913}
	{Bone "piece5"}
	{Position 2.84898	0	0.616864}
}
{Volume "piece6"
	{Box 25.6278 8.25 25.3398}
	{Bone "piece6"}
	{Position 1.97401	0	-2.42751}
}
{Volume "piece7"
	{Box 8.25001 20.9753 29.2256}
	{Bone "piece7"}
	{Position 0	0	-1.99266}
}
{Volume "piece8"
	{Box 8.25002 34.2784 20.6681}
	{Bone "piece8"}
	{Matrix34
		1	0	0
		0	0.998765	0.0496878
		0	-0.0496878	0.998765
		0	0.406976	0.694861
	}
}
{Volume "piece9"
	{Box 8.25001 25.3364 24.0517}
	{Bone "piece9"}
	{Position 0	1.97152	1.89394}
}
{Volume "sub_piece2"
	{Box 23.2478 22.8788 5.90551}
	{Bone "sub_piece2"}
	{Position 1.3718	0	0}
}
{Volume "sub_piece3"
	{Box 29.747 51.7623 5.90551}
	{Bone "sub_piece3"}
	{Matrix34
		0.961235	-0.275729	0
		0.275729	0.961235	0
		0	0	1
		0.868337	1.90617	0
	}
}
{Volume "sub_piece4"
	{Box 24.5529 8.25 21.9345}
	{Bone "sub_piece4"}
	{Matrix34
		0.769954	0	-0.638099
		0	1	0
		0.638099	0	0.769954
		0.319142	0	-0.35456
	}
}
{Volume "sub_piece7"
	{Box 8.25001 17.1922 23.3537}
	{Bone "sub_piece7"}
	{Matrix34
		1	0	0
		0	0.963702	-0.26698
		0	0.26698	0.963702
		1.2523e-005	0.16331	-0.180388
	}
}
{Volume "sub_piece8"
	{Box 8.25 23.8469 15.2321}
	{Bone "sub_piece8"}
	{Position 1.05468e-005	0	-1.4352e-005}
}
{Volume "sub_piece9"
	{Box 8.25001 23.9718 15.7315}
	{Bone "sub_piece9"}
	{Matrix34
		1	0	0
		0	0.904857	-0.425715
		0	0.425715	0.904857
		1.12496e-005	-1.46223	-0.802957
	}
}
