;Exported by: sasha
;Date:        Tue Dec 25 10:24:29 2007
;File:        D:\-Project-\-3DWork-\a_house 303\a_house_303alt.max
{Skeleton
	{bone "303_uc4a"
		{Orientation
			1	0	0
			0	-1	0
			0	0	1
		}
		{VolumeView "303_uc4a.ply"}
		{bone "fix16"
			{Position 3.39626	-14.3966	20.925}
		}
		{bone "exterior"
			{Position -15.8519	-26.5026	63.7763}
			{VolumeView "exterior.ply"}
		}
	}
}
{Area "interior"
	{Obb2
		{Center -13.3276 21.1138}
		{Extent 7.1319 14.8006}
		{Axis -1 0}
	}
	{Rotate}
}
{Volume "body1"
	{Box 8.8159 15.3982 11.5436}
	{Bone "303_uc4a"}
	{Matrix34
		0	0.978148	0.207911
		-1	0	0
		0	-0.207911	0.978148
		-6.65022	-1.54266	49.1896
	}
}
{Volume "body2"
	{Box 8.8159 38.4761 11.5436}
	{Bone "303_uc4a"}
	{Matrix34
		0.978148	0	0.207911
		0	1	0
		-0.207911	0	0.978148
		-2.1347	-17.499	49.1896
	}
}
{Volume "body3"
	{Box 11.6333 4.11243 7.35403}
	{Bone "303_uc4a"}
	{Position -4.52172	-0.932487	58.8625}
}
{Volume "body4"
	{Box 7.67796 4.11243 7.35403}
	{Bone "303_uc4a"}
	{Matrix34
		0	1	0
		-1	0	0
		0	0	1
		-0.919365	-6.3236	58.8625
	}
}
{Volume "body5"
	{Box 19.1138 4.11243 4.1918}
	{Bone "303_uc4a"}
	{Matrix34
		0	1	0
		-1	0	0
		0	0	1
		-0.902695	-24.7958	57.2814
	}
}
{Volume "roof01"
	{Box 12.6889 36.6641 4.52756}
	{Bone "exterior"}
	{Position 3.42513	2.34096	-10.61}
}
{Volume "roof02"
	{Box 24.1331 27.5937 4.52756}
	{Bone "exterior"}
	{Matrix34
		0.468906	0.222319	-0.854811
		-0.434238	0.90079	-0.00392402
		0.769133	0.373031	0.518925
		-1.91206	-8.35927	1.67252
	}
}
