;Exported by: Sergey
;Date:        Sun Jan 29 11:26:27 2017
;File:        D:\Sergey\documents\3dsMax\scenes\_resource_MoW_old\-vehicle_cannon\25-mm azp 1940 72-k\25-mm azp 72-k_04.max
{Skeleton
	{animation
		{sequence "close" {speed 0.6}}
		{sequence "recoil" {speed 0.8}}
	}
	{bone "basis"
		{Orientation
			1	0	0
			0	-1	0
			0	0	1
		}
		{bone "emit2"
			{parameters "LastPose = undefined;"}
			{Position -9.05829	-22.4864	0}
		}
		{bone "emit3"
			{parameters "LastPose = undefined;"}
			{Position -13.9197	-27.2262	0}
		}
		{bone "emit4"
			{parameters "LastPose = undefined;"}
			{Position -13.1313	27.0132	0}
		}
		{bone "emit1"
			{Position -8.26996	22.0916	0}
		}
		{bone "body"
			{Matrix34
				-1	0	0
				0	-1	0
				0	0	1
				0.0965886	-0.14036	3.27391
			}
			{VolumeView "body.ply"}
			{bone revolute "turret"
				{parameters "ID=turret;"}
				{speed 0.01}
				{Matrix34
					-1	0	0
					0	-1	0
					0	0	1
					0	0	3.61539
				}
				{VolumeView "turret.ply"}
				{bone revolute "gun_rot"
					{parameters "ID=gun;"}
					{limits -65 25}
					{speed 0.006}
					{Matrix34
						-0.991807	1.38647e-05	0.127744
						0.127744	0	0.991807
						1.3928e-05	1	0
						2.43811	-2.92331	9.79824
					}
					{VolumeView "gun_rot.ply"}
					{bone prizmatic "gun"
						{parameters "ID=gun;"}
						{Position -21.4381	13.273	3.4022}
						{VolumeView "gun.ply"}
						{bone "shooter00"
							{parameters "LastPose = undefined;"}
							{Matrix34
								-0.858502	0.51281	1.52588e-05
								0.51281	0.858502	0
								-1.33891e-05	0	-1
								-10.6518	6.26078	-0.0835777
							}
						}
						{bone "foresight1"
							{Matrix34
								-0.858502	0.51281	1.52588e-05
								0.51281	0.858502	0
								-1.33891e-05	0	-1
								-10.9604	6.44508	-0.0835711
							}
						}
						{bone "visor"
							{Matrix34
								-0.858502	0.51281	1.52588e-05
								0.51281	0.858502	0
								-1.33891e-05	0	-1
								26.0213	-5.08323	-0.140096
							}
						}
					}
					{bone "cartridge"
						{Matrix34
							-0.901652	0.432463	1.58866e-05
							-0.432463	-0.901652	0
							1.37434e-05	0	1
							1.34444	0.976084	3.40627
						}
						{VolumeView "cartridge.ply"}
					}
					{bone "shield2"
						{parameters "ID=shield;"}
						{Position -3.03658	5.52819	3.34995}
						{VolumeView "shield2.ply"}
					}
				}
				{bone "visor2"
					{Matrix34
						1	0	0
						0	0	1
						0	-1	0
						-3.49851	-6.23297	19.7228
					}
				}
				{bone "gunner"
					{parameters "LastPose = undefined;"}
					{Matrix34
						1	0	0
						0	1	0
						0	0	1
						-9.87505	0.0192003	-3.35146
					}
				}
				{bone "commander"
					{Matrix34
						1	0	0
						0	1	0
						0	0	1
						-4.62132	-10.0932	-12.8223
					}
				}
				{bone "shield"
					{parameters "ID=shield;"}
					{Matrix34
						0	1	0
						0.264715	0	0.964327
						0.964327	0	-0.264715
						11.0217	9.25268	9.13887
					}
					{VolumeView "shield.ply"}
					{bone revolute "cover"
						{Matrix34
							0.971754	-0.146555	-0.184977
							-0.235998	-0.603463	-0.761668
							0	0.783808	-0.621004
							-17.4012	4.78773	-3.44228
						}
						{VolumeView "cover.ply"}
					}
				}
				{bone "seat2"
					{parameters "LastPose = undefined;"}
					{Matrix34
						1	0	0
						0	1	0
						0	0	1
						-4.62132	-10.0932	-12.8223
					}
				}
				{bone "seat1"
					{parameters "LastPose = undefined;"}
					{Matrix34
						1	0	0
						0	1	0
						0	0	1
						-9.87505	0.0192003	-3.35146
					}
				}
				{bone "fx_invers"
					{Matrix34
						0.307526	0	-0.95154
						0.95154	0	0.307526
						0	-1	0
						12.4092	0.68072	0.160279
					}
				}
			}
			{bone prizmatic "domkrat1"
				{Matrix34
					-1	0	0
					0	-1	1.55029e-05
					0	1.55029e-05	1
					25.2671	-0.255905	-3.24828
				}
				{VolumeView "domkrat1.ply"}
			}
			{bone revolute "standr"
				{Matrix34
					0	1	0
					-1	0	0
					0	0	1
					0.00504153	12.4827	-0.448619
				}
				{VolumeView "standr.ply"}
				{bone prizmatic "domkrat2"
					{Matrix34
						0	1	0
						-1	0	1.55029e-05
						1.55029e-05	0	1
						8.00187	-0.0322456	-0.0188019
					}
					{VolumeView "domkrat2.ply"}
				}
			}
			{bone revolute "standl"
				{Matrix34
					0	1	0
					-1	0	0
					0	0	1
					0.00507952	-12.6107	-0.448619
				}
				{VolumeView "standl.ply"}
				{bone prizmatic "domkrat3"
					{Matrix34
						0	1	0
						-1	0	1.55029e-05
						1.55029e-05	0	1
						-7.91951	-0.0322399	-0.0188015
					}
					{VolumeView "domkrat3.ply"}
				}
			}
			{bone revolute "farkop"
				{Matrix34
					-0.87735	0	0.479851
					0.479851	0	0.87735
					0	1	0
					36.271	-1.30695	2.24925
				}
				{VolumeView "farkop.ply"}
				{bone "link1"
					{Matrix34
						0.999704	-0.0243196	0
						0	0	-1
						0.0243196	0.999704	0
						-10.7108	-0.437195	0.991718
					}
				}
			}
			{bone revolute "gun_upor"
				{Matrix34
					0.395587	0	-0.918429
					-0.918429	0	-0.395587
					0	1	0
					-20.559	-6.59191	2.26223
				}
				{VolumeView "gun_upor.ply"}
			}
		}
		{bone "pivot_front"
			{Position 19.4237	-1.49906e-05	5.47735}
			{VolumeView "pivot_front.ply"}
			{bone revolute "wheelright2"
				{parameters "ID=wheelright;Support=1;Radius=0.38;"}
				{Matrix34
					-1	0	0
					0	0	1
					0	1	0
					3.12741	-15.8495	1.89956
				}
				{VolumeView "wheelright2.ply"}
			}
			{bone revolute "wheelleft2"
				{parameters "ID=wheelleft;Support=1;Radius=0.38;"}
				{Matrix34
					-1	0	0
					0	0	1
					0	-1	0
					3.11922	15.8557	1.89956
				}
				{VolumeView "wheelleft2.ply"}
			}
			{bone "fxtracel2"
				{Position 3.22725	15.4241	-5.47735}
			}
			{bone "fxtracer2"
				{Position 3.16434	-15.6535	-5.47735}
			}
		}
		{bone "pivot_back"
			{Position -27.412	-0.431392	7.05348}
			{VolumeView "pivot_back.ply"}
			{bone revolute "wheelright1"
				{parameters "ID=wheelright;Support=1;Radius=0.38;"}
				{Matrix34
					-1	0	0
					0	0	1
					0	1	0
					1.95369	-15.4182	0.323424
				}
				{VolumeView "wheelright1.ply"}
			}
			{bone revolute "wheelleft1"
				{parameters "ID=wheelleft;Support=1;Radius=0.38;"}
				{Matrix34
					-1	0	0
					0	0	1
					0	-1	0
					1.95366	16.2871	0.323424
				}
				{VolumeView "wheelleft1.ply"}
			}
			{bone "fxtracel1"
				{Position 1.99646	15.8555	-7.05348}
			}
			{bone "fxtracer1"
				{Position 1.96642	-15.014	-7.05348}
			}
		}
		{bone "driver2"
			{Position -11.2447	-20.0157	0}
		}
		{bone "driver1"
			{Position -11.2439	20.1045	0}
		}
	}
}
{Volume "body1"
	{Box 2.42962 3.30094 26.2141}
	{Bone "body"}
	{Matrix34
		-1	0	0
		0	0	1
		0	1	0
		0.0410868	-0.128686	1.1536
	}
}
{Volume "body"
	{Box 52.934 3.28418 3.35121}
	{Bone "body"}
	{Matrix34
		-1	0	0
		0	0	1
		0	1	0
		1.06125	-0.223073	1.17017
	}
}
{Volume "farkop"
	{Box 12.3203 1.69332 1.75171}
	{Bone "farkop"}
	{Position -5.16624	-0.0123062	0.989103}
}
{Volume "gun_rot"
	{Box 16.9906 4.39008 3.01609}
	{Bone "gun_rot"}
	{Matrix34
		-0.858503	0.512809	1.52588e-05
		0.512809	0.858503	0
		-1.33891e-05	0	-1
		-3.17522	1.79832	3.46397
	}
}
{Volume "gun"
	{Cylinder 0.669911 24.682}
	{Bone "gun"}
	{Matrix34
		1.45483e-05	0	1
		0.514419	0.857539	0
		-0.857539	0.514419	1.45483e-05
		0.604109	-0.416891	0.00994201
	}
}
{Volume "pivot_back"
	{Cylinder 1.14987 27.7195}
	{Bone "pivot_back"}
	{Matrix34
		1	0	0
		0	0	1
		0	-1	0
		5.90624	0.594008	-1.58459
	}
}
{Volume "pivot_front"
	{Cylinder 1.01766 27.508}
	{Bone "pivot_front"}
	{Matrix34
		1	0	0
		0	0	1
		0	-1	0
		0.102473	-0.315897	-0.00517571
	}
}
{Volume "shield1"
	{Box 0.19685 14.2715 34.6187}
	{Bone "shield"}
	{Matrix34
		0	0.637536	0.770421
		0	0.770421	-0.637536
		-1	0	0
		-9.28967	5.57356	-4.25821
	}
}
{Volume "shield2"
	{Box 0.269576 9.01485 4.08074}
	{Bone "shield2"}
	{Matrix34
		-0.584931	0.811083	1.09673e-05
		0.811083	0.584931	-1.24852e-05
		-1.65416e-05	0	-1
		0.971724	1.88593	-0.0606713
	}
}
{Volume "shield"
	{Box 0.19685 10.1752 34.276}
	{Bone "shield"}
	{Matrix34
		0	0.136269	0.990672
		0	0.990672	-0.136269
		-1	0	0
		-9.12002	-4.83165	0.915977
	}
}
{Volume "turret1"
	{Box 11.126 8.51206 5.40214}
	{Bone "turret"}
	{Matrix34
		1	0	0
		0	0	1
		0	-1	0
		2.4241	0.588254	5.01682
	}
}
{Volume "turret"
	{Cylinder 12.5807 0.871313}
	{Bone "turret"}
	{Matrix34
		1	0	0
		0	1	0
		0	0	1
		-0.196565	-0.0842499	0.392407
	}
}
{Volume "wheelleft1"
	{Cylinder 7.99399 4.06922}
	{Bone "wheelleft1"}
	{Matrix34
		-1	0	0
		0	1	0
		0	0	1
		0	0	0.0666993
	}
}
{Volume "wheelleft2"
	{Cylinder 7.99399 4.06922}
	{Bone "wheelleft2"}
	{Matrix34
		-1	0	0
		0	1	0
		0	0	1
		0	0	0.0667031
	}
}
{Volume "wheelright1"
	{Cylinder 7.99399 4.06922}
	{Bone "wheelright1"}
	{Matrix34
		-1	0	0
		0	1	0
		0	0	-1
		0	0	0.238113
	}
}
{Volume "wheelright2"
	{Cylinder 7.99399 4.06922}
	{Bone "wheelright2"}
	{Matrix34
		-1	0	0
		0	1	0
		0	0	-1
		0	0	0.114182
	}
}
