;Exported by: sana
;Date:        Tue Jan 03 16:00:55 2006
;File:        D:\-Project-\-3DWork-\Entourage\house_euro_104c\house_euro_104c_x.max
{Skeleton
	{bone "104c_corner4"
		{Orientation
			1	0	0
			0	-1	0
			0	0	1
		}
		{bone "piece0"
			{Position 5.4117	-0.0788803	58.6373}
			{VolumeView "piece0.ply"}
			{bone "sub_piece0"
				{Position -5.5965	0	-11.193}
				{VolumeView "sub_piece0.ply"}
			}
		}
		{bone "piece1"
			{Position 21.9003	-0.0788803	31.6177}
			{VolumeView "piece1.ply"}
			{bone "sub_piece1"
				{Position -10.1098	0	-5.89738}
				{VolumeView "sub_piece1.ply"}
			}
		}
		{bone "piece2"
			{Position -23.4734	-0.0788803	44.8567}
			{VolumeView "piece2.ply"}
			{bone "sub_piece2"
				{Position 2.6478	0	-14.4426}
				{VolumeView "sub_piece2.ply"}
			}
		}
		{bone "piece3"
			{Position -7.88746	-0.0788803	21.0866}
			{VolumeView "piece3.ply"}
		}
	}
}
{Volume "piece0"
	{Box 28.0667 7 17.4225}
	{Bone "piece0"}
	{Matrix34
		0.963626	0	-0.267256
		0	1	0
		0.267256	0	0.963626
		0.215417	0	1.33156
	}
}
{Volume "piece1"
	{Box 14.0815 7 24.432}
	{Bone "piece1"}
	{Position 0	0	0}
}
{Volume "piece2"
	{Box 21.5435 7 20.9237}
	{Bone "piece2"}
	{Matrix34
		0.998616	0	0.0525945
		0	1	0
		-0.0525945	0	0.998616
		0.411808	0	0.411734
	}
}
{Volume "piece3"
	{Box 16.1251 7 24.2972}
	{Bone "piece3"}
	{Matrix34
		0.969617	0	-0.244626
		0	1	0
		0.244626	0	0.969617
		1.39501	0	-0.348435
	}
}
{Volume "sub_piece0"
	{Box 23.8302 7 13.5038}
	{Bone "sub_piece0"}
	{Matrix34
		0.960998	0	-0.276554
		0	1	0
		0.276554	0	0.960998
		-1.0369	0	-1.40921
	}
}
{Volume "sub_piece1"
	{Box 11.548 7 18.2903}
	{Bone "sub_piece1"}
	{Matrix34
		0.975919	0	0.218134
		0	1	0
		-0.218134	0	0.975919
		-0.641883	0	-0.142565
	}
}
{Volume "sub_piece2"
	{Box 12.3965 7 12.3917}
	{Bone "sub_piece2"}
	{Position 0	0	-0.235302}
}
