;Exported by: sergey
;Date:        Sun Sep 29 11:10:03 2013
;File:        D:\Documents\3dsmax\scenes\m.gl.Einheits-Pkw.Horch 901\Horch_901_Kfz15.max
{Skeleton
	{animation
		{sequence "start" {speed 0.3}}
		{sequence "stop" {speed 0.3}}
		{sequence "doorright" {speed 0.2}}
		{sequence "doorleft" {speed 0.2}}
		{sequence "doorright1" {speed 0.2}}
		{sequence "doorleft1" {speed 0.2}}
	}
	{bone "basis"
		{parameters "SteerMax=35;WheelRadius=0.465;"}
		{Orientation
			1	0	0
			0	-1	0
			0	0	1
		}
		{bone "body"
			{parameters "ID=body;"}
			{Position 0.902471	0.00127602	8.8016}
			{VolumeView "body.ply"}
			{bone "engine"
				{parameters "ID=engine;"}
				{Matrix34
					0	1	0
					0	0	1
					1	0	0
					21.1015	-0.143677	8.25225
				}
				{VolumeView "engine.ply"}
			}
			{bone "driver"
				{Position 4.78355	6.80959	2.97533}
			}
			{bone "commander"
				{Position 4.78229	-6.86685	2.97533}
			}
			{bone "seat01"
				{Position -18.7576	4.6836	3.06165}
			}
			{bone "seat02"
				{Position -18.7571	-5.47911	3.06165}
			}
			{bone "link2"
				{Matrix34
					-0.999917	0.012907	0
					-0.012907	-0.999917	0
					0	0	1
					-43.9958	-0.0416663	3.93573
				}
			}
			{bone "headlightl"
				{parameters "ID=body;"}
				{Position 39.0718	9.15006	11.7096}
				{VolumeView "headlightl.ply"}
				{bone "fxlight"
					{Position 2.28286	0.00864315	-0.000391006}
				}
			}
			{bone "headlightr"
				{parameters "ID=body;"}
				{Position 39.0718	-8.7551	11.7096}
				{VolumeView "headlightr.ply"}
			}
			{bone revolute "zapaskal"
				{parameters "ID=body;"}
				{Matrix34
					-1	0	0
					0	0	1
					0	1	0
					-1.25706	14.5054	5.65374
				}
				{VolumeView "zapaskal.ply"}
			}
			{bone revolute "zapaskar"
				{parameters "ID=body;"}
				{Matrix34
					-1	0	0
					0	0	1
					0	1	0
					-1.17759	-14.4814	5.75069
				}
				{VolumeView "zapaskar.ply"}
			}
			{bone revolute "rama_window"
				{Matrix34
					1	0	0
					0	0	1
					0	-1	0
					15.8303	0.0081397	20.0426
				}
				{VolumeView "rama_window.ply"}
				{bone "glass"
					{parameters "ID=glass;"}
					{Matrix34
						1	0	0
						0	0	-1
						0	1	0
						-16.7897	-9.72174	1.29472e-005
					}
					{VolumeView "glass.ply"}
				}
			}
			{bone "seats_front"
				{parameters "ID=body;"}
				{Position -0.959327	0.00812612	15.5262}
				{VolumeView "seats_front.ply"}
			}
			{bone "seats_back"
				{parameters "ID=body;"}
				{Position -19.7437	-0.174131	10.5719}
				{VolumeView "seats_back.ply"}
			}
			{bone "visor"
				{Matrix34
					0	1	0
					-1	0	0
					0	0	1
					14.7608	7.61156	25.686
				}
			}
			{bone "fxstop1"
				{Matrix34
					-1	0	0
					0	0	1
					0	1	0
					-42.4881	-11.426	2.50364
				}
			}
			{bone "steerrudder"
				{parameters "WheelRadius=0.2;"}
				{Matrix34
					0	-1	0
					0.453451	0	0.891281
					-0.891281	0	0.453451
					11.6683	5.59547	19.7204
				}
				{VolumeView "steerrudder.ply"}
			}
			{bone "detail2"
				{Matrix34
					0.00014104	-0.0161616	-0.999869
					-0.0113457	0.999805	-0.0161622
					0.999936	0.0113465	-4.23514e-005
					27.5107	-11.9491	12.4957
				}
				{VolumeView "detail2.ply"}
			}
			{bone "detail1"
				{Matrix34
					-0.000514268	-0.0161542	-0.999869
					0.0291974	0.999443	-0.0161624
					0.999574	-0.0292019	-4.23199e-005
					29.115	11.9295	12.4397
				}
				{VolumeView "detail1.ply"}
			}
			{bone "logo"
				{parameters "ID=body;"}
				{Position 42.526	-0.0382806	15.8113}
				{VolumeView "logo.ply"}
			}
			{bone revolute "doorl2"
				{parameters "ID=body;"}
				{Position -10.547	13.4896	15.5453}
				{VolumeView "doorl2.ply"}
			}
			{bone revolute "doorr1"
				{parameters "ID=body;"}
				{Position 14.0137	-13.4145	15.5453}
				{VolumeView "doorr1.ply"}
			}
			{bone revolute "doorl1"
				{parameters "ID=body;"}
				{Position 14.0137	13.4896	15.5453}
				{VolumeView "doorl1.ply"}
			}
			{bone revolute "doorr2"
				{parameters "ID=body;"}
				{Position -10.549	-13.4168	15.5453}
				{VolumeView "doorr2.ply"}
			}
			{bone "detail4"
				{parameters "ID=body;"}
				{Matrix34
					0	0.986467	0.163959
					0	-0.163959	0.986467
					-1	0	0
					16.314	-15.9797	4.42752
				}
				{VolumeView "detail4.ply"}
			}
			{bone "attach01"
				{Matrix34
					0.00374794	0.999993	0
					0.0174522	-6.56488e-005	-0.999848
					-0.999841	0.00374737	-0.0174524
					16.4183	14.0773	9.65734
				}
			}
			{bone "attach05"
				{Matrix34
					-0.00386444	-0.999993	0
					0.999993	-0.00386444	0
					0	0	1
					-31.8936	-6.0617	18.5141
				}
			}
			{bone "attach04"
				{Matrix34
					1	0	0
					0	-0.999995	-0.0032092
					0	0.0032092	-0.999995
					-30.2769	5.26139	20.3938
				}
			}
			{bone "attach02"
				{Matrix34
					-0.0162809	-0.999859	0.00411938
					-0.968961	0.0167939	0.246643
					-0.246677	2.40472e-005	-0.969098
					-2.87931	0.512063	17.9035
				}
			}
			{bone "attach03"
				{Matrix34
					-0.00805195	0.999968	0
					0.969774	0.00780894	-0.243878
					-0.24387	-0.00196323	-0.969806
					-2.89953	-4.55062	17.8236
				}
			}
			{bone "attach06"
				{Matrix34
					1	0	0
					0	-0.999995	-0.0032092
					0	0.0032092	-0.999995
					-36.5425	5.26139	20.3938
				}
			}
			{bone "attach07"
				{Matrix34
					1	0	0
					0	-0.999995	-0.0032092
					0	0.0032092	-0.999995
					-32.3951	11.3354	18.4225
				}
			}
			{bone "attach08"
				{Matrix34
					-0.00847254	-0.999964	0.000129135
					0.999959	-0.00847208	0.0032092
					-0.00320799	0.00015632	0.999995
					-35.6325	10.0761	18.4225
				}
			}
			{bone "attach10"
				{Matrix34
					-0.0136155	0	0.999907
					-0.999901	-0.00364379	-0.0136154
					0.00364345	-0.999993	4.96119e-005
					0.425081	-0.589934	9.82148
				}
			}
			{bone "attach09"
				{Matrix34
					-0.0136155	0	0.999907
					-0.999874	-0.0081795	-0.013615
					0.00817874	-0.999967	0.000111368
					0.425081	0.528975	9.82148
				}
			}
			{bone "numberfront"
				{Matrix34
					-0.0346351	0.999391	0.00428914
					-0.405477	-0.0179747	0.913929
					0.913449	0.0299149	0.405852
					42.0891	-12.8222	5.18265
				}
				{VolumeView "numberfront.ply"}
			}
			{bone "numberback"
				{Matrix34
					0	-1	0
					0	0	1
					-1	0	0
					-41.678	7.03503	9.01624
				}
				{VolumeView "numberback.ply"}
			}
			{bone "kfz15"
				{parameters "ID=body;"}
				{Position 0	0.00747322	0}
				{VolumeView "kfz15.ply"}
				{bone revolute "kapot_r"
					{parameters "ID=engine;"}
					{Matrix34
						0	1	0
						0.0179802	0	0.999838
						0.999838	0	-0.0179802
						20.4581	-0.146253	17.6251
					}
					{VolumeView "kapot_r.ply"}
					{bone revolute "kapot_r1"
						{parameters "ID=engine;"}
						{Matrix34
							0.97237	-0.00519167	-0.233388
							0.00494416	0.999986	-0.00164556
							0.233393	0.000446187	0.972382
							-11.0532	-4.13196	-1.01257
						}
						{VolumeView "kapot_r1.ply"}
					}
				}
				{bone "kapotl1"
					{parameters "ID=engine;"}
					{Matrix34
						0	1	0
						-1	0	0
						0	0	1
						31.0883	-0.154133	2.08131
					}
					{VolumeView "kapotl1.ply"}
					{bone "kapotl2"
						{parameters "ID=engine;"}
						{Position 0	0	0}
						{VolumeView "kapotl2.ply"}
					}
				}
			}
			{bone "attach11"
				{Matrix34
					-0.00386444	-0.999993	0
					0.999993	-0.00386444	0
					0	0	1
					-31.8936	-3.39516	18.5141
				}
			}
			{bone "attach12"
				{Matrix34
					-0.0136155	0	0.999907
					-0.00482131	0.999988	-6.56505e-005
					-0.999896	-0.00482176	-0.0136153
					-5.19774	4.90837	3.04237
				}
			}
			{bone "shield"
				{Matrix34
					-1	0	0
					0	0	1
					0	1	0
					-31.676	0.00812948	26.7377
				}
				{bone "kfz15_shield"
					{parameters "CommonMesh;ID=shield;"}
					{Matrix34
						-1	0	0
						0	0	1
						0	1	0
						-30.7167	-15.2044	0
					}
					{VolumeView "kfz15_shield.ply"}
					{bone "glass2_tent"
						{parameters "ID=glass;"}
						{Matrix34
							0	-1	0
							0.934833	0	-0.355089
							0.355089	0	0.934833
							-36.3742	6.11399	12.7489
						}
						{VolumeView "glass2_tent.ply"}
					}
					{bone "glass1_tent"
						{parameters "ID=glass;"}
						{Matrix34
							0	-1	0
							0.934833	0	-0.355089
							0.355089	0	0.934833
							-36.3742	-7.2478	12.7489
						}
						{VolumeView "glass1_tent.ply"}
					}
					{bone "detail3"
						{Position -3.32406	-0.0171679	12.2358}
						{VolumeView "detail3.ply"}
						{bone "kfz15_glass_bok_l2"
							{parameters "ID=glass;"}
							{Matrix34
								1	0	0
								0	1	0.000762593
								0	-0.000764926	1
								0.0536833	13.3443	0.209003
							}
							{VolumeView "kfz15_glass_bok_l2.ply"}
						}
						{bone "kfz15_glass_bok_r2"
							{parameters "ID=glass;"}
							{Matrix34
								-1	0	0
								0	-1	-0.000762402
								0	-0.000764735	1
								0.0536833	-13.3554	0.254337
							}
							{VolumeView "kfz15_glass_bok_r2.ply"}
						}
						{bone revolute "kfz15_shield_dorr1"
							{parameters "ID=shield;"}
							{Position 18.2971	-13.4054	-8.22383}
							{VolumeView "kfz15_shield_dorr1.ply"}
							{bone "kfz15_glass_bok_r1"
								{parameters "ID=glass;"}
								{Matrix34
									1	0	0
									0	0	1
									0	-1	0
									-5.33799	0.409283	8.18499
								}
								{VolumeView "kfz15_glass_bok_r1.ply"}
							}
						}
						{bone "kfz15_shield_dorl1"
							{parameters "ID=shield;"}
							{Position 18.2971	13.4987	-8.22383}
							{VolumeView "kfz15_shield_dorl1.ply"}
							{bone "kfz15_glass_bok_l1"
								{parameters "ID=glass;"}
								{Matrix34
									1	0	0
									0	0	1
									0	-1	0
									-5.31546	-0.140209	8.17649
								}
								{VolumeView "kfz15_glass_bok_l1.ply"}
							}
						}
						{bone revolute "kfz15_shield_dorr2"
							{parameters "ID=shield;"}
							{Position -6.26556	-13.4078	-8.22383}
							{VolumeView "kfz15_shield_dorr2.ply"}
							{bone "kfz15_glass_bok_r3"
								{parameters "ID=glass;"}
								{Matrix34
									-1	0	0
									0	0	1
									0	1	0
									-6.08787	0.175042	8.14453
								}
								{VolumeView "kfz15_glass_bok_r3.ply"}
							}
						}
						{bone revolute "kfz15_shield_dorl2"
							{parameters "ID=shield;"}
							{Position -6.26364	13.4987	-8.22383}
							{VolumeView "kfz15_shield_dorl2.ply"}
							{bone "kfz15_glass_bok_l3"
								{parameters "ID=glass;"}
								{Matrix34
									-1	0	0
									0	0	1
									0	1	0
									-6.08979	-1.1684	8.14453
								}
								{VolumeView "kfz15_glass_bok_l3.ply"}
							}
						}
					}
				}
			}
			{bone "kfz15_body"
				{parameters "ID=body;"}
				{VolumeView "kfz15_body.ply"}
			}
			{bone "fxsmoke1"
				{Matrix34
					-0.614099	0.783809	-0.0923386
					0.0569484	-0.0726863	-0.995728
					-0.787172	-0.616734	0
					-40.8282	16.1091	0.673147
				}
			}
		}
		{bone "fuel"
			{Matrix34
				0	-1	0
				0	0	1
				-1	0	0
				-33.3141	-12.4995	12.2435
			}
		}
		{bone "emit1"
			{parameters "Group=driver;"}
			{Matrix34
				0.566696	-0.823927	0
				0.823927	0.566696	0
				0	0	1
				8.52727	20.3706	-0.0511074
			}
		}
		{bone "emit2"
			{parameters "Group=passenger;"}
			{Matrix34
				0.564459	0.825461	0
				-0.825461	0.564459	0
				0	0	1
				2.78206	-20.2279	-0.0511112
			}
		}
		{bone "support1"
			{Position 33.6322	0.00940716	-0.0511074}
			{bone "pivot_front"
				{Position -0.203182	0	8.83304}
				{bone revolute "steer_l"
					{Matrix34
						0.99997	0.00161509	-0.00752212
						0.00161513	-0.999999	0
						-0.00752211	-1.21492e-005	-0.999972
						0.00473022	12.4487	-0.00451374
					}
					{bone revolute "wheell1"
						{parameters "ID=wheelleft1;"}
						{Matrix34
							-0.99997	-0.00161505	0.00752225
							-0.00752228	1.21593e-005	-0.999972
							0.00161491	-0.999999	-2.44379e-005
							0.0574646	-2.06237	0.0200872
						}
						{VolumeView "wheell1.ply"}
					}
				}
				{bone revolute "steer_r"
					{Matrix34
						0.999942	-0.00844584	0.00668274
						-0.00844603	-0.999964	0
						0.0066825	-5.64426e-005	-0.999978
						0.00473022	-12.1961	-0.00451374
					}
					{bone revolute "wheelr1"
						{parameters "ID=wheelright1;"}
						{Matrix34
							-0.999942	0.00844612	-0.00668151
							0.00668175	0	-0.999978
							-0.00844593	-0.999964	-5.65052e-005
							0.0704269	1.94515	0.0211239
						}
						{VolumeView "wheelr1.ply"}
					}
				}
				{bone "spring_l"
					{Position 0.0100174	10.8623	-0.00639915}
				}
				{bone "spring_r"
					{Position 0.00780106	-10.1963	-0.00639915}
				}
				{bone "fxtracer1"
					{Position 0.0627594	-14.1345	-8.83305}
				}
				{bone "fxtracel1"
					{Position 0.0382538	14.0839	-8.83304}
				}
				{bone "front_os"
					{parameters "ID=body;"}
					{VolumeView "front_os.ply"}
				}
			}
		}
		{bone "support2"
			{Position -26.0782	0.00939667	-0.051115}
			{bone "pivot_back"
				{Position -0.0374527	0	8.86426}
				{bone revolute "wheelr2"
					{parameters "ID=wheelright2;"}
					{Matrix34
						-1	0	0
						0	0	1
						0	1	0
						0.0279827	-14.3509	-0.0250568
					}
					{VolumeView "wheelr2.ply"}
				}
				{bone revolute "wheell2"
					{parameters "ID=wheelleft2;"}
					{Matrix34
						-1	0	0
						0	0	1
						0	1	0
						0.0759392	14.5044	-0.0250597
					}
					{VolumeView "wheell2.ply"}
				}
				{bone "spring_l1"
					{Position 0.00887108	11.9639	-0.0118847}
				}
				{bone "spring_r1"
					{Position 0.00875092	-12.0172	0.00183678}
				}
				{bone "fxtracer2"
					{Position -0.0609226	-15.9867	-8.86426}
				}
				{bone "fxtracel2"
					{Position 0.029459	15.7368	-8.86426}
				}
				{bone "back_os"
					{parameters "ID=body;"}
					{Position 0	0	0}
					{VolumeView "back_os.ply"}
				}
			}
		}
		{bone "emit4"
			{parameters "Group=passenger;"}
			{Matrix34
				0.645365	0.763874	0
				-0.763874	0.645365	0
				0	0	1
				-22.1378	-20.2753	-0.0511131
			}
		}
		{bone "emit3"
			{parameters "Group=driver;"}
			{Matrix34
				0.606652	-0.794968	0
				0.794968	0.606652	0
				0	0	1
				-22.7395	21.7203	-0.0511112
			}
		}
	}
}
{Volume "body"
	{Box 64.5496 19.9051 31.2619}
	{Bone "kfz15"}
	{Matrix34
		1	0	0
		0	0	1
		0	-1	0
		-12.1809	0.4519	9.03899
	}
}
{Volume "engine"
	{Polyhedron "engine.vol"}
	{Bone "engine"}
	{Matrix34
		0	0	1
		0	1	0
		-1	0	0
		12.675	3.05042	11.4216
	}
}
{Volume "fuel"
	{Box 11.0426 11.8009 3.86397}
	{Bone "body"}
	{Matrix34
		0	-1	0
		1	0	0
		0	0	1
		-36.8196	-8.63276	3.82155
	}
}
{Volume "glass1_tent"
	{Box 7.66961 4.58276 0.0821796}
	{Bone "glass1_tent"}
	{Matrix34
		0.953517	0	0
		0	0.0179343	0.953348
		0	-0.953348	0.0179337
		-0.0125475	-1.92602	-0.0249946
	}
}
{Volume "glass2_tent"
	{Box 7.66961 4.58276 0.0821796}
	{Bone "glass2_tent"}
	{Matrix34
		0.953517	0	0
		0	0.0179343	0.953348
		0	-0.953348	0.0179337
		-0.0125475	-1.92602	-0.0249946
	}
}
{Volume "glass"
	{Box 0.80429 9.7844 29.3212}
	{Bone "glass"}
	{Matrix34
		0.955238	0	0.295839
		-0.295839	0	0.955238
		0	-1	0
		15.4495	-0.0695658	14.0394
	}
}
{Volume "kfz15_glass_bok_l1"
	{Polyhedron "kfz15_glass_bok_l1.vol"}
	{Bone "body"}
	{Matrix34
		1	0	0
		0	0	1
		0	-1	0
		9.17843	14.1292	25.3609
	}
}
{Volume "kfz15_glass_bok_l2"
	{Box 12.3696 11.4218 0.0997866}
	{Bone "body"}
	{Matrix34
		1	0	0
		0	0	1
		0	-1	0
		-4.33902	13.9729	25.2685
	}
}
{Volume "kfz15_glass_bok_l3"
	{Polyhedron "kfz15_glass_bok_l3.vol"}
	{Bone "body"}
	{Matrix34
		-1	0	0
		0	0	1
		0	1	0
		-17.3917	13.8055	25.3273
	}
}
{Volume "kfz15_glass_bok_r1"
	{Polyhedron "kfz15_glass_bok_r1.vol"}
	{Bone "body"}
	{Matrix34
		1	0	0
		0	0	1
		0	-1	0
		9.17842	-13.8005	25.3711
	}
}
{Volume "kfz15_glass_bok_r2"
	{Box 12.3696 11.4218 0.0997866}
	{Bone "body"}
	{Matrix34
		1	0	0
		0	0	1
		0	-1	0
		-4.33902	-14.0289	25.2685
	}
}
{Volume "kfz15_glass_bok_r3"
	{Polyhedron "kfz15_glass_bok_r3.vol"}
	{Bone "body"}
	{Matrix34
		-1	0	0
		0	0	1
		0	1	0
		-17.3917	-13.9667	25.3273
	}
}
{Volume "shield1"
	{Polyhedron "shield1.vol"}
	{Bone "shield"}
	{Matrix34
		1	0	0
		0	1	0
		0	0	1
		-1.54002	-2.88831	-0.563435
	}
}
{Volume "shield"
	{Polyhedron "shield.vol"}
	{Bone "shield"}
	{Matrix34
		-1	0	0
		0	1	0
		0	0	-1
		-20.0124	-2.65561	-0.00939709
	}
}
{Volume "wheell1"
	{Cylinder 9.82923 4.5005}
	{Bone "body"}
	{Matrix34
		0.999995	0.00323069	0
		0	0	1
		0.00323075	-0.999995	0
		34.2352	15.2653	0.440062
	}
}
{Volume "wheell2"
	{Cylinder 9.82923 4.5005}
	{Bone "body"}
	{Matrix34
		1	0	0
		0	0	1
		0	-1	0
		-28.2286	15.2166	0.440048
	}
}
{Volume "wheelr1"
	{Cylinder 9.82923 4.5005}
	{Bone "body"}
	{Matrix34
		0.999857	-0.0168896	0
		0	5.68017e-005	1
		-0.0168896	-0.999857	5.57278e-005
		34.2054	-14.99	0.440076
	}
}
{Volume "wheelr2"
	{Cylinder 9.82923 4.5005}
	{Bone "body"}
	{Matrix34
		1	0	0
		0	0	1
		0	-1	0
		-28.2286	-15.0842	0.440047
	}
}
{Volume "zapaskal"
	{Cylinder 9.82923 4.5005}
	{Bone "body"}
	{Matrix34
		1	0	0
		0	0	1
		0	-1	0
		-1.4379	15.6412	6.48547
	}
}
{Volume "zapaskar"
	{Cylinder 9.82923 4.5005}
	{Bone "body"}
	{Matrix34
		1	0	0
		0	0	1
		0	-1	0
		-1.4379	-15.3791	6.48547
	}
}
