;Exported by: sana
;Date:        Mon Aug 29 14:35:23 2005
;File:        D:\-Project-\-3DWork-\Entourage\Новая папка\fire_build06_cut02_06_x02.max
{Skeleton
	{animation
		{sequence "crush" {speed 0.4}}
	}
	{bone "station_corner3"
		{parameters "CommonMesh;"}
		{Orientation
			1	0	0
			0	-1	0
			0	0	1
		}
		{VolumeView "station_corner3.ply"}
		{bone "piece0"
			{Position 59.6859	-24.4977	66.8872}
			{VolumeView "piece0.ply"}
		}
		{bone "piece1"
			{Position -46.3003	-24.4976	34.5072}
			{VolumeView "piece1.ply"}
			{bone "sub_piece1"
				{Position -7.73741	0	-15.2168}
				{VolumeView "sub_piece1.ply"}
			}
		}
		{bone "piece2"
			{Position -24.5701	-24.4976	34.6072}
			{VolumeView "piece2.ply"}
			{bone "sub_piece2"
				{Position 15.769	0	-10.1735}
				{VolumeView "sub_piece2.ply"}
			}
		}
		{bone "piece3"
			{Position -29.0201	-24.4976	12.4556}
			{VolumeView "piece3.ply"}
		}
		{bone "piece4"
			{Position 3.42402	-24.4976	8.98403}
			{VolumeView "piece4.ply"}
		}
		{bone "piece5"
			{Position 26.0382	-24.4977	21.5677}
			{VolumeView "piece5.ply"}
		}
		{bone "piece6"
			{Position 54.2859	-24.4977	13.5517}
			{VolumeView "piece6.ply"}
		}
		{bone "piece7"
			{Position 51.8438	-24.4977	36.6134}
			{VolumeView "piece7.ply"}
			{bone "sub_piece7"
				{Position -22.1582	0	3.37387}
				{VolumeView "sub_piece7.ply"}
			}
		}
		{bone "piece8"
			{Position 2.78572	-24.4977	65.6105}
			{VolumeView "piece8.ply"}
			{bone "sub_piece8"
				{Position -5.10641	0	-16.687}
				{VolumeView "sub_piece8.ply"}
			}
		}
		{bone "exterior"
			{Matrix34
				-1	0	0
				0	0	1
				0	1	0
				2.20558	16.9566	97.0019
			}
		}
	}
}
{Volume "piece8"
	{Box 20.9436 7.50002 23.143}
	{Bone "piece8"}
	{Matrix34
		0.816688	0	0.57708
		0	1	0
		-0.57708	0	0.816688
		2.07567	0	1.91029
	}
}
{Volume "sub_piece8"
	{Box 13.6414 7.5 16.6104}
	{Bone "sub_piece8"}
	{Position -1.40766	0	-0.083881}
}
{Volume "piece7"
	{Box 23.3436 7.5 22.8804}
	{Bone "piece7"}
	{Matrix34
		0.9755	0	0.219999
		0	1	0
		-0.219999	0	0.9755
		0.293717	0	1.07026
	}
}
{Volume "sub_piece7"
	{Box 18.4195 7.5 11.6718}
	{Bone "sub_piece7"}
	{Position 1.44572e-005	0	0}
}
{Volume "piece6"
	{Box 17.3214 7.5 15.8771}
	{Bone "piece6"}
	{Matrix34
		0.906936	0	0.421268
		0	1	0
		-0.421268	0	0.906936
		-0.523441	0	0.0287204
	}
}
{Volume "piece5"
	{Box 23.526 7.5 20.7904}
	{Bone "piece5"}
	{Position 0	0	0}
}
{Volume "piece4"
	{Box 20.6171 7.50002 13.7144}
	{Bone "piece4"}
	{Matrix34
		0.989028	0	0.147726
		0	1	0
		-0.147726	0	0.989028
		0.0646549	0	-0.432882
	}
}
{Volume "piece3"
	{Box 16.527 7.5 19.7303}
	{Bone "piece3"}
	{Position -1.2941	-3.71189e-005	0}
}
{Volume "piece2"
	{Box 25.6953 7.50002 17.1425}
	{Bone "piece2"}
	{Position -1.0239	-3.74234e-005	2.46412}
}
{Volume "sub_piece2"
	{Box 14.7824 7.50002 16.135}
	{Bone "sub_piece2"}
	{Matrix34
		0.910866	0	-0.412701
		0	1	0
		0.412701	0	0.910866
		-0.0300186	0	-0.784938
	}
}
{Volume "piece1"
	{Box 15.8977 7.5 20.4589}
	{Bone "piece1"}
	{Matrix34
		0.977562	0	0.210647
		0	1	0
		-0.210647	0	0.977562
		-0.106129	-3.61465e-005	1.68201
	}
}
{Volume "sub_piece1"
	{Box 13.169 7.5 15.9906}
	{Bone "sub_piece1"}
	{Matrix34
		0.775442	0	-0.631419
		0	1	0
		0.631419	0	0.775442
		-0.198212	0	-0.117212
	}
}
{Volume "piece0"
	{Box 10.5776 7.5 16.8566}
	{Bone "piece0"}
	{Position 0	0	0.702664}
}
