;Exported by: vlss
;Date:        Sat Apr 28 18:06:54 2018
;File:        type_95_heavy_ro-go.obj
{Skeleton
	{bone "basis"
		{Orientation
			1	0	0
			0	-1	0
			0	0	1
		}
		{bone "body"
			{parameters "ID=body;"}
			{animation
				{sequence "break" {file "body_r.anm"}}
			}
			{Matrix34
				0.999999	0	-0.001708
				4.6289e-005	0.999633	0.0271012
				0.00170737	-0.0271013	0.999631
				1.18288	-0.130568	7.33403
			}
			{VolumeView "body.ply"}
			{bone revolute "turret"
				{parameters "ID=turret;"}
				{animation
					{sequence "break" {file "turret_r.anm"}}
				}
				{speed 0.01}
				{Matrix34
					0.936074	-0.343049	-0.0779899
					0.344252	0.938875	0.00213115
					0.0724917	-0.0288431	0.996952
					0.524559	-0.247461	31.7375
				}
				{VolumeView "turret.ply"}
				{bone revolute "gun_rot"
					{parameters "ID=mantlet;"}
					{animation
						{sequence "break" {file "Gun_rot_r.anm"}}
					}
					{limits -15 15}
					{speed 0.01}
					{Matrix34
						0.987158	0.024696	-0.157824
						-0.158992	0.0561103	-0.985684
						-0.0154868	0.998119	0.0593163
						13.6297	0.483547	8.83891
					}
					{VolumeView "gun_rot.ply"}
					{bone "gun"
						{parameters "ID=gun;"}
						{animation
							{sequence "break" {file "gun_r.anm"} {speed 0.9}}
						}
						{Matrix34
							1	0	0
							0	0	1
							0	-1	0
							1.5834	0.008461	-0.996852
						}
						{VolumeView "gun.ply"}
					}
				}
				{bone "visor1"
					{Matrix34
						0.999999	0	0.00112487
						0	1	0
						-0.00112487	0	0.999999
						14.8479	3.14536	8.80775
					}
				}
				{bone "hatch_06"
					{Matrix34
						-0.422618	0	0.906308
						0	1	0
						-0.906308	0	-0.422618
						-10.618	-3.54315	14.3138
					}
					{VolumeView "hatch_06.ply"}
				}
				{bone "hatch_05"
					{Matrix34
						-0.642788	0	-0.766044
						0	1	0
						0.766044	0	-0.642788
						2.24238	-3.54315	14.3844
					}
					{VolumeView "hatch_05.ply"}
				}
				{bone "hatch_07"
					{Matrix34
						0	1	0
						-1	0	0
						0	0	1
						-13.8415	-1.71729	8.2539
					}
					{VolumeView "hatch_07.ply"}
				}
				{bone "gun_mask_02_01"
					{Matrix34
						0	1	0
						-1	0	0
						0	0	1
						13.3588	0.947447	8.08612
					}
					{VolumeView "gun_mask_02_01.ply"}
				}
				{bone "turret_02_inside"
					{Matrix34
						0	1	0
						-1	0	0
						0	0	1
						-0.0834205	-3.18289e-005	6.1221
					}
					{VolumeView "turret_02_inside.ply"}
				}
				{bone "hatch_08"
					{Matrix34
						0	1	0
						-1	0	0
						0	0	1
						-12.9828	-5.08279	8.20455
					}
					{VolumeView "hatch_08.ply"}
				}
				{bone revolute "dummy01"
					{limits -25 25}
					{speed 0.03}
					{terminator}
					{Matrix34
						-0.802883	0.596137	0
						-0.596137	-0.802883	0
						0	0	1
						-11.1278	7.82963	7.58158
					}
					{bone "mg_turret_mask_sphere_01"
						{Matrix34
							0.999995	-0.00315271	0
							0	0	1
							-0.00315298	-0.999995	0
							-0.249766	-0.0617032	-0.290691
						}
						{VolumeView "mg_turret_mask_sphere_01.ply"}
						{bone "mg_turret_01"
							{Matrix34
								0.999705	0	-0.0242961
								-0.0242958	0	-0.999705
								0	1	0
								0.150315	-0.483643	0.00465012
							}
							{VolumeView "mg_turret_01.ply"}
						}
					}
				}
			}
			{bone "engine"
				{parameters "ID=engine;"}
				{animation
					{sequence "repair" {file "engine_r.anm"}}
				}
				{Matrix34
					0.970135	0.000794479	-0.242566
					-0.0200908	0.996822	-0.0770874
					0.241734	0.0796584	0.967067
					-21.1547	-12.2938	30.7571
				}
				{VolumeView "engine.ply"}
			}
			{bone revolute "wheel_l_drive"
				{Matrix34
					-1	0	0
					0	0	1
					0	1	0
					-63.6875	20.7494	3.60362
				}
				{VolumeView "wheel_l_drive.ply"}
			}
			{bone revolute "wheel_l_top_04"
				{Matrix34
					-1	0	0
					0	0	1
					0	1	0
					-47.3931	21.233	8.01528
				}
				{VolumeView "wheel_l_top_04.ply"}
			}
			{bone revolute "wheel_l_top_02"
				{Matrix34
					-1	0	0
					0	0	1
					0	1	0
					-1.31251	21.233	10.0583
				}
				{VolumeView "wheel_l_top_02.ply"}
			}
			{bone revolute "wheel_l_top_01"
				{Matrix34
					-1	0	0
					0	0	1
					0	1	0
					22.394	21.233	11.4499
				}
				{VolumeView "wheel_l_top_01.ply"}
			}
			{bone revolute "wheel_l_front"
				{Matrix34
					-1	0	0
					0	0	1
					0	1	0
					48.7849	21.2428	9.35752
				}
				{VolumeView "wheel_l_front.ply"}
			}
			{bone revolute "wheel_r_front"
				{Matrix34
					-1	0	0
					0	0	1
					0	1	0
					48.7849	-21.7683	9.35742
				}
				{VolumeView "wheel_r_front.ply"}
			}
			{bone revolute "wheel_r_top_01"
				{Matrix34
					-1	0	0
					0	0	1
					0	1	0
					22.3939	-21.7585	11.4497
				}
				{VolumeView "wheel_r_top_01.ply"}
			}
			{bone revolute "wheel_r_top_02"
				{Matrix34
					-1	0	0
					0	0	1
					0	1	0
					-1.31252	-21.7585	10.0582
				}
				{VolumeView "wheel_r_top_02.ply"}
			}
			{bone revolute "wheel_r_top_04"
				{Matrix34
					-1	0	0
					0	0	1
					0	1	0
					-47.3931	-21.7585	8.01517
				}
				{VolumeView "wheel_r_top_04.ply"}
			}
			{bone revolute "wheel_r_drive"
				{Matrix34
					-1	0	0
					0	0	1
					0	1	0
					-63.6875	-21.2748	3.60352
				}
				{VolumeView "wheel_r_drive.ply"}
			}
			{bone "body_inside"
				{Matrix34
					0	1	0
					-1	0	0
					0	0	1
					-11.0241	-0.24303	16.2464
				}
				{VolumeView "body_inside.ply"}
			}
			{bone revolute "turret3"
				{parameters "ID=turret3;"}
				{animation
					{sequence "break" {file "turret3_r.anm"}}
				}
				{limits -95 90}
				{speed 0.02}
				{terminator}
				{Matrix34
					0.276695	0.948181	0.156181
					-0.952613	0.249273	0.174331
					0.126366	-0.197017	0.972222
					-58.1738	-0.25288	18.1145
				}
				{VolumeView "turret3.ply"}
				{bone "hatch_11"
					{Matrix34
						0	-0.819152	0.573576
						1	0	0
						0	0.573576	0.819152
						-0.00993824	4.03098	7.71226
					}
					{VolumeView "hatch_11.ply"}
				}
				{bone "hatch_10"
					{Matrix34
						0	-0.642788	-0.766044
						1	0	0
						0	-0.766044	0.642788
						-0.00978756	-8.86935	7.71226
					}
					{VolumeView "hatch_10.ply"}
				}
				{bone "turret_03_inside"
					{Position -0.00993824	0.381641	3.83644}
					{VolumeView "turret_03_inside.ply"}
				}
				{bone revolute "dummy02"
					{limits -25 25}
					{speed 0.03}
					{terminator}
					{Matrix34
						-0.0017032	0.999998	0
						-0.999999	-0.00170315	0
						0	0	1
						0.0445757	9.28319	3.58859
					}
					{bone "mg_turret_mask_sphere_02"
						{Matrix34
							0.999999	-0.00170325	0
							0	0	-1
							0.0017033	0.999999	0
							0.600632	0.053546	-0.255482
						}
						{VolumeView "mg_turret_mask_sphere_02.ply"}
						{bone "mg_turret_02"
							{Matrix34
								0	0	-1
								1	0	0
								0	-1	0
								-3.26458	0.374954	0.276505
							}
							{VolumeView "mg_turret_02.ply"}
						}
					}
				}
			}
			{bone revolute "turret2"
				{parameters "ID=turret2;"}
				{animation
					{sequence "break" {file "turret2_r.anm"}}
				}
				{limits -95 90}
				{speed 0.02}
				{terminator}
				{Matrix34
					0.959525	-0.278938	0.0388034
					0.276497	0.959243	0.0583199
					-0.0534895	-0.0452304	0.997544
					25.9905	7.03075	24.1603
				}
				{VolumeView "turret2.ply"}
				{bone "hatch_03"
					{Matrix34
						-0.5	0	-0.866025
						0	1	0
						0.866025	0	-0.5
						3.85827	-3.43323e-005	8.83183
					}
					{VolumeView "hatch_03.ply"}
				}
				{bone "gun_mask_01_01"
					{Matrix34
						0	1	0
						-1	0	0
						0	0	1
						10.0036	-0.00995064	4.7683
					}
					{VolumeView "gun_mask_01_01.ply"}
				}
				{bone revolute "gun_rot2"
					{parameters "ID=gun2;"}
					{limits -15 10}
					{speed 0.02}
					{Matrix34
						1	0	0
						0	0	-1
						0	1	0
						10.1592	-0.710672	5.11684
					}
					{VolumeView "gun_rot2.ply"}
					{bone "gun2"
						{Matrix34
							1	0	0
							0	0	1
							0	-1	0
							5.34987	0.0227852	-0.434053
						}
						{VolumeView "gun2.ply"}
					}
				}
				{bone "hatch_04"
					{Matrix34
						-0.173648	0	0.984808
						0	1	0
						-0.984808	0	-0.173648
						-9.04211	-3.43323e-005	8.83184
					}
					{VolumeView "hatch_04.ply"}
				}
				{bone "turret_01_inside"
					{Matrix34
						0	1	0
						-1	0	0
						0	0	1
						0.903988	6.29425e-005	4.72877
					}
					{VolumeView "turret_01_inside.ply"}
				}
			}
			{bone "hatch_02"
				{Matrix34
					1	0	0
					0	-0.766044	0.642788
					0	-0.642788	-0.766044
					25.2758	-17.581	24.8868
				}
				{VolumeView "hatch_02.ply"}
			}
			{bone "body01"
				{parameters "ID=body;"}
				{animation
					{sequence "break" {file "body_r.anm"}}
				}
				{VolumeView "body01.ply"}
			}
		}
		{bone "wheelsr"
			{parameters "ID=trackright;"}
			{animation
				{sequence "repair" {file "trackR_r.anm"} {speed 0.8}}
			}
			{Matrix34
				1	0	0
				0	1	0
				0	0	1
				-0.623787	-25.4821	10.4033
			}
			{VolumeView "wheelsr.ply"}
			{bone "trackr"
				{parameters "ID=trackright;"}
				{Position 0.387773	-0.420933	0.31616}
				{VolumeView "trackr.ply"}
			}
			{bone revolute "wheel_r_02"
				{Matrix34
					-1	0	0
					0	0	1
					0	1	0
					29.4486	3.80108	-6.07945
				}
				{VolumeView "wheel_r_02.ply"}
			}
			{bone revolute "wheel_r_03"
				{Matrix34
					-1	0	0
					0	0	1
					0	1	0
					17.5954	3.8011	-6.07945
				}
				{VolumeView "wheel_r_03.ply"}
			}
			{bone revolute "wheel_r_04"
				{Matrix34
					-1	0	0
					0	0	1
					0	1	0
					5.92965	3.80109	-6.08932
				}
				{VolumeView "wheel_r_04.ply"}
			}
			{bone revolute "wheel_r_05"
				{Matrix34
					-1	0	0
					0	0	1
					0	1	0
					-5.90384	3.80111	-6.07945
				}
				{VolumeView "wheel_r_05.ply"}
			}
			{bone revolute "wheel_r_06"
				{Matrix34
					-1	0	0
					0	0	1
					0	1	0
					-17.0761	3.8011	-6.07945
				}
				{VolumeView "wheel_r_06.ply"}
			}
			{bone revolute "wheel_r_07"
				{Matrix34
					-1	0	0
					0	0	1
					0	1	0
					-28.9293	3.80111	-6.08932
				}
				{VolumeView "wheel_r_07.ply"}
			}
			{bone revolute "wheel_r_08"
				{Matrix34
					-1	0	0
					0	0	1
					0	1	0
					-40.5851	3.80111	-6.07945
				}
				{VolumeView "wheel_r_08.ply"}
			}
			{bone revolute "wheel_r_09"
				{Matrix34
					-1	0	0
					0	0	1
					0	1	0
					-52.4384	3.80111	-6.08932
				}
				{VolumeView "wheel_r_09.ply"}
			}
			{bone revolute "wheel_r_01"
				{Matrix34
					-1	0	0
					0	0	1
					0	1	0
					41.1735	3.80109	-5.17146
				}
				{VolumeView "wheel_r_01.ply"}
			}
			{bone revolute "wheel_r_top_03"
				{Matrix34
					-1	0	0
					0	0	1
					0	1	0
					-23.2938	3.80108	8.33984
				}
				{VolumeView "wheel_r_top_03.ply"}
			}
		}
		{bone "wheelsl"
			{parameters "ID=trackleft;"}
			{animation
				{sequence "repair" {file "trackL_r.anm"} {speed 0.8}}
			}
			{Matrix34
				1	0	0
				0	1	0
				0	0	1
				-0.623788	25.6218	10.4033
			}
			{VolumeView "wheelsl.ply"}
			{bone "trackl"
				{parameters "ID=trackleft;"}
				{Position 0.403956	0.420931	0.316161}
				{VolumeView "trackl.ply"}
			}
			{bone revolute "wheel_l_03"
				{Matrix34
					-1	0	0
					0	0	1
					0	1	0
					17.5954	-4.31136	-6.07946
				}
				{VolumeView "wheel_l_03.ply"}
			}
			{bone revolute "wheel_l_02"
				{Matrix34
					-1	0	0
					0	0	1
					0	1	0
					29.4486	-4.31137	-6.07946
				}
				{VolumeView "wheel_l_02.ply"}
			}
			{bone revolute "wheel_l_04"
				{Matrix34
					-1	0	0
					0	0	1
					0	1	0
					5.92965	-4.31137	-6.08933
				}
				{VolumeView "wheel_l_04.ply"}
			}
			{bone revolute "wheel_l_05"
				{Matrix34
					-1	0	0
					0	0	1
					0	1	0
					-5.90384	-4.31135	-6.07946
				}
				{VolumeView "wheel_l_05.ply"}
			}
			{bone revolute "wheel_l_06"
				{Matrix34
					-1	0	0
					0	0	1
					0	1	0
					-17.0761	-4.31136	-6.07946
				}
				{VolumeView "wheel_l_06.ply"}
			}
			{bone revolute "wheel_l_07"
				{Matrix34
					-1	0	0
					0	0	1
					0	1	0
					-28.9293	-4.31135	-6.08933
				}
				{VolumeView "wheel_l_07.ply"}
			}
			{bone revolute "wheel_l_08"
				{Matrix34
					-1	0	0
					0	0	1
					0	1	0
					-40.5851	-4.31135	-6.07946
				}
				{VolumeView "wheel_l_08.ply"}
			}
			{bone revolute "wheel_l_09"
				{Matrix34
					-1	0	0
					0	0	1
					0	1	0
					-52.4384	-4.31135	-6.08933
				}
				{VolumeView "wheel_l_09.ply"}
			}
			{bone revolute "wheel_l_01"
				{Matrix34
					-1	0	0
					0	0	1
					0	1	0
					41.1735	-4.31137	-5.17147
				}
				{VolumeView "wheel_l_01.ply"}
			}
			{bone revolute "wheel_l_top_03"
				{Matrix34
					-1	0	0
					0	0	1
					0	1	0
					-23.2938	-4.3114	8.33983
				}
				{VolumeView "wheel_l_top_03.ply"}
			}
		}
	}
}
{Volume "body2"
	{Polyhedron "body2.vol"}
	{Bone "body"}
	{Position 0	0	0}
}
{Volume "body3"
	{Polyhedron "body3.vol"}
	{Bone "body"}
	{Position 0	0	0}
}
{Volume "body4"
	{Polyhedron "body4.vol"}
	{Bone "body"}
	{Position 0	0	0}
}
{Volume "body"
	{Polyhedron "body.vol"}
	{Bone "body"}
	{Position 0	0	0}
}
{Volume "crew"
	{Polyhedron "crew.vol"}
	{Bone "body"}
	{Matrix34
		0.999999	0	0.00112486
		0	1	0
		-0.00112486	0	0.999999
		-2.60773	-0.237064	2.60248
	}
}
{Volume "engine"
	{Box 12.8365 22.2794 4.90958}
	{Bone "engine"}
	{Matrix34
		0.984808	0	0.173648
		0	1	0
		-0.173648	0	0.984808
		-6.40021	12.2129	-2.19766
	}
}
{Volume "gun"
	{Cylinder 1.20733 15.6492}
	{Bone "gun"}
	{Matrix34
		-0.00112525	0	-0.999999
		0	1	0
		0.999999	0	-0.00112528
		7.68231	0.0347065	0.0469508
	}
}
{Volume "gun_vol01"
	{Cylinder 0.820983 15.6492}
	{Bone "gun2"}
	{Matrix34
		0	0	-1
		0	1	0
		1	0	0
		5.98345	-0.0756831	0.0439038
	}
}
{Volume "inventory"
	{Polyhedron "inventory.vol"}
	{Bone "body"}
	{Matrix34
		0.999999	0	0.00112486
		0	1	0
		-0.00112486	0	0.999999
		-16.2153	-0.237067	2.58717
	}
}
{Volume "mantlet"
	{Box 1.60123 8.81374 8.82939}
	{Bone "gun_rot"}
	{Matrix34
		0.999999	0.00112495	0
		0	0	1
		0.00112502	-0.999999	0
		0.98154	0.812544	0.393731
	}
}
{Volume "trackleft"
	{Polyhedron "trackleft.vol"}
	{Bone "wheelsl"}
	{Matrix34
		1	0	0
		0	1	0
		0	0	1
		0.271449	-2.56672	-10.4033
	}
}
{Volume "trackright"
	{Polyhedron "trackright.vol"}
	{Bone "wheelsr"}
	{Matrix34
		1	0	0
		0	1	0
		0	0	1
		0.271449	3.03291	-10.4033
	}
}
{Volume "turret2"
	{Polyhedron "turret2.vol"}
	{Bone "turret2"}
	{Position 0.842566	-1.14441e-005	4.6092}
}
{Volume "turret3"
	{Polyhedron "turret3.vol"}
	{Bone "turret3"}
	{Matrix34
		0	1	0
		-1	0	0
		0	0	1
		0.0539618	1.0147	3.63743
	}
}
{Volume "turret"
	{Polyhedron "turret.vol"}
	{Bone "turret"}
	{Position 0	0	0}
}
