;Exported by: Ekaterina
;Date:        Fri Apr 11 18:09:26 2008
;File:        D:\-Project-\-3DWork-\africa\algere_storage21.max
{Skeleton
	{bone "d_build2_c2"
		{Orientation
			1	0	0
			0	-1	0
			0	0	1
		}
		{VolumeView "d_build2_c2.ply"}
		{bone "exterior"
			{Position -17.9937	-21.9291	60.5933}
			{VolumeView "exterior.ply"}
		}
	}
}
{Obstacle "body01"
	{Obb2
		{Center 17.0722 -8.73851}
		{Extent 3.73877 18.1028}
		{Axis 1 0}
	}
	{Rotate}
	{Tags  "body"}
}
{Obstacle "body03"
	{Obb2
		{Center -13.6616 -23.0924}
		{Extent 33.0822 3.71085}
		{Axis 1 0}
	}
	{Rotate}
	{Tags  "body"}
}
{Obstacle "door"
	{Obb2
		{Center 27.5564 14.8764}
		{Extent 12.3695 1.09338}
		{Axis 0.866158 0.49977}
	}
	{Rotate}
	{Tags  "body" "fire"}
}
{Area "interior"
	{Obb2
		{Center -15.7023 21.4235}
		{Extent 28.4775 39.3627}
		{Axis -1 0}
	}
	{Rotate}
}
{Volume "body01"
	{Box 7.47754 36.2055 77.1623}
	{Bone "d_build2_c2"}
	{Position 17.0722	8.73851	18.2682}
}
{Volume "body02"
	{Box 10.1612 36.2055 23.2055}
	{Bone "d_build2_c2"}
	{Position 18.4938	-25.5866	46.419}
}
{Volume "body03"
	{Box 66.1644 7.42169 41.0091}
	{Bone "d_build2_c2"}
	{Position -13.6616	23.0924	1.64066}
}
{Volume "body04"
	{Box 57.6943 6.85911 20.7076}
	{Bone "d_build2_c2"}
	{Matrix34
		0.993041	0	-0.117767
		0	1	0
		0.117767	0	0.993041
		-8.69902	22.7926	49.8219
	}
}
{Volume "body05"
	{Box 53.8767 7.89542 23.2372}
	{Bone "d_build2_c2"}
	{Position -7.04257	22.4694	32.5349}
}
{Volume "door"
	{Box 24.7383 2.1802 44.5391}
	{Bone "d_build2_c2"}
	{Matrix34
		0.866025	-0.5	0
		0.5	0.866025	0
		0	0	1
		27.5564	-14.8764	12.4569
	}
}
{Volume "roof01"
	{Box 71.2038 60.1704 5.41751}
	{Bone "exterior"}
	{Matrix34
		0	-0.999982	0.00587651
		0.990835	-0.000793997	-0.135084
		0.135087	0.00582261	0.990817
		12.8004	16.4265	0.145921
	}
}
{Volume "roof02"
	{Box 27.328 49.9836 5.41751}
	{Bone "exterior"}
	{Matrix34
		-0.864837	-0.496771	0.0726179
		0.491533	-0.867268	-0.0790081
		0.102228	-0.0326353	0.994226
		-7.82031	-11.1659	3.04388
	}
}
