;Exported by: sana
;Date:        Fri Jan 06 17:38:10 2006
;File:        D:\-Project-\-3DWork-\Entourage\addition_house\addition02_x.max
{Skeleton
	{bone "addition_corner2"
		{Orientation
			1	0	0
			0	-1	0
			0	0	1
		}
		{bone "piece2"
			{Position -7.45966	-11.6707	65.1896}
			{VolumeView "piece2.ply"}
		}
		{bone "piece6"
			{Position -12.1464	6.19373	59.6156}
			{VolumeView "piece6.ply"}
		}
		{bone "piece0"
			{Position 26.5031	1.74078	65.3818}
			{VolumeView "piece0.ply"}
		}
		{bone "piece1"
			{Position 5.83081	13.4595	88.5333}
			{VolumeView "piece1.ply"}
		}
		{bone "piece3"
			{Position -25.9304	-0.696228	65.2427}
			{VolumeView "piece3.ply"}
		}
		{bone "piece4"
			{Position 12.2076	13.4943	59.4689}
			{VolumeView "piece4.ply"}
		}
		{bone "piece5"
			{Position -9.73853	12.8684	59.4689}
			{VolumeView "piece5.ply"}
		}
		{bone "piece7"
			{Matrix34
				0.941554	0.336862	0
				-0.336862	0.941554	-1.62125e-005
				0	1.52649e-005	1
				16.7112	-6.12134	52.4979
			}
			{VolumeView "piece7.ply"}
			{bone "sub_piece7"
				{Position -1.64905	7.95461e-005	-10.1003}
				{VolumeView "sub_piece7.ply"}
			}
		}
		{bone "piece8"
			{Matrix34
				0.941554	0.336862	0
				-0.336862	0.941554	-1.62125e-005
				0	1.52649e-005	1
				21.5042	-4.40659	30.7741
			}
			{VolumeView "piece8.ply"}
			{bone "sub_piece8"
				{Position -0.923088	3.88977e-005	-8.59957}
				{VolumeView "sub_piece8.ply"}
			}
		}
		{bone "piece9"
			{Matrix34
				0.941554	0.336862	0
				-0.336862	0.941554	-1.62125e-005
				0	1.52649e-005	1
				29.1892	-1.65707	14.9353
			}
			{VolumeView "piece9.ply"}
		}
		{bone "piece10"
			{Matrix34
				0.941554	0.336862	0
				-0.336862	0.941554	-1.62125e-005
				0	1.52649e-005	1
				-9.05396	-15.3394	53.6577
			}
			{VolumeView "piece10.ply"}
			{bone "sub_piece10"
				{Position -4.08118	3.85623e-005	-6.5104}
				{VolumeView "sub_piece10.ply"}
			}
		}
		{bone "piece11"
			{Matrix34
				0.941554	0.336862	0
				-0.336862	0.941554	-1.62125e-005
				0	1.52649e-005	1
				-6.08057	-14.2756	32.7661
			}
			{VolumeView "piece11.ply"}
			{bone "sub_piece11"
				{Position -0.534452	4.75675e-005	-6.80192}
				{VolumeView "sub_piece11.ply"}
			}
		}
		{bone "piece12"
			{Matrix34
				0.941554	0.336862	0
				-0.336862	0.941554	-1.62125e-005
				0	1.52649e-005	1
				4.48657	-10.4949	13.2349
			}
			{VolumeView "piece12.ply"}
			{bone "sub_piece12"
				{Position 9.76557	-2.75402e-005	-3.74104}
				{VolumeView "sub_piece12.ply"}
			}
		}
		{bone "piece13"
			{Matrix34
				0.880854	0.473387	0
				-0.473387	0.880854	0
				0	0	1
				-36.1218	11.6554	51.2322
			}
			{VolumeView "piece13.ply"}
			{bone "sub_piece13"
				{Position 0	-7.53342	-3.18987}
				{VolumeView "sub_piece13.ply"}
			}
		}
		{bone "piece14"
			{Matrix34
				0.880854	0.473387	0
				-0.473387	0.880854	0
				0	0	1
				-24.4271	-10.1054	49.7391
			}
			{VolumeView "piece14.ply"}
			{bone "sub_piece14"
				{Position 0	-0.135772	-11.9449}
				{VolumeView "sub_piece14.ply"}
			}
		}
		{bone "piece15"
			{Matrix34
				0.880854	0.473387	0
				-0.473387	0.880854	0
				0	0	1
				-27.0615	-5.20334	22.5917
			}
			{VolumeView "piece15.ply"}
			{bone "sub_piece15"
				{Position 0	3.54895	-11.1071}
				{VolumeView "sub_piece15.ply"}
			}
		}
	}
}
{Volume "piece0"
	{Box 43.3229 28.1635 2.84818}
	{Bone "piece0"}
	{Matrix34
		0.954925	0.295932	-0.0233
		-0.210017	0.728986	0.651515
		0.20979	-0.617254	0.758278
		0.625489	-0.206127	-0.208219
	}
}
{Volume "piece10"
	{Box 21.2302 6.07677 9.91137}
	{Bone "piece10"}
	{Position 4.03938e-005	1.08306e-005	0}
}
{Volume "piece11"
	{Box 14.72 6.02408 20.4058}
	{Bone "piece11"}
	{Position 7.22021e-005	-2.4146e-005	0}
}
{Volume "piece12"
	{Box 17.1491 6.04373 11.2717}
	{Bone "piece12"}
	{Position 6.67283e-005	-2.73684e-005	0}
}
{Volume "piece13"
	{Box 5.90552 23.8897 13.9809}
	{Bone "piece13"}
	{Position 1.5472e-005	1.89365e-005	-2.4937e-005}
}
{Volume "piece14"
	{Box 5.90552 15.7455 17.5101}
	{Bone "piece14"}
	{Position 1.55298e-005	0	-2.30296e-005}
}
{Volume "piece15"
	{Box 5.90552 16.2885 14.0122}
	{Bone "piece15"}
	{Matrix34
		1	0	0
		0	0.985079	0.172105
		0	-0.172105	0.985078
		-0.000114698	0.832325	-0.0674431
	}
}
{Volume "piece1"
	{Box 40.4819 3.00539 34.6215}
	{Bone "piece1"}
	{Matrix34
		0.957857	0.28706	-0.0102925
		-0.217824	0.702543	-0.677485
		-0.187248	0.651176	0.735464
		1.07307	3.16974	-0.554634
	}
}
{Volume "piece2"
	{Box 34.7682 27.9699 2.29675}
	{Bone "piece2"}
	{Matrix34
		0.935677	0.352629	0.0126793
		-0.272323	0.698807	0.661444
		0.224384	-0.622351	0.749887
		0.951309	1.8745	0.963034
	}
}
{Volume "piece3"
	{Box 34.0594 2.70807 26.3532}
	{Bone "piece3"}
	{Matrix34
		0.488054	-0.872784	-0.00720274
		0.577391	0.329039	-0.747231
		0.654541	0.36053	0.664526
		0.117075	-0.736817	0.16764
	}
}
{Volume "piece4"
	{Box 6.05126 45.2083 1.73403}
	{Bone "piece4"}
	{Matrix34
		0.907792	0.41942	0
		-0.41942	0.907792	0
		0	0	1
		-0.0370413	-0.199537	0
	}
}
{Volume "piece5"
	{Box 53.8516 5.41936 1.73403}
	{Bone "piece5"}
	{Matrix34
		0.921922	0.387376	0
		-0.387376	0.921922	0
		0	0	1
		-0.399646	-0.552532	0
	}
}
{Volume "piece6"
	{Box 6.06058 49.1183 2.02754}
	{Bone "piece6"}
	{Matrix34
		0.887627	0.460562	0
		-0.460562	0.887627	0
		0	0	1
		0.0291785	0.0418102	0
	}
}
{Volume "piece7"
	{Box 24.2329 6.10107 12.2303}
	{Bone "piece7"}
	{Position 6.57572e-005	-3.56161e-005	0}
}
{Volume "piece8"
	{Box 15.9832 6.0343 16.4218}
	{Bone "piece8"}
	{Position 9.49792e-005	0	0}
}
{Volume "piece9"
	{Box 10.1531 5.98711 13.118}
	{Bone "piece9"}
	{Position 8.90401e-005	-3.62428e-005	0}
}
{Volume "sub_piece10"
	{Box 12.6796 6.00755 10.3}
	{Bone "sub_piece10"}
	{Position 0	0	0}
}
{Volume "sub_piece11"
	{Box 14.2343 6.02014 14.1869}
	{Bone "sub_piece11"}
	{Position 3.77605e-005	0	0}
}
{Volume "sub_piece12"
	{Box 11.222 5.99576 9.42551}
	{Bone "sub_piece12"}
	{Position -8.98128e-005	2.85825e-005	0}
}
{Volume "sub_piece13"
	{Box 5.90552 8.25075 16.56}
	{Bone "sub_piece13"}
	{Matrix34
		1	0	0
		0	0.765648	0.64326
		0	-0.64326	0.765648
		-4.76574e-005	-1.03432	-1.19749
	}
}
{Volume "sub_piece14"
	{Box 5.90552 14.3339 11.8254}
	{Bone "sub_piece14"}
	{Matrix34
		1	0	0
		0	0.935225	0.354055
		0	-0.354055	0.935225
		0	0.750324	-0.592844
	}
}
{Volume "sub_piece15"
	{Box 5.90552 14.0132 8.93772}
	{Bone "sub_piece15"}
	{Matrix34
		1	0	0
		0	0.993565	0.11326
		0	-0.11326	0.993565
		-1.76185e-005	0.0210801	-0.185025
	}
}
{Volume "sub_piece7"
	{Box 19.2859 6.06102 12.3677}
	{Bone "sub_piece7"}
	{Position 4.20612e-005	0	0}
}
{Volume "sub_piece8"
	{Box 14.137 6.01935 7.77362}
	{Bone "sub_piece8"}
	{Position -1.42964e-005	2.58434e-005	0}
}
