;Exported by: Kislov_A
;Date:        Mon Feb 16 16:26:12 2009
;File:        E:\Black\Design doc\Art\Models\Technics\Tanks\PZ35T\Animat_PZ35T_x.max
{Skeleton
	{bone "basis"
		{Orientation
			1	0	0
			0	-1	0
			0	0	1
		}
		{bone "body"
			{parameters "ID=body;"}
			{animation
				{sequence "break" {file "body_b.anm"}}
			}
			{Orientation
				0	1	0
				-0.999925	0	0.0122147
				0.0122147	0	0.999925
			}
			{VolumeView "body.ply"}
			{bone revolute "turret"
				{parameters "ID=turret;"}
				{animation
					{sequence "Break" {file "Turret_b.anm"}}
				}
				{Matrix34
					0	-1	0
					1	0	0
					0	0	1
					-0.469161	1.68157	36.6448
				}
				{VolumeView "turret.ply"}
				{bone "gun_rot"
					{parameters "id=gun;"}
					{Matrix34
						0.999916	-0.0109227	-0.00701136
						-0.00689107	0.0110109	-0.999916
						0.010999	0.99988	0.0109347
						13.0068	0	-1.30103
					}
					{VolumeView "gun_rot.ply"}
					{bone "gun"
						{parameters "ID=gun;"}
						{Matrix34
							0.999511	-0.00796803	0.0302335
							-0.0302316	0.000364944	0.999543
							-0.00797543	-0.999968	0.000123874
							14.9235	0.77036	1.01217
						}
						{VolumeView "gun.ply"}
					}
				}
				{bone "cover"
					{parameters "ID=turret;"}
					{Position -5.22577	4.09615	6.33801}
					{VolumeView "cover.ply"}
				}
				{bone "mgun1"
					{parameters "ID=turret;"}
					{Matrix34
						0.012215	0	-0.999925
						0	1	0
						0.999925	0	0.012215
						14.45	-6.04432	-1.43045
					}
					{VolumeView "mgun1.ply"}
				}
				{bone "enumerator"
					{Matrix34
						0	1	0
						-1	0	0
						0	0	1
						-8.84829	0.041669	-1.4118
					}
					{VolumeView "enumerator.ply"}
				}
			}
			{bone "engine"
				{parameters "ID=engine;"}
				{animation
					{sequence "break" {file "engine_b.anm"}}
				}
				{VolumeView "engine.ply"}
			}
			{bone "door_front1"
				{parameters "ID=body;"}
				{Matrix34
					-0.999677	0.00283167	-0.0252455
					0.00108339	-0.988112	-0.153732
					-0.0253807	-0.15371	0.98779
					-10.1663	-21.8509	28.4408
				}
				{VolumeView "door_front1.ply"}
			}
			{bone "door_front2"
				{parameters "ID=body;"}
				{Matrix34
					0.999691	0.00386471	-0.024571
					0	0.987857	0.155363
					0.0248731	-0.155315	0.987552
					-0.104671	-21.8494	28.5661
				}
				{VolumeView "door_front2.ply"}
			}
			{bone "anten"
				{parameters "ID=body;"}
				{Position 10.4804	-29.1953	28.097}
				{VolumeView "anten.ply"}
			}
			{bone revolute "wheelr11"
				{parameters "Radius=0.246;ID=trackright;"}
				{Matrix34
					0	0.99996	0.00889289
					-0.0211068	-0.00889091	0.999738
					0.999777	-0.000187712	0.0211059
					-16.8972	47.7711	8.11853
				}
				{VolumeView "wheelr11.ply"}
			}
			{bone revolute "wheelr12"
				{parameters "ID=trackright;"}
				{Matrix34
					0	0.99996	0.00889289
					-0.0211065	-0.00889092	0.999738
					0.999777	-0.000187701	0.0211057
					-15.8195	35.5575	13.4677
				}
				{VolumeView "wheelr12.ply"}
			}
			{bone revolute "wheelr13"
				{parameters "ID=trackright;"}
				{Matrix34
					0	0.99996	0.00889289
					-0.0211065	-0.00889092	0.999738
					0.999777	-0.000187701	0.0211057
					-15.8195	18.6164	14.9236
				}
				{VolumeView "wheelr13.ply"}
			}
			{bone revolute "wheelr14"
				{parameters "ID=trackright;"}
				{Matrix34
					0	0.99996	0.00889289
					-0.0211065	-0.00889092	0.999738
					0.999777	-0.000187701	0.0211057
					-15.8195	-2.50678	16.4634
				}
				{VolumeView "wheelr14.ply"}
			}
			{bone revolute "wheelr15"
				{parameters "ID=trackright;"}
				{Matrix34
					0	0.99996	0.00889289
					-0.0211065	-0.00889092	0.999738
					0.999777	-0.000187701	0.0211057
					-15.8195	-20.2279	17.4626
				}
				{VolumeView "wheelr15.ply"}
			}
			{bone revolute "wheelr1"
				{parameters "Radius=0.246;ID=trackright;"}
				{Matrix34
					0	0.99996	0.00889209
					-0.0211066	-0.0088901	0.999738
					0.999777	-0.000188019	0.0211057
					-17.0646	-38.6661	15.9645
				}
				{VolumeView "wheelr1.ply"}
			}
			{bone revolute "wheell1"
				{parameters "Radius=0.246;ID=trackleft;"}
				{Matrix34
					0	-0.999925	0.0122148
					0	-0.0122148	-0.999925
					1	0	0
					16.6414	-38.6673	15.9651
				}
				{VolumeView "wheell1.ply"}
			}
			{bone revolute "wheell15"
				{parameters "ID=trackleft;"}
				{Matrix34
					0	-0.999925	0.0122148
					0	-0.0122148	-0.999925
					1	0	0
					15.3963	-20.2239	17.4638
				}
				{VolumeView "wheell15.ply"}
			}
			{bone revolute "wheell14"
				{parameters "ID=trackleft;"}
				{Matrix34
					0	-0.999925	0.0122148
					0	-0.0122148	-0.999925
					1	0	0
					15.3963	-2.51442	16.4435
				}
				{VolumeView "wheell14.ply"}
			}
			{bone revolute "wheell13"
				{parameters "ID=trackleft;"}
				{Matrix34
					0	-0.999925	0.0122148
					0	-0.0122148	-0.999925
					1	0	0
					15.3963	18.6467	14.9235
				}
				{VolumeView "wheell13.ply"}
			}
			{bone revolute "wheell12"
				{parameters "ID=trackleft;"}
				{Matrix34
					0	-0.999925	0.0122148
					0	-0.0122148	-0.999925
					1	0	0
					15.3963	35.5659	13.4562
				}
				{VolumeView "wheell12.ply"}
			}
			{bone revolute "wheell11"
				{parameters "Radius=0.246;ID=trackleft;"}
				{Matrix34
					0	-0.999925	0.0122148
					0	-0.0122148	-0.999925
					1	0	0
					16.4739	47.7748	8.28302
				}
				{VolumeView "wheell11.ply"}
			}
			{bone "mgun2"
				{parameters "ID=body;"}
				{Matrix34
					0	-0.0122149	-0.999925
					1	0	0
					0	-0.999925	0.0122149
					2.72062	-27.8406	23.3767
				}
				{VolumeView "mgun2.ply"}
			}
		}
		{bone "wheelsl"
			{parameters "ID=trackleft;"}
			{animation
				{sequence "Break" {file "trackL_b.anm"}}
			}
			{Matrix34
				0	1	0
				-1	0	0
				0	0	1
				-0.0183983	6.06535	2.35236
			}
			{bone revolute "wheell2"
				{parameters "ID=trackleft;"}
				{Matrix34
					0	-1	0
					0	0	-1
					1	0	0
					9.985	-33.8207	5.08249
				}
				{VolumeView "wheell2.ply"}
			}
			{bone revolute "wheell8"
				{parameters "ID=trackleft;"}
				{Matrix34
					0	-1	0
					0	0	-1
					1	0	0
					9.985	19.547	1.5764
				}
				{VolumeView "wheell8.ply"}
			}
			{bone revolute "wheell7"
				{parameters "ID=trackleft;"}
				{Matrix34
					0	-1	0
					0	0	-1
					1	0	0
					9.985	10.8749	1.5764
				}
				{VolumeView "wheell7.ply"}
			}
			{bone revolute "wheell6"
				{parameters "ID=trackleft;"}
				{Matrix34
					0	-1	0
					0	0	-1
					1	0	0
					9.985	0.218624	1.5764
				}
				{VolumeView "wheell6.ply"}
			}
			{bone revolute "wheell5"
				{parameters "ID=trackleft;"}
				{Matrix34
					0	-1	0
					0	0	-1
					1	0	0
					9.985	-8.45347	1.5764
				}
				{VolumeView "wheell5.ply"}
			}
			{bone revolute "wheell4"
				{parameters "ID=trackleft;"}
				{Matrix34
					0	-1	0
					0	0	-1
					1	0	0
					9.985	-16.8787	1.5764
				}
				{VolumeView "wheell4.ply"}
			}
			{bone revolute "wheell10"
				{parameters "ID=trackleft;"}
				{Matrix34
					0	-1	0
					0	0	-1
					1	0	0
					9.985	36.5876	1.5764
				}
				{VolumeView "wheell10.ply"}
			}
			{bone revolute "wheell3"
				{parameters "ID=trackleft;"}
				{Matrix34
					0	-1	0
					0	0	-1
					1	0	0
					9.985	-25.4416	1.5764
				}
				{VolumeView "wheell3.ply"}
			}
			{bone revolute "wheell9"
				{parameters "ID=trackleft;"}
				{Matrix34
					0	-1	0
					0	0	-1
					1	0	0
					9.985	27.9155	1.5764
				}
				{VolumeView "wheell9.ply"}
			}
			{bone "shassil"
				{parameters "ID=trackleft;"}
				{Matrix34
					1	0	0
					0	0.999925	0.0122147
					0	-0.0122147	0.999925
					13.1343	5.46046	3.82455
				}
				{VolumeView "shassil.ply"}
			}
			{bone "trackl"
				{parameters "CommonMesh;ID=trackleft;"}
				{Matrix34
					-1	0	0
					0	1	0
					0	0	1
					10.4464	4.67004	7.9583
				}
				{VolumeView "trackl.ply"}
			}
		}
		{bone "wheelsr"
			{parameters "ID=trackright;"}
			{animation
				{sequence "break" {file "TrackR_b.anm"}}
			}
			{Matrix34
				0	1	0
				-1	0	0
				0	0	1
				-0.0140108	-6.36126	2.35408
			}
			{bone revolute "wheelr2"
				{parameters "ID=trackright;"}
				{Matrix34
					0	1	0
					0	0	1
					1	0	0
					-10.4435	-33.8163	5.08076
				}
				{VolumeView "wheelr2.ply"}
			}
			{bone revolute "wheelr10"
				{parameters "ID=trackright;"}
				{Matrix34
					0	1	0
					0	0	1
					1	0	0
					-10.4435	36.592	1.57469
				}
				{VolumeView "wheelr10.ply"}
			}
			{bone revolute "wheelr9"
				{parameters "ID=trackright;"}
				{Matrix34
					0	1	0
					0	0	1
					1	0	0
					-10.4435	27.9199	1.57468
				}
				{VolumeView "wheelr9.ply"}
			}
			{bone revolute "wheelr8"
				{parameters "ID=trackright;"}
				{Matrix34
					0	1	0
					0	0	1
					1	0	0
					-10.4435	19.5514	1.57468
				}
				{VolumeView "wheelr8.ply"}
			}
			{bone revolute "wheelr7"
				{parameters "ID=trackright;"}
				{Matrix34
					0	1	0
					0	0	1
					1	0	0
					-10.4435	10.8793	1.57468
				}
				{VolumeView "wheelr7.ply"}
			}
			{bone revolute "wheelr3"
				{parameters "ID=trackright;"}
				{Matrix34
					0	1	0
					0	0	1
					1	0	0
					-10.4435	-25.4372	1.57467
				}
				{VolumeView "wheelr3.ply"}
			}
			{bone revolute "wheelr6"
				{parameters "ID=trackright;"}
				{Matrix34
					0	1	0
					0	0	1
					1	0	0
					-10.4435	0.223013	1.57468
				}
				{VolumeView "wheelr6.ply"}
			}
			{bone revolute "wheelr5"
				{parameters "ID=trackright;"}
				{Matrix34
					0	1	0
					0	0	1
					1	0	0
					-10.4435	-8.44908	1.57467
				}
				{VolumeView "wheelr5.ply"}
			}
			{bone revolute "wheelr4"
				{parameters "ID=trackright;"}
				{Matrix34
					0	1	0
					0	0	1
					1	0	0
					-10.4435	-16.8743	1.57467
				}
				{VolumeView "wheelr4.ply"}
			}
			{bone "shassir"
				{parameters "ID=trackRight;"}
				{Matrix34
					1	0	0
					0	0.999925	0.0122148
					0	-0.0122148	0.999925
					-13.3608	5.46314	3.82467
				}
				{VolumeView "shassir.ply"}
			}
			{bone "trackr"
				{parameters "CommonMesh;Id=trackRight;"}
				{Matrix34
					-1	0	0
					0	1	0
					0	0	1
					-10.6172	4.67442	7.95657
				}
				{VolumeView "trackr.ply"}
			}
		}
	}
}
