;Exported by: shevchenko
;Date:        Wed Jul 19 15:58:42 2006
;File:        D:\-Projects1_5-\-3DWork-\bsh\bsh_c90_1.max
{Skeleton
	{bone "bsh90_c6_2"
		{Orientation
			1	0	0
			0	-1	0
			0	0	1
		}
		{VolumeView "bsh90_c6_2.ply"}
		{bone "window1"
			{Matrix34
				-0.707105	-0.707108	0
				0	0	-1
				0.707108	-0.707105	0
				-26.0232	21.692	27.3555
			}
			{VolumeView "../common/window1.ply"}
		}
		{bone "window1_x"
			{Matrix34
				-0.707105	-0.707108	0
				0	0	-1
				0.707108	-0.707105	0
				-26.0232	21.692	27.3555
			}
			{visibility 0}
			{VolumeView "../common/window1_x.ply"}
		}
		{bone "attach1"
			{Matrix34
				-0.707106	0.707107	0
				-0.707107	-0.707106	0
				0	0	1
				-10.9399	6.68263	-0.128368
			}
		}
		{bone "fix14"
			{Matrix34
				0.707107	-0.707107	0
				0.707107	0.707107	0
				0	0	1
				-17.461	30.2308	-18.3665
			}
		}
		{bone "fix15"
			{Matrix34
				0.707107	-0.707107	0
				0.707107	0.707107	0
				0	0	1
				-51.5213	-3.82952	3.44321
			}
		}
		{bone "fix16"
			{Matrix34
				0	-1	0
				1	0	0
				0	0	1
				42.1053	33.7675	3.83332
			}
		}
	}
}
{Volume "body1"
	{Box 9.84252 42.837 49.0095}
	{Bone "bsh90_c6_2"}
	{Matrix34
		0	-1	0
		1	0	0
		0	0	1
		5.76097	33.4751	20.3642
	}
}
{Volume "body2"
	{Box 9.84252 37.8393 51.589}
	{Bone "bsh90_c6_2"}
	{Matrix34
		0.707107	-0.707107	0
		0.707107	0.707107	0
		0	0	1
		-25.3724	21.5015	21.6539
	}
}
{Volume "body3"
	{Box 9.84252 9.17568 26.9552}
	{Bone "bsh90_c6_2"}
	{Matrix34
		0	-1	0
		1	0	0
		0	0	1
		31.7749	33.4751	27.9342
	}
}
{Volume "floor1"
	{Box 45.763 42.2373 3.93701}
	{Bone "bsh90_c6_2"}
	{Matrix34
		0	1	0
		1	0	0
		0	0	-1
		11.7936	5.78655	-2.17494
	}
}
{Volume "floor2"
	{Box 32.6833 53.4688 3.93701}
	{Bone "bsh90_c6_2"}
	{Matrix34
		0.707107	0.707107	0
		0.707107	-0.707107	0
		0	0	-1
		-4.43815	-2.38107	-2.17494
	}
}
{Volume "hole1"
	{Box 17.7165 29.5276 19.685}
	{Bone "bsh90_c6_2"}
	{Matrix34
		-0.707106	-0.707107	0
		0	0	-1
		0.707107	-0.707106	0
		-26.3712	22.04	27.3555
	}
}
{Volume "window1"
	{Box 17.7165 29.5276 0.984253}
	{Bone "window1"}
	{Position 0	0	0}
}
