;Exported by: sana
;Date:        Wed Apr 25 13:48:12 2007
;File:        D:\-Project-\-3DWork-\Entourage\School_Ru\School_ru_cut3a_x.max
{Skeleton
	{bone "school_ru_wall2_29_x"
		{Orientation
			1	0	0
			0	-1	0
			0	0	1
		}
		{bone "piece03"
			{Position -0.497681	-23.3957	-10.0303}
			{VolumeView "piece03.ply"}
			{bone "sub_piece03"
				{Position 0	14.498	0.200806}
				{VolumeView "sub_piece03.ply"}
			}
		}
		{bone "piece01"
			{Position -0.497681	-8.00681	11.0091}
			{VolumeView "piece01.ply"}
		}
		{bone "piece02"
			{Position -0.497681	12.3167	8.43092}
			{VolumeView "piece02.ply"}
			{bone "sub_piece02"
				{Position 0	-6.7489	-8.78459}
				{VolumeView "sub_piece02.ply"}
			}
		}
	}
}
{Volume "piece01"
	{Box 3.50085 14.2998 9.87672}
	{Bone "piece01"}
}
{Volume "piece02"
	{Box 3.50089 23.67 15.0331}
	{Bone "piece02"}
	{Position 0	0	0}
}
{Volume "piece03"
	{Box 3.50089 17.0787 13.8093}
	{Bone "piece03"}
	{Matrix34
		1	0	0
		0	0.885553	0.464539
		0	-0.464539	0.885553
		0	0.380097	0.407772
	}
}
{Volume "sub_piece02"
	{Box 3.50089 9.37794 13.0315}
	{Bone "sub_piece02"}
	{Orientation
		1	0	0
		0	0.95854	0.284957
		0	-0.284957	0.95854
	}
}
{Volume "sub_piece03"
	{Box 3.50089 15.606 11.1792}
	{Bone "sub_piece03"}
	{Matrix34
		1	0	0
		0	0.977353	-0.211614
		0	0.211614	0.977353
		0	0	0
	}
}
