;Exported by: klimenko
;Date:        Mon Dec 26 14:51:49 2005
;File:        D:\-Project-\-3DWork-\windmill\wind_mill2_x.max
{Skeleton
	{bone "basis"
		{Orientation
			1	0	0
			0	-1	0
			0	0	1
		}
		{bone "piece1"
			{Matrix34
				0.866787	0.498623	0.00740761
				-0.0888605	0.139821	0.986181
				0.490698	-0.855468	0.165503
				14.7985	4.63983	106.013
			}
			{VolumeView "piece1.ply"}
		}
		{bone "piece2"
			{Matrix34
				0.686256	-0.284761	0.669302
				-0.673234	0.0996495	0.732684
				-0.275335	-0.953405	-0.123326
				-22.4563	-0.273048	106.41
			}
			{VolumeView "piece2.ply"}
		}
		{bone "piece3"
			{Matrix34
				-0.573576	-0.819152	0
				0.819152	-0.573576	0
				0	0	1
				-29.5545	-8.01595	68.5528
			}
			{VolumeView "piece3.ply"}
		}
		{bone "piece4"
			{Matrix34
				-0.573576	-0.819152	0
				0.819152	-0.573576	0
				0	0	1
				13.3821	-4.7076	78.2474
			}
			{VolumeView "piece4.ply"}
		}
		{bone "piece5"
			{Matrix34
				0.752868	0.324686	-0.57251
				0.561624	0.136624	0.816035
				0.343174	-0.935902	-0.0794914
				10.2403	-4.77916	54.5194
			}
			{VolumeView "piece5.ply"}
		}
		{bone "piece6"
			{Matrix34
				-0.573576	-0.819152	0
				0.819152	-0.573576	0
				0	0	1
				-6.49688	-17.0334	80.3543
			}
			{VolumeView "piece6.ply"}
		}
		{bone "piece7"
			{Matrix34
				0.939128	-0.343488	0.0074076
				0.0499904	0.157946	0.986182
				-0.339912	-0.92578	0.165503
				-17.9005	-5.01169	29.5072
			}
			{VolumeView "piece7.ply"}
		}
	}
}
{Volume "piec2"
	{Box 23.5737 38.8168 6}
	{Bone "piece2"}
	{Position 0	0	0}
}
{Volume "piece1"
	{Box 30.2829 38.2474 9.61823}
	{Bone "piece1"}
	{Position 0	0	0}
}
{Volume "piece3"
	{Box 66.2394 7.57655 12.8805}
	{Bone "piece3"}
	{Matrix34
		0.939693	0.34202	0
		-0.34202	0.939693	0
		0	0	1
		0	0	9.91209
	}
}
{Volume "piece4"
	{Box 26.3016 56.9812 9.23421}
	{Bone "piece4"}
	{Matrix34
		0.819152	-0.573576	0
		0.573576	0.819152	0
		0	0	1
		-3.73538	2.36604	0
	}
}
{Volume "piece5"
	{Box 34.2979 33.6207 8.13175}
	{Bone "piece5"}
	{Position 0	0	0}
}
{Volume "piece6"
	{Box 70.4802 28.6103 3.14079}
	{Bone "piece6"}
	{Matrix34
		0.766044	0.642788	0
		-0.642788	0.766044	0
		0	0	1
		-4.72211	-7.91472	0
	}
}
{Volume "piece7"
	{Box 22.6529 29.1702 8.68695}
	{Bone "piece7"}
	{Position -2.77423	-0.204998	-0.891847}
}
