;Exported by: sana
;Date:        Sat Jan 28 14:50:07 2006
;File:        D:\-Project-\-3DWork-\Entourage\house_euro_110\house_euro_110_x.max
{Skeleton
	{bone "110n_corner2"
		{Orientation
			1	0	0
			0	-1	0
			0	0	1
		}
		{bone "piece0"
			{Position -14.444	2.75801	58.866}
			{VolumeView "piece0.ply"}
		}
		{bone "piece1"
			{Position 8.56264	-19.7129	113.8}
			{VolumeView "piece1.ply"}
			{bone "sub_piece1"
				{Position -7.8647	33.7891	-4.18739}
				{VolumeView "sub_piece1.ply"}
			}
		}
		{bone "piece2"
			{Position 55.108	-14.2097	52.3508}
			{VolumeView "piece2.ply"}
		}
		{bone "piece3"
			{Position 37.0519	-34.272	52.3508}
			{VolumeView "piece3.ply"}
			{bone "sub_piece3"
				{Position -15.4598	9.79512	0}
				{VolumeView "sub_piece3.ply"}
			}
		}
		{bone "piece4"
			{Position 13.9212	16.1788	52.3508}
			{VolumeView "piece4.ply"}
			{bone "sub_piece4"
				{Position 12.2734	-9.73612	0}
				{VolumeView "sub_piece4.ply"}
			}
		}
		{bone "piece5"
			{Position 23.0809	-3.31177	104.845}
			{VolumeView "piece5.ply"}
		}
		{bone "piece6"
			{Position -1.59016	-16.9437	95.4283}
			{VolumeView "piece6.ply"}
		}
		{bone "piece7"
			{Position -1.59016	11.6411	49.1186}
			{VolumeView "piece7.ply"}
			{bone "sub_piece7"
				{Position 0	-12.201	-2.76556}
				{VolumeView "sub_piece7.ply"}
			}
		}
		{bone "piece8"
			{Position -1.59016	-14.9571	28.6209}
			{VolumeView "piece8.ply"}
		}
	}
}
{Volume "piece0"
	{Box 27.4019 57.6854 3.93701}
	{Bone "piece0"}
	{Matrix34
		0.987402	0	0.158232
		0	1	0
		-0.158232	0	0.987402
		0	0	0.364447
	}
}
{Volume "piece1"
	{Box 39.2706 31.3713 3.93701}
	{Bone "piece1"}
	{Matrix34
		0.843223	0	0.537564
		0	1	0
		-0.537564	0	0.843223
		-3.03294	2.3767	-0.830115
	}
}
{Volume "piece2"
	{Box 19.4864 27.9692 3.93701}
	{Bone "piece2"}
	{Matrix34
		0.607153	0.794585	0
		-0.794585	0.607153	0
		0	0	1
		0.0792933	1.91223	0
	}
}
{Volume "piece3"
	{Box 31.7787 18.5907 3.93701}
	{Bone "piece3"}
	{Matrix34
		0.97418	-0.225774	0
		0.225774	0.97418	0
		0	0	1
		-0.728247	-0.469085	0
	}
}
{Volume "piece4"
	{Box 23.1307 18.6461 3.93701}
	{Bone "piece4"}
	{Position 0	0	0}
}
{Volume "piece5"
	{Box 46.2473 3.60163 2.9528}
	{Bone "piece5"}
	{Position 0	0	0}
}
{Volume "piece6"
	{Box 7.87402 19.3254 21.8561}
	{Bone "piece6"}
	{Matrix34
		1	0	0
		0	0.997818	0.0660283
		0	-0.0660283	0.997818
		0	0.911904	0.084941
	}
}
{Volume "piece7"
	{Box 7.87402 20.6212 19.847}
	{Bone "piece7"}
	{Matrix34
		1	0	0
		0	0.998962	-0.0455431
		0	0.0455431	0.998962
		1.52588e-005	0.650169	0
	}
}
{Volume "piece8"
	{Box 7.87402 20.1723 24.0604}
	{Bone "piece8"}
	{Matrix34
		1	0	0
		0	0.997526	-0.0702977
		0	0.0702977	0.997526
		1.52588e-005	0.231341	-0.0502773
	}
}
{Volume "sub_piece1"
	{Box 24.6139 32.021 3.93701}
	{Bone "sub_piece1"}
	{Matrix34
		0.8383	0	0.545209
		0	1	0
		-0.545209	0	0.8383
		-1.77934	0	-1.03518
	}
}
{Volume "sub_piece3"
	{Box 12.9366 18.5281 3.93701}
	{Bone "sub_piece3"}
	{Matrix34
		0.963459	-0.267856	0
		0.267856	0.963459	0
		0	0	1
		0	0	0
	}
}
{Volume "sub_piece4"
	{Box 16.4629 18.1316 3.93701}
	{Bone "sub_piece4"}
	{Matrix34
		0.969505	-0.245071	0
		0.245071	0.969505	0
		0	0	1
		0.0296393	0.0041883	0
	}
}
{Volume "sub_piece7"
	{Box 7.87402 17.7321 13.9905}
	{Bone "sub_piece7"}
	{Position 1.52588e-005	0	0}
}
