;Exported by: sana
;Date:        Wed Jun 20 14:30:14 2007
;File:        D:\-Project-\-3DWork-\Entourage\hangar\hangar_1.max
{Skeleton
	{bone "air_force_kaserne_c6"
		{Orientation
			1	0	0
			0	-1	0
			0	0	1
		}
		{VolumeView "air_force_kaserne_c6.ply"}
		{bone "exterior"
			{parameters "exterior;"}
			{Position -0.301921	0	0}
			{VolumeView "exterior.ply"}
		}
		{bone "window1"
			{Matrix34
				0	-1	0
				0.390369	0	0.920659
				-0.920659	0	0.390369
				-37.1442	6.48974	32.9596
			}
			{VolumeView "window1.ply"}
		}
		{bone "window1_x"
			{Matrix34
				0	-1	0
				0.390369	0	0.920659
				-0.920659	0	0.390369
				-36.4967	6.48974	32.9596
			}
			{visibility 0}
			{VolumeView "window1_x.ply"}
		}
	}
}
{Area "interior"
	{Obb2
		{Center 2.20357 2.12001}
		{Extent 44.2425 33.5916}
		{Axis 1 -1.50889e-007}
	}
	{Rotate}
}
{Obstacle "rectangle06"
	{Obb2
		{Center -42.3368 -0.335098}
		{Extent 1.89189 29.0541}
		{Axis 1 -1.57527e-007}
	}
	{Rotate}
}
{Volume "body1"
	{Box 6.59754 46.1079 60.0591}
	{Bone "air_force_kaserne_c6"}
	{Matrix34
		-0.965926	0	0.258819
		0.258819	0	0.965926
		0	1	0
		-38.8059	-0.399202	22.7665
	}
}
{Volume "body2"
	{Box 6.59754 48.3681 60.0591}
	{Bone "exterior"}
	{Matrix34
		-0.707107	0	0.707107
		0.707107	0	0.707107
		0	1	0
		-16.1448	-0.399218	60.3518
	}
}
{Volume "body3"
	{Box 6.59754 48.3681 60.0591}
	{Bone "exterior"}
	{Matrix34
		-0.258819	0	0.965926
		0.965926	0	0.258819
		0	1	0
		21.9685	-0.399202	82.6275
	}
}
{Volume "body4"
	{Box 2.83694 39.1782 60.0591}
	{Bone "exterior"}
	{Matrix34
		-0.10898	0	0.994044
		0.994044	0	0.10898
		0	1	0
		-41.5555	-0.399233	52.1155
	}
}
{Volume "hole1"
	{Box 51.8903 20.0254 20.4341}
	{Bone "air_force_kaserne_c6"}
	{Matrix34
		0	-1	0
		1	0	0
		0	0	1
		-36.4314	0.128693	34.08
	}
}
{Volume "window1"
	{Box 51.8785 3.28988 22.0215}
	{Bone "window1"}
	{Matrix34
		1	0	0
		0	0	-1
		0	1	0
		6.27356	1.16052	-0.953249
	}
}
