;Exported by: Пупс
;Date:        Tue Mar 22 20:59:58 2011
;File:        C:\Users\Пупс\Документы\3dsmax\scenes\mg34_zenit.max
{Skeleton
	{bone "basis"
		{Orientation
			1	0	0
			0	-1	0
			0	0	1
		}
		{bone "body"
			{Matrix34
				0.781458	-0.617934	-0.0864936
				0.232658	0.417196	-0.878531
				0.57896	0.666412	0.469789
				7.60968	17.4672	1.06566
			}
			{VolumeView "body.ply"}
			{bone "part1"
				{Matrix34
					0.733885	-0.550431	0.398043
					0.665595	0.699713	-0.259586
					-0.135632	0.455442	0.879873
					0.678698	-0.00309563	-0.97211
				}
				{VolumeView "part1.ply"}
			}
			{bone revolute "turret"
				{speed 0.03}
				{Matrix34
					0.99999	0	-0.00446276
					5.87702e-005	0.999913	0.0131735
					0.00446235	-0.0131738	0.999903
					0.0312815	0.053544	1.64693
				}
				{VolumeView "turret.ply"}
			}
			{bone "part2"
				{Matrix34
					-0.897605	0.440717	0.00853285
					-0.381906	-0.787201	0.484213
					0.220118	0.431374	0.874908
					-0.345766	-0.586746	-0.97211
				}
				{VolumeView "part2.ply"}
			}
			{bone "part3"
				{Matrix34
					0.35878	0.711056	-0.604711
					-0.768185	0.59295	0.241456
					0.530253	0.377901	0.758962
					-0.337685	0.59165	-0.972111
				}
				{VolumeView "part3.ply"}
			}
		}
	}
}
{Volume "body"
	{Box 1.0944 3.22287 1.12838}
	{Bone "body"}
	{Matrix34
		1	0	0
		0	0	1
		0	-1	0
		0.0145669	0.0173072	0.324762
	}
}
{Volume "part1"
	{Polyhedron "part1.vol"}
	{Bone "part1"}
	{Matrix34
		0.00109079	0.913226	-0.407452
		0	0.407452	0.913226
		0.999999	-0.000996172	0.000444346
		-0.485606	0.137957	-13.7969
	}
}
{Volume "part2"
	{Polyhedron "part2.vol"}
	{Bone "part2"}
	{Matrix34
		0.00154394	-0.913225	0.407452
		0	0.407452	0.913226
		-0.999999	-0.00141004	0.000629129
		0.399562	-2.12196	-12.85
	}
}
{Volume "part3"
	{Polyhedron "part3.vol"}
	{Bone "part3"}
	{Matrix34
		0.0102826	-0.913178	0.407431
		0	0.407452	0.913226
		0.999947	0.00939026	-0.00419008
		-0.478366	-2.175	-12.8263
	}
}
