;Exported by: garry
;Date:        Fri Jan 13 12:41:21 2006
;File:        D:\-Projects-\-3DWork-\Model\Авто-мото\SDKFZ\SdKfz7\hi-poly\SdKfz7-1_new_XX.max
{Skeleton
	{bone "basis"
		{Orientation
			1	0	0
			0	-1	0
			0	0	1
		}
		{bone "pivot_back"
			{Position -51.0837	-0.476858	8.81478}
			{bone "spring_l"
				{parameters "ID=trackleft;"}
				{Matrix34
					1	0	0
					0	0.0174524	0.999848
					0	-0.999848	0.0174524
					16.4448	13.0422	-1.41768
				}
				{bone "wheell4"
					{parameters "ID=wheelleft4;"}
					{Matrix34
						0.642788	0.765928	0.0133688
						0.766044	-0.64269	-0.0112175
						0	0.0174516	-0.999848
						18.2953	0.453369	-8.27149
					}
					{VolumeView "wheell4.ply"}
				}
				{bone "wheell5"
					{parameters "ID=wheelleft5;"}
					{Matrix34
						-0.5	0.865894	0.0151134
						0.866026	0.499924	0.00872644
						0	0.0174518	-0.999848
						1.70763	0.453369	-8.27149
					}
					{VolumeView "wheell5.ply"}
				}
			}
			{bone "spring_r"
				{parameters "ID=trackright;"}
				{Matrix34
					1	0	0
					0	0.0174524	0.999848
					0	-0.999848	0.0174524
					16.4448	-12.1023	-0.997856
				}
				{bone "wheelr2"
					{parameters "ID=wheelright2;"}
					{Matrix34
						0.258819	0.965779	0.016857
						0.965926	-0.25878	-0.00451642
						0	0.0174515	-0.999848
						41.4764	0.422541	-30.5608
					}
					{VolumeView "wheelr2.ply"}
				}
				{bone "wheelr3"
					{parameters "ID=wheelright3;"}
					{Matrix34
						0.5	0.865893	0.0151139
						0.866025	-0.499924	-0.00872573
						0	0.0174519	-0.999848
						25.9337	0.422541	-30.5608
					}
					{VolumeView "wheelr3.ply"}
				}
				{bone "wheelr4"
					{parameters "ID=wheelright4;"}
					{Matrix34
						-0.258819	0.965779	0.016857
						0.965926	0.25878	0.00451738
						0	0.0174518	-0.999848
						9.45026	0.422541	-30.5608
					}
					{VolumeView "wheelr4.ply"}
				}
				{bone "wheelr5"
					{parameters "ID=wheelright5;"}
					{Matrix34
						0	0.999848	0.017452
						1	0	0
						0	0.017452	-0.999848
						-9.01503	0.685887	-30.5562
					}
					{VolumeView "wheelr5.ply"}
				}
			}
		}
		{bone "pivot_front"
			{Position 51.4862	-0.476864	9.33385}
			{bone "steer_r"
				{Matrix34
					1	0	0
					0	-1	0
					0	0	-1
					0.00615692	-17.4086	0.037322
				}
				{bone "wheelr1"
					{parameters "ID=wheelright;Radius=0.5;"}
					{Matrix34
						0	0	-1
						1	0	0
						0	-1	0
						-0.13929	0.00787792	0.5358
					}
					{VolumeView "wheelr1.ply"}
				}
			}
			{bone "steer_l"
				{Matrix34
					1	0	0
					0	-1	0
					0	0	-1
					0.00615692	18.2459	0.0373211
				}
				{bone "wheell1"
					{parameters "ID=wheelleft;Radius=0.5;"}
					{Matrix34
						0	0	-1
						1	0	0
						0	-1	0
						-0.13929	-4.75063	0.535803
					}
					{VolumeView "wheell1.ply"}
				}
			}
		}
		{bone "body"
			{parameters "ID=body;"}
			{Position 1.85039	-0.610236	-1.67323}
			{VolumeView "body.ply"}
			{bone "part4"
				{Matrix34
					-0.298299	-0.950859	-0.0829814
					0.939619	-0.277267	-0.200597
					0.167732	-0.137809	0.976153
					23.7677	19.0715	27.7484
				}
				{VolumeView "part4.ply"}
			}
			{bone "fxfire1"
				{Matrix34
					0	1	0
					-1	0	0
					0	0	1
					38.0238	0.1355	26.383
				}
			}
			{bone "part2"
				{Position 57.0919	0.104151	27.1613}
				{VolumeView "part2.ply"}
			}
			{bone "turret"
				{parameters "ID=turret;"}
				{Matrix34
					-1	0	0
					0	-1	0
					0	0	1
					-35.6382	0.9785	25.4155
				}
				{VolumeView "turret.ply"}
				{bone "gun_rot"
					{parameters "ID=turret;"}
					{Matrix34
						0.866025	0	0.5
						-0.5	0	0.866025
						0	-1	0
						-1.94178	-0.343974	18.233
					}
					{VolumeView "gun_rot.ply"}
				}
				{bone "shield_right"
					{parameters "ID=shield_right;"}
					{Matrix34
						0	1	0
						-1	0	0
						0	0	1
						11.3887	-5.59579	5.784
					}
					{VolumeView "shield_right.ply"}
				}
				{bone "shield_left"
					{parameters "ID=shield_left;"}
					{Matrix34
						0	1	0
						-1	0	0
						0	0	1
						11.3391	4.97358	7.50142
					}
					{VolumeView "shield_left.ply"}
				}
				{bone "part5"
					{Matrix34
						0.866025	0	0.5
						-0.5	0	0.866025
						0	-1	0
						-0.855345	9.04599	17.8951
					}
					{VolumeView "part5.ply"}
				}
			}
			{bone "part1"
				{Matrix34
					0.999997	-0.00243616	8.4877e-005
					0.00240055	0.978136	-0.207953
					0.000423585	0.207953	0.978139
					-36.6849	24.5517	23.7632
				}
				{VolumeView "part1.ply"}
			}
			{bone "part3"
				{Matrix34
					-0.642788	0	0.766044
					0.766044	0	0.642788
					0	1	0
					-2.09865	21.5218	9.37927
				}
				{VolumeView "part3.ply"}
			}
			{bone "engine"
				{parameters "ID=engine;"}
				{Position 37.0996	0.810037	25.1089}
				{VolumeView "engine.ply"}
			}
		}
	}
}
{Volume "body1"
	{Box 61.0647 46.1229 3.05742}
	{Bone "body"}
	{Position -36.4473	0.641107	23.0638}
}
{Volume "body"
	{Box 117.55 30.344 14.1267}
	{Bone "body"}
	{Position -6.08577	0.641107	16.8173}
}
{Volume "cabine"
	{Polyhedron "cabine.vol"}
	{Bone "body"}
	{Position 9.62248	1.05016	23.0326}
}
{Volume "engine"
	{Polyhedron "engine.vol"}
	{Bone "engine"}
	{Matrix34
		0.999998	3.87108e-005	-0.00198513
		-3.46857e-005	0.999998	0.00202766
		0.0019852	-0.00202759	0.999996
		-0.965744	0.0746106	2.01486
	}
}
{Volume "part1"
	{Box 60.9625 0.795794 11.0848}
	{Bone "part1"}
	{Position 1.10429e-005	0	5.58693}
}
{Volume "part2"
	{Box 2.80204 18.7866 17.3484}
	{Bone "part2"}
	{Matrix34
		0.992261	0	0.124172
		0	1	0
		-0.124172	0	0.992261
		-0.189754	0	0.705918
	}
}
{Volume "part3"
	{Cylinder 6.94001 2.25702}
	{Bone "part3"}
	{Position 0	0	0}
}
{Volume "part4"
	{Box 16.6226 1.2555 22.6789}
	{Bone "part4"}
	{Matrix34
		0.942041	-0.307684	0.133748
		0.299489	0.950898	0.0780966
		-0.15121	-0.0335142	0.987933
		-8.89102	0.515399	4.22654
	}
}
{Volume "part5"
	{Box 24.1815 12.5568 4.14295}
	{Bone "part5"}
	{Position 2.59379	0.201832	2.75123}
}
{Volume "trackleft"
	{Box 83.0409 5.41023 18.1279}
	{Bone "spring_l"}
	{Matrix34
		-1	0	0
		0	-0.0174527	0.999848
		0	0.999848	0.0174527
		23.7285	0.996868	-6.40113
	}
}
{Volume "trackright"
	{Box 82.5759 4.76691 18.0167}
	{Bone "spring_r"}
	{Matrix34
		-1	0	0
		0	-0.0174526	0.999848
		0	0.999848	0.0174526
		23.826	0.282633	7.27547
	}
}
{Volume "turret"
	{Box 14.496 10.8137 22.6895}
	{Bone "turret"}
	{Position -0.665497	-0.377021	15.0367}
}
{Volume "wheelleft1"
	{Cylinder 5.90106 4.95941}
	{Bone "wheell1"}
	{Matrix34
		1	0	0
		0	1	0
		0	0	1
		0	0	-2.39554
	}
}
{Volume "wheelright1"
	{Cylinder 5.88549 4.94701}
	{Bone "wheelr1"}
	{Matrix34
		-0.999386	0.0350277	0
		0.0350278	0.999386	0
		0	0	-1
		0	0	-2.4937
	}
}
