;Exported by: sana
;Date:        Fri Jan 12 16:51:06 2007
;File:        D:\ss\house_ru_141_lm_corner_work.max
{Skeleton
	{bone "house_ru_141_12_3"
		{Orientation
			1	0	0
			0	-1	0
			0	0	1
		}
		{VolumeView "house_ru_141_12_3.ply"}
		{bone "exterior"
			{Position 0	0	1.23365}
			{VolumeView "exterior.ply"}
		}
		{bone "fix07"
			{Position 7.43332	45.1526	-38.3513}
		}
		{bone "fix08"
			{Position 38.049	-45.5062	-42.5791}
		}
		{bone "fix09"
			{Position -26.6501	-45.8034	-43.9112}
		}
	}
}
{Area "interior"
	{Obb2
		{Center 0.007164 -3.61846}
		{Extent 32.7257 16.8875}
		{Axis -1 0}
	}
	{Rotate}
}
{Volume "body1"
	{Box 2.40956 31.4558 2.42151}
	{Bone "house_ru_141_12_3"}
	{Matrix34
		1	0	0
		0	0	1
		0	-1	0
		-1.15262	-0.126404	-0.410576
	}
}
{Volume "body2"
	{Box 3.429 36.4503 2.69622}
	{Bone "house_ru_141_12_3"}
	{Matrix34
		-0.0253577	0.999678	0.000328063
		-0.998956	-0.0253269	-0.0380296
		-0.038009	-0.00129206	0.999277
		8.55054	-0.230751	15.3425
	}
}
{Volume "body3"
	{Box 3.429 24.0572 2.69622}
	{Bone "house_ru_141_12_3"}
	{Matrix34
		0.0492215	0.998784	0.002738
		-0.997164	0.048985	0.0571422
		0.0569386	-0.00554285	0.998362
		-20.8048	-0.472314	14.9768
	}
}
{Volume "body"
	{Box 2.40956 38.7784 2.42151}
	{Bone "house_ru_141_12_3"}
	{Position -1.12539	5.78367	-16.4681}
}
{Volume "roof1"
	{Box 19.4633 31.4379 6.96433}
	{Bone "exterior"}
	{Matrix34
		0.0165695	-0.837176	-0.546683
		0.995854	-0.0350917	0.0839221
		-0.0894416	-0.545807	0.833124
		13.2219	-25.1876	-1.46567
	}
}
{Volume "roof2"
	{Box 19.9689 31.4379 6.96433}
	{Bone "exterior"}
	{Matrix34
		0.0165385	-0.8338	-0.551819
		0.99278	0.0792712	-0.0900246
		0.118806	-0.546346	0.829091
		-15.4357	-25.467	-1.01202
	}
}
{Volume "roof3"
	{Box 19.9689 31.4379 5.38152}
	{Bone "exterior"}
	{Matrix34
		-0.0149549	-0.931441	-0.363585
		0.989005	0.039725	-0.142448
		0.147125	-0.361718	0.920605
		-16.4878	-8.56816	8.06995
	}
}
{Volume "roof4"
	{Box 19.9689 31.4379 5.38152}
	{Bone "exterior"}
	{Matrix34
		0.101804	-0.917498	-0.384491
		0.988314	0.0492006	0.144275
		-0.113455	-0.394686	0.911785
		13.1181	-8.65687	7.87978
	}
}
{Volume "roof5"
	{Box 19.4633 31.4379 6.96433}
	{Bone "exterior"}
	{Matrix34
		-0.0165693	0.837176	-0.546683
		-0.995854	0.0350919	0.0839221
		0.0894416	0.545807	0.833124
		-16.0136	24.9699	-1.78063
	}
}
{Volume "roof6"
	{Box 19.9689 31.4379 6.96433}
	{Bone "exterior"}
	{Matrix34
		-0.0165383	0.8338	-0.551819
		-0.99278	-0.0792711	-0.0900246
		-0.118806	0.546346	0.829091
		12.6439	25.2492	-1.32699
	}
}
{Volume "roof7"
	{Box 19.9689 31.4379 5.38152}
	{Bone "exterior"}
	{Matrix34
		0.0149551	0.931441	-0.363585
		-0.989005	-0.0397248	-0.142448
		-0.147125	0.361718	0.920605
		13.696	8.35038	7.75498
	}
}
{Volume "roof8"
	{Box 19.9689 31.4379 5.38152}
	{Bone "exterior"}
	{Matrix34
		-0.101804	0.917498	-0.384491
		-0.988314	-0.0492004	0.144275
		0.113455	0.394686	0.911785
		-15.9098	8.43909	7.56481
	}
}
