;Exported by: sana
;Date:        Tue Apr 25 15:20:42 2006
;File:        D:\-Project-\-3DWork-\Entourage\e-house023_corner_x.max
{Skeleton
	{bone "barn_roof1"
		{Orientation
			1	0	0
			0	-1	0
			0	0	1
		}
		{bone "exterior"
			{Position 1.35827	2.75591	89.6457}
		}
		{bone "piece2"
			{Position 28.399	2.75591	101.416}
			{VolumeView "piece2.ply"}
		}
		{bone "piece0"
			{Position -21.9694	2.75591	101.416}
			{VolumeView "piece0.ply"}
		}
		{bone "piece1"
			{Position -2.13842	2.75591	101.416}
			{VolumeView "piece1.ply"}
		}
		{bone "piece3"
			{Position -18.8398	13.8017	90.8132}
			{VolumeView "piece3.ply"}
			{bone "sub_piece3"
				{Position -5.70249	0	-9.36838}
				{VolumeView "sub_piece3.ply"}
			}
		}
		{bone "piece4"
			{Position 33.7046	13.8017	86.8563}
			{VolumeView "piece4.ply"}
			{bone "sub_piece4"
				{Position 0.989191	0	-10.8813}
				{VolumeView "sub_piece4.ply"}
			}
		}
	}
}
{Volume "piece0"
	{Box 29.0544 39.0583 4.43572}
	{Bone "piece0"}
	{Matrix34
		1	0	0
		0	0.976485	-0.215586
		0	0.215586	0.976485
		-2.67763	-0.693169	-0.215433
	}
}
{Volume "piece1"
	{Box 36.7731 39.0583 4.43572}
	{Bone "piece1"}
	{Matrix34
		1	0	0
		0	0.977817	-0.209462
		0	0.209462	0.977817
		3.14505	-0.66816	-0.17889
	}
}
{Volume "piece2"
	{Box 24.718 39.0583 4.21934}
	{Bone "piece2"}
	{Matrix34
		1	0	0
		0	0.979068	-0.203536
		0	0.203536	0.979068
		1.3014	-0.53719	-0.154722
	}
}
{Volume "piece3"
	{Box 17.701 7 10.3576}
	{Bone "piece3"}
	{Position -0.407854	0	0.114719}
}
{Volume "piece4"
	{Box 11.398 7 15.4782}
	{Bone "piece4"}
	{Position 1.37109	0	0}
}
{Volume "sub_piece3"
	{Box 14.6501 7 10.5647}
	{Bone "sub_piece3"}
	{Matrix34
		0.984801	0	-0.173684
		0	1	0
		0.173684	0	0.984801
		0.594062	0	-0.0406569
	}
}
{Volume "sub_piece4"
	{Box 10.0608 7 6.49385}
	{Bone "sub_piece4"}
	{Matrix34
		0.992206	0	-0.12461
		0	1	0
		0.12461	0	0.992206
		-0.0480953	0	0.061837
	}
}
