;Exported by: sasha
;Date:        Tue Dec 25 10:10:42 2007
;File:        D:\-Project-\-3DWork-\a_house 303\a_house_303alt(tunel).max
{Skeleton
	{bone "303_dw2t"
		{Orientation
			1	0	0
			0	-1	0
			0	0	1
		}
		{VolumeView "303_dw2t.ply"}
	}
}
{Obstacle "body1"
	{Obb2
		{Center -16.1524 7.40784}
		{Extent 7.59739 12.4882}
		{Axis 1 0}
	}
	{Rotate}
	{Tags  "body"}
}
{Obstacle "body3"
	{Obb2
		{Center -17.5091 -2.81137}
		{Extent 15.3917 2.53839}
		{Axis 1 0}
	}
	{Rotate}
	{Tags  "body"}
}
{Volume "body1"
	{Box 13.4158 24.9764 13.0217}
	{Bone "303_dw2t"}
	{Matrix34
		0.988994	0	-0.147951
		0	1	0
		0.147951	0	0.988994
		-16.1524	-7.40784	5.15474
	}
}
{Volume "body2"
	{Box 10.0595 25.5734 37.6894}
	{Bone "303_dw2t"}
	{Matrix34
		0.988109	0	-0.153755
		0	1	0
		0.153755	0	0.988109
		-10.6799	-7.55282	29.7956
	}
}
{Volume "body3"
	{Box 5.07678 30.7834 30.5264}
	{Bone "303_dw2t"}
	{Matrix34
		0	1	0
		-1	0	0
		0	0	1
		-17.5091	2.81137	15.1194
	}
}
{Volume "body4"
	{Box 5.07678 30.7834 15.8737}
	{Bone "303_dw2t"}
	{Matrix34
		0	0.893374	-0.449314
		-1	0	0
		0	0.449314	0.893374
		-17.5091	6.37751	35.5064
	}
}
{Volume "body5"
	{Box 10.0595 13.5539 11.1711}
	{Bone "303_dw2t"}
	{Matrix34
		0.988109	0	-0.153755
		0	1	0
		0.153755	0	0.988109
		-8.72933	12.3108	43.4539
	}
}
{Volume "body6"
	{Box 6.54904 30.7834 7.61939}
	{Bone "303_dw2t"}
	{Matrix34
		0	0	-1
		-1	0	0
		0	1	0
		-17.5091	15.0409	42.2807
	}
}
