;Exported by: sana
;Date:        Wed Feb 22 11:58:20 2006
;File:        D:\-Project-\-3DWork-\Entourage\build_euro\build-20_cut02_x.max
{Skeleton
	{bone "b_euro_corn29"
		{Orientation
			1	0	0
			0	-1	0
			0	0	1
		}
		{bone "piece00"
			{Position -18.6547	16.5158	48.4013}
			{VolumeView "piece00.ply"}
			{bone "sub_piece00"
				{Position 10.7097	1.57276	0}
				{VolumeView "sub_piece00.ply"}
			}
		}
		{bone "piece01"
			{Position 16.1888	10.1635	48.4013}
			{VolumeView "piece01.ply"}
		}
		{bone "piece02"
			{Position 16.4566	-24.4372	48.4013}
			{VolumeView "piece02.ply"}
		}
		{bone "piece03"
			{Position 5.16077	-17.3905	87.6333}
			{VolumeView "piece03.ply"}
			{bone "sub_piece03"
				{Position 0	3.12756	-9.97278}
				{VolumeView "sub_piece03.ply"}
			}
		}
		{bone "piece04"
			{Position 5.16076	17.6617	85.4499}
			{VolumeView "piece04.ply"}
			{bone "sub_piece04"
				{Position 0	-13.9265	2.47844}
				{VolumeView "sub_piece04.ply"}
			}
		}
		{bone "piece05"
			{Position 5.16076	6.15465	67.8058}
			{VolumeView "piece05.ply"}
			{bone "sub_piece05"
				{Position 0	-3.42262	-12.7463}
				{VolumeView "sub_piece05.ply"}
			}
		}
		{bone "piece06"
			{Position 5.16076	19.6091	39.8937}
			{VolumeView "piece06.ply"}
		}
		{bone "piece07"
			{Position 5.16077	-27.5229	37.5339}
			{VolumeView "piece07.ply"}
			{bone "sub_piece07"
				{Position 0	15.9746	-3.54134}
				{VolumeView "sub_piece07.ply"}
			}
		}
		{bone "piece08"
			{Position 5.16077	-27.0091	19.358}
			{VolumeView "piece08.ply"}
			{bone "sub_piece08"
				{Position 0	12.9823	0.472084}
				{VolumeView "sub_piece08.ply"}
			}
		}
		{bone "piece09"
			{Position -17.2	31.6185	83.5081}
			{VolumeView "piece09.ply"}
			{bone "sub_piece09"
				{Position -0.168148	0	-13.0316}
				{VolumeView "sub_piece09.ply"}
			}
		}
		{bone "piece10"
			{Position 16.7664	31.6185	86.3666}
			{VolumeView "piece10.ply"}
			{bone "sub_piece10"
				{Position 0.588528	0	-10.0049}
				{VolumeView "sub_piece10.ply"}
			}
		}
		{bone "piece11"
			{Position -7.61537	31.6185	60.8918}
			{VolumeView "piece11.ply"}
		}
		{bone "piece12"
			{Position -14.6777	31.6185	32.8108}
			{VolumeView "piece12.ply"}
			{bone "sub_piece12"
				{Position 8.8279	0	6.64193}
				{VolumeView "sub_piece12.ply"}
			}
		}
		{bone "piece13"
			{Position 19.4568	31.6185	41.6386}
			{VolumeView "piece13.ply"}
			{bone "sub_piece13"
				{Position -1.0089	0	-11.5183}
				{VolumeView "sub_piece13.ply"}
			}
		}
	}
}
{Volume "piece00"
	{Box 21.1963 18.6409 3.93701}
	{Bone "piece00"}
	{Matrix34
		0.996819	-0.0797012	0
		0.0797012	0.996819	0
		0	0	1
		-1.4648	0.0416427	0
	}
}
{Volume "piece01"
	{Box 11.4587 18.8791 3.93701}
	{Bone "piece01"}
	{Matrix34
		0.976129	0.217193	0
		-0.217193	0.976129	0
		0	0	1
		-0.413295	0.160167	0
	}
}
{Volume "piece02"
	{Box 13.6306 27.4109 3.93701}
	{Bone "piece02"}
	{Position 0	0	0}
}
{Volume "piece03"
	{Box 5.90551 18.5293 13.6904}
	{Bone "piece03"}
	{Position 0	0	0}
}
{Volume "piece04"
	{Box 5.90552 18.0572 16.7059}
	{Bone "piece04"}
	{Position 0	0	0.759075}
}
{Volume "piece05"
	{Box 5.90552 20.2241 16.759}
	{Bone "piece05"}
	{Position 0	0	0}
}
{Volume "piece06"
	{Box 5.90551 17.4671 12.1562}
	{Bone "piece06"}
	{Position 0	0	0}
}
{Volume "piece07"
	{Box 5.90552 20.9552 16.3319}
	{Bone "piece07"}
	{Matrix34
		1	0	0
		0	0.996084	-0.088409
		0	0.088409	0.996084
		0	0.442942	0.0282011
	}
}
{Volume "piece08"
	{Box 5.90552 17.6423 17.2227}
	{Bone "piece08"}
	{Matrix34
		1	0	0
		0	0.992013	-0.126137
		0	0.126137	0.992013
		0	-0.77344	0.119978
	}
}
{Volume "piece09"
	{Box 24.2809 5.90551 20.2655}
	{Bone "piece09"}
	{Position -0.436188	0	1.15087}
}
{Volume "piece10"
	{Box 16.4787 5.90551 14.8426}
	{Bone "piece10"}
	{Position -0.00276947	0	1.02978}
}
{Volume "piece11"
	{Box 18.4965 5.90551 14.6896}
	{Bone "piece11"}
	{Position 0	0	-0.726407}
}
{Volume "piece12"
	{Box 18.7656 5.90551 15.6077}
	{Bone "piece12"}
	{Matrix34
		0.5831	0	0.8124
		0	1	0
		-0.8124	0	0.5831
		0.26659	0	-1.87827
	}
}
{Volume "piece13"
	{Box 18.668 5.90551 10.8961}
	{Bone "piece13"}
	{Matrix34
		0.959905	0	0.280326
		0	1	0
		-0.280326	0	0.959905
		0.600056	0	0.236873
	}
}
{Volume "sub_piece00"
	{Box 16.2219 16.2608 3.93701}
	{Bone "sub_piece00"}
	{Matrix34
		0.994198	0.107565	0
		-0.107565	0.994198	0
		0	0	1
		0.91192	0.380548	0
	}
}
{Volume "sub_piece03"
	{Box 5.90551 13.6904 11.2029}
	{Bone "sub_piece03"}
	{Matrix34
		1	0	0
		0	0.908637	0.417587
		0	-0.417587	0.908637
		0	0.263121	0.0463322
	}
}
{Volume "sub_piece04"
	{Box 5.90551 11.6841 12.8643}
	{Bone "sub_piece04"}
	{Position 0	0	0}
}
{Volume "sub_piece05"
	{Box 5.90551 17.2311 9.20564}
	{Bone "sub_piece05"}
	{Position 0	0	0}
}
{Volume "sub_piece07"
	{Box 5.90551 12.8163 15.0689}
	{Bone "sub_piece07"}
	{Matrix34
		1	0	0
		0	0.989335	-0.145656
		0	0.145656	0.989335
		0	0.388861	-0.0705877
	}
}
{Volume "sub_piece08"
	{Box 5.90551 10.3835 12.3993}
	{Bone "sub_piece08"}
	{Matrix34
		1	0	0
		0	0.966791	-0.25557
		0	0.25557	0.966791
		0	0.206834	-0.578493
	}
}
{Volume "sub_piece09"
	{Box 19.1691 5.90551 12.6234}
	{Bone "sub_piece09"}
	{Matrix34
		0.936562	0	0.350502
		0	1	0
		-0.350502	0	0.936562
		0.471502	0	-0.986016
	}
}
{Volume "sub_piece10"
	{Box 13.2839 5.90551 14.0069}
	{Bone "sub_piece10"}
	{Position 0.0785789	0	-0.757301}
}
{Volume "sub_piece12"
	{Box 9.96963 5.90551 13.5949}
	{Bone "sub_piece12"}
	{Matrix34
		0.676648	0	0.736307
		0	1	0
		-0.736307	0	0.676648
		0.828626	0	1.51822
	}
}
{Volume "sub_piece13"
	{Box 11.8849 5.90551 13.1594}
	{Bone "sub_piece13"}
	{Matrix34
		0.993926	0	-0.110051
		0	1	0
		0.110051	0	0.993926
		-0.0716122	0	-0.646792
	}
}
