;MDL File generated by SOEdit
;Model created by: <your name here>
;PLY Geometry by: <insert modeler name>
;VOL Geometry by: <insert modeler name>
{Skeleton
    {Animation
        {sequence "start"}
        {sequence "stop"}
        {sequence "fire"}
        {sequence "hit"}
        {sequence "open" {resume}}
    }
    {bone revolute "Basis"
        {parameters "WheelRadius=0.4;"}
        {limits 0 0}
        {speed 0.0010}
        {Orientation
            1.0000 0.0000 0.0000
            0.0000 -1.0000 0.0000
            0.0000 0.0000 1.0000
        }
        {bone "wheelsl"
            {parameters "ID=trackleft;"}
            {Matrix34
                -0.6428 0.0000 -0.7660
                -0.7660 0.0000 0.6428
                0.0000 1.0000 0.0000
                9.5000 23 5.1646
            }
            {bone "trackl"
                {parameters "ID=trackleft;"}
                {Matrix34
                    0.6428 0.7660 0.0000
                    -0.7660 0.6428 0.0000
                    0.0000 0.0000 1.0000
                    -4.3637 11.1141 0.7268
                }
                {volumeview "trackl.ply"}
            }
            {bone "fxtracel1"
                {Matrix34
                    0.3688 0.9295 0.0000
                    -0.9295 0.3688 0.0000
                    0.0000 0.0000 1.0000
                    26.8175 24.9993 -0.5172
                }
            }
            {bone "fxtracel2"
                {Matrix34
                    0.4772 0.8534 0.2096
                    -0.8496 0.5090 -0.1380
                    -0.2245 -0.1122 0.9680
                    -0.3099 -6.3354 -0.5378
                }
            }
            {bone revolute "wheell2"
                {parameters "ID=trackleft;"}
                {Matrix34
                    0.9848 0.1736 0.0000
                    -0.1736 0.9848 0.0000
                    0.0000 0.0000 1.0000
                    -14.1382 -16.8492 -2.4000
                }
                {volumeview "wheelL2.ply"}
            }
            {bone revolute "wheell3"
                {parameters "ID=trackleft;"}
                {Matrix34
                    0.9659 -0.2588 0.0000
                    0.2588 0.9659 0.0000
                    0.0000 0.0000 1.0000
                    -7.0559 -8.4089 -2.4000
                }
                {volumeview "wheelL2.ply"}
            }
            {bone revolute "wheell4"
                {parameters "ID=trackleft;"}
                {Matrix34
                    0.9659 -0.2588 0.0000
                    0.2588 0.9659 0.0000
                    0.0000 0.0000 1.0000
                    0.0615 0.0733 -2.4000
                }
                {volumeview "wheelL2.ply"}
            }
            {bone revolute "wheell5"
                {parameters "ID=trackleft;"}
                {Matrix34
                    0.9659 -0.2588 0.0000
                    0.2588 0.9659 0.0000
                    0.0000 0.0000 1.0000
                    7.1008 8.4625 -2.4000
                }
                {volumeview "wheelL2.ply"}
            }
            {bone revolute "wheell6"
                {parameters "ID=trackleft;"}
                {Matrix34
                    0.9659 -0.2588 0.0000
                    0.2588 0.9659 0.0000
                    0.0000 0.0000 1.0000
                    14.2660 17.0016 -2.4000
                }
                {volumeview "wheelL2.ply"}
            }
            {bone revolute "wheell7"
                {parameters "ID=trackleft;"}
                {Matrix34
                    0.9659 -0.2588 0.0000
                    0.2588 0.9659 0.0000
                    0.0000 0.0000 1.0000
                    21.2582 25.3345 -2.4000
                }
                {volumeview "wheelL2.ply"}
            }
        }
        {bone "wheelsr"
            {parameters "ID=trackright;"}
            {Matrix34
                -0.6428 0.0000 -0.7660
                -0.7660 0.0000 0.6428
                0.0000 -1.0000 0.0000
                9.5000 -25.2 5.1646
            }
            {bone "trackr"
                {parameters "ID=trackright;"}
                {Matrix34
                    0.6428 0.7660 0.0000
                    -0.7660 0.6428 0.0000
                    0.0000 0.0000 -1.0000
                    -4.3637 11.1141 0.1836
                }
                {volumeview "trackr.ply"}
            }
            {bone "fxtracer1"
                {Matrix34
                    0.3741 0.9274 0.0000
                    -0.9274 0.3741 0.0000
                    0.0000 0.0000 1.0000
                    26.8175 25.5316 -0.2866
                }
            }
            {bone "fxtracer2"
                {Matrix34
                    0.4312 0.8220 0.3721
                    -0.8498 0.5086 -0.1388
                    -0.3034 -0.2564 0.9177
                    -0.2012 -6.8565 -0.5396
                }
            }
            {bone revolute "wheelr2"
                {parameters "ID=trackright;"}
                {Matrix34
                    -0.9848 -0.1736 0.0000
                    0.1736 -0.9848 0.0000
                    0.0000 0.0000 -1.0000
                    -14.1382 -16.8492 -2.8000
                }
                {VolumeView "wheelr2.ply"}
            }
            {bone revolute "wheelr3"
                {parameters "ID=trackright;"}
                {Matrix34
                    -0.9848 -0.1736 0.0000
                    0.1736 -0.9848 0.0000
                    0.0000 0.0000 -1.0000
                    -7.1912 -8.5702 -2.8000
                }
                {VolumeView "wheelr2.ply"}
            }
            {bone revolute "wheelr4"
                {parameters "ID=trackright;"}
                {Matrix34
                    -0.9848 -0.1736 0.0000
                    0.1736 -0.9848 0.0000
                    0.0000 0.0000 -1.0000
                    -0.1918 -0.2286 -2.8000
                }
                {VolumeView "wheelr2.ply"}
            }
            {bone revolute "wheelr5"
                {parameters "ID=trackright;"}
                {Matrix34
                    -0.9848 -0.1736 0.0000
                    0.1736 -0.9848 0.0000
                    0.0000 0.0000 -1.0000
                    6.9380 8.2684 -2.8000
                }
                {VolumeView "wheelr2.ply"}
            }
            {bone revolute "wheelr6"
                {parameters "ID=trackright;"}
                {Matrix34
                    -0.9848 -0.1736 0.0000
                    0.1736 -0.9848 0.0000
                    0.0000 0.0000 -1.0000
                    14.0024 16.6874 -2.8000
                }
                {VolumeView "wheelr2.ply"}
            }
            {bone revolute "wheelr7"
                {parameters "ID=trackright;"}
                {Matrix34
                    -0.9848 -0.1736 0.0000
                    0.1736 -0.9848 0.0000
                    0.0000 0.0000 -1.0000
                    21.0717 25.1123 -2.8000
                }
                {VolumeView "wheelr2.ply"}
            }
        }
        {bone "Body"
            {parameters "ID=body;"}
            {Position 1.3827 -1.0005 19.8671}
            {VolumeView "Body.ply"}
	    {bone "hatch"
                {Matrix34
                    -1.0000 0.0000 0.0000
                    -0.0000 -1.0000 0.0000
                    0.0000 0.0000 1.0000
                    8.4000 2.2000 0.0000
                }
                {Position 2.75 0.18 6.3}
                {bone "cover"
                    {parameters "ID=hatch;"}
                    {VolumeView "cover.ply"}
                }
            }
	    {bone "detail1"
                {parameters "ID=body;"}
                {VolumeView "detail1.ply"}
            }
            {bone "detail2"
                {parameters "ID=body;"}
                {VolumeView "detail2.ply"}
            }
            {bone "detail3"
                {parameters "ID=body;"}
                {VolumeView "detail3.ply"}
            }
            {bone "detail4"
                {parameters "ID=body;"}
                {VolumeView "detail4.ply"}
            }
            {bone "detail5"
                {parameters "ID=body;"}
                {Matrix34
                    -0.3208 0.0000 -0.9472
                    0.0000 1.0000 0.0000
                    0.9472 0.0000 -0.3208
                    51.6 -5.7300 -2.2
                }
                {VolumeView "detail5.ply"}
            }
            {bone "detail6"
                {parameters "ID=body;"}
                {Matrix34
                    -0.3277 0.0000 -0.9448
                    0.0000 1.0000 0.0000
                    0.9448 0.0000 -0.3277
                    51.6 5.4600 -2.2
                }
                {VolumeView "detail5.ply"}
            }
            {bone "engine"
                {parameters "ID=engine;"}
                {VolumeView "engine.ply"}
            }
            {bone socket "mg"
                {parameters "ID=body;"}
		{terminator}
                {limits 20}
                {Matrix34
                    0.0000 0.0000 1.0000
                    0.0000 -1.0000 0.0000
                    1.0000 0.0000 0.0000
                    32 -15 13
                }
                {VolumeView "mgmount.ply"}
                {bone "foresight4"
                    {Matrix34
                        0.0000 0.0000 1.0000
                        0.0000 -1.0000 0.0000
                        1.0000 0.0000 0.0000
                        0.0000 -0.6000 12.8300
                    }
                }
            }
            {bone "FXfire1"
                {Matrix34
                    0.0000 -0.0000 1.0000
                    -0.0000 -1.0000 0.0000
                    1.0000 -0.0000 -0.0000
                    -30.7328 1.1073 10.9187
                }
                {visibility 0}
            }
            {bone "FXshot"
                {Matrix34
                    0.0000 -0.0000 1.0000
                    -0.0000 -1.0000 0.0000
                    1.0000 -0.0000 -0.0000
                    -2.7927 -13.1395 5.9721
                }
                {visibility 0}
            }
            {bone "FXsmoke2"
                {Matrix34
                    -0.9132 0.3743 -0.1610
                    -0.3686 -0.9273 -0.0650
                    -0.1736 0.0000 0.9848
                    -56.2118 17.0586 -7.9312
                }
                {visibility 0}
            }
            {bone "FXsmoke1"
                {Matrix34
                    -0.9194 -0.3584 -0.1621
                    0.3529 -0.9336 0.0622
                    -0.1736 0.0000 0.9848
                    -56.2281 -17.0625 -7.9341
                }
                {visibility 0}
            }
            {bone "FXfire2"
                {Matrix34
                    0.0000 -0.0000 1.0000
                    -0.0000 -1.0000 0.0000
                    1.0000 -0.0000 -0.0000
                    -4.7064 11.1726 20.9319
                }
                {visibility 0}
            }
            {bone "Visor1"
                {Position 7.9467 4.3905 23.8414}
                {visibility 0}
            }
	    {bone "gun_shield"
                {parameters "ID=gun;"}
                ;{Position -17.3999 7.3300 -20.8100}
                {VolumeView "gun_shield.ply"}
            }
            {bone revolute "Gun_rot1"
                {limits -3.0000 3.0000}
                {speed 0.0020}
                {Position 31 -2.7127 15}
                {bone revolute "Gun_rot"
                    {parameters "ID=gun;"}
                    {limits -3.0000 20.0000}
                    {speed 0.0020}
                    {Matrix34
                        1.0000 0.0000 -0.0000
                        0.0000 0.0000 1.0000
                        0.0000 -1.0000 0.0000
                        -6.4521 1.2635 -0.4757
                    }
                    {VolumeView "Gun_rot.ply"}
                    {bone "Gun"
                        {parameters "ID=gun;"}
                        {Matrix34
                            1.0000 0.0000 -0.0000
                            -0.0000 0.0000 -1.0000
                            -0.0000 1.0000 0.0000
                            30.7482 0.4645 0.3483
                        }
                        {VolumeView "Gun.ply"}
                        {bone "Foresight1"
                            {Position 0.1544 0.2310 4.7800}
                        }
                    }
                }
            }
            {bone revolute "wheell1"
                {parameters "ID=trackleft;Radius=0.7;"}
                {Matrix34
                    -0.8660 0.0000 -0.5000
                    -0.5000 0.0000 0.8660
                    0.0000 1.0000 0.0000
                    42.0000 24.5307 -7.0584
                }
                {VolumeView "wheell1.ply"}
            }
            {bone revolute "wheell8"
                {parameters "ID=trackleft;Radius=0.7;"}
                {Matrix34
                    -0.9397 0.0000 -0.3420
                    -0.3420 0.0000 0.9397
                    0.0000 1.0000 0.0000
                    -39.5699 25.0000 -5.3029
                }
                {VolumeView "wheell4.ply"}
            }
            {bone revolute "wheell11"
                {parameters "ID=trackleft;Radius=0.2;"}
                {Matrix34
                    -0.9659 0.0000 -0.2588
                    -0.2588 0.0000 0.9659
                    0.0000 1.0000 0.0000
                    26.8033 21.5000 -1.2038
                }
                {VolumeView "wheelL3.ply"}
            }
            {bone revolute "wheelr1"
                {parameters "ID=trackright;Radius=0.7;"}
                {Matrix34
                    -0.8660 0.0000 -0.5000
                    -0.5000 0.0000 0.8660
                    0.0000 1.0000 0.0000
                    42.0000 -24.0000 -7.0584
                }
                {VolumeView "wheelr1.ply"}
            }
            {bone revolute "wheelr8"
                {parameters "ID=trackright;Radius=0.7;"}
                {Matrix34
                    -0.9397 0.0000 -0.3420
                    -0.3420 0.0000 0.9397
                    0.0000 1.0000 0.0000
                    -39.5699 -24.5000 -5.3029
                }
                {VolumeView "wheelr4.ply"}
            }
            {bone revolute "wheelr9"
                {parameters "ID=trackright;Radius=0.2;"}
                {Matrix34
                    0.9659 0.0000 0.2588
                    0.2588 0.0000 -0.9659
                    0.0000 1.0000 0.0000
                    26.8033 -21.5000 -1.2038
                }
                {VolumeView "wheelR3.ply"}
            }
            {bone revolute "wheell10"
                {parameters "ID=trackleft;Radius=0.2;"}
                {Matrix34
                    -0.9659 0.0000 -0.2588
                    -0.2588 0.0000 0.9659
                    0.0000 1.0000 0.0000
                    2.5583 21.5000 -1.2038
                }
                {VolumeView "wheelL3.ply"}
            }
            {bone revolute "wheell9"
                {parameters "ID=trackleft;Radius=0.2;"}
                {Matrix34
                    -0.9659 0.0000 -0.2588
                    -0.2588 0.0000 0.9659
                    0.0000 1.0000 0.0000
                    -16.3943 21.5000 -1.2038
                }
                {VolumeView "wheelL3.ply"}
            }
            {bone revolute "wheelr10"
                {parameters "ID=trackright;Radius=0.2;"}
                {Matrix34
                    0.9659 0.0000 0.2588
                    0.2588 0.0000 -0.9659
                    0.0000 1.0000 0.0000
                    2.5584 -21.5000 -1.2038
                }
                {VolumeView "wheelR3.ply"}
            }
            {bone revolute "wheelr11"
                {parameters "ID=trackright;Radius=0.2;"}
                {Matrix34
                    0.9659 0.0000 0.2588
                    0.2588 0.0000 -0.9659
                    0.0000 1.0000 0.0000
                    -16.4859 -21.5000 -1.2038
                }
                {VolumeView "wheelR3.ply"}
            }
        }
        {bone "emit1"
            {Matrix34
                -0.0000 -1.0000 0.0000
                1.0000 -0.0000 0.0000
                0.0000 0.0000 1.0000
                29.6233 41.3039 -0.0000
            }
            {visibility 0}
        }
        {bone "emit2"
            {Matrix34
                0.0000 1.0000 0.0000
                -1.0000 0.0000 0.0000
                0.0000 0.0000 1.0000
                31.5918 -43.1449 0.0000
            }
            {visibility 0}
        }
        {bone "emit6"
            {Matrix34
                0.0000 1.0000 0.0000
                -1.0000 0.0000 0.0000
                0.0000 0.0000 1.0000
                -20.8495 -43.1449 0.0000
            }
            {visibility 0}
        }
        {bone "emit5"
            {Matrix34
                0.0000 1.0000 0.0000
                -1.0000 0.0000 0.0000
                0.0000 0.0000 1.0000
                -40.7305 -43.1449 0.0000
            }
            {visibility 0}
        }
        {bone "emit3"
            {Matrix34
                -0.0000 -1.0000 0.0000
                1.0000 -0.0000 0.0000
                0.0000 0.0000 1.0000
                -20.8495 41.3039 -0.0000
            }
            {visibility 0}
        }
        {bone "emit4"
            {Matrix34
                -0.0000 -1.0000 0.0000
                1.0000 -0.0000 0.0000
                0.0000 0.0000 1.0000
                -40.7305 41.3039 -0.0000
            }
            {visibility 0}
        }
    }
}
{Volume "trackleft"
    {Box 91.2945 8.9360 22.3464}
    {Bone "wheelsl"}
    {Matrix34
        -0.6428 -0.7660 0.0000
        0.0000 0.0000 1.0000
        -0.7660 0.6428 0.0000
        -0.3212 8.9649 0.2331
    }
}
{Volume "trackright"
    {Box 91.2945 8.9360 22.3464}
    {Bone "wheelsr"}
    {Matrix34
        -0.6428 -0.7660 0.0000
        0.0000 0.0000 -1.0000
        -0.7660 0.6428 0.0000
        -0.3212 8.9649 0.6758
    }
}
{Volume "gun"
    {Cylinder 2.23652 25.66140}
    {Bone "Gun"}
    {Matrix34
        0.0000 1.1289 0.0000
        0.0000 -0.0000 1.1283
        1.3221 -0.0000 -0.0000
        -21.0552 0.1371 4.7149
    }
}
{Volume "mantlet"
    {Box 10.0000 10.0000 10.0000}
    {Bone "gun_shield"}
    {Matrix34
        0.1081 0.0230 0.0033
        -0.4057 2.1859 -0.0055
        -0.0000 -0.0010 0.8381
        28.7938 -5.0905 20.7608
    }
}
{Volume "body1"
    {Polyhedron "body1.vol"}
    {Bone "body"}
    {Matrix34
        1.0456 0.0000 0.0000
        0.0000 1.0000 0.0000
        0.0000 0.0000 1.0508
        0.4267 0.0000 -13.5343
    }
}
{Volume "body2"
    {Polyhedron "body2.vol"}
    {Bone "body"}
    {Matrix34
        0.7291 0.0000 0.0000
        0.0000 1.0000 0.0000
        0.0000 0.0000 1.0151
        6.5329 0.0000 5.8676
    }
}
{Volume "Engine"
    {Box 15.6506 33.0759 15.4736}
    {Bone "Body"}
    {Matrix34
        2.3960 0.0000 0.0000
        0.0000 1.0000 0.0000
        0.0000 0.0000 0.5114
        -32.9727 0.0000 8.1147
    }
}
{Volume "Inventory"
    {Box 14.7610 30.5118 17.2593}
    {Bone "Body"}
    {Position -17.1935 0.0203 0.1529}
}
{Volume "Crew"
    {Box 19.6814 19.6850 22.1273}
    {Bone "Body"}
    {Position 3.9026 0.0203 5.0452}
}

