;Exported by: vic
;Date:        Wed Jul 13 10:57:28 2005
;File:        D:\-Projects-\-3DWork-\Constructions\NEW\S2\meshki3a_x.max
{Skeleton
	{animation
		{sequence "crush1"}
	}
	{bone "sandbag3_x"
		{Orientation
			1	0	0
			0	-1	0
			0	0	1
		}
		{bone "x1"
			{parameters "CommonMesh;"}
			{Position 0.00756836	0	0}
			{VolumeView "x1.ply"}
		}
		{bone "x2"
			{Position 1.83826	-0.147522	0}
			{bone "piece0"
				{Matrix34
					0	1	0
					-0.99863	0	-0.0523361
					-0.0523361	0	0.99863
					-21.8338	-0.18924	9.38094
				}
				{VolumeView "piece0.ply"}
			}
			{bone "piece1"
				{Matrix34
					0	1	0
					-0.99863	0	-0.0523361
					-0.0523361	0	0.99863
					-14.6898	-0.18924	5.56462
				}
				{VolumeView "piece1.ply"}
			}
			{bone "piece2"
				{Matrix34
					0	1	0
					-0.99863	0	-0.0523361
					-0.0523361	0	0.99863
					-1.73401	-0.18924	12.859
				}
				{VolumeView "piece2.ply"}
			}
			{bone "piece3"
				{Matrix34
					0	1	0
					-0.99863	0	-0.0523361
					-0.0523361	0	0.99863
					17.3338	-0.18924	9.43773
				}
				{VolumeView "piece3.ply"}
			}
			{bone "piece4"
				{Matrix34
					0	1	0
					-0.99863	0	-0.0523361
					-0.0523361	0	0.99863
					1.52521	-0.18924	5.71535
				}
				{VolumeView "piece4.ply"}
			}
			{bone "piece5"
				{Matrix34
					0	1	0
					-0.99863	0	-0.0523361
					-0.0523361	0	0.99863
					17.9399	-0.18924	2.25289
				}
				{VolumeView "piece5.ply"}
			}
			{bone "piece6"
				{Matrix34
					0	1	0
					-0.99863	0	-0.0523361
					-0.0523361	0	0.99863
					-27.3388	-0.18924	2.18476
				}
				{VolumeView "piece6.ply"}
			}
		}
		{bone "land"
			{parameters "Land;Ground;"}
			{Position 0.046936	-0.0369873	0}
			{VolumeView "land.ply" {Ground}}
			{visibility 0}
		}
		{bone "climb1"
			{Matrix34
				0	1	0
				-1	0	0
				0	0	1
				-18.0015	-21.0481	0
			}
			{visibility 0}
		}
		{bone "climb2"
			{Matrix34
				0	1	0
				-1	0	0
				0	0	1
				17.8734	-21.0481	0
			}
			{visibility 0}
		}
		{bone "climb3"
			{Matrix34
				0	-1	0
				1	0	0
				0	0	1
				-18.0015	20.8778	0
			}
			{visibility 0}
		}
		{bone "climb4"
			{Matrix34
				0	-1	0
				1	0	0
				0	0	1
				17.8734	20.8778	0
			}
			{visibility 0}
		}
	}
}
{Obstacle "body3"
	{Obb2
		{Center 13.1046 0.866821}
		{Extent 5.95398 4.99485}
		{Axis 1 0}
	}
	{Rotate}
}
{Obstacle "body2"
	{Obb2
		{Center 13.1046 0.866821}
		{Extent 12.151 4.99485}
		{Axis 1 0}
	}
	{Rotate}
}
{Obstacle "body1"
	{Obb2
		{Center -19.9866 0.866821}
		{Extent 5.97038 4.99485}
		{Axis 1 0}
	}
	{Rotate}
}
{Obstacle "body"
	{Obb2
		{Center -0.131897 0.866821}
		{Extent 32.0008 4.99485}
		{Axis 1 0}
	}
	{Rotate}
}
{Volume "piece6"
	{Box 12.1503 9.98059 3.2719}
	{Bone "piece6"}
	{Matrix34
		0	-0.998629	-0.052336
		1	0	0
		0	-0.052336	0.998629
		-0.0781948	0.0345831	0.0124461
	}
}
{Volume "piece5"
	{Box 12.1503 9.98059 3.2719}
	{Bone "piece5"}
	{Matrix34
		0	-0.998629	-0.052336
		1	0	0
		0	-0.052336	0.998629
		-0.0781914	0.0345693	0.0124463
	}
}
{Volume "piece4"
	{Box 12.1503 9.98059 3.2719}
	{Bone "piece4"}
	{Matrix34
		0	-0.998629	-0.052336
		1	0	0
		0	-0.052336	0.998629
		-0.0781926	0.0345659	0.0124464
	}
}
{Volume "piece3"
	{Box 12.1503 9.98059 3.2719}
	{Bone "piece3"}
	{Matrix34
		0	-0.998629	-0.052336
		1	0	0
		0	-0.052336	0.998629
		-0.0781914	0.0345721	0.0124476
	}
}
{Volume "piece2"
	{Box 12.1503 9.98059 3.2719}
	{Bone "piece2"}
	{Matrix34
		0	-0.998629	-0.052336
		1	0	0
		0	-0.052336	0.998629
		-0.0781928	0.034581	0.012446
	}
}
{Volume "piece1"
	{Box 12.1503 9.98059 3.2719}
	{Bone "piece1"}
	{Matrix34
		0	-0.998629	-0.052336
		1	0	0
		0	-0.052336	0.998629
		-0.0781938	0.034575	0.012447
	}
}
{Volume "piece0"
	{Box 12.1503 9.98059 3.2719}
	{Bone "piece0"}
	{Matrix34
		0	-0.998629	-0.052336
		1	0	0
		0	-0.052336	0.998629
		-0.0781943	0.0345857	0.0124459
	}
}
{Volume "body3"
	{Box 11.908 9.9897 3.70898}
	{Bone "x1"}
	{Position 13.097	-0.866821	13.4812}
}
{Volume "body2"
	{Box 24.302 9.9897 4.0315}
	{Bone "x1"}
	{Position 13.097	-0.866821	9.56702}
}
{Volume "body1"
	{Box 11.9408 9.9897 3.77953}
	{Bone "x1"}
	{Position -19.9941	-0.866821	9.43936}
}
{Volume "body"
	{Box 64.0017 9.9897 7.55906}
	{Bone "x1"}
	{Position -0.139465	-0.866821	3.77953}
}
