;Exported by: sana
;Date:        Tue Feb 28 19:53:38 2006
;File:        D:\-Project-\-3DWork-\Entourage\e-house3a\e_farm112_new_x.max
{Skeleton
	{bone "farm_corn6"
		{Orientation
			1	0	0
			0	-1	0
			0	0	1
		}
		{bone "exterior"
			{Position 7.28351	1.14172	91.7913}
		}
		{bone "piece0"
			{Matrix34
				-0.874592	0	0.484859
				0	-1	0
				0.484859	0	0.874592
				-45.1032	-18.6325	-1.27841
			}
			{VolumeView "piece0.ply"}
		}
		{bone "piece1"
			{Matrix34
				-1	0	0
				0	-1	0
				0	0	-1
				-12.9405	-8.39459	59.6788
			}
			{VolumeView "piece1.ply"}
		}
		{bone "piece2"
			{Matrix34
				-1	0	0
				0	-1	0
				0	0	-1
				8.3913	-6.79474	90.3358
			}
			{VolumeView "piece2.ply"}
		}
		{bone "piece3"
			{Matrix34
				-1	0	0
				0	-1	0
				0	0	-1
				30.0759	-5.68073	121.324
			}
			{VolumeView "piece3.ply"}
		}
		{bone "piece4"
			{Position 13.7154	17.7214	101.755}
			{VolumeView "piece4.ply"}
		}
		{bone "piece5"
			{Position 19.7308	-15.438	110.397}
			{VolumeView "piece5.ply"}
		}
		{bone "piece6"
			{Position -6.51678	-15.438	71.7435}
			{VolumeView "piece6.ply"}
		}
		{bone "piece7"
			{Position 34.1402	-24.2931	115.37}
			{VolumeView "piece7.ply"}
			{bone "sub_piece7"
				{Position -5.63971	0	-18.7832}
				{VolumeView "sub_piece7.ply"}
			}
		}
		{bone "piece8"
			{Position 18.155	-24.2931	84.9557}
			{VolumeView "piece8.ply"}
		}
		{bone "piece9"
			{Position 29.34	-24.2931	62.9119}
			{VolumeView "piece9.ply"}
			{bone "sub_piece9"
				{Position -13.3671	0	4.65267}
				{VolumeView "sub_piece9.ply"}
			}
		}
		{bone "piece10"
			{Position -0.718689	-24.2931	52.5143}
			{VolumeView "piece10.ply"}
		}
		{bone "piece11"
			{Position 15.7894	-24.2931	33.1878}
			{VolumeView "piece11.ply"}
			{bone "sub_piece11"
				{Position -8.51233	0	-8.02502}
				{VolumeView "sub_piece11.ply"}
			}
		}
	}
}
{Volume "piece0"
	{Box 5.1181 5.1181 67.8823}
	{Bone "piece0"}
	{Position 0	-4.51119e-005	33.9412}
}
{Volume "piece10"
	{Box 21.0973 8 24.4394}
	{Bone "piece10"}
	{Position -0.312531	0	0.344883}
}
{Volume "piece11"
	{Box 15.4203 8 20.2058}
	{Bone "piece11"}
	{Matrix34
		0.965926	0	0.258819
		0	1	0
		-0.258819	0	0.965926
		0.644111	0	-1.43471
	}
}
{Volume "piece1"
	{Box 3.40955 56.115 2.95277}
	{Bone "piece1"}
	{Matrix34
		-1	0	0
		0	-1	0
		0	0	-1
		3.05176e-005	-2.14725	0
	}
}
{Volume "piece2"
	{Box 3.40955 55.0201 2.95277}
	{Bone "piece2"}
	{Matrix34
		-1	0	0
		0	-1	0
		0	0	-1
		0	0	-1.14441e-005
	}
}
{Volume "piece3"
	{Box 3.40955 61.6773 2.95277}
	{Bone "piece3"}
	{Matrix34
		-1	0	0
		0	-1	0
		0	0	-1
		0	-2.21445	1.14441e-005
	}
}
{Volume "piece4"
	{Box 3.8169 24.5379 51.4121}
	{Bone "piece4"}
	{Matrix34
		0.819152	0	-0.573576
		0	1	0
		0.573576	0	0.819152
		-0.827084	-0.305817	-1.21967
	}
}
{Volume "piece5"
	{Box 3.29011 27.5057 45.6536}
	{Bone "piece5"}
	{Matrix34
		0.819152	0	-0.573576
		0	1	0
		0.573576	0	0.819152
		-1.57073	-3.59277	-2.43938
	}
}
{Volume "piece6"
	{Box 3.60436 26.8591 43.2219}
	{Bone "piece6"}
	{Matrix34
		0.819152	0	-0.573576
		0	1	0
		0.573576	0	0.819152
		-0.767175	-3.72482	-0.499638
	}
}
{Volume "piece7"
	{Box 18.1311 8 28.5628}
	{Bone "piece7"}
	{Matrix34
		0.866025	0	-0.5
		0	1	0
		0.5	0	0.866025
		1.86292	0	-2.667
	}
}
{Volume "piece8"
	{Box 20.7966 8 13.0452}
	{Bone "piece8"}
	{Matrix34
		0.965926	0	-0.258819
		0	1	0
		0.258819	0	0.965926
		-0.127808	0	-0.572282
	}
}
{Volume "piece9"
	{Box 18.0671 8 26.2912}
	{Bone "piece9"}
	{Matrix34
		0.965926	0	-0.258819
		0	1	0
		0.258819	0	0.965926
		-2.63296e-005	0	0
	}
}
{Volume "sub_piece11"
	{Box 11.5053 8 16.694}
	{Bone "sub_piece11"}
	{Matrix34
		0.819152	0	0.573576
		0	1	0
		-0.573576	0	0.819152
		-1.25166	0	-0.342213
	}
}
{Volume "sub_piece7"
	{Box 15.8752 8 11.8072}
	{Bone "sub_piece7"}
	{Position 0	0	-1.04181}
}
{Volume "sub_piece9"
	{Box 14.7703 8 14.7556}
	{Bone "sub_piece9"}
	{Position 0	0	1.1835}
}
