;Exported by: Sergey
;Date:        Sun Sep 16 20:14:16 2012
;File:        D:\Documents\3dsmax\scenes\Станковый пулемет Шварцлозе\Станок Schwarzlose M.07-12 aa_xx.max
{Skeleton
	{bone "basis"
		{Orientation
			1	0	0
			0	-1	0
			0	0	1
		}
		{bone "body"
			{parameters "ID=body;"}
			{Matrix34
				-0.072817	0	-0.997345
				0	1	0
				0.997345	0	-0.072817
				0	0.00876779	2.07628
			}
			{VolumeView "body.ply"}
			{bone "support02"
				{parameters "ID=body;"}
				{Matrix34
					0.973827	0	0.227291
					0.227291	0	-0.973827
					0	-1	0
					0	1.5333	0
				}
				{VolumeView "support02.ply"}
				{bone "support02-1"
					{parameters "ID=body;"}
					{Matrix34
						1	0	0
						0	0.311646	0.950198
						0	-0.950198	0.311646
						0	13.4978	-4.19737
					}
					{VolumeView "support02-1.ply"}
				}
			}
			{bone "support01"
				{parameters "ID=body;"}
				{Matrix34
					0.957203	0	0.289419
					0.289419	0	-0.957203
					0	1	0
					0	-1.5719	0
				}
				{VolumeView "support01.ply"}
				{bone "support01-1"
					{parameters "ID=body;"}
					{Matrix34
						1	0	0
						0	0.311646	0.950198
						0	-0.950199	0.311646
						0	9.15007	-2.77141
					}
					{VolumeView "support01-1.ply"}
				}
				{bone "styazhka01"
					{Matrix34
						0.0753152	-0.99716	0
						0	0	1
						-0.99716	-0.0753152	0
						-0.811365	6.98079	0.672151
					}
					{VolumeView "styazhka01.ply"}
				}
			}
			{bone revolute "turret"
				{parameters "ID=body;"}
				{limits -30 30}
				{speed 0.01}
				{Matrix34
					-0.680163	0	-0.733061
					0	1	0
					0.733061	0	-0.680163
					1.93362	-0.00876794	-0.660654
				}
				{VolumeView "turret.ply"}
				{bone revolute "gun_rot"
					{parameters "ID=body;"}
					{limits -5 15}
					{Matrix34
						0.999989	0	-0.00473076
						0.00473076	0	0.999989
						0	-1	0
						-0.110681	0.85567	0.533558
					}
					{VolumeView "gun_rot.ply"}
				}
			}
			{bone "support03"
				{parameters "ID=body;"}
				{Position 0.110685	-0.00876829	17.051}
				{VolumeView "support03.ply"}
			}
			{bone "sector"
				{parameters "ID=body;"}
				{Matrix34
					-0.0768395	0	-0.997044
					0.997044	0	-0.0768395
					0	-1	0
					2.43381	0.846902	-1.40336
				}
				{VolumeView "sector.ply"}
			}
			{bone "homut"
				{parameters "ID=body;"}
				{Matrix34
					0.0169794	0	-0.999856
					0	1	0
					0.999856	0	0.0169794
					-0.120229	-0.00346861	7.1712
				}
				{VolumeView "homut.ply"}
			}
		}
	}
}
{Volume "body1"
	{Cylinder 0.984252 7.87402}
	{Bone "support01"}
	{Matrix34
		-0.00917402	-0.297463	-0.954689
		0.999525	-0.0308262	0
		-0.0294295	-0.954236	0.297604
		-0.184328	3.85798	-1.01288
	}
}
{Volume "body2"
	{Cylinder 0.984252 7.87402}
	{Bone "support02"}
	{Matrix34
		0.013377	0.308589	0.951102
		0.999062	-0.0433077	0
		-0.0411899	-0.950209	0.308879
		-0.109686	4.46998	-1.17697
	}
}
{Volume "body"
	{Cylinder 1.86226 25.1968}
	{Bone "body"}
	{Matrix34
		0	-1	0
		0.998474	0	0.0552294
		-0.0552294	0	0.998474
		0.288082	-0.00259397	12.7129
	}
}
