;Exported by: shevchenko
;Date:        Tue Mar 07 18:05:05 2006
;File:        D:\-Projects1_5-\-3DWork-\euro1_corner2_lm_corner_x.max
{Skeleton
	{bone "101_f2c1"
		{Orientation
			1	0	0
			0	-1	0
			0	0	1
		}
		{bone "piece4"
			{Matrix34
				0	-1	0
				0	0	1
				-1	0	0
				-5.95251	-2.69305	-4.83968
			}
			{VolumeView "piece4.ply"}
		}
		{bone "piece8"
			{Matrix34
				0	-1	0
				0	0	1
				-1	0	0
				-5.95251	9.58102	29.6091
			}
			{VolumeView "piece8.ply"}
		}
		{bone "piece0"
			{Matrix34
				0	-1	0
				0	0	1
				-1	0	0
				15.1544	12.6523	-9.76094
			}
			{VolumeView "piece0.ply"}
		}
		{bone "piece9"
			{Matrix34
				0	-1	0
				0	0	1
				-1	0	0
				15.0975	-6.77344	-9.76094
			}
			{VolumeView "piece9.ply"}
		}
		{bone "piece5"
			{Matrix34
				0	-1	0
				0	0	1
				-1	0	0
				-5.95251	16.992	-7.79244
			}
			{VolumeView "piece5.ply"}
		}
		{bone "piece1"
			{Matrix34
				1	0	0
				0	0	1
				0	-1	0
				6.84276	20.929	-9.76095
			}
			{VolumeView "piece1.ply"}
		}
		{bone "piece2"
			{Matrix34
				1	0	0
				0	0	1
				0	-1	0
				4.87426	20.929	14.8454
			}
			{VolumeView "piece2.ply"}
		}
		{bone "piece3"
			{Matrix34
				1	0	0
				0	0	1
				0	-1	0
				7.82702	20.929	38.4674
			}
			{VolumeView "piece3.ply"}
		}
		{bone "piece7"
			{Matrix34
				0	-1	0
				0	0	1
				-1	0	0
				-4.92656	27.8648	-8.7562
			}
			{VolumeView "piece7.ply"}
		}
		{bone "piece6"
			{Matrix34
				0	-1	0
				0	0	1
				-1	0	0
				-21.1156	-17.3079	46.3801
			}
			{VolumeView "piece6.ply"}
		}
	}
}
{Volume "piece0"
	{Box 33.8417 10.6479 3.93701}
	{Bone "piece0"}
	{Matrix34
		0	0	-1
		-1	0	0
		0	1	0
		0	-1.12057e-005	0
	}
}
{Volume "piece1"
	{Box 17.9134 5.90551 13.189}
	{Bone "piece1"}
	{Matrix34
		0.766044	0.642788	0
		0	0	-1
		-0.642788	0.766044	0
		-1.71843	0.0416212	0
	}
}
{Volume "piece2"
	{Box 9.33071 5.90551 18.8386}
	{Bone "piece2"}
	{Matrix34
		1	0	0
		0	0	-1
		0	1	0
		0	-0.613172	0
	}
}
{Volume "piece3"
	{Box 15.5906 5.90552 12.4016}
	{Bone "piece3"}
	{Matrix34
		0.819152	0.573576	0
		0	0	-1
		-0.573576	0.819152	0
		-0.25277	-0.318906	0
	}
}
{Volume "piece4"
	{Box 5.90552 8.9567 16.6535}
	{Bone "piece4"}
	{Matrix34
		0	0	-1
		-0.906308	-0.422618	0
		-0.422618	0.906308	0
		-0.299572	0.197398	0
	}
}
{Volume "piece5"
	{Box 5.90552 13.7795 17.9528}
	{Bone "piece5"}
	{Matrix34
		0	0	-1
		-1	0	0
		0	1	0
		0	-0.209926	0
	}
}
{Volume "piece6"
	{Cylinder 1.78052 29.9016}
	{Bone "piece6"}
	{Matrix34
		0.590335	0.282823	-0.755987
		-0.392438	0.919019	0.0373687
		0.705335	0.274618	0.65352
		-1.48193	-4.62065	-0.735273
	}
}
{Volume "piece7"
	{Cylinder 1.78052 96.4567}
	{Bone "piece7"}
	{Matrix34
		-0.309235	0	-0.950986
		-0.950986	0	0.309235
		0	1	0
		0.0460326	-0.217407	-5.86381
	}
}
{Volume "piece8"
	{Box 5.90552 16.6362 32.2441}
	{Bone "piece8"}
	{Matrix34
		0	0	-1
		-1	0	0
		0	1	0
		-3.86975	0.443732	0
	}
}
{Volume "piece9"
	{Box 33.7357 15.0182 3.93701}
	{Bone "piece9"}
	{Matrix34
		0	0	-1
		-1	0	0
		0	1	0
		0	0	0
	}
}
