;Exported by: sana
;Date:        Sun Jul 10 11:38:50 2005
;File:        D:\-Project-\-3DWork-\Entourage\hangar\angar11.max
{Skeleton
	{bone "hangarport_corner8"
		{Orientation
			1	0	0
			0	-1	0
			0	0	1
		}
		{VolumeView "hangarport_corner8.ply"}
		{bone "window6"
			{Matrix34
				0	-1	0
				1	0	0
				0	0	1
				-34.6149	-24.529	56.3102
			}
			{VolumeView "window6.ply"}
		}
		{bone "window6_x"
			{Matrix34
				0	-1	0
				1	0	0
				0	0	1
				-34.6149	-23.8863	56.3102
			}
			{visibility 0}
			{VolumeView "window6_x.ply"}
		}
		{bone "exterior"
			{Position 0.776398	2.28855	93.0706}
			{VolumeView "exterior.ply"}
		}
	}
}
{Obstacle "body3"
	{Obb2
		{Center 31.949 27.014}
		{Extent 10.7642 5.85137}
		{Axis 1 0}
	}
	{Rotate}
}
{Obstacle "door1"
	{Obb2
		{Center -24.9094 32.599}
		{Extent 1.02932 12.4852}
		{Axis 0.984823 0.173561}
	}
	{Rotate}
}
{Area "interior"
	{Obb2
		{Center -5.13657 -5.51421}
		{Extent 37.9799 28.3005}
		{Axis -1 0}
	}
	{Rotate}
}
{Obstacle "body1"
	{Obb2
		{Center -0.744705 26.4867}
		{Extent 22.8794 6.0982}
		{Axis 1 0}
	}
	{Rotate}
}
{Volume "roof4"
	{Box 25.9804 4.1086 26.5014}
	{Bone "exterior"}
	{Matrix34
		0	0.998869	-0.0475533
		0	0.0475533	0.998869
		1	0	0
		-27.8116	-25.5012	-3.10267
	}
}
{Volume "roof3"
	{Box 25.9804 4.1086 26.5014}
	{Bone "exterior"}
	{Matrix34
		0	0.998869	-0.0475533
		0	0.0475533	0.998869
		1	0	0
		-27.8116	-2.99174	12.6479
	}
}
{Volume "roof2"
	{Box 22.0173 4.1086 63.355}
	{Bone "exterior"}
	{Matrix34
		0	0.836149	-0.548503
		0	0.548503	0.836149
		1	0	0
		-13.4853	31.1767	17.3802
	}
}
{Volume "roof1"
	{Box 78.8281 4.1086 89.1973}
	{Bone "exterior"}
	{Matrix34
		0	0.838758	0.544504
		0	-0.544504	0.838758
		1	0	0
		-4.92083	-10.7539	-1.35136
	}
}
{Volume "body3"
	{Box 11.7027 24.6545 21.5285}
	{Bone "hangarport_corner8"}
	{Matrix34
		0	-1	0
		0	0	1
		-1	0	0
		31.949	-27.014	11.9401
	}
}
{Volume "door1"
	{Box 24.9633 1.96621 46.3598}
	{Bone "hangarport_corner8"}
	{Matrix34
		-0.169912	-0.985459	0
		0.985459	-0.169912	0
		0	0	1
		-24.9094	-32.599	22.6207
	}
}
{Volume "body2"
	{Box 79.8447 14.4049 11.7396}
	{Bone "hangarport_corner8"}
	{Matrix34
		1	0	0
		0	0	1
		0	-1	0
		-7.81776	-27.0969	68.8273
	}
}
{Volume "body1"
	{Box 12.1964 63.2167 45.7588}
	{Bone "hangarport_corner8"}
	{Matrix34
		0	-1	0
		0	0	1
		-1	0	0
		-0.744705	-26.4867	31.0092
	}
}
{Volume "window6"
	{Box 25.2158 4.7409 17.6902}
	{Bone "window6"}
	{Matrix34
		0	1	0
		-1	0	0
		0	0	1
		0.0304386	-0.791578	-0.222923
	}
}
