;Exported by: sana
;Date:        Tue Jul 11 15:41:15 2006
;File:        D:\ss\mts_boiler1_new\mts_boiler1_x.max
{Skeleton
	{bone "shed125_corn3"
		{Orientation
			1	0	0
			0	-1	0
			0	0	1
		}
		{bone "piece01"
			{Position -19.8606	22.1412	42.6984}
			{VolumeView "piece01.ply"}
			{bone "sub_piece01"
				{Position 0	-4.89216	-4.29918}
				{VolumeView "sub_piece01.ply"}
			}
		}
		{bone "piece02"
			{Position -19.8606	25.8968	22.8332}
			{VolumeView "piece02.ply"}
			{bone "sub_piece02"
				{Position 0	-11.3162	-0.296497}
				{VolumeView "sub_piece02.ply"}
			}
		}
		{bone "piece03"
			{Position -19.8606	-18.4785	22.7838}
			{VolumeView "piece03.ply"}
			{bone "sub_piece03"
				{Position 0	-4.59566	-6.07814}
				{VolumeView "sub_piece03.ply"}
			}
		}
		{bone "piece04"
			{Position -19.8606	-24.1119	39.1898}
			{VolumeView "piece04.ply"}
			{bone "sub_piece04"
				{Position 0	-4.10152	-7.31353}
				{VolumeView "sub_piece04.ply"}
			}
		}
		{bone "piece09"
			{Position -6.73381	-12.0345	47.2441}
			{VolumeView "piece09.ply"}
		}
		{bone "piece05"
			{Matrix34
				0.968742	0	0.248071
				0.0910503	0.930208	-0.355561
				-0.230757	0.367034	0.901131
				-32.2066	2.83008	21.0257
			}
			{VolumeView "piece05.ply"}
		}
		{bone "piece06"
			{Position 9.48772	16.5537	50.252}
			{VolumeView "piece06.ply"}
		}
		{bone "piece07"
			{Position 26.4416	-12.0345	46.4312}
			{VolumeView "piece07.ply"}
		}
		{bone "piece08"
			{Position 14.0613	-2.55783	38.5108}
			{VolumeView "piece08.ply"}
		}
		{bone "piece11"
			{Position 22.545	-37.5409	34.9048}
			{VolumeView "piece11.ply"}
			{bone "sub_piece11"
				{Position -4.80283	0	-4.25818}
				{VolumeView "sub_piece11.ply"}
			}
		}
		{bone "piece10"
			{Position -5.7769	-37.5409	35.7465}
			{VolumeView "piece10.ply"}
			{bone "sub_piece10"
				{Position -3.81255	0	-5.99116}
				{VolumeView "sub_piece10.ply"}
			}
		}
		{bone "piece13"
			{Position -0.875046	-37.5409	18.3672}
			{VolumeView "piece13.ply"}
			{bone "sub_piece13"
				{Position -6.23873	1.52588e-005	-4.85234}
				{VolumeView "sub_piece13.ply"}
			}
		}
		{bone "piece12"
			{Position 22.1489	-37.5408	13.3168}
			{VolumeView "piece12.ply"}
			{bone "sub_piece12"
				{Position -6.23873	0	6.28824}
				{VolumeView "sub_piece12.ply"}
			}
		}
	}
}
{Volume "piece01"
	{Box 5.90552 11.7303 15.2061}
	{Bone "piece01"}
	{Position 1.06194e-005	1.07431	0.042451}
}
{Volume "piece02"
	{Box 5.90552 17.0979 10.7153}
	{Bone "piece02"}
	{Matrix34
		1	0	0
		0	0.928848	0.370462
		0	-0.370462	0.928848
		0	-0.657601	0.886857
	}
}
{Volume "piece03"
	{Box 5.90552 10.9703 15.2201}
	{Bone "piece03"}
	{Position 0	0	0}
}
{Volume "piece04"
	{Box 5.90552 14.1329 11.4645}
	{Bone "piece04"}
	{Position 0	0	0}
}
{Volume "piece05"
	{Box 18.8399 1.68792 35.4331}
	{Bone "piece05"}
	{Matrix34
		0.939994	0.338946	-0.0390826
		-0.339411	0.94062	-0.0057615
		0.034809	0.0186808	0.999219
		-0.479323	-0.218252	0.0458332
	}
}
{Volume "piece06"
	{Box 55.2282 2.95277 2.95276}
	{Bone "piece06"}
	{Position 2.19928	0	0}
}
{Volume "piece07"
	{Box 37.192 57.0866 1.9685}
	{Bone "piece07"}
	{Matrix34
		1	0	0
		0	0.972424	0.233219
		0	-0.233219	0.972424
		0	-1.74315	0.227301
	}
}
{Volume "piece08"
	{Box 3.1145 65.6238 2.95276}
	{Bone "piece08"}
	{Position 0.0076292	3.09405	0}
}
{Volume "piece09"
	{Box 37.6189 57.0866 1.9685}
	{Bone "piece09"}
	{Matrix34
		1	0	0
		0	0.972864	0.231376
		0	-0.231376	0.972864
		-2.03293	-1.03074	-0.116428
	}
}
{Volume "piece10"
	{Box 15.0522 5.90551 8.51636}
	{Bone "piece10"}
	{Position 0	0	0}
}
{Volume "piece11"
	{Box 14.6561 5.90551 10.3979}
	{Bone "piece11"}
	{Position 0	0	0}
}
{Volume "piece12"
	{Box 16.2405 5.90551 11.2129}
	{Bone "piece12"}
	{Matrix34
		0.824989	0	0.565149
		0	1	0
		-0.565149	0	0.824989
		-0.471229	0	0.675502
	}
}
{Volume "piece13"
	{Box 15.3492 5.90551 9.21549}
	{Bone "piece13"}
	{Matrix34
		0.97747	0	0.211076
		0	1	0
		-0.211076	0	0.97747
		0.0620782	0	-0.287489
	}
}
{Volume "sub_piece01"
	{Box 5.90551 5.91408 10.6896}
	{Bone "sub_piece01"}
	{Matrix34
		1	0	0
		0	0.792204	0.610257
		0	-0.610257	0.792204
		0	-0.837157	-0.545486
	}
}
{Volume "sub_piece02"
	{Box 5.90551 6.93798 9.78433}
	{Bone "sub_piece02"}
	{Matrix34
		1	0	0
		0	0.977601	-0.210468
		0	0.210468	0.977601
		0	0.379176	0.255576
	}
}
{Volume "sub_piece03"
	{Box 5.90551 9.29017 6.13546}
	{Bone "sub_piece03"}
	{Matrix34
		1	0	0
		0	0.726713	-0.686941
		0	0.686941	0.726713
		0	0.140157	-0.148985
	}
}
{Volume "sub_piece04"
	{Box 5.90551 9.29017 6.32127}
	{Bone "sub_piece04"}
	{Matrix34
		1	0	0
		0	0.936268	-0.351288
		0	0.351288	0.936268
		0	-0.158794	-0.0995307
	}
}
{Volume "sub_piece10"
	{Box 7.82317 5.90551 6.0377}
	{Bone "sub_piece10"}
	{Matrix34
		0.958974	0	-0.283493
		0	1	0
		0.283493	0	0.958974
		-0.0846417	0	-0.286324
	}
}
{Volume "sub_piece11"
	{Box 9.01149 5.90551 5.71883}
	{Bone "sub_piece11"}
	{Matrix34
		0.818117	0	-0.575051
		0	1	0
		0.575051	0	0.818117
		-0.675786	0	-0.844398
	}
}
{Volume "sub_piece12"
	{Box 8.91247 5.90551 6.48828}
	{Bone "sub_piece12"}
	{Matrix34
		0.854223	0	0.519907
		0	1	0
		-0.519907	0	0.854223
		-0.372687	0	0.884213
	}
}
{Volume "sub_piece13"
	{Box 9.57793 5.90551 6.43734}
	{Bone "sub_piece13"}
	{Matrix34
		0.825872	0	-0.563858
		0	1	0
		0.563858	0	0.825872
		-0.315064	0	-0.15315
	}
}
