;Exported by: sana
;Date:        Thu Dec 14 14:35:29 2006
;File:        D:\-Project-\-3DWork-\Entourage\rus_church\church_cut03_x.max
{Skeleton
	{bone "rusch_mid3_x"
		{Orientation
			1	0	0
			0	-1	0
			0	0	1
		}
		{bone "piece02"
			{Position 28.9384	20.7778	4.23401}
			{VolumeView "piece02.ply"}
			{bone "sub_piece02"
				{Position -6.75497	-0.000183105	7.25922}
				{VolumeView "sub_piece02.ply"}
			}
		}
		{bone "piece01"
			{Position -12.2708	20.7776	-14.9641}
			{VolumeView "piece01.ply"}
			{bone "sub_piece01"
				{Position -7.03491	0	14.869}
				{VolumeView "sub_piece01.ply"}
			}
		}
		{bone "piece04"
			{Matrix34
				0.999239	0	0.0390073
				0	1	0
				-0.0390073	0	0.999239
				9.8409	12.7424	-4.38747
			}
			{VolumeView "piece04.ply"}
		}
		{bone "piece06"
			{Position -1.4846	13.4793	8.03309}
			{VolumeView "piece06.ply"}
		}
		{bone "piece03"
			{Position -3.3514	2.83949	9.94644}
			{VolumeView "piece03.ply"}
		}
		{bone "piece05"
			{Position 21.133	-0.63131	10.6403}
			{VolumeView "piece05.ply"}
		}
	}
}
{Volume "piece01"
	{Box 28.6913 7.87402 16.5446}
	{Bone "piece01"}
	{Position 0	0	1.1155}
}
{Volume "piece02"
	{Box 16.4218 7.87367 20.9779}
	{Bone "piece02"}
	{Matrix34
		0.764498	0	-0.644626
		0	1	0
		0.644626	0	0.764498
		0.292536	0	-0.814585
	}
}
{Volume "piece03"
	{Box 63.8979 42.5661 3.34479}
	{Bone "piece03"}
	{Matrix34
		0.946213	0	0.323545
		0	1	0
		-0.323545	0	0.946213
		-1.81431	4.79419	-0.478826
	}
}
{Volume "piece04"
	{Box 68.3727 5.17804 4.91078}
	{Bone "piece04"}
	{Position 0.061451	-3.05176e-005	-0.146294}
}
{Volume "piece05"
	{Box 4.76045 33.9321 5.34507}
	{Bone "piece05"}
	{Position 0	0	0.300533}
}
{Volume "piece06"
	{Box 73.9838 4.43245 4.47865}
	{Bone "piece06"}
	{Matrix34
		0.945398	0	0.325917
		0	1	0
		-0.325917	0	0.945398
		-0.148407	0.589767	-0.672967
	}
}
{Volume "sub_piece01"
	{Box 22.3465 7.87402 10.8396}
	{Bone "sub_piece01"}
	{Position 0	0	-0.306798}
}
{Volume "sub_piece02"
	{Box 14.9447 7.87401 11.5538}
	{Bone "sub_piece02"}
	{Matrix34
		0.937264	0	0.348622
		0	1	0
		-0.348622	0	0.937264
		-0.216462	0	1.43739
	}
}
