;Exported by: ubrashaev
;Date:        Wed Jul 05 12:50:09 2006
;File:        D:\-Projects1_5-\-work-\3d\normandy\windmill\wind_mill2.max
{Skeleton
	{bone "basis"
		{Orientation
			1	0	0
			0	-1	0
			0	0	1
		}
		{bone "wind_mill2_corner3"
			{Orientation
				0.573577	-0.819152	0
				0.819152	0.573577	0
				0	0	1
			}
			{VolumeView "wind_mill2_corner3.ply"}
		}
	}
}
{Obstacle "rectangle01"
	{Obb2
		{Center -3.0226 14.2542}
		{Extent 17.5072 3.03566}
		{Axis -0.997654 0.068459}
	}
	{Rotate}
}
{Obstacle "rectangle02"
	{Obb2
		{Center -35.9174 3.68902}
		{Extent 22.4451 3.03566}
		{Axis -0.809976 -0.586463}
	}
	{Rotate}
}
{Volume "body1"
	{Box 7.04854 27.9807 128.365}
	{Bone "wind_mill2_corner3"}
	{Matrix34
		-0.33283	0.933791	-0.13137
		-0.941611	-0.336626	-0.00717372
		-0.0509213	0.121312	0.991308
		-17.0577	-24.3173	64.1819
	}
}
{Volume "body2"
	{Box 7.04854 45.8193 128.365}
	{Bone "wind_mill2_corner3"}
	{Matrix34
		-0.775453	0.617587	-0.13137
		-0.622226	-0.782804	-0.00717372
		-0.107267	0.076179	0.991308
		7.92908	-5.88363	64.1819
	}
}
{Volume "body3"
	{Box 3.5698 60.0907 54.1442}
	{Bone "wind_mill2_corner3"}
	{Matrix34
		0.0220781	0.0202568	0.999551
		0.331129	-0.943512	0.0118072
		0.943327	0.33072	-0.0275385
		-20.6208	-25.2	80.4579
	}
}
{Volume "body4"
	{Box 3.5698 60.0907 46.8781}
	{Bone "wind_mill2_corner3"}
	{Matrix34
		-0.0186515	0.00482745	0.999815
		0.804844	-0.593217	0.0178785
		0.593194	0.805028	0.00717902
		9.29923	-3.09789	79.8297
	}
}
{Volume "body5"
	{Box 3.5698 60.0907 35.9278}
	{Bone "wind_mill2_corner3"}
	{Matrix34
		-0.0178093	-0.00734779	0.999814
		0.999796	0.00940723	0.0178781
		-0.00953649	0.999929	0.00717875
		18.592	29.1673	79.8836
	}
}
