;Exported by: sana
;Date:        Sun Mar 05 15:05:26 2006
;File:        D:\-Project-\-3DWork-\Entourage\kaserne1\Kazarma1_x.max
{Skeleton
	{bone "kaserne_corn6"
		{Orientation
			1	0	0
			0	-1	0
			0	0	1
		}
		{bone "exterior"
			{Position 1.61414	0	79.6654}
		}
		{bone "piece01"
			{Position -36.1981	3.8629	67.9268}
			{VolumeView "piece01.ply"}
		}
		{bone "piece02"
			{Position 10.7944	-4.81671	67.9395}
			{VolumeView "piece02.ply"}
		}
		{bone "piece03"
			{Position 34.3932	-30.0124	77.2394}
			{VolumeView "piece03.ply"}
		}
		{bone "piece05"
			{Position -2.40848	6.6622	82.9989}
			{VolumeView "piece05.ply"}
		}
		{bone "piece00"
			{Position -31.9946	11.0827	71.4894}
			{VolumeView "piece00.ply"}
		}
		{bone "piece04"
			{Position 31.8095	0	79.6699}
			{VolumeView "piece04.ply"}
		}
		{bone "piece06"
			{Position -22.8381	32.3285	67.0656}
			{VolumeView "piece06.ply"}
			{bone "sub_piece06"
				{Position 15.1906	0	-2.6969}
				{VolumeView "sub_piece06.ply"}
			}
		}
		{bone "piece07"
			{Position 12.0563	32.3285	79.5593}
			{VolumeView "piece07.ply"}
			{bone "sub_piece07"
				{Position 2.58679	0	-11.6682}
				{VolumeView "sub_piece07.ply"}
			}
		}
	}
}
{Volume "piece00"
	{Box 33.0039 57.4559 3.93701}
	{Bone "piece00"}
	{Matrix34
		0.935416	0	0.353548
		0	1	0
		-0.353548	0	0.935416
		3.41384	0	2.21606
	}
}
{Volume "piece01"
	{Box 4.17926 53.5106 4.28591}
	{Bone "piece01"}
	{Position 1.41846e-005	0	0}
}
{Volume "piece02"
	{Box 4.17926 70.8699 4.28592}
	{Bone "piece02"}
	{Position 1.2667e-005	1.4668e-005	0}
}
{Volume "piece03"
	{Box 50.5552 3.40956 3.66322}
	{Bone "piece03"}
	{Matrix34
		0.934804	0	-0.355163
		0	1	0
		0.355163	0	0.934804
		0.164463	0	-0.104538
	}
}
{Volume "piece04"
	{Box 42.2676 79.6214 3.93701}
	{Bone "piece04"}
	{Matrix34
		0.933387	0	-0.358871
		0	1	0
		0.358871	0	0.933387
		-1.51714	0	1.66863
	}
}
{Volume "piece05"
	{Box 26.1684 66.2971 3.93701}
	{Bone "piece05"}
	{Matrix34
		0.926649	0	0.375927
		0	1	0
		-0.375927	0	0.926649
		1.27742	0	1.18112
	}
}
{Volume "piece06"
	{Box 20.6064 5.90551 15.3491}
	{Bone "piece06"}
	{Matrix34
		0.993338	0	-0.11524
		0	1	0
		0.11524	0	0.993338
		0.231132	0	-1.08217
	}
}
{Volume "piece07"
	{Box 26.7487 5.90551 13.6947}
	{Bone "piece07"}
	{Position 0	0	-0.325236}
}
{Volume "sub_piece06"
	{Box 13.5373 5.90551 14.3849}
	{Bone "sub_piece06"}
	{Matrix34
		0.950422	0	-0.310962
		0	1	0
		0.310962	0	0.950422
		0.41619	0	-0.938399
	}
}
{Volume "sub_piece07"
	{Box 15.631 5.90551 10.6334}
	{Bone "sub_piece07"}
	{Matrix34
		0.983693	0	0.179853
		0	1	0
		-0.179853	0	0.983693
		0.0831287	0	-0.45478
	}
}
