;Exported by: sana
;Date:        Mon Aug 29 14:35:30 2005
;File:        D:\-Project-\-3DWork-\Entourage\Новая папка\fire_build06_cut02_06_x02.max
{Skeleton
	{animation
		{sequence "crush" {speed 0.6}}
	}
	{bone "station_tower"
		{parameters "CommonMesh;"}
		{Orientation
			1	0	0
			0	-1	0
			0	0	1
		}
		{VolumeView "station_tower.ply"}
		{bone "piece0"
			{Position 15.8192	-19.5224	166.523}
			{VolumeView "piece0.ply"}
			{bone "sub_piece0"
				{Position 4.44442	1.46051e-005	-25.7307}
				{VolumeView "sub_piece0.ply"}
			}
		}
		{bone "piece1"
			{Position -20.0869	-19.5224	183.167}
			{VolumeView "piece1.ply"}
			{bone "sub_piece1"
				{Position 10.6432	1.55634e-005	-15.3215}
				{VolumeView "sub_piece1.ply"}
			}
		}
		{bone "piece2"
			{Position 10.2052	-19.5224	117.869}
			{VolumeView "piece2.ply"}
			{bone "sub_piece2"
				{Position 0.701841	1.29996e-005	-24.4442}
				{VolumeView "sub_piece2.ply"}
			}
		}
		{bone "piece3"
			{Position -16.4612	-19.5224	130.301}
			{VolumeView "piece3.ply"}
			{bone "sub_piece3"
				{Position 0.935728	1.57596e-005	-25.3798}
				{VolumeView "sub_piece3.ply"}
			}
		}
		{bone "piece4"
			{Position 24.959	-3.7908	188.946}
			{VolumeView "piece4.ply"}
			{bone "sub_piece4"
				{Position 0	10.1849	-13.8141}
				{VolumeView "sub_piece4.ply"}
			}
		}
		{bone "piece5"
			{Position 24.959	-4.61027	137.378}
			{VolumeView "piece5.ply"}
			{bone "sub_piece5"
				{Position 0	12.2922	-14.9848}
				{VolumeView "sub_piece5.ply"}
			}
		}
		{bone "piece6"
			{Position 24.959	4.52106	92.1899}
			{VolumeView "piece6.ply"}
		}
		{bone "piece7"
			{Position 24.959	-5.54681	115.369}
			{VolumeView "piece7.ply"}
		}
		{bone "piece8"
			{Position -15.8782	18.8014	166.523}
			{VolumeView "piece8.ply"}
			{bone "sub_piece8"
				{Position -4.44446	0	-25.7307}
				{VolumeView "sub_piece8.ply"}
			}
		}
		{bone "piece9"
			{Position 14.2224	18.8014	172.309}
			{VolumeView "piece9.ply"}
			{bone "sub_piece9"
				{Position -10.6432	0	-15.3215}
				{VolumeView "sub_piece9.ply"}
			}
		}
		{bone "piece10"
			{Position 16.4022	18.8014	118.687}
			{VolumeView "piece10.ply"}
			{bone "sub_piece10"
				{Position -0.93573	0	-25.3798}
				{VolumeView "sub_piece10.ply"}
			}
		}
		{bone "piece11"
			{Position -25.7825	4.20914	183.44}
			{VolumeView "piece11.ply"}
			{bone "sub_piece11"
				{Position 3.05176e-005	-10.1849	-13.8141}
				{VolumeView "sub_piece11.ply"}
			}
		}
		{bone "piece14"
			{Position -10.2642	18.8014	104.753}
			{VolumeView "piece14.ply"}
			{bone "sub_piece14"
				{Position -0.701782	0	-24.4442}
				{VolumeView "sub_piece14.ply"}
			}
		}
		{bone "piece12"
			{Position -25.7825	5.02861	137.378}
			{VolumeView "piece12.ply"}
			{bone "sub_piece12"
				{Position -3.41652e-005	-12.2922	-14.9848}
				{VolumeView "sub_piece12.ply"}
			}
		}
		{bone "piece13"
			{Position -25.7825	-4.10272	92.1899}
			{VolumeView "piece13.ply"}
			{bone "sub_piece13"
				{Position -6.42229e-005	7.38434	14.7745}
				{VolumeView "sub_piece13.ply"}
			}
		}
	}
}
{Volume "piece13"
	{Box 7.75 19.3865 17.7944}
	{Bone "piece13"}
	{Position -6.62649e-005	-0.292918	-2.87732e-005}
}
{Volume "sub_piece13"
	{Box 7.75 12.9742 18.7494}
	{Bone "sub_piece13"}
	{Matrix34
		1	0	0
		0	0.766044	0.642788
		0	-0.642788	0.766044
		0	1.37764	0.544415
	}
}
{Volume "piece12"
	{Box 7.75 18.9557 19.7799}
	{Bone "piece12"}
	{Matrix34
		1	0	0
		0	0.965926	0.258819
		0	-0.258819	0.965926
		-6.89868e-005	0.165467	0.153621
	}
}
{Volume "sub_piece12"
	{Box 7.75 13.2826 17.3074}
	{Bone "sub_piece12"}
	{Matrix34
		1	0	0
		0	0.984808	0.173648
		0	-0.173648	0.984808
		0	-0.274952	-0.406194
	}
}
{Volume "piece14"
	{Box 23.0641 7.75 27.7611}
	{Bone "piece14"}
	{Matrix34
		0.906308	0	-0.422618
		0	1	0
		0.422618	0	0.906308
		0.766899	0	0.334878
	}
}
{Volume "sub_piece14"
	{Box 14.9706 7.75 18.0115}
	{Bone "sub_piece14"}
}
{Volume "piece11"
	{Box 7.75 17.6375 20.3699}
	{Bone "piece11"}
	{Position 0	2.06514	0}
}
{Volume "sub_piece11"
	{Box 7.75 14.5165 15.5467}
	{Bone "sub_piece11"}
	{Position 0	0	-1.94334}
}
{Volume "piece10"
	{Box 21.8056 7.75 30.1751}
	{Bone "piece10"}
	{Position 2.92868	0	0}
}
{Volume "sub_piece10"
	{Box 17.6466 7.75 19.1811}
	{Bone "sub_piece10"}
	{Position 2.47998	0	0}
}
{Volume "piece9"
	{Box 16.484 7.75 24.7623}
	{Bone "piece9"}
	{Position 0	0	-0.0256386}
}
{Volume "sub_piece9"
	{Box 12.9281 7.75 17.8618}
	{Bone "sub_piece9"}
	{Matrix34
		0.906308	0	0.422618
		0	1	0
		-0.422618	0	0.906308
		0.638759	0	-0.883659
	}
}
{Volume "piece8"
	{Box 24.4208 7.75 30.4091}
	{Bone "piece8"}
	{Position -0.332733	0	0}
}
{Volume "sub_piece8"
	{Box 16.3741 7.75 19.1437}
	{Bone "sub_piece8"}
	{Position 0	0	0.441099}
}
{Volume "piece7"
	{Box 7.75 15.453 19.6675}
	{Bone "piece7"}
	{Position 0	0	0}
}
{Volume "piece6"
	{Box 7.75 17.49 17.4385}
	{Bone "piece6"}
	{Position 0	0.697571	-0.177944}
}
{Volume "piece5"
	{Box 7.75 19.3865 20.0046}
	{Bone "piece5"}
	{Matrix34
		1	0	0
		0	0.984808	-0.173648
		0	0.173648	0.984808
		0	-0.0725372	-0.169289
	}
}
{Volume "sub_piece5"
	{Box 7.75 13.5682 18.5436}
	{Bone "sub_piece5"}
	{Matrix34
		1	0	0
		0	0.996195	-0.0871557
		0	0.0871557	0.996195
		0	0.390153	-0.186603
	}
}
{Volume "piece4"
	{Box 7.75 19.1617 20.3699}
	{Bone "piece4"}
	{Position 0	-1.19139	0}
}
{Volume "sub_piece4"
	{Box 7.75 14.5165 15.5467}
	{Bone "sub_piece4"}
	{Position 0	0	-1.94334}
}
{Volume "piece3"
	{Box 25.1179 7.75001 27.7611}
	{Bone "piece3"}
	{Matrix34
		0.906308	0	0.422618
		0	1	0
		-0.422618	0	0.906308
		-2.46819	0	-0.722175
	}
}
{Volume "sub_piece3"
	{Box 21.5203 7.75 16.8794}
	{Bone "sub_piece3"}
	{Matrix34
		0.707107	0	-0.707107
		0	1	0
		0.707107	0	0.707107
		-1.14818	0	-0.540351
	}
}
{Volume "piece2"
	{Box 21.1647 7.75001 28.7295}
	{Bone "piece2"}
	{Matrix34
		0.707107	0	0.707107
		0	1	0
		-0.707107	0	0.707107
		-0.25973	0	-0.0607177
	}
}
{Volume "sub_piece2"
	{Box 14.9706 7.75 18.0115}
	{Bone "sub_piece2"}
	{Position -1.17321e-005	0	1.87305e-005}
}
{Volume "piece1"
	{Box 17.0297 7.75001 24.1354}
	{Bone "piece1"}
	{Position -0.996624	0	-1.1695}
}
{Volume "sub_piece1"
	{Box 15.4384 7.75 19.415}
	{Bone "sub_piece1"}
	{Position -2.12894e-005	0	1.55102e-005}
}
{Volume "piece0"
	{Box 22.5214 7.75001 30.4091}
	{Bone "piece0"}
	{Position 1.126	0	0}
}
{Volume "sub_piece0"
	{Box 16.3741 7.75 20.5846}
	{Bone "sub_piece0"}
	{Position -7.87962e-005	0	1.93342e-005}
}
