;Exported by: garry
;Date:        Thu Jun 29 14:51:13 2006
;File:        D:\-Projects-\-3DWork-\Model\Танки\KV1\hi-poly\Kv1_xx.max
{Skeleton
	{bone "basis"
		{Orientation
			1	0	0
			0	-1	0
			0	0	1
		}
		{bone "body"
			{parameters "ID=body;"}
			{Matrix34
				-0.999725	-0.00120744	0.0234298
				0.000186172	-0.999052	-0.0435418
				0.0234602	-0.0435255	0.998777
				-6.34663	0.608259	0.569127
			}
			{VolumeView "body.ply"}
			{bone revolute "wheell1"
				{parameters "ID=trackleft;"}
				{Matrix34
					-1	0	0
					0	0	-1
					0	-1	0
					-57.0577	-19.9597	11.1717
				}
				{VolumeView "wheell1.ply"}
			}
			{bone revolute "wheell8"
				{parameters "ID=trackleft;"}
				{Matrix34
					-1	0.000435503	0
					0	0.0185442	-0.999828
					-0.000435446	-0.999828	-0.0185443
					59.8224	-18.6132	9.62132
				}
				{VolumeView "wheell8.ply"}
			}
			{bone revolute "wheelr8"
				{parameters "ID=trackright;"}
				{Matrix34
					-0.906308	0	0.422618
					-0.422618	0	-0.906308
					0	1	0
					59.8223	19.8476	9.62132
				}
				{VolumeView "wheelr8.ply"}
			}
			{bone revolute "wheelr1"
				{parameters "ID=trackright;"}
				{Matrix34
					-0.34202	0	0.939693
					-0.939693	0	-0.34202
					0	1	0
					-57.0577	19.9479	11.1717
				}
				{VolumeView "wheelr1.ply"}
			}
			{bone revolute "turret"
				{parameters "ID=turret;"}
				{Matrix34
					-0.971677	0.212487	-0.103412
					-0.199523	-0.972166	-0.122817
					-0.12663	-0.098705	0.987027
					-4.34333	2.48871	28.6294
				}
				{VolumeView "turret.ply"}
				{bone revolute "gun_rot"
					{parameters "ID=gun;"}
					{Matrix34
						0.949468	-0.0310687	-0.312322
						-0.30903	0.0814297	-0.94756
						0.0548718	0.996195	0.0677138
						17.3104	0.634598	8.1386
					}
					{VolumeView "gun_rot.ply"}
					{bone "gun"
						{parameters "ID=gun;"}
						{Matrix34
							1	0	0
							0	0	1
							0	-1	0
							8.06106	-1.87309	-0.486839
						}
						{VolumeView "gun.ply"}
					}
				}
				{bone "cover"
					{parameters "ID=turret;"}
					{Matrix34
						1	0	0
						0	0	1
						0	-1	0
						-5.48767	0.124372	16.835
					}
					{VolumeView "cover.ply"}
				}
				{bone socket "mgun"
					{parameters "ID=turret;"}
					{limits 30}
					{speed2 80}
					{Matrix34
						0	1	0
						0	0	-1
						-1	0	0
						-27.819	-0.349969	10.1878
					}
					{VolumeView "mgun.ply"}
				}
				{bone "shieldl"
					{parameters "ID=shieldL;"}
					{Position -5.66202	16.3723	8.50318}
					{VolumeView "shieldl.ply"}
				}
				{bone "shieldr"
					{parameters "ID=shieldR;"}
					{Position -5.66204	-16.4929	8.50316}
					{VolumeView "shieldr.ply"}
				}
				{bone "part1"
					{Position -15.5075	-17.1674	8.84188}
					{VolumeView "part1.ply"}
				}
			}
			{bone socket "mgun3"
				{parameters "ID=turret;"}
				{limits 40}
				{speed2 80}
				{Matrix34
					0	1	0
					0	0	-1
					-1	0	0
					-42.5703	-8.97843	20.0732
				}
				{VolumeView "mgun3.ply"}
			}
			{bone "door_front"
				{parameters "ID=body;"}
				{Matrix34
					0.759431	0.581602	-0.291554
					0.649028	-0.708288	0.277651
					-0.0450219	-0.400084	-0.915372
					-37.1342	-15.0391	25.7136
				}
				{VolumeView "door_front.ply"}
			}
			{bone "shieldr1"
				{parameters "ID=shieldR1;"}
				{Matrix34
					-1	0	0
					0	-1	0
					0	0	1
					-44.0596	0.593577	22.1239
				}
				{VolumeView "shieldr1.ply"}
			}
			{bone "engine"
				{parameters "ID=engine;"}
				{Matrix34
					-1	0	0
					0	-1	0
					0	0	1
					38.2262	0.579728	22.8551
				}
				{VolumeView "engine.ply"}
			}
			{bone "part2"
				{Matrix34
					-0.890669	0	0.454652
					0	1	0
					-0.454652	0	-0.890669
					72.6756	0.756975	19.3368
				}
				{VolumeView "part2.ply"}
			}
			{bone "part3"
				{Matrix34
					0.999725	-0.00018574	-0.0234589
					0.0234285	-0.0435407	0.998777
					0.00120693	0.999052	0.0435243
					3.37802	27.2114	17.0857
				}
				{VolumeView "part3.ply"}
			}
			{bone "part4"
				{Position -50.8492	-23.9992	17.1138}
				{VolumeView "part4.ply"}
			}
			{bone "part5"
				{Position 50.8437	26.3411	18.5496}
				{VolumeView "part5.ply"}
			}
		}
		{bone "wheelsr"
			{parameters "ID=wheelleft;"}
			{Matrix34
				1	0	0
				0	-1	0
				0	0	1
				0.154098	-19.8244	7.98759
			}
			{VolumeView "wheelsr.ply"}
			{bone revolute "wheelr2"
				{parameters "ID=trackright;"}
				{Matrix34
					0.999973	0.0038035	0.00624276
					0.00612542	0.0301179	-0.999528
					0.00398972	-0.999539	-0.0300938
					40.5787	-0.227518	-4.97654
				}
				{VolumeView "wheelr2.ply"}
			}
			{bone revolute "wheelr3"
				{parameters "ID=trackright;"}
				{Matrix34
					0.573576	0	-0.819152
					-0.819152	0	-0.573576
					0	-1	0
					22.2055	-0.227521	-2.48772
				}
				{VolumeView "wheelr2.ply"}
			}
			{bone revolute "wheelr4"
				{parameters "ID=trackright;"}
				{Matrix34
					0.999757	0.0205823	-0.0079302
					-0.00818117	0.0121382	-0.999893
					0.0204839	-0.999714	-0.0123036
					4.17791	-0.227525	-2.48772
				}
				{VolumeView "wheelr2.ply"}
			}
			{bone revolute "wheelr5"
				{parameters "ID=trackright;"}
				{Matrix34
					0.999996	-0.00295749	0
					0	0	-1
					-0.00295749	-0.999996	0
					-14.9086	-0.227528	-2.48772
				}
				{VolumeView "wheelr2.ply"}
			}
			{bone revolute "wheelr6"
				{parameters "ID=trackright;"}
				{Matrix34
					-0.0246934	-0.0663039	-0.997494
					-0.999679	-0.00405426	0.025017
					0.00570282	-0.997791	0.0661825
					-32.4892	-0.227532	-2.48772
				}
				{VolumeView "wheelr2.ply"}
			}
			{bone revolute "wheelr7"
				{parameters "ID=trackright;"}
				{Matrix34
					1	0	0
					0	0	-1
					0	-1	0
					-49.4621	-0.227535	-2.48772
				}
				{VolumeView "wheelr2.ply"}
			}
		}
		{bone "wheelsl"
			{parameters "ID=wheelleft;"}
			{Position 0.154098	20.6678	7.98759}
			{VolumeView "wheelsl.ply"}
			{bone revolute "wheell2"
				{parameters "ID=trackleft;"}
				{Matrix34
					1	0	0
					0	0	-1
					0	1	0
					40.5787	-1.23112	-2.48772
				}
				{VolumeView "wheell2.ply"}
			}
			{bone revolute "wheell4"
				{parameters "ID=trackleft;"}
				{Matrix34
					0.173648	0	0.984808
					0.984808	0	-0.173648
					0	1	0
					4.35507	-1.23112	-2.48772
				}
				{VolumeView "wheell2.ply"}
			}
			{bone revolute "wheell5"
				{parameters "ID=trackleft;"}
				{Matrix34
					0.5	0	0.866025
					0.866025	0	-0.5
					0	1	0
					-14.8496	-1.23112	-2.48772
				}
				{VolumeView "wheell2.ply"}
			}
			{bone revolute "wheell6"
				{parameters "ID=trackleft;"}
				{Matrix34
					0.258819	0	-0.965926
					-0.965926	0	-0.258819
					0	1	0
					-32.3274	-1.23112	-2.48772
				}
				{VolumeView "wheell2.ply"}
			}
			{bone revolute "wheell7"
				{parameters "ID=trackleft;"}
				{Matrix34
					1	0	0
					0	0	-1
					0	1	0
					-49.3947	-1.23112	-2.48772
				}
				{VolumeView "wheell2.ply"}
			}
		}
	}
}
{Volume "body1"
	{Polyhedron "body1.vol"}
	{Bone "body"}
	{Matrix34
		-1	0	0
		0	-1	0
		0	0	1
		2.75684	0.350937	0.649777
	}
}
{Volume "body2"
	{Polyhedron "body2.vol"}
	{Bone "body"}
	{Matrix34
		-1	0	0
		0	-1	0
		0	0	1
		2.75684	0.350938	15.4362
	}
}
{Volume "gun"
	{Cylinder 1.54719 26.0496}
	{Bone "gun"}
	{Matrix34
		0	1	0
		0	0	1
		1	0	0
		12.518	-0.0734818	0.0521753
	}
}
{Volume "part1"
	{Box 29.4641 2.7451 15.3726}
	{Bone "part1"}
	{Matrix34
		0.991156	-0.120704	-0.055141
		0.102983	0.961694	-0.254046
		0.0836932	0.246121	0.965619
		0.239154	1.03893	1.29955
	}
}
{Volume "part2"
	{Box 23.9922 35.5033 3.12941}
	{Bone "part2"}
	{Matrix34
		0.99934	-0.0199151	-0.0303885
		-0.0187138	-0.999052	0.0393159
		-0.0311426	-0.0387213	-0.998765
		-0.481249	-0.271634	0.151445
	}
}
{Volume "part3"
	{Polyhedron "part3.vol"}
	{Bone "part3"}
	{Matrix34
		-0.999487	-0.0320377	0
		0	0	-1
		-0.0320377	0.999487	0
		-0.543853	-4.45795	0.733939
	}
}
{Volume "part4"
	{Box 10.4314 14.2745 5.63386}
	{Bone "part4"}
	{Matrix34
		-0.89574	0.020431	-0.444108
		-0.00120742	-0.999052	-0.0435256
		-0.444577	-0.0384514	0.894915
		-9.22132	-1.27323	-0.264628
	}
}
{Volume "part5"
	{Box 38.0654 14.2745 2.51085}
	{Bone "part5"}
	{Matrix34
		-0.999725	0.000186067	0.0234601
		-0.00120734	-0.999052	-0.0435257
		0.0234298	-0.043542	0.998777
		0.0674904	-0.203257	0.882207
	}
}
{Volume "shieldl"
	{Box 49.7778 4.65569 15.7386}
	{Bone "shieldl"}
	{Matrix34
		1	0	0
		0	0.95424	0.299041
		0	-0.299041	0.95424
		0.103651	1.08017	-0.936987
	}
}
{Volume "shieldr1"
	{Box 1.00654 33.2157 7.51059}
	{Bone "shieldr1"}
	{Matrix34
		0.870298	0	0.492526
		0	1	0
		-0.492526	0	0.870298
		-0.0968443	-0.119473	-0.0363567
	}
}
{Volume "shieldr"
	{Box 49.7778 4.65569 15.7386}
	{Bone "shieldr"}
	{Matrix34
		-1	0	0
		0	-0.965705	0.259643
		0	0.259643	0.965705
		0.10367	-0.683886	-0.846755
	}
}
{Volume "trackleft"
	{Box 136.34 13.3595 21.9217}
	{Bone "wheelsl"}
	{Position -6.02332	5.38195	3.42008}
}
{Volume "trackright"
	{Box 136.34 13.3595 16.0028}
	{Bone "wheelsr"}
	{Matrix34
		1	0	0
		0	-1	0
		0	0	1
		-6.02332	5.74219	1.11957
	}
}
{Volume "turret"
	{Polyhedron "turret.vol"}
	{Bone "turret"}
	{Position -3.45992	-0.327614	-1.4194}
}
