;Exported by: vic
;Date:        Tue Jul 12 12:14:28 2005
;File:        D:\-Projects-\-3DWork-\Constructions\NEW\Ruini\Soldiers2\e_house200_x2.max
{Skeleton
	{bone "e_house_200_f1_5_x"
		{Orientation
			1	0	0
			0	-1	0
			0	0	1
		}
		{VolumeView "e_house_200_f1_5_x.ply"}
		{bone "sub_piece6"
			{Matrix34
				0.0871557	0.996195	0
				-0.996195	0.0871557	0
				0	0	1
				-15.1659	-8.31173	65.0731
			}
			{VolumeView "sub_piece6.ply"}
		}
		{bone "sub_piece5"
			{Matrix34
				0.984808	0.173648	0
				-0.173648	0.984808	0
				0	0	1
				5.11613	-22.0357	65.0731
			}
			{VolumeView "sub_piece5.ply"}
		}
		{bone "piece7"
			{Position 4.15561	2.21316	65.073}
			{VolumeView "piece7.ply"}
		}
		{bone "piece3"
			{Position 18.1178	18.8045	99.6088}
			{VolumeView "piece3.ply"}
		}
		{bone "sub_piece4"
			{Position 22.3423	-15.4424	86.2152}
			{VolumeView "sub_piece4.ply"}
		}
		{bone "piece2"
			{Position -19.8777	18.8045	100.961}
			{VolumeView "piece2.ply"}
		}
		{bone "sub_piece2"
			{Position 2.16278	18.8045	118.913}
			{VolumeView "sub_piece2.ply"}
		}
		{bone "sub_piece0"
			{Position 9.62231	18.8045	67.7191}
			{VolumeView "sub_piece0.ply"}
		}
		{bone "piece4"
			{Position 22.3423	-6.58631	26.3685}
			{VolumeView "piece4.ply"}
		}
		{bone "piece5"
			{Position 22.3423	4.99297	64.7672}
			{VolumeView "piece5.ply"}
		}
		{bone "sub_piece3"
			{Position 22.3423	-17.5927	53.7883}
			{VolumeView "sub_piece3.ply"}
		}
		{bone "piece1"
			{Position 18.1063	18.8045	34.3709}
			{VolumeView "piece1.ply"}
		}
		{bone "piece0"
			{Position -19.8606	18.8045	35.7016}
			{VolumeView "piece0.ply"}
		}
		{bone "piece6"
			{Position 22.3423	-5.34083	111.622}
			{VolumeView "piece6.ply"}
		}
	}
}
{Volume "piece6"
	{Box 35.4389 7.87402 22.2595}
	{Bone "piece6"}
	{Matrix34
		0	-0.999896	0.0144314
		1	0	0
		0	0.0144314	0.999896
		0.00939592	0.703095	-0.934116
	}
}
{Volume "piece0"
	{Box 16.1728 7.87402 41.8899}
	{Bone "piece0"}
	{Matrix34
		0.999089	0	-0.0426668
		0	1	0
		0.0426668	0	0.999089
		0.286811	-0.0113301	-0.218702
	}
}
{Volume "piece1"
	{Box 12.2913 7.87402 39.7954}
	{Bone "piece1"}
	{Matrix34
		0.998068	0	-0.0621335
		0	1	0
		0.0621335	0	0.998068
		0.275621	-0.0113298	-0.886414
	}
}
{Volume "sub_piece3"
	{Box 12.0034 7.87402 22.4844}
	{Bone "sub_piece3"}
	{Matrix34
		0	-0.996619	0.0821626
		1	0	0
		0	0.0821626	0.996619
		0.00936788	-0.154158	0.969384
	}
}
{Volume "piece5"
	{Box 19.5432 7.87402 39.7954}
	{Bone "piece5"}
	{Matrix34
		0	-0.998732	0.0503451
		1	0	0
		0	0.0503451	0.998732
		0.00942518	0.101256	-1.83774
	}
}
{Volume "piece4"
	{Box 32.4417 7.87402 19.8977}
	{Bone "piece4"}
	{Matrix34
		0	-0.998732	0.0503451
		1	0	0
		0	0.0503451	0.998732
		0.00939626	0.608825	-0.67617
	}
}
{Volume "sub_piece0"
	{Box 17.0849 7.87402 14.2786}
	{Bone "sub_piece0"}
	{Matrix34
		0.950033	0	-0.312147
		0	1	0
		0.312147	0	0.950033
		0.187235	-0.011334	0.951421
	}
}
{Volume "sub_piece2"
	{Box 17.0849 7.87402 8.28158}
	{Bone "sub_piece2"}
	{Matrix34
		0.988558	0	-0.150844
		0	1	0
		0.150844	0	0.988558
		-0.563818	-0.0113417	0.621888
	}
}
{Volume "piece2"
	{Box 12.2913 7.87402 33.4281}
	{Bone "piece2"}
	{Matrix34
		0.999859	0	-0.0167766
		0	1	0
		0.0167766	0	0.999859
		0.179422	-0.0113498	-0.111946
	}
}
{Volume "sub_piece4"
	{Box 14.6442 7.87402 14.8397}
	{Bone "sub_piece4"}
	{Matrix34
		0	-0.917753	0.397151
		1	0	0
		0	0.397151	0.917753
		0.00939884	-1.59876	-0.367673
	}
}
{Volume "piece3"
	{Box 12.2913 7.87402 27.411}
	{Bone "piece3"}
	{Matrix34
		0.999859	0	-0.0167766
		0	1	0
		0.0167766	0	0.999859
		0.318477	-0.0113383	-0.268961
	}
}
{Volume "piece7"
	{Box 22.0896 19.9213 3.93701}
	{Bone "piece7"}
	{Matrix34
		0.994484	0.104887	0
		-0.104887	0.994484	0
		0	0	1
		1.70317	-0.385669	0.142474
	}
}
{Volume "sub_piece5"
	{Box 13.9165 11.7535 3.93701}
	{Bone "sub_piece5"}
	{Matrix34
		0.999499	-0.0316596	0
		0.0316596	0.999499	0
		0	0	1
		-0.649559	-0.102213	0.142459
	}
}
{Volume "sub_piece6"
	{Box 13.9165 11.7535 3.93701}
	{Bone "sub_piece6"}
	{Matrix34
		-0.9901	-0.140362	0
		0.140362	-0.9901	0
		0	0	1
		-0.0644759	1.39169	0.142457
	}
}
