;Exported by: kenny
;Date:        Thu May 15 10:39:34 2008
;File:        D:\-Project-\-3D-\africa\africabuilds\algere_storage_new_x.max
{Skeleton
	{bone "t_build1a_f2_c3_x"
		{Orientation
			1	0	0
			0	-1	0
			0	0	1
		}
		{bone "piece06"
			{Position 46.4232	10.5454	-6.60181}
			{VolumeView "piece06.ply"}
		}
		{bone "piece04"
			{Position -28.8362	-21.5083	-10.8422}
			{VolumeView "piece04.ply"}
		}
		{bone "piece05"
			{Position -12.8915	4.79614	32.2985}
			{VolumeView "piece05.ply"}
		}
		{bone "piece02"
			{Position -15.3346	5.19472	17.7496}
			{VolumeView "piece02.ply"}
			{bone "sub_piece02"
				{Position 0.00704384	-0.416458	11.6583}
				{VolumeView "sub_piece02.ply"}
			}
		}
		{bone "piece01"
			{Position -10.3555	4.76788	37.2198}
			{VolumeView "piece01.ply"}
			{bone "sub_piece01"
				{Position -4.97119	13.6344	2.94837}
				{VolumeView "sub_piece01.ply"}
			}
		}
		{bone "piece03"
			{Position -4.07497	-21.7903	17.7496}
			{VolumeView "piece03.ply"}
		}
	}
}
{Volume "piece01"
	{Box 118.022 3.04495 4.25786}
	{Bone "piece01"}
	{Position 0	0	0}
}
{Volume "piece02"
	{Box 51.0125 3.04496 2.96365}
	{Bone "piece02"}
	{Matrix34
		0	1	0
		-1	0	0
		0	0	1
		0	1.52588e-005	0
	}
}
{Volume "piece03"
	{Box 105.214 3.04495 2.96365}
	{Bone "piece03"}
}
{Volume "piece04"
	{Box 49.9617 4.92126 37.861}
	{Bone "piece04"}
	{Position 0	0	1.4594}
}
{Volume "piece05"
	{Box 122.556 53.6671 1.14654}
	{Bone "piece05"}
	{Matrix34
		1	0	0
		0	0.880566	0.473924
		0	-0.473924	0.880566
		6.53657	-4.01237	3.98291
	}
}
{Volume "piece06"
	{Box 4.92126 23.1535 35.2336}
	{Bone "piece06"}
	{Matrix34
		1	0	0
		0	0.819152	-0.573576
		0	0.573576	0.819152
		0	1.16023	-0.0770534
	}
}
{Volume "sub_piece01"
	{Box 25.0979 3.04496 3.18651}
	{Bone "sub_piece01"}
	{Matrix34
		0	-0.984808	-0.173648
		-1	0	0
		0	0.173648	-0.984808
		0	-2.40557e-005	0
	}
}
{Volume "sub_piece02"
	{Box 19.8694 3.04496 2.96365}
	{Bone "sub_piece02"}
	{Matrix34
		0	0	1
		-1	0	0
		0	-1	0
		0	0	0
	}
}
