;Exported by: Normand
;Date:        Sat Dec 29 20:53:44 2012
;File:        C:\Users\Normand\gaz61_x.max
{Skeleton
	{bone "basis"
		{Orientation
			1	0	0
			0	-1	0
			0	0	1
		}
		{bone "pivot_back"
			{parameters "ID=body;"}
			{Matrix34
				0.999615	7.89741e-005	-0.0277508
				-0.000670568	0.999773	-0.0213095
				0.0277429	0.0213199	0.999388
				-31.0346	0.039764	8.10722
			}
			{VolumeView "pivot_back.ply"}
			{bone revolute "wheelr2"
				{parameters "ID=wheelright2;"}
				{Matrix34
					-0.999854	-0.00933466	-0.0143107
					-0.0140323	-0.0292305	0.999474
					-0.00974807	0.999529	0.0290952
					0.370173	-13.6596	-1.81555
				}
				{VolumeView "wheelr2.ply"}
			}
			{bone revolute "wheell2"
				{parameters "ID=wheelleft2;"}
				{Matrix34
					-0.999845	0.0101092	-0.0144121
					-0.0145469	-0.0134011	0.999804
					-0.00991413	-0.999859	-0.0135461
					0.372461	13.9219	-1.22738
				}
				{VolumeView "wheell2.ply"}
			}
		}
		{bone "emit3"
			{Matrix34
				0.00145419	-0.999999	0.00076437
				0.999949	0.0014465	-0.0099705
				0.00996938	0.00077883	0.99995
				-21.0127	22.0033	-0.102669
			}
		}
		{bone "emit4"
			{Matrix34
				-0.00867169	0.999962	-0.000675678
				-0.999962	-0.008671	0.00102086
				0.00101498	0.000684505	0.999999
				-21.7292	-25.9134	0.153071
			}
		}
		{bone "emit2"
			{Matrix34
				-0.00394979	0.999992	-0.000733852
				-0.999992	-0.00394903	0.00104197
				0.00103907	0.000737962	0.999999
				-1.85024	-25.9176	0.219836
			}
		}
		{bone "emit1"
			{Matrix34
				0.00884017	-0.999948	0.00514744
				0.999946	0.00881175	-0.0055169
				0.00547126	0.00519593	0.999972
				-1.12582	21.6299	-0.0332243
			}
		}
		{bone "body"
			{parameters "ID=body;"}
			{animation
				{sequence "break" {file "body_b.anm"}}
			}
			{Matrix34
				0.999999	-6.38961e-005	-0.00119301
				5.76252e-005	0.999986	-0.00525567
				0.00119333	0.0052556	0.999986
				-2.38558	0.231451	13.2638
			}
			{VolumeView "body.ply"}
			{bone "doorr2"
				{parameters "ID=body;"}
				{Matrix34
					0.99994	0	-0.010996
					0	1	0
					0.010996	0	0.99994
					-24.631	-14.4671	8.73557
				}
				{VolumeView "doorr2.ply"}
			}
			{bone "doorr1"
				{parameters "ID=body;"}
				{Matrix34
					1	0	-0.000209485
					0	1	0
					0.000209485	0	1
					-10.285	-14.4061	5.50642
				}
				{VolumeView "doorr1.ply"}
			}
			{bone "engine"
				{parameters "ID=engine;"}
				{animation
					{sequence "break" {file "engine_b.anm"}}
				}
				{Matrix34
					0.999998	0	0.00197411
					0	1	0
					-0.00197411	0	0.999998
					18.4985	-0.252245	11.6127
				}
				{VolumeView "engine.ply"}
				{bone "engine_door1"
					{parameters "ID=engine;"}
					{Matrix34
						0.0369229	-0.00525206	0.999304
						0.00525186	0.999973	0.00506153
						-0.999304	0.00506132	0.0369496
						0.674585	-0.0151659	0.960844
					}
					{VolumeView "engine_door1.ply"}
					{bone "engine_door2"
						{parameters "ID=engine;"}
						{Matrix34
							0.999271	-0.000200576	0.0381797
							0.00924976	-0.968924	-0.247184
							0.0370427	0.247357	-0.968216
							-3.01248	-7.97314	0.522996
						}
						{VolumeView "engine_door2.ply"}
					}
				}
			}
			{bone "doorl1"
				{parameters "ID=body;"}
				{Matrix34
					1	0	-0.000209485
					0	1	0
					0.000209485	0	1
					-10.285	13.9247	5.5064
				}
				{VolumeView "doorl1.ply"}
			}
			{bone "doorl2"
				{parameters "ID=body;"}
				{Matrix34
					0.99994	0	-0.010996
					0	1	0
					0.010996	0	0.99994
					-24.631	14.1657	8.73556
				}
				{VolumeView "doorl2.ply"}
			}
			{bone "buffer_f"
				{parameters "ID=body;"}
				{Matrix34
					0.99994	0	-0.010996
					0	1	0
					0.010996	0	0.99994
					-2.64864	-0.366998	-2.11409
				}
				{VolumeView "buffer_f.ply"}
			}
			{bone "buffer_r"
				{parameters "ID=body;"}
				{Matrix34
					0.99994	0	-0.010996
					0	1	0
					0.010996	0	0.99994
					-2.64864	-0.366998	-2.11409
				}
				{VolumeView "buffer_r.ply"}
			}
			{bone "headlightl"
				{Matrix34
					0.999999	0	0.00119317
					0	1	0
					-0.00119317	0	0.999999
					34.4529	7.7913	7.26335
				}
			}
			{bone "headlightr"
				{Matrix34
					0.999999	0	0.00119317
					0	1	0
					-0.00119317	0	0.999999
					34.455	-8.21184	7.26335
				}
			}
			{bone "driver"
				{Matrix34
					-0.0108295	0.999941	0.00119317
					-0.999941	-0.0108295	0
					1.2922e-005	-0.0011931	0.999999
					-4.3188	4.7297	-1.59605
				}
			}
			{bone "commander"
				{Matrix34
					-0.01211	0.999926	0.00119317
					-0.999927	-0.01211	0
					1.44497e-005	-0.00119309	0.999999
					-4.31925	-4.42477	-1.59604
				}
			}
			{bone "fxfire"
				{Matrix34
					0.999999	0	0.00119317
					-0.00119317	0	0.999999
					0	-1	0
					19.1388	-0.154462	6.67564
				}
			}
			{bone "visor"
				{Matrix34
					0.999999	0	0.00119317
					-0.00119317	0	0.999999
					0	-1	0
					6.66865	-0.155017	17.1422
				}
			}
			{bone "fxstop1"
				{Matrix34
					0.999999	0	0.00119317
					0	1	0
					-0.00119317	0	0.999999
					-41.0093	14.1274	0.900002
				}
			}
			{bone "fxstop2"
				{Matrix34
					0.999999	0	0.00119317
					0	1	0
					-0.00119317	0	0.999999
					-41.0093	-14.6666	0.900024
				}
			}
			{bone "fxsmoke"
				{Matrix34
					0.999999	0	0.00119317
					0	1	0
					-0.00119317	0	0.999999
					-3.00014	7.33352	-3.99524
				}
			}
			{bone "seat01"
				{Matrix34
					0.999999	0	0.00119317
					0	1	0
					-0.00119317	0	0.999999
					-24.2125	5.86365	-2.41013
				}
			}
			{bone "seat02"
				{Matrix34
					0.999999	0	0.00119317
					0	1	0
					-0.00119317	0	0.999999
					-24.2243	-5.01875	-2.41014
				}
			}
			{bone "engine_body"
				{parameters "ID=body;"}
				{Position 0	0	0}
				{VolumeView "engine_body.ply"}
			}
			{bone "detail1"
				{parameters "ID=body;"}
				{Matrix34
					0.0160603	0.999751	0.0154777
					0.183709	-0.0181666	0.982813
					0.982849	-0.0129409	-0.183955
					-42.6866	-0.2682	5.22544
				}
				{VolumeView "detail1.ply"}
			}
		}
		{bone "pivot_front"
			{parameters "ID=body;"}
			{Matrix34
				0.999926	-6.3804e-005	-0.0121892
				5.42835e-005	1	-0.00078139
				0.0121892	0.000780671	0.999925
				26.2745	0.0381606	7.57214
			}
			{VolumeView "pivot_front.ply"}
			{bone revolute "steer_r"
				{Matrix34
					-0.999994	0.00122051	-0.00330694
					0.00127104	0.999882	-0.0153227
					-0.00328784	0.0153268	0.999877
					0.257114	-12.3749	-1.1526
				}
				{bone revolute "wheelr1"
					{parameters "ID=wheelright1;"}
					{Matrix34
						0.998646	-0.0101761	-0.0510172
						0.0507605	-0.0240669	0.998421
						0.0113878	0.999659	0.0235177
						0.329414	-1.31809	-0.0269194
					}
					{VolumeView "wheelr1.ply"}
				}
			}
			{bone revolute "steer_l"
				{Matrix34
					-0.999985	-0.00433796	-0.00323567
					-0.0042879	0.999873	-0.0153226
					-0.00330172	0.0153085	0.999877
					0.237843	12.4592	-1.32679
				}
				{bone revolute "wheell1"
					{parameters "ID=wheelright1;"}
					{Matrix34
						0.999893	0.013928	0.00439562
						-0.0042818	-0.0081912	0.999957
						0.0139634	-0.999869	-0.0081307
						0.306589	1.43406	0.210915
					}
					{VolumeView "wheell1.ply"}
				}
			}
		}
	}
}