;Exported by: garry
;Date:        Fri Aug 04 14:47:08 2006
;File:        D:\-Projects-\-3DWork-\Model\Танки\ISU 152\isu_d.max
{Skeleton
	{bone "05"
		{Orientation
			1	0	0
			0	-1	0
			0	0	1
		}
		{bone "piece4"
			{Matrix34
				0.999503	-0.000120104	-0.0315204
				-0.0018241	0.998096	-0.0616449
				0.0314678	0.0616717	0.9976
				-28.3456	-3.26728	31.6311
			}
			{VolumeView "piece4.ply"}
		}
		{bone revolute "piece5"
			{Matrix34
				0.999503	-0.000120104	-0.0315204
				-0.0018241	0.998096	-0.0616448
				0.0314678	0.0616717	0.9976
				17.055	-0.0336824	30.3477
			}
			{VolumeView "piece5.ply"}
			{bone "sub_piece8"
				{Position -24.6387	-0.662872	11.126}
				{VolumeView "sub_piece8.ply"}
			}
			{bone "sub_piece7"
				{Position -15.5487	-0.823022	-3.95782}
				{VolumeView "sub_piece7.ply"}
			}
		}
	}
}
{Volume "piece4"
	{Cylinder 4.24675 40.1265}
	{Bone "piece4"}
	{Matrix34
		0.141172	-0.988351	-0.0568523
		-0.0305724	-0.0617526	0.997623
		-0.989513	-0.139098	-0.0389338
		-1.95557	0.685326	1.52391
	}
}
{Volume "piece5"
	{Polyhedron "piece5.vol"}
	{Bone "piece5"}
	{Matrix34
		0.137511	-0.986106	-0.0931938
		0.227467	-0.0601339	0.971927
		-0.964028	-0.15485	0.216037
		-18.7379	0.11021	1.62101
	}
}
{Volume "sub_piece7"
	{Box 11.8764 13.0037 10}
	{Bone "sub_piece7"}
	{Matrix34
		0.999503	-0.00182395	0.0314679
		-0.000120264	0.998097	0.0616717
		-0.0315206	-0.0616449	0.9976
		-0.651171	-0.235871	-0.71032
	}
}
{Volume "sub_piece8"
	{Box 11.1722 15.5678 2.1978}
	{Bone "sub_piece8"}
	{Matrix34
		0.999503	-0.00182395	0.031468
		-0.000120265	0.998096	0.0616717
		-0.0315205	-0.0616448	0.9976
		-0.0106383	-0.0208107	0.336679
	}
}
