;Exported by: sana
;Date:        Wed Jun 14 12:15:40 2006
;File:        D:\-Project-\-3DWork-\Entourage\telega_gals01_x.max
{Skeleton
	{bone "telega_gals01"
		{Orientation
			1	0	0
			0	-1	0
			0	0	1
		}
		{bone "piece01"
			{Position 14.5705	-15.4481	22.5713}
			{VolumeView "piece01.ply"}
		}
		{bone "piece02"
			{Matrix34
				1	0	0
				0	0.995526	0.0944867
				0	-0.0944867	0.995526
				11.3248	15.2843	26.2697
			}
			{VolumeView "piece02.ply"}
		}
		{bone "piece03"
			{Position -15.8183	0.474838	12.6339}
			{VolumeView "piece03.ply"}
		}
		{bone "piece04"
			{Position 14.8311	-0.206847	12.7628}
			{VolumeView "piece04.ply"}
		}
		{bone "piece05"
			{Position -0.606083	-5.14122	14.9249}
			{VolumeView "piece05.ply"}
		}
		{bone "piece06"
			{Matrix34
				0.987094	-0.157256	-0.030254
				0.16014	0.969319	0.186485
				0	-0.188923	0.981992
				14.5657	20.5782	13.3947
			}
			{VolumeView "piece06.ply"}
		}
		{bone "piece07"
			{Matrix34
				1	0	0
				0	0.970266	-0.242041
				0	0.242041	0.970266
				-15.8564	19.9077	16.1565
			}
			{VolumeView "piece07.ply"}
		}
		{bone "piece08"
			{Matrix34
				1	0	0
				0	0.934239	-0.356647
				0	0.356647	0.934239
				14.5657	-21.3835	13.0095
			}
			{VolumeView "piece08.ply"}
		}
		{bone "piece09"
			{Matrix34
				0.994528	-0.104471	0
				0.102684	0.977519	0.184155
				-0.0192388	-0.183147	0.982897
				-15.8564	-20.2938	12.594
			}
			{VolumeView "piece09.ply"}
		}
		{bone "piece10"
			{Position 2.28264	9.14382	14.9249}
			{VolumeView "piece10.ply"}
		}
		{bone "piece11"
			{Position 37.2745	-16.0514	7.91812}
			{VolumeView "piece11.ply"}
		}
		{bone "piece12"
			{Matrix34
				0.996925	-0.0109615	0.0775863
				0	0.990167	0.139892
				-0.0783568	-0.139462	0.987122
				-16.0762	-15.4481	24.0401
			}
			{VolumeView "piece12.ply"}
		}
		{bone "piece13"
			{Matrix34
				1	0	0
				0	0.964183	-0.265239
				0	0.265239	0.964183
				-18.6686	15.2843	25.0205
			}
			{VolumeView "piece13.ply"}
		}
		{bone "piece14"
			{Position -33.5212	-0.323996	30.0124}
			{VolumeView "piece14.ply"}
		}
	}
}
{Volume "piece01"
	{Box 31.3495 1.86265 15.9858}
	{Bone "piece01"}
	{Position 0	0	0}
}
{Volume "piece02"
	{Box 36.0686 1.72587 16.1042}
	{Bone "piece02"}
	{Position 0	0	0}
}
{Volume "piece03"
	{Box 1.96852 41.8192 1.9685}
	{Bone "piece03"}
}
{Volume "piece04"
	{Box 6.51576 32.619 2.5}
	{Bone "piece04"}
}
{Volume "piece05"
	{Box 49.7587 11.0974 1.81795}
	{Bone "piece05"}
	{Matrix34
		0.997523	-0.0703382	0
		0.0703382	0.997523	0
		0	0	1
		0	-1.67293	0
	}
}
{Volume "piece06"
	{Cylinder 10.7955 2.20224}
	{Bone "piece06"}
	{Matrix34
		1	0	0
		0	0	-1
		0	1	0
		0	0.0249186	0
	}
}
{Volume "piece07"
	{Cylinder 12.7957 1.93786}
	{Bone "piece07"}
	{Matrix34
		1	0	0
		0	-0.0479198	-0.998851
		0	0.998851	-0.0479198
		0	0.0780891	-0.0546826
	}
}
{Volume "piece08"
	{Cylinder 10.7955 1.73575}
	{Bone "piece08"}
	{Matrix34
		1	0	0
		0	-0.0326018	0.999468
		0	-0.999468	-0.0326018
		0	0.0328446	0.0596721
	}
}
{Volume "piece09"
	{Cylinder 12.7957 2.00504}
	{Bone "piece09"}
	{Matrix34
		1	0	0
		0	-0.0502739	0.998735
		0	-0.998735	-0.050274
		0	-0.115089	0.150205
	}
}
{Volume "piece10"
	{Box 46.734 8.0861 1.81795}
	{Bone "piece10"}
	{Position 0	0	0}
}
{Volume "piece11"
	{Box 47.7524 2.87187 2.96273}
	{Bone "piece11"}
	{Matrix34
		0.954082	0	-0.299546
		0	1	0
		0.299546	0	0.954082
		0.481896	0	0.0340832
	}
}
{Volume "piece12"
	{Box 36.36 1.86265 16.7796}
	{Bone "piece12"}
	{Position 0	0	0}
}
{Volume "piece13"
	{Box 33.7034 1.72587 15.4065}
	{Bone "piece13"}
	{Position 0	0	0}
}
{Volume "piece14"
	{Box 2.20766 30.853 12.1069}
	{Bone "piece14"}
	{Position 0	0	0}
}
