;Exported by: shevchenko
;Date:        Tue Mar 14 15:12:52 2006
;File:        D:\-Projects1_5-\-3DWork-\euro1_corner2_lm_corner.max
{Skeleton
	{bone "101_f3w7"
		{Orientation
			1	0	0
			0	-1	0
			0	0	1
		}
		{VolumeView "101_f3w7.ply"}
		{bone "fix79"
			{Position -8.01938	-62.8285	-18.6582}
		}
		{bone "fix80"
			{Position -8.01938	25.4683	-18.6582}
		}
		{bone "fix81"
			{Position -8.01938	-13.7474	-30.9408}
		}
	}
}
{Volume "body1"
	{Box 5.90552 76.5753 13.8351}
	{Bone "101_f3w7"}
	{Position -8.01938	-18.0981	-18.6583}
}
{Volume "body2"
	{Box 19.685 9.84251 84.8819}
	{Bone "101_f3w7"}
	{Position 22.1353	14.9503	1.0725}
}
{Volume "floor1"
	{Box 30.4771 55.164 1.9685}
	{Bone "101_f3w7"}
	{Position 10.0446	-9.8457	-14.8575}
}
{Volume "roof1"
	{Box 23.1892 60.3784 2.95276}
	{Bone "101_f3w7"}
	{Matrix34
		-0.909128	0	-0.416517
		0	-1	0
		-0.416517	0	0.909128
		-20.552	-6.26203	-15.0781
	}
}
{Volume "roof2"
	{Box 41.0619 67.8409 2.95276}
	{Bone "101_f3w7"}
	{Matrix34
		-0.770348	0	-0.637624
		0	-1	0
		-0.637624	0	0.770348
		5.00771	6.71416	2.15335
	}
}
{Volume "roof3"
	{Box 31.6177 29.1716 2.95276}
	{Bone "101_f3w7"}
	{Matrix34
		0	-0.625309	-0.780377
		1	0	0
		0	-0.780377	0.625309
		1.56913	34.4846	1.67438
	}
}
