;Exported by: vic
;Date:        Wed Jul 20 14:21:12 2005
;File:        D:\Obmen\stroghold22as1.max
{Skeleton
	{bone "backwall_stairs5"
		{Orientation
			1	0	0
			0	-1	0
			0	0	1
		}
		{VolumeView "backwall_stairs5.ply"}
	}
}
{Obstacle "body3"
	{Obb2
		{Center -115.434 -8.23337}
		{Extent 12.3774 16.4894}
		{Axis 1 0}
	}
	{Rotate}
}
{Obstacle "body2"
	{Obb2
		{Center -0.0233154 -8.23337}
		{Extent 24.4981 16.4894}
		{Axis 1 0}
	}
	{Rotate}
}
{Obstacle "body1"
	{Obb2
		{Center 115.626 -8.23337}
		{Extent 12.3774 16.4894}
		{Axis 1 0}
	}
	{Rotate}
}
{Obstacle "body"
	{Obb2
		{Center 0.283203 9.6731}
		{Extent 127.953 14.1387}
		{Axis 1 0}
	}
	{Rotate}
}
{Volume "body3"
	{Box 24.7548 15.748 78.9877}
	{Bone "backwall_stairs5"}
	{Matrix34
		1	0	0
		0	0.974778	0.223174
		0	-0.223174	0.974778
		-115.434	8.23342	36.9615
	}
}
{Volume "body2"
	{Box 48.9963 15.748 78.9877}
	{Bone "backwall_stairs5"}
	{Matrix34
		1	0	0
		0	0.974778	0.223174
		0	-0.223174	0.974778
		-0.0233154	8.23342	36.9615
	}
}
{Volume "body1"
	{Box 24.7548 15.748 78.9877}
	{Bone "backwall_stairs5"}
	{Matrix34
		1	0	0
		0	0.974778	0.223174
		0	-0.223174	0.974778
		115.626	8.23342	36.9615
	}
}
{Volume "body"
	{Box 255.906 28.2774 88.8334}
	{Bone "backwall_stairs5"}
	{Position 0.283203	-9.6731	44.56}
}
