;Exported by: shevchenko
;Date:        Mon Aug 29 11:36:58 2005
;File:        D:\-Projects1_5-\-3DWork-\e_farm_121_lm_corner_x.max
{Skeleton
	{animation
		{sequence "crush" {speed 0.4}}
	}
	{bone "121_f1w2"
		{parameters "CommonMesh;"}
		{Orientation
			1	0	0
			0	-1	0
			0	0	1
		}
		{VolumeView "121_f1w2.ply"}
		{bone "piece0"
			{Matrix34
				0	-1	0
				0	0	1
				-1	0	0
				2.78555	-21.33	15.5296
			}
			{VolumeView "piece0.ply"}
		}
		{bone "piece1"
			{Matrix34
				0	-1	0
				0	0	1
				-1	0	0
				2.78555	3.7681	23.7881
			}
			{VolumeView "piece1.ply"}
		}
		{bone "piece2"
			{Matrix34
				0	-1	0
				0	0	1
				-1	0	0
				2.78555	-13.0535	39.7873
			}
			{VolumeView "piece2.ply"}
		}
		{bone "piece3"
			{Matrix34
				0	-1	0
				0	0	1
				-1	0	0
				2.78557	11.5527	49.2189
			}
			{VolumeView "piece3.ply"}
		}
		{bone "piece4"
			{Matrix34
				0	-1	0
				0	0	1
				-1	0	0
				2.78555	-12.0693	60.3867
			}
			{VolumeView "piece4.ply"}
		}
	}
}
{Volume "piece4"
	{Box 5.90551 13.1102 18.5491}
	{Bone "piece4"}
	{Matrix34
		0	0	-1
		-0.906877	-0.421394	0
		-0.421394	0.906877	0
		0.586544	-0.430283	0
	}
}
{Volume "piece3"
	{Box 5.90551 12.9331 16.974}
	{Bone "piece3"}
	{Matrix34
		0	0	-1
		-0.935104	-0.354373	0
		-0.354373	0.935104	0
		-1.88628	-0.253575	0
	}
}
{Volume "piece2"
	{Box 5.90552 25.3543 12.3053}
	{Bone "piece2"}
	{Matrix34
		0	0	-1
		-0.90712	0.420871	0
		0.420871	0.90712	0
		-0.561381	0.500251	0
	}
}
{Volume "piece1"
	{Box 5.90551 14.4515 19.4412}
	{Bone "piece1"}
	{Matrix34
		0	0	-1
		-1	0	0
		0	1	0
		0.00221961	-0.390483	0
	}
}
{Volume "piece0"
	{Box 5.90552 13.2161 21.0803}
	{Bone "piece0"}
	{Matrix34
		0	0	-1
		-0.950048	0.312105	0
		0.312105	0.950048	0
		0.18067	0.873515	0
	}
}
