;Exported by: kenny
;Date:        Mon Jul 28 17:35:55 2008
;File:        D:\Obmen\meshki2_copy01_x.max
{Skeleton
	{animation
		{sequence "crush1"}
	}
	{bone "sandbag2_round_x"
		{Orientation
			1	0	0
			0	-1	0
			0	0	1
		}
		{bone "land"
			{parameters "Land;Ground;"}
			{Matrix34
				-0.0871554	-0.996195	0
				0.996195	-0.0871554	0
				0	0	1
				22.2757	-6.47168	0
			}
			{visibility 0}
			{VolumeView "land.ply" {Ground}}
		}
		{bone "x1"
			{parameters "CommonMesh;"}
			{Position 0	0	0}
			{VolumeView "x1.ply"}
		}
		{bone "x2"
			{Matrix34
				-1	0	0
				0	-1	0
				0	0	1
				24.6224	20.1215	0
			}
			{bone "piece2"
				{Matrix34
					-0.996195	0.0871559	0
					-0.0871559	-0.996195	0
					0	0	1
					-1.75705	5.09192	9.41083
				}
				{VolumeView "piece2.ply"}
			}
			{bone "piece3"
				{Matrix34
					-0.996195	0.0871559	0
					-0.0871559	-0.996195	0
					0	0	1
					-4.06409	12.5973	12.8219
				}
				{VolumeView "piece3.ply"}
			}
			{bone "piece4"
				{Matrix34
					-0.996195	0.0871559	0
					-0.0871559	-0.996195	0
					0	0	1
					-1.52253	-1.43636	12.4811
				}
				{VolumeView "piece4.ply"}
			}
			{bone "piece5"
				{Matrix34
					-0.996195	0.0871559	0
					-0.0871559	-0.996195	0
					0	0	1
					13.2656	-22.5625	11.368
				}
				{VolumeView "piece5.ply"}
			}
			{bone "piece6"
				{Matrix34
					-0.996195	0.0871559	0
					-0.0871559	-0.996195	0
					0	0	1
					-2.88695	27.4089	13.1113
				}
				{VolumeView "piece6.ply"}
			}
			{bone "piece7"
				{Matrix34
					-0.996195	0.0871559	0
					-0.0871559	-0.996195	0
					0	0	1
					16.9146	58.3805	11.2022
				}
				{VolumeView "piece7.ply"}
			}
			{bone "piece8"
				{Matrix34
					-0.906308	0.422618	0
					-0.422618	-0.906308	0
					0	0	1
					-2.46148	34.3063	9.41083
				}
				{VolumeView "piece8.ply"}
			}
			{bone "piece0"
				{Matrix34
					-0.996195	0.0871559	0
					-0.0871559	-0.996195	0
					0	0	1
					-1.23902	-19.5559	3.36627
				}
				{VolumeView "piece0.ply"}
			}
			{bone "piece1"
				{Matrix34
					-0.996195	0.0871559	0
					-0.0871559	-0.996195	0
					0	0	1
					-6.59783	46.1438	3.36627
				}
				{VolumeView "piece1.ply"}
			}
		}
	}
}
{Obstacle "body1"
	{Obb2
		{Center 26.0697 -11.5928}
		{Extent 8.89352 5.362}
		{Axis 0.174345 0.984685}
	}
	{Rotate}
	{Tags  "body"}
}
{Obstacle "body2"
	{Obb2
		{Center 21.9865 24.756}
		{Extent 5.37238 12.6079}
		{Axis 0.809204 0.587528}
	}
	{Rotate}
	{Tags  "body"}
}
{Obstacle "body3"
	{Obb2
		{Center 23.6069 -25.2961}
		{Extent 5.30569 5.34643}
		{Axis 0.208587 0.978004}
	}
	{Rotate}
	{Tags  "body"}
}
{Obstacle "body4"
	{Obb2
		{Center 16.7065 -37.0515}
		{Extent 11.2135 6.00405}
		{Axis 0.694951 0.719057}
	}
	{Rotate}
	{Tags  "body"}
}
{Obstacle "body5"
	{Obb2
		{Center 11.0122 35.7482}
		{Extent 5.31424 10.7915}
		{Axis 0.694951 0.719057}
	}
	{Rotate}
	{Tags  "body"}
}
{Obstacle "body6"
	{Obb2
		{Center 17.8085 30.5084}
		{Extent 5.33841 6.5697}
		{Axis 0.694951 0.719057}
	}
	{Rotate}
	{Tags  "body"}
}
{Obstacle "body7"
	{Obb2
		{Center 28.0229 -0.802913}
		{Extent 5.34101 6.5718}
		{Axis 0.999848 0.0174436}
	}
	{Rotate}
	{Tags  "body"}
}
{Obstacle "body8"
	{Obb2
		{Center 20.2993 -33.3939}
		{Extent 6.5697 5.33842}
		{Axis 0.694951 0.719057}
	}
	{Rotate}
	{Tags  "body"}
}
{Obstacle "body"
	{Obb2
		{Center 26.7399 5.56896}
		{Extent 5.30333 9.84275}
		{Axis 0.996199 0.0871117}
	}
	{Rotate}
	{Tags  "body"}
}
{Volume "body1"
	{Box 17.7165 10.6058 7.45039}
	{Bone "x1"}
	{Matrix34
		0.180924	-0.983497	0
		0.983497	0.180924	0
		0	0	1
		26.0697	11.5928	3.7252
	}
}
{Volume "body2"
	{Box 25.1575 10.6058 10.0646}
	{Bone "x1"}
	{Matrix34
		-0.583044	-0.812441	0
		0.812441	-0.583044	0
		0	0	1
		21.9865	-24.756	4.51551
	}
}
{Volume "body3"
	{Box 10.5236 10.6058 9.95084}
	{Bone "x1"}
	{Matrix34
		0.216705	-0.976237	0
		0.976237	0.216705	0
		0	0	1
		23.6069	25.2961	4.97542
	}
}
{Volume "body4"
	{Box 22.4145 11.9846 8.82812}
	{Bone "x1"}
	{Matrix34
		0.695706	-0.718326	0
		0.718326	0.695706	0
		0	0	1
		16.7065	37.0515	4.41406
	}
}
{Volume "body5"
	{Box 21.5718 10.6058 9.58777}
	{Bone "x1"}
	{Matrix34
		-0.718326	-0.695706	0
		0.695707	-0.718326	0
		0	0	1
		11.0122	-35.7482	4.79388
	}
}
{Volume "body6"
	{Box 13.0819 10.6058 5.78813}
	{Bone "x1"}
	{Matrix34
		-0.715265	-0.698854	0
		0.698853	-0.715265	0
		0	0	1
		17.8085	-30.5084	12.4802
	}
}
{Volume "body7"
	{Box 13.0819 10.6058 4.74627}
	{Bone "x1"}
	{Matrix34
		-0.0116047	-0.999932	0
		0.999933	-0.0116047	0
		0	0	1
		28.0229	0.802914	9.49187
	}
}
{Volume "body8"
	{Box 13.0819 10.6058 6.02776}
	{Bone "x1"}
	{Matrix34
		0.698854	-0.715265	0
		0.715265	0.698853	0
		0	0	1
		20.2993	33.3939	12.1119
	}
}
{Volume "body"
	{Box 19.685 10.6058 6.84252}
	{Bone "x1"}
	{Matrix34
		-0.0871554	-0.996195	0
		0.996195	-0.0871554	0
		0	0	1
		26.7399	-5.56896	3.42126
	}
}
{Volume "piece0"
	{Box 7.48885 12.3173 3.43554}
	{Bone "piece0"}
	{Matrix34
		0.475355	0.678703	-0.559821
		-0.806396	0.590551	0.0312323
		0.3518	0.436591	0.828025
		-0.0479212	-0.759161	0.0676227
	}
}
{Volume "piece1"
	{Box 6.85401 12.0836 3.84898}
	{Bone "piece1"}
	{Matrix34
		0.640856	-0.177946	-0.746752
		0.298836	0.953859	0.0291611
		0.707106	-0.241844	0.664463
		0.00346935	0.34596	-0.0775076
	}
}
{Volume "piece2"
	{Box 11.0332 12.9431 4.22368}
	{Bone "piece2"}
	{Matrix34
		0.939692	0.34202	0
		-0.34202	0.939692	0
		0	0	1
		0	0	-0.0896029
	}
}
{Volume "piece3"
	{Box 9.93538 13.2 4.68462}
	{Bone "piece3"}
	{Matrix34
		0.96068	0.197	-0.195666
		-0.226047	0.964127	-0.139147
		0.161235	0.177906	0.970749
		0.151151	-0.675697	-0.383001
	}
}
{Volume "piece4"
	{Box 10.6418 13.0569 3.6325}
	{Bone "piece4"}
	{Matrix34
		0.965926	0.258819	0
		-0.258819	0.965926	0
		0	0	1
		-0.552979	-0.32382	0.44302
	}
}
{Volume "piece5"
	{Box 10.7179 8.7971 4.46643}
	{Bone "piece5"}
	{Matrix34
		0.727048	-0.506189	0.463868
		0.548852	0.834406	0.0502825
		-0.412506	0.218037	0.884476
		-0.335616	0.11598	-0.285597
	}
}
{Volume "piece6"
	{Box 9.5002 12.4927 3.96693}
	{Bone "piece6"}
	{Matrix34
		0.984923	-0.00131876	-0.172987
		-0.00131938	0.999885	-0.0151348
		0.172987	0.0151348	0.984808
		-0.12251	0.285785	-0.363424
	}
}
{Volume "piece7"
	{Box 12.1433 10.5467 4.24735}
	{Bone "piece7"}
	{Matrix34
		0.720716	0.549581	0.422528
		-0.621542	0.782213	0.0427566
		-0.307008	-0.293434	0.905341
		-0.622379	-0.585772	0.306782
	}
}
{Volume "piece8"
	{Box 10.0087 12.2619 4.45833}
	{Bone "piece8"}
	{Matrix34
		0.939693	0.34202	0
		-0.34202	0.939693	0
		0	0	1
		0	0	0.114255
	}
}
