;Exported by: sana
;Date:        Wed Feb 22 11:56:44 2006
;File:        D:\-Project-\-3DWork-\Entourage\build_euro\build-20_cut02_x.max
{Skeleton
	{bone "b_euro_corn16"
		{Orientation
			1	0	0
			0	-1	0
			0	0	1
		}
		{bone "piece02"
			{Position 7.10165	-0.464474	103.268}
			{VolumeView "piece02.ply"}
		}
		{bone "piece03"
			{Position -15.381	-39.5814	119.031}
			{VolumeView "piece03.ply"}
		}
		{bone "piece04"
			{Position -18.5714	1.82174	96.8762}
			{VolumeView "piece04.ply"}
		}
		{bone "piece05"
			{Position -6.4639	-39.6084	96.8762}
			{VolumeView "piece05.ply"}
		}
		{bone "piece00"
			{Position -19.7257	-40.935	124.175}
			{VolumeView "piece00.ply"}
		}
		{bone "piece01"
			{Position -21.1276	3.14707	124.75}
			{VolumeView "piece01.ply"}
		}
		{bone "piece06"
			{Position 11.5485	23.0683	82.7043}
			{VolumeView "piece06.ply"}
			{bone "sub_piece06"
				{Position 0	-15.2817	3.11511}
				{VolumeView "sub_piece06.ply"}
			}
		}
		{bone "piece07"
			{Position 11.5485	29.3573	53.1989}
			{VolumeView "piece07.ply"}
			{bone "sub_piece07"
				{Position 0	-12.2841	-5.52492}
				{VolumeView "sub_piece07.ply"}
			}
		}
		{bone "piece08"
			{Position 11.5485	-1.55769	70.7783}
			{VolumeView "piece08.ply"}
			{bone "sub_piece08"
				{Position 0	-2.58732	-11.8048}
				{VolumeView "sub_piece08.ply"}
			}
		}
		{bone "piece09"
			{Position 11.5485	-30.829	56.5491}
			{VolumeView "piece09.ply"}
			{bone "sub_piece09"
				{Position 0	8.63995	9.63923}
				{VolumeView "sub_piece09.ply"}
			}
		}
		{bone "piece10"
			{Position -20.1077	24.6453	49.1266}
			{VolumeView "piece10.ply"}
			{bone "sub_piece10"
				{Position 18.9464	-1.80816	0}
				{VolumeView "sub_piece10.ply"}
			}
		}
		{bone "piece11"
			{Position -21.5266	-15.9989	49.1266}
			{VolumeView "piece11.ply"}
			{bone "sub_piece11"
				{Position 19.7325	-4.63831	0}
				{VolumeView "sub_piece11.ply"}
			}
		}
	}
}
{Volume "piece00"
	{Box 33.4318 38.0625 3.83171}
	{Bone "piece00"}
	{Matrix34
		0.779397	0	-0.62653
		0	1	0
		0.62653	0	0.779397
		-1.05016	-1.53771	0.75969
	}
}
{Volume "piece01"
	{Box 39.1734 42.5865 3.76303}
	{Bone "piece01"}
	{Matrix34
		0.779397	0	-0.62653
		0	1	0
		0.62653	0	0.779397
		1.0421	-2.0301	-0.223864
	}
}
{Volume "piece02"
	{Box 29.1112 61.0065 3.75421}
	{Bone "piece02"}
	{Matrix34
		0.776881	0	-0.629647
		0	1	0
		0.629647	0	0.776881
		0.212616	-1.53135	0.152776
	}
}
{Volume "piece03"
	{Box 74.8813 4.19975 4.87523}
	{Bone "piece03"}
	{Matrix34
		0.791817	0	-0.610758
		0	1	0
		0.610758	0	0.791817
		0.0467937	0	-0.117368
	}
}
{Volume "piece04"
	{Box 63.3619 4.183 3.91196}
	{Bone "piece04"}
	{Position 0	0	0}
}
{Volume "piece05"
	{Box 39.1468 4.183 3.91196}
	{Bone "piece05"}
	{Position 0	0	0}
}
{Volume "piece06"
	{Box 7.87402 16.5512 24.9209}
	{Bone "piece06"}
	{Matrix34
		1	0	0
		0	0.92057	0.390577
		0	-0.390577	0.92057
		0	1.87594	2.38479
	}
}
{Volume "piece07"
	{Box 7.87402 21.9821 25.2453}
	{Bone "piece07"}
	{Position 0	0	-1.2484}
}
{Volume "piece08"
	{Box 7.87402 18.1836 25.9939}
	{Bone "piece08"}
	{Matrix34
		1	0	0
		0	0.922976	0.384858
		0	-0.384858	0.922976
		0	0.106807	0.0293798
	}
}
{Volume "piece09"
	{Box 7.87402 25.5251 17.7902}
	{Bone "piece09"}
	{Matrix34
		1	0	0
		0	0.994866	-0.101203
		0	0.101203	0.994866
		0	-0.0324935	0.266009
	}
}
{Volume "piece10"
	{Box 28.1444 32.2324 3.93701}
	{Bone "piece10"}
	{Position 0	0	0}
}
{Volume "piece11"
	{Box 24.6853 27.3582 3.93701}
	{Bone "piece11"}
	{Position 0	0	0}
}
{Volume "sub_piece06"
	{Box 7.87402 19.9837 16.5747}
	{Bone "sub_piece06"}
	{Position 0	0	0}
}
{Volume "sub_piece07"
	{Box 7.87402 18.1029 16.6923}
	{Bone "sub_piece07"}
	{Position 0	0	0}
}
{Volume "sub_piece08"
	{Box 7.87402 13.8474 18.1956}
	{Bone "sub_piece08"}
	{Matrix34
		1	0	0
		0	0.621755	0.783212
		0	-0.783212	0.621755
		0	-1.96023	-1.87973
	}
}
{Volume "sub_piece09"
	{Box 7.87402 13.3962 17.943}
	{Bone "sub_piece09"}
	{Matrix34
		1	0	0
		0	0.7987	0.60173
		0	-0.60173	0.7987
		0	0.0333216	0.175479
	}
}
{Volume "sub_piece10"
	{Box 24.2136 26.1004 3.93701}
	{Bone "sub_piece10"}
	{Position 0	0	0}
}
{Volume "sub_piece11"
	{Box 19.8111 28.4588 3.93701}
	{Bone "sub_piece11"}
	{Position 0	0	0}
}
