;Exported by: sergienko
;Date:        Fri Jul 14 16:27:56 2006
;File:        D:\-projets1_5\3dwork\anima\construction\house_euro_100c\euro_corner_n_x.max
{Skeleton
	{bone "100_corner4_n_x"
		{Orientation
			1	0	0
			0	-1	0
			0	0	1
		}
		{bone "piece3"
			{Matrix34
				0	0.819152	0.573576
				0	0.573576	-0.819152
				-1	0	0
				-28.4288	7.37888	9.66606
			}
			{VolumeView "piece3.ply"}
		}
		{bone "piece2"
			{Matrix34
				0	0.819152	0.573576
				0	0.573576	-0.819152
				-1	0	0
				-28.4288	-5.39524	30.4131
			}
			{VolumeView "piece2.ply"}
		}
		{bone "piece1"
			{Matrix34
				0	0.819152	0.573576
				0	0.573576	-0.819152
				-1	0	0
				-28.4288	-3.28393	47.4346
			}
			{VolumeView "piece1.ply"}
		}
		{bone "piece5"
			{Matrix34
				0	-0.866026	0.499999
				0	-0.499999	-0.866026
				1	0	0
				-28.3708	13.0245	69.1338
			}
			{VolumeView "piece5.ply"}
		}
		{bone "piece4"
			{Matrix34
				0	0.819152	0.573576
				0	0.573576	-0.819152
				-1	0	0
				-28.4288	13.8853	39.0377
			}
			{VolumeView "piece4.ply"}
		}
		{bone "piece8"
			{Matrix34
				0.34202	0	-0.939693
				0.939693	0	0.34202
				0	-1	0
				-13.0902	20.968	13.0383
			}
			{VolumeView "piece8.ply"}
		}
		{bone "piece9"
			{Matrix34
				0.5	0	-0.866025
				0.866025	0	0.5
				0	-1	0
				10.2959	21.5046	9.66667
			}
			{VolumeView "piece9.ply"}
		}
		{bone "piece10"
			{Matrix34
				-0.34202	0	0.939693
				-0.939693	0	-0.34202
				0	-1	0
				23.5313	21.1295	33.3211
			}
			{VolumeView "piece10.ply"}
		}
		{bone "piece7"
			{Matrix34
				0.642788	0	-0.766044
				0.766044	0	0.642788
				0	-1	0
				6.30362	21.5382	51.9719
			}
			{VolumeView "piece7.ply"}
		}
		{bone "piece6"
			{Matrix34
				0.5	0	0.866026
				-0.866026	0	0.5
				0	-1	0
				-15.4206	20.8878	43.8207
			}
			{VolumeView "piece6.ply"}
		}
		{bone "piece13"
			{Matrix34
				0	0	1
				-0.818678	-0.574253	0
				0.574253	-0.818678	0
				-7.89182	-9.26414	52.4896
			}
			{VolumeView "piece13.ply"}
		}
		{bone "piece12"
			{Matrix34
				0	0	1
				0.622611	0.782532	0
				-0.782532	0.622611	0
				16.909	2.79869	52.4896
			}
			{VolumeView "piece12.ply"}
		}
		{bone "piece11"
			{Matrix34
				0	0	1
				0.0321918	-0.999482	0
				0.999482	0.0321918	0
				-0.930054	8.46986	52.4896
			}
			{VolumeView "piece11.ply"}
		}
		{bone "piece14"
			{Matrix34
				0	0	1
				0	1	0
				-1	0	0
				-17.275	28.3093	24.6063
			}
			{VolumeView "piece14.ply"}
		}
	}
}
{Volume "piece10"
	{Box 24.7397 13.4835 5.90551}
	{Bone "piece10"}
	{Matrix34
		0.920391	-0.390999	0
		0.390999	0.920391	0
		0	0	1
		0	0	0
	}
}
{Volume "piece11"
	{Box 3.76 13.7139 46.715}
	{Bone "piece11"}
	{Position 0	-3.28466	0}
}
{Volume "piece12"
	{Box 3.76 25.1637 17.4847}
	{Bone "piece12"}
	{Position 0	0	-1.03125e-005}
}
{Volume "piece13"
	{Box 3.76 24.1594 11.1887}
	{Bone "piece13"}
	{Matrix34
		1	0	0
		0	0.825991	-0.563683
		0	0.563683	0.825991
		0	-1.18069	-1.73008
	}
}
{Volume "piece14"
	{Box 49.2126 6.39764 3.93701}
	{Bone "piece14"}
	{Position 0	-2.43212	-1.50446e-005}
}
{Volume "piece1"
	{Box 16.0075 26.8375 5.90551}
	{Bone "piece1"}
	{Matrix34
		0.856414	-0.516289	0
		0.516289	0.856414	0
		0	0	1
		1.11471	-1.19705	0
	}
}
{Volume "piece2"
	{Box 14.4416 26.339 5.90551}
	{Bone "piece2"}
	{Position 0	0	0}
}
{Volume "piece3"
	{Box 33.3118 21.0877 5.90551}
	{Bone "piece3"}
	{Matrix34
		0.848347	0.52944	0
		-0.52944	0.848347	0
		0	0	1
		0	0	0
	}
}
{Volume "piece4"
	{Box 11.7911 31.4938 5.90551}
	{Bone "piece4"}
	{Matrix34
		0.823524	0.567282	0
		-0.567282	0.823524	0
		0	0	1
		-0.00346285	0.626419	0
	}
}
{Volume "piece5"
	{Box 17.4466 31.955 5.90551}
	{Bone "piece5"}
	{Matrix34
		0.892462	0.451122	0
		-0.451122	0.892462	0
		0	0	1
		0.0722187	-0.840572	0
	}
}
{Volume "piece6"
	{Box 33.3118 21.0877 5.90551}
	{Bone "piece6"}
	{Matrix34
		0.848347	0.52944	0
		-0.52944	0.848347	0
		0	0	1
		0	0	0
	}
}
{Volume "piece7"
	{Box 23.8351 12.4977 5.90551}
	{Bone "piece7"}
	{Matrix34
		0.619257	0.785188	0
		-0.785188	0.619257	0
		0	0	1
		1.09629	1.27968	0
	}
}
{Volume "piece8"
	{Box 24.7397 13.4835 5.90551}
	{Bone "piece8"}
	{Matrix34
		0.920391	-0.390999	0
		0.390999	0.920391	0
		0	0	1
		0	0	0
	}
}
{Volume "piece9"
	{Box 16.0075 26.8375 5.90551}
	{Bone "piece9"}
	{Matrix34
		0.856414	-0.516289	0
		0.516289	0.856414	0
		0	0	1
		1.11471	-1.19706	0
	}
}
