;Exported by: sana
;Date:        Thu Jul 06 15:44:49 2006
;File:        D:\ss\store_1\store_03n_x.max
{Skeleton
	{bone "store3_wall4"
		{Orientation
			1	0	0
			0	-1	0
			0	0	1
		}
		{bone "piece03"
			{Position -21.0114	0.141403	36.6713}
			{VolumeView "piece03.ply"}
			{bone "sub_piece03"
				{Position -3.31299	-1.30585e-005	-9.76232}
				{VolumeView "sub_piece03.ply"}
			}
		}
		{bone "piece04"
			{Position -13.9877	0.141403	22.3149}
			{VolumeView "piece04.ply"}
			{bone "sub_piece04"
				{Position -3.79895	-1.32694e-005	-6.8027}
				{VolumeView "sub_piece04.ply"}
			}
		}
		{bone "piece02"
			{Position 0.987061	0.141403	33.4024}
			{VolumeView "piece02.ply"}
			{bone "sub_piece02"
				{Position -2.56208	-1.37924e-005	-9.05555}
				{VolumeView "sub_piece02.ply"}
			}
		}
		{bone "piece01"
			{Position 20.3792	0.141388	37.378}
			{VolumeView "piece01.ply"}
			{bone "sub_piece01"
				{Position -3.84308	-1.43766e-005	-6.75853}
				{VolumeView "sub_piece01.ply"}
			}
		}
	}
}
{Volume "piece01"
	{Box 16.2947 5.90552 10.2659}
	{Bone "piece01"}
	{Matrix34
		0.848899	0	-0.528555
		0	1	0
		0.528555	0	0.848899
		-0.472901	0	-0.376911
	}
}
{Volume "piece02"
	{Box 10.1069 5.90552 13.1036}
	{Bone "piece02"}
	{Matrix34
		0.698182	0	-0.715921
		0	1	0
		0.715921	0	0.698182
		0.769864	0	-0.852444
	}
}
{Volume "piece03"
	{Box 12.4357 5.90551 13.4005}
	{Bone "piece03"}
	{Matrix34
		0.97992	0	-0.199392
		0	1	0
		0.199392	0	0.97992
		0.463608	0	-0.273572
	}
}
{Volume "piece04"
	{Box 10.2217 5.90551 11.5841}
	{Bone "piece04"}
	{Matrix34
		0.878757	0	0.47727
		0	1	0
		-0.47727	0	0.878757
		-0.0501999	0	-0.788215
	}
}
{Volume "sub_piece01"
	{Box 10.3764 5.90552 5.89715}
	{Bone "sub_piece01"}
	{Matrix34
		0.957116	0	-0.289705
		0	1	0
		0.289705	0	0.957116
		-0.286393	0	-0.445822
	}
}
{Volume "sub_piece02"
	{Box 9.45313 5.90551 5.9325}
	{Bone "sub_piece02"}
	{Matrix34
		0.989953	0	-0.141397
		0	1	0
		0.141397	0	0.989953
		-0.0740213	0	0.279613
	}
}
{Volume "sub_piece03"
	{Box 8.48129 5.90551 8.37175}
	{Bone "sub_piece03"}
	{Matrix34
		0.994217	0	-0.107391
		0	1	0
		0.107391	0	0.994217
		-0.0391578	0	0.241611
	}
}
{Volume "sub_piece04"
	{Box 7.06775 5.90551 7.13402}
	{Bone "sub_piece04"}
	{Matrix34
		0.912238	0	-0.409661
		0	1	0
		0.409661	0	0.912238
		-0.241567	0	-0.290706
	}
}
