;Exported by: shevchenko
;Date:        Wed Mar 01 18:14:07 2006
;File:        D:\-Projects1_5-\-3DWork-\e_farm_121_lm_corner.max
{Skeleton
	{bone "122_f2w1"
		{Orientation
			1	0	0
			0	-1	0
			0	0	1
		}
		{VolumeView "122_f2w1.ply"}
		{bone "exterior"
			{Position 0	-0.890769	1.41777}
			{VolumeView "exterior.ply"}
		}
		{bone "fix51"
			{Position -40.5797	28.1175	-24.9083}
		}
		{bone "fix49"
			{Position -2.21526	28.1175	-28.9437}
		}
		{bone "fix50"
			{Position 39.69	28.1175	-28.9437}
		}
	}
}
{Area "interior"
	{Obb2
		{Center -0.0360107 -6.46401}
		{Extent 43.3071 18.7008}
		{Axis -1 0}
	}
	{Rotate}
}
{Volume "body1"
	{Polyhedron "body1.vol"}
	{Bone "122_f2w1"}
	{Matrix34
		0.707107	0	-0.707107
		0	1	0
		0.707107	0	0.707107
		-28.236	28.1175	-21.0081
	}
}
{Volume "body2"
	{Box 21.6929 5.90551 28.5433}
	{Bone "122_f2w1"}
	{Matrix34
		0.707107	0	0.707107
		0	1	0
		-0.707107	0	0.707107
		23.7731	28.1175	-12.4542
	}
}
{Volume "roof1"
	{Box 23.622 1.9685 56.4475}
	{Bone "exterior"}
	{Matrix34
		0	1	0
		-0.707107	0	0.707107
		0.707107	0	0.707107
		-22.3177	20.15	6.85683
	}
}
{Volume "roof2"
	{Box 18.8976 1.9685 20.3211}
	{Bone "exterior"}
	{Matrix34
		0	1	0
		-0.707107	0	0.707107
		0.707107	0	0.707107
		-9.54049	-1.12136	19.634
	}
}
{Volume "roof3"
	{Box 18.8976 1.9685 27.4335}
	{Bone "exterior"}
	{Matrix34
		0	-1	0
		0.707107	0	0.707107
		-0.707107	0	0.707107
		7.70004	-1.12136	17.5553
	}
}
{Volume "roof4"
	{Box 23.622 1.9685 60.9633}
	{Bone "exterior"}
	{Matrix34
		0	-1	0
		0.707107	0	0.707107
		-0.707107	0	0.707107
		19.9398	20.15	5.29967
	}
}
