;Exported by: sergienko
;Date:        Sat Jul 30 12:25:29 2005
;File:        D:\-projets1_5\3dwork\anima\construction\cellar\cellar_x.max
{Skeleton
	{bone "cellar"
		{Orientation
			1	0	0
			0	-1	0
			0	0	1
		}
		{VolumeView "cellar.ply"}
		{bone "land"
			{Position 3.30709	0.334646	0}
			{VolumeView "land.ply"}
		}
		{bone "piece2"
			{Position -6.29798	-22.0998	22.6509}
			{VolumeView "piece2.ply"}
		}
		{bone "piece3"
			{Position 33.5604	-23.1958	11.08}
			{VolumeView "piece3.ply"}
		}
		{bone "piece4"
			{Position -8.21073	-24.4881	9.1323}
			{VolumeView "piece4.ply"}
		}
		{bone "piece5"
			{Position -2.98958	-9.53034	39.4779}
			{VolumeView "piece5.ply"}
		}
		{bone "piece7"
			{Position 20.3995	11.0422	32.9188}
			{VolumeView "piece7.ply"}
		}
		{bone "piece8"
			{Position -9.99753	13.6099	38.4498}
			{VolumeView "piece8.ply"}
		}
		{bone "piece9"
			{Position 11.9077	-18.8931	31.7831}
			{VolumeView "piece9.ply"}
		}
		{bone "piece10"
			{Position -33.8952	-19.5588	11.4103}
			{VolumeView "piece10.ply"}
		}
		{bone "piece11"
			{Position 21.2885	23.8406	13.0328}
			{VolumeView "piece11.ply"}
		}
		{bone "piece12"
			{Position -24.6136	23.0181	25.0309}
			{VolumeView "piece12.ply"}
		}
		{bone "piece13"
			{Position -33.8952	15.746	20.4268}
			{VolumeView "piece13.ply"}
		}
		{bone "piece14"
			{Position -44.4064	-15.6593	19.6445}
			{VolumeView "piece14.ply"}
		}
		{bone "piece15"
			{Position -4.57284	25.0706	13.1956}
			{VolumeView "piece15.ply"}
		}
		{bone "piece6"
			{Position -21.5553	15.9716	31.7831}
			{VolumeView "piece6.ply"}
		}
		{bone "piece1"
			{Position -2.50831	12.5316	31.7831}
			{VolumeView "piece1.ply"}
		}
		{bone "fx_dust1"
			{Position 5.95959	14.8191	11.9496}
		}
		{bone "fx_wood1"
			{Position 5.92383	-12.0934	11.9496}
		}
	}
}
{Obstacle "obstacle5"
	{Obb2
		{Center -34.4104 18.4049}
		{Extent 1.73525 8.49249}
		{Axis -1 0}
	}
	{Rotate}
}
{Obstacle "obstacle4"
	{Obb2
		{Center -34.4104 -19.2594}
		{Extent 1.73525 8.49249}
		{Axis -1 0}
	}
	{Rotate}
}
{Obstacle "obstacle3"
	{Obb2
		{Center 2.89923 24.5711}
		{Extent 39.718 1.92806}
		{Axis -1 0}
	}
	{Rotate}
}
{Obstacle "obstacle2"
	{Obb2
		{Center 40.882 -0.210638}
		{Extent 1.73525 26.7036}
		{Axis -1 0}
	}
	{Rotate}
}
{Obstacle "obstacle1"
	{Obb2
		{Center 2.89923 -25.3718}
		{Extent 39.718 1.92806}
		{Axis -1 0}
	}
	{Rotate}
}
{Area "interior"
	{Obb2
		{Center 5.4307 -0.260194}
		{Extent 37.0187 23.1367}
		{Axis -1 0}
	}
}
{Area "cut"
	{Polygon2
		{Radius 0}
		{Vertex 42.0077 24.3519}
		{Vertex -31.588 24.3519}
		{Vertex -31.588 -24.5769}
		{Vertex 42.0077 -24.5769}
	}
	{Rotate}
}
{Volume "piece1"
	{Box 2.81386 2.67244 26.8499}
	{Bone "piece1"}
	{Matrix34
		-1	0	0
		0	-0.892424	-0.451197
		0	-0.451197	0.892424
		0	-0.0128612	0.0682733
	}
}
{Volume "piece6"
	{Box 2.81386 2.67244 26.8499}
	{Bone "piece6"}
	{Matrix34
		-0.34202	0.939693	0
		-0.838605	-0.305227	-0.451197
		-0.423987	-0.154318	0.892424
		-0.0120874	-0.00439928	0.0682723
	}
}
{Volume "piece15"
	{Box 6.25254 12.8673 3.73091}
	{Bone "piece15"}
	{Matrix34
		-0.819152	0	0.573576
		0.573576	0	0.819152
		0	1	0
		-0.541779	0	0.436865
	}
}
{Volume "piece14"
	{Box 19.9983 1.84423 39.3596}
	{Bone "piece14"}
	{Matrix34
		0.739587	0.673061	0
		-0.673061	0.739587	0
		0	0	1
		0.289829	-0.103747	0
	}
}
{Volume "piece13"
	{Box 7.21056 12.0345 3.73091}
	{Bone "piece13"}
	{Matrix34
		0	-0.258819	0.965926
		0	0.965926	0.258819
		-1	0	0
		0	0.0176264	1.05258
	}
}
{Volume "piece12"
	{Box 22.9589 1.55172 19.4653}
	{Bone "piece12"}
	{Matrix34
		0.97492	0.00941481	-0.222358
		0.102353	0.868212	0.485522
		0.197625	-0.496104	0.845473
		0.0261578	0.988895	0.171061
	}
}
{Volume "piece11"
	{Box 18.4298 1.55434 15.2666}
	{Bone "piece11"}
	{Matrix34
		0.96792	-0.0334066	-0.249028
		0.166979	0.826117	0.538191
		0.187747	-0.562508	0.805193
		0.13986	0.905568	0.583607
	}
}
{Volume "piece10"
	{Box 10.0677 9.02584 3.73091}
	{Bone "piece10"}
	{Matrix34
		0	-0.926653	0.375917
		0	0.375917	0.926653
		-1	0	0
		0	0.469463	0.24138
	}
}
{Volume "piece9"
	{Box 2.81386 2.67244 26.8499}
	{Bone "piece9"}
	{Matrix34
		1	0	0
		0	0.892424	-0.451197
		0	0.451197	0.892424
		0	0.0128622	0.0682733
	}
}
{Volume "piece8"
	{Box 18.2103 1.46457 17.8126}
	{Bone "piece8"}
	{Matrix34
		0.987782	-0.118611	-0.101086
		0.155843	0.751795	0.640716
		0	-0.648641	0.761094
		0	0	0
	}
}
{Volume "piece7"
	{Box 30.5794 1.57944 15.4279}
	{Bone "piece7"}
	{Matrix34
		0.976527	-0.0522873	-0.208953
		0.191417	0.655484	0.730548
		0.0987668	-0.753397	0.650107
		0	0	0
	}
}
{Volume "piece5"
	{Box 29.4666 1.21776 13.8601}
	{Bone "piece5"}
	{Matrix34
		0.96294	-0.0146646	-0.269316
		-0.189608	0.673337	-0.714609
		0.19182	0.73919	0.645603
		0.369235	-0.170437	1.32948
	}
}
{Volume "piece4"
	{Box 9.70617 10.0644 3.73091}
	{Bone "piece4"}
	{Matrix34
		1	0	0
		0	0	1
		0	-1	0
		0.515089	0	0.857807
	}
}
{Volume "piece3"
	{Box 26.7515 0.955814 19.238}
	{Bone "piece3"}
	{Matrix34
		0.976941	-0.0213674	-0.212436
		-0.107361	0.810876	-0.575286
		0.184551	0.584828	0.789884
		0	-0.460399	0.567884
	}
}
{Volume "piece2"
	{Box 20.2001 0.845 22.4885}
	{Bone "piece2"}
	{Matrix34
		0.967793	-0.0218848	-0.250794
		-0.109946	0.859444	-0.499268
		0.22647	0.510762	0.829358
		-0.482051	-0.0572942	0.477369
	}
}
