;Exported by: sana
;Date:        Tue Apr 25 15:20:25 2006
;File:        D:\-Project-\-3DWork-\Entourage\e-house023_corner_x.max
{Skeleton
	{bone "barn_corner5"
		{Orientation
			1	0	0
			0	-1	0
			0	0	1
		}
		{bone "piece0"
			{Position 23.7769	9.42647	70.3617}
			{VolumeView "piece0.ply"}
		}
		{bone "piece1"
			{Position 23.9156	6.39543	96.3441}
			{VolumeView "piece1.ply"}
		}
		{bone "piece2"
			{Position 12.0662	16.8545	112.474}
			{VolumeView "piece2.ply"}
		}
		{bone "piece3"
			{Position 4.84601	-15.4946	79.4975}
			{VolumeView "piece3.ply"}
		}
		{bone "exterior"
			{Position 4.8819	0.216537	97.5787}
		}
		{bone "piece4"
			{Position -18.8259	14.4515	116.018}
			{VolumeView "piece4.ply"}
		}
		{bone "piece5"
			{Position -18.8024	22.7502	99.3656}
			{VolumeView "piece5.ply"}
			{bone "sub_piece5"
				{Position 0	-15.8496	-5.61807}
				{VolumeView "sub_piece5.ply"}
			}
		}
		{bone "piece6"
			{Position -18.8259	-13.3909	84.6733}
			{VolumeView "piece6.ply"}
		}
		{bone "piece7"
			{Position -18.8024	8.30096	60.7688}
			{VolumeView "piece7.ply"}
			{bone "sub_piece7"
				{Position 0	-8.90697	-4.28856}
				{VolumeView "sub_piece7.ply"}
			}
		}
		{bone "piece8"
			{Position -18.8024	-17.036	54.1625}
			{VolumeView "piece8.ply"}
			{bone "sub_piece8"
				{Position -0.0234702	0.214401	-16.8453}
				{VolumeView "sub_piece8.ply"}
			}
		}
		{bone "piece9"
			{Position -18.8024	10.0822	28.6377}
			{VolumeView "piece9.ply"}
			{bone "sub_piece9"
				{Position 0	-4.81636	-10.8863}
				{VolumeView "sub_piece9.ply"}
			}
		}
		{bone "piece10"
			{Position -2.9104	-21.8882	58.4884}
			{VolumeView "piece10.ply"}
			{bone "sub_piece10"
				{Position -5.00925	1.36069e-005	-11.7551}
				{VolumeView "sub_piece10.ply"}
			}
		}
		{bone "piece11"
			{Position -5.95917	-21.8882	26.6825}
			{VolumeView "piece11.ply"}
			{bone "sub_piece11"
				{Position -0.802874	0	-8.40653}
				{VolumeView "sub_piece11.ply"}
			}
		}
	}
}
{Volume "piece0"
	{Box 2.78735 57.8494 2.92747}
	{Bone "piece0"}
	{Position 0	0	0}
}
{Volume "piece10"
	{Box 19.6363 7.00001 18.784}
	{Bone "piece10"}
	{Position 0	0	1.36779}
}
{Volume "piece11"
	{Box 13.696 7 16.0839}
	{Bone "piece11"}
	{Matrix34
		0.990793	0	-0.135389
		0	1	0
		0.135389	0	0.990793
		0.215585	0	1.57791
	}
}
{Volume "piece1"
	{Box 2.36623 75.4188 3.21121}
	{Bone "piece1"}
	{Matrix34
		1	0	0
		0	0.706449	0.707763
		0	-0.707763	0.706449
		0	-0.149505	-0.0877814
	}
}
{Volume "piece2"
	{Box 44.9291 51.2801 3.77046}
	{Bone "piece2"}
	{Matrix34
		1	0	0
		0	0.695636	0.718395
		0	-0.718395	0.695636
		-3.92122	-1.11733	0.0954659
	}
}
{Volume "piece3"
	{Box 32.1308 44.6925 3.42976}
	{Bone "piece3"}
	{Matrix34
		1	0	0
		0	0.714689	0.699443
		0	-0.699443	0.714689
		-2.84067	-1.22329	0.966432
	}
}
{Volume "piece4"
	{Box 7 23.7519 12.808}
	{Bone "piece4"}
	{Matrix34
		1	0	0
		0	0.691414	0.722459
		0	-0.722459	0.691414
		-1.3494e-005	-0.080141	-1.97545
	}
}
{Volume "piece5"
	{Box 7.00002 19.9318 25.6521}
	{Bone "piece5"}
	{Matrix34
		1	0	0
		0	0.983903	0.178703
		0	-0.178703	0.983903
		-1.1024e-005	-0.412492	-2.05995
	}
}
{Volume "piece6"
	{Box 7 17.9011 21.0974}
	{Bone "piece6"}
	{Position 0	2.24042	-1.06855}
}
{Volume "piece7"
	{Box 7.00002 15.8346 21.9019}
	{Bone "piece7"}
	{Matrix34
		1	0	0
		0	0.998298	0.0583239
		0	-0.0583239	0.998298
		0	0.223972	-0.332217
	}
}
{Volume "piece8"
	{Box 7 14.977 21.1138}
	{Bone "piece8"}
	{Position 0	-1.45389	0.207013}
}
{Volume "piece9"
	{Box 7.00002 21.0178 19.1931}
	{Bone "piece9"}
	{Matrix34
		1	0	0
		0	0.97933	0.202271
		0	-0.202271	0.97933
		0	-0.741922	0.297737
	}
}
{Volume "sub_piece10"
	{Box 9.03534 7 14.1782}
	{Bone "sub_piece10"}
	{Position -0.735853	0	-0.185034}
}
{Volume "sub_piece11"
	{Box 11.0683 7 7.73022}
	{Bone "sub_piece11"}
	{Matrix34
		0.862047	0	-0.506828
		0	1	0
		0.506828	0	0.862047
		-1.42723	0	-0.826616
	}
}
{Volume "sub_piece5"
	{Box 7 12.4384 16.0697}
	{Bone "sub_piece5"}
	{Matrix34
		1	0	0
		0	0.987197	-0.159506
		0	0.159506	0.987197
		-1.07485e-005	0.466868	-0.106936
	}
}
{Volume "sub_piece7"
	{Box 7 10.7372 17.1542}
	{Bone "sub_piece7"}
	{Matrix34
		1	0	0
		0	0.939064	0.343743
		0	-0.343743	0.939064
		-3.66448e-005	-1.05921	-1.05406
	}
}
{Volume "sub_piece8"
	{Box 7 17.682 16.1189}
	{Bone "sub_piece8"}
	{Matrix34
		1	0	0
		0	0.992269	0.124107
		0	-0.124107	0.992269
		0	1.01379e-005	0
	}
}
{Volume "sub_piece9"
	{Box 7.00002 17.4181 10.7359}
	{Bone "sub_piece9"}
	{Matrix34
		1	0	0
		0	0.887521	-0.460767
		0	0.460767	0.887521
		-3.23775e-005	-0.847237	-0.693348
	}
}
