;Exported by: Listopadov
;Date:        Thu Mar 24 14:40:01 2005
;File:        D:\-Projects-\-3DWork-\construction\work\build\buildAGL-21\build-21_x.max
{Skeleton
	{animation
		{sequence "crush" {speed 0.4}}
	}
	{bone "build_agl1-01_x"
		{parameters "CommonMesh;"}
		{Orientation
			1	0	0
			0	-1	0
			0	0	1
		}
		{VolumeView "build_agl1-01_x.ply"}
		{bone "piece0"
			{Position -3.87697	52.0851	112.823}
			{VolumeView "piece0.ply"}
		}
		{bone "piece1"
			{Position -16.7233	52.0851	58.688}
			{VolumeView "piece1.ply"}
		}
		{bone "piece2"
			{Position -16.8699	52.0851	92.3655}
			{VolumeView "piece2.ply"}
		}
		{bone "piece3"
			{Position -24.9379	52.0851	146.265}
			{VolumeView "piece3.ply"}
		}
		{bone "piece4"
			{Position 14.3447	52.0851	94.0928}
			{VolumeView "piece4.ply"}
		}
		{bone "piece5"
			{Position -25.5065	52.0851	117.93}
			{VolumeView "piece5.ply"}
		}
		{bone "piece6"
			{Position -14.6376	52.0851	77.1017}
			{VolumeView "piece6.ply"}
		}
		{bone "piece7"
			{Position 19.8831	-7.79945	85.6155}
			{VolumeView "piece7.ply"}
		}
		{bone "piece8"
			{Position 19.8831	44.9311	84.7426}
			{VolumeView "piece8.ply"}
		}
		{bone "piece9"
			{Position 19.7402	4.96858	70.5571}
			{VolumeView "piece9.ply"}
		}
		{bone "piece10"
			{Position 19.8831	-19.0038	51.4512}
			{VolumeView "piece10.ply"}
		}
		{bone "piece11"
			{Position 19.8831	2.38466	31.576}
			{VolumeView "piece11.ply"}
		}
		{bone "piece12"
			{Position 23.2984	10.4604	47.2441}
			{VolumeView "piece12.ply"}
		}
		{bone "piece13"
			{Position 23.8201	40.0124	46.4931}
			{VolumeView "piece13.ply"}
		}
		{bone "piece14"
			{Position 19.7402	43.4597	62.4004}
			{VolumeView "piece14.ply"}
		}
	}
}
{Volume "body14"
	{Box 22.0236 7.87402 23.0063}
	{Bone "piece14"}
	{Matrix34
		-1.62921e-007	-1	0
		1	-1.62921e-007	0
		0	0	1
		0.201018	1.50408	1.38238
	}
}
{Volume "body13"
	{Box 30.8727 7.87402 13.1136}
	{Bone "piece13"}
	{Matrix34
		-1.60445e-007	-0.984808	0.173648
		1	-1.62921e-007	4.3635e-016
		2.82909e-008	0.173648	0.984808
		-3.87885	1.53897	-0.334055
	}
}
{Volume "body12"
	{Box 18.9403 7.87402 17.2547}
	{Bone "piece12"}
	{Matrix34
		-1.62921e-007	-1	0
		1	-1.62921e-007	0
		0	0	1
		-3.35717	-7.94634	2.42136
	}
}
{Volume "body11"
	{Box 17.4251 7.87402 13.2862}
	{Bone "piece11"}
	{Matrix34
		-1.62921e-007	-1	0
		1	-1.62921e-007	0
		0	0	1
		0.0581724	0.129421	1.14819
	}
}
{Volume "body10"
	{Box 18.9403 7.87402 17.2547}
	{Bone "piece10"}
	{Matrix34
		-1.62301e-007	-0.996195	0.0871557
		1	-1.62921e-007	-4.33434e-016
		1.41995e-008	0.0871557	0.996195
		0.0581606	1.76231	0.0217789
	}
}
{Volume "body9"
	{Box 19.8411 7.87402 11.5459}
	{Bone "piece9"}
	{Matrix34
		-1.62921e-007	-1	0
		1	-1.62921e-007	0
		0	0	1
		0.201025	-0.0733572	0.248618
	}
}
{Volume "body8"
	{Box 19.8411 7.87402 18.7043}
	{Bone "piece8"}
	{Matrix34
		-1.62921e-007	-1	0
		1	-1.62921e-007	0
		0	0	1
		0.0581653	0.914203	0.160139
	}
}
{Volume "body7"
	{Box 21.55 7.87402 17.2327}
	{Bone "piece7"}
	{Matrix34
		-1.62921e-007	-1	0
		1	-1.62921e-007	0
		0	0	1
		0.0581736	2.66614	0.109965
	}
}
{Volume "body6"
	{Box 10.1846 7.87402 15.8098}
	{Bone "piece6"}
	{Position 0.398605	-0.0706787	-0.0313606}
}
{Volume "body5"
	{Box 15.8309 7.87402 19.3195}
	{Bone "piece5"}
	{Matrix34
		0.906308	0	0.422618
		0	1	0
		-0.422618	0	0.906308
		-0.854007	-0.0706787	-1.34233
	}
}
{Volume "body4"
	{Box 10.1846 7.87402 22.2918}
	{Bone "piece4"}
	{Matrix34
		0.939693	0	0.34202
		0	1	0
		-0.34202	0	0.939693
		-0.158861	-0.0706787	0.0267074
	}
}
{Volume "body3"
	{Box 18.8388 7.87402 16.2284}
	{Bone "piece3"}
	{Position 0.224396	-0.0706787	1.01823}
}
{Volume "body2"
	{Box 13.6474 7.87402 14.8612}
	{Bone "piece2"}
	{Position 0.891785	-0.0706787	-0.0612035}
}
{Volume "body1"
	{Box 14.7603 7.87402 15.8098}
	{Bone "piece1"}
	{Position 1.23891	-0.0706787	0.0061264}
}
{Volume "body0"
	{Box 10.1846 7.87402 24.624}
	{Bone "piece0"}
	{Matrix34
		0.766045	0	0.642788
		0	1	0
		-0.642788	0	0.766045
		-2.62752	-0.0706787	-0.398006
	}
}
