;Exported by: Kislov_A
;Date:        Mon Dec 29 14:40:38 2008
;File:        E:\Black\DESIGN~1\Art\Models\Technics\Tanks\R1\R1_xx.max
{Skeleton
	{bone "basis"
		{Orientation
			1	0	0
			0	-1	0
			0	0	1
		}
		{bone "body"
			{parameters "Id=body;"}
			{Matrix34
				0.999483	0.00323385	-0.0319987
				-0.00288772	0.999937	0.0108573
				0.0320318	-0.0107593	0.999429
				-0.0641481	-1.0612	14.6872
			}
			{VolumeView "body.ply"}
			{bone revolute "turret"
				{parameters "ID=turret;"}
				{Matrix34
					0.91912	-0.393686	0.0151357
					0.393976	0.918364	-0.0372824
					0.000777517	0.0402301	0.99919
					-2.55863	2.4576	14.0495
				}
				{VolumeView "turret.ply"}
				{bone "cover1"
					{parameters "ID=turret;"}
					{Matrix34
						0.999649	0	-0.0264896
						0	1	0
						0.0264896	0	0.999649
						1.76113	0.000783105	3.95891
					}
					{VolumeView "cover1.ply"}
				}
				{bone revolute "rot"
					{limits -10 10}
					{Matrix34
						1	0	0
						0	0	1
						0	-1	0
						6.93546	-0.0673738	-0.536926
					}
					{bone "mgun"
						{Matrix34
							0.999167	-0.0407973	0
							0	0	-1
							0.0407974	0.999167	0
							0.732049	-0.143915	-0.113867
						}
						{VolumeView "mgun.ply"}
					}
				}
			}
			{bone "cover2"
				{parameters "id=body;"}
				{Matrix34
					0.999987	0	-0.0050398
					0	1	0
					0.00503981	0	0.999987
					-2.18873	-8.05728	9.78464
				}
				{VolumeView "cover2.ply"}
			}
			{bone "lighter_001"
				{parameters "Id=body;"}
				{Position 11.1639	2.23804	6.73605}
				{VolumeView "lighter_001.ply"}
			}
			{bone revolute "mgun_rot"
				{parameters "Id=body;"}
				{Matrix34
					0.0319988	-0.0108574	-0.999429
					0.00323394	0.999937	-0.0107593
					0.999483	-0.00288783	0.0320319
					9.79027	-15.2018	3.02375
				}
				{VolumeView "mgun_rot.ply"}
				{bone "mgun1"
					{Matrix34
						0.103246	0.426354	0.898645
						-0.0600442	0.904497	-0.422233
						-0.992842	-0.0103645	0.118986
						0.308099	0.00772304	6.953
					}
					{VolumeView "mgun1.ply"}
				}
			}
			{bone revolute "wheel_12"
				{parameters "Id=body;"}
				{Matrix34
					-1	0	0
					0	0	1
					0	1	0
					0.27615	-15.4567	-4.4934
				}
				{VolumeView "wheel_12.ply"}
			}
			{bone revolute "wheelr6"
				{parameters "Id=body;"}
				{Matrix34
					-1	0	0
					0	0	1
					0	1	0
					-25.7956	-15.9018	-7.71201
				}
				{VolumeView "wheelr6.ply"}
			}
			{bone revolute "wheelr1"
				{parameters "Id=body;"}
				{Matrix34
					-1	0	0
					0	0	1
					0	1	0
					26.263	-14.18	-6.01134
				}
				{VolumeView "wheelr1.ply"}
			}
			{bone revolute "wheell1"
				{parameters "Id=body;"}
				{Matrix34
					1	0	0
					0	0	-1
					0	1	0
					26.3591	14.1981	-6.3429
				}
				{VolumeView "wheell1.ply"}
			}
			{bone revolute "wheell6"
				{parameters "Id=body;"}
				{Matrix34
					1	0	0
					0	0	-1
					0	1	0
					-25.7956	15.915	-7.71201
				}
				{VolumeView "wheell6.ply"}
			}
			{bone revolute "wheel_05"
				{parameters "Id=body;"}
				{Matrix34
					1	0	0
					0	0	-1
					0	1	0
					0.27459	15.4702	-4.49862
				}
				{VolumeView "wheel_05.ply"}
			}
			{bone "engine"
				{parameters "id=engine;"}
				{Position -14.8112	2.0061	4.72232}
				{VolumeView "engine.ply"}
			}
		}
		{bone "wheelsr"
			{parameters "ID=trackright;"}
			{Position 0	-5.83535	0.0801779}
			{bone revolute "wheelr5"
				{parameters "ID=trackright;"}
				{Matrix34
					-1	0	0
					0	0	1
					0	1	0
					-16.5686	-12.6779	5.58519
				}
				{VolumeView "wheelr5.ply"}
			}
			{bone revolute "wheelr4"
				{parameters "ID=trackright;"}
				{Matrix34
					-1	0	0
					0	0	1
					0	1	0
					-5.86104	-12.6779	5.54925
				}
				{VolumeView "wheelr4.ply"}
			}
			{bone revolute "wheelr3"
				{parameters "ID=trackright;"}
				{Matrix34
					-1	0	0
					0	0	1
					0	1	0
					5.58211	-12.6779	5.45373
				}
				{VolumeView "wheelr3.ply"}
			}
			{bone revolute "wheelr2"
				{parameters "ID=trackright;"}
				{Matrix34
					-1	0	0
					0	0	1
					0	1	0
					16.4435	-12.6779	5.49728
				}
				{VolumeView "wheelr2.ply"}
			}
			{bone "trackr"
				{parameters "Id=trackRight;"}
				{Matrix34
					1	0	0
					0	0	1
					0	-1	0
					0.790984	-11.8908	7.45692
				}
				{VolumeView "trackr.ply"}
			}
		}
		{bone "wheelsl"
			{parameters "ID=trackleft;"}
			{Position 0	5.61679	0.0801779}
			{bone revolute "wheell2"
				{parameters "ID=trackleft;"}
				{Matrix34
					1	0	0
					0	0	-1
					0	1	0
					16.4435	10.1513	5.49727
				}
				{VolumeView "wheell2.ply"}
			}
			{bone revolute "wheell3"
				{parameters "ID=trackleft;"}
				{Matrix34
					1	0	0
					0	0	-1
					0	1	0
					5.58211	10.1513	5.45373
				}
				{VolumeView "wheell3.ply"}
			}
			{bone revolute "wheell4"
				{parameters "ID=trackleft;"}
				{Matrix34
					1	0	0
					0	0	-1
					0	1	0
					-5.86104	10.1513	5.54925
				}
				{VolumeView "wheell4.ply"}
			}
			{bone revolute "wheell5"
				{parameters "ID=trackleft;"}
				{Matrix34
					1	0	0
					0	0	-1
					0	1	0
					-16.5686	10.1513	5.58518
				}
				{VolumeView "wheell5.ply"}
			}
			{bone "trackl"
				{parameters "Id=trackLeft;"}
				{Matrix34
					1	0	0
					0	0	1
					0	-1	0
					0.817397	9.50611	7.49665
				}
				{VolumeView "trackl.ply"}
			}
		}
	}
}
{Volume "body1"
	{Polyhedron "body1.vol"}
	{Bone "body"}
	{Position 1.44467	1.84992	-4.05749}
}
{Volume "body2"
	{Polyhedron "body2.vol"}
	{Bone "body"}
	{Position 0.812206	0.181827	-15.7886}
}
{Volume "trackleft"
	{Box 63.0243 4.40034 15.3302}
	{Bone "wheelsl"}
	{Position 0.852226	9.69905	7.58493}
}
{Volume "trackright"
	{Box 63.0243 4.40034 15.3302}
	{Bone "wheelsr"}
	{Position 0.852227	-11.9673	7.58493}
}
{Volume "turret"
	{Polyhedron "turret.vol"}
	{Bone "turret"}
	{Position -0.721848	-0.0771155	-2.58598}
}
