;Exported by: sergienko
;Date:        Fri Jul 14 16:27:59 2006
;File:        D:\-projets1_5\3dwork\anima\construction\house_euro_100c\euro_corner_n_x.max
{Skeleton
	{bone "100_corner3_n_x"
		{Orientation
			1	0	0
			0	-1	0
			0	0	1
		}
		{bone "piece4"
			{Matrix34
				0.5	0	-0.866025
				0.866025	0	0.5
				0	-1	0
				7.79099	-32.7135	9.66667
			}
			{VolumeView "piece4.ply"}
		}
		{bone "piece11"
			{Matrix34
				-0.34202	0	0.939693
				-0.939693	0	-0.34202
				0	-1	0
				21.0264	-33.0886	33.3211
			}
			{VolumeView "piece11.ply"}
		}
		{bone "piece3"
			{Matrix34
				0.34202	0	-0.939693
				0.939693	0	0.34202
				0	-1	0
				-15.5952	-33.2502	13.0383
			}
			{VolumeView "piece3.ply"}
		}
		{bone "piece6"
			{Matrix34
				0	-0.795345	0.606157
				0	-0.606157	-0.795345
				1	0	0
				-30.882	-22.4623	10.7548
			}
			{VolumeView "piece6.ply"}
		}
		{bone "piece5"
			{Matrix34
				0	-0.795345	0.606157
				0	-0.606157	-0.795345
				1	0	0
				-30.882	-27.7785	40.3651
			}
			{VolumeView "piece5.ply"}
		}
		{bone "piece2"
			{Matrix34
				0.642788	0	-0.766044
				0.766044	0	0.642788
				0	-1	0
				3.79868	-32.6799	51.9719
			}
			{VolumeView "piece2.ply"}
		}
		{bone "piece1"
			{Matrix34
				0.5	0	0.866026
				-0.866026	0	0.5
				0	-1	0
				-17.9256	-33.3303	43.8207
			}
			{VolumeView "piece1.ply"}
		}
		{bone "piece7"
			{Matrix34
				0	-0.795345	0.606157
				0	-0.606157	-0.795345
				1	0	0
				-30.882	-8.86156	30.9696
			}
			{VolumeView "piece7.ply"}
		}
		{bone "piece8"
			{Matrix34
				0	-0.795345	0.606157
				0	-0.606157	-0.795345
				1	0	0
				-30.882	-10.2844	48.0625
			}
			{VolumeView "piece8.ply"}
		}
		{bone "piece10"
			{Matrix34
				0	0.5	-0.866025
				0	-0.866025	-0.5
				-1	0	0
				-30.3664	15.5118	10.5244
			}
			{VolumeView "piece10.ply"}
		}
		{bone "piece9"
			{Matrix34
				0	0.5	0.866025
				0	-0.866025	0.5
				1	0	0
				-30.8758	17.5413	49.2545
			}
			{VolumeView "piece9.ply"}
		}
		{bone "piece14"
			{Matrix34
				0	0	1
				-0.990461	-0.137796	0
				0.137796	-0.990461	0
				-7.99509	16.8175	52.4896
			}
			{VolumeView "piece14.ply"}
		}
		{bone "piece13"
			{Matrix34
				0	0	1
				0	1	0
				-1	0	0
				12.0385	-11.8676	52.4896
			}
			{VolumeView "piece13.ply"}
		}
		{bone "piece12"
			{Matrix34
				0	0	1
				-0.997423	-0.0717514	0
				0.0717514	-0.997423	0
				-8.4971	-2.94242	52.4896
			}
			{VolumeView "piece12.ply"}
		}
	}
}
{Volume "piece10"
	{Box 18.799 33.1287 5.90551}
	{Bone "piece10"}
	{Matrix34
		0.668938	0.743318	0
		-0.743318	0.668938	0
		0	0	1
		-0.380492	-0.783599	0
	}
}
{Volume "piece11"
	{Box 24.7397 13.4835 5.90551}
	{Bone "piece11"}
	{Matrix34
		0.920391	-0.390999	0
		0.390999	0.920391	0
		0	0	1
		0	0	0
	}
}
{Volume "piece12"
	{Box 3.76 18.5625 43.396}
	{Bone "piece12"}
	{Position 0	3.63782	0}
}
{Volume "piece13"
	{Box 3.76 25.1637 17.4847}
	{Bone "piece13"}
	{Position 0	0	0}
}
{Volume "piece14"
	{Box 3.76 24.1594 11.1887}
	{Bone "piece14"}
	{Matrix34
		1	0	0
		0	0.825991	-0.563683
		0	0.563683	0.825991
		0	-1.18068	-1.73008
	}
}
{Volume "piece1"
	{Box 33.3118 21.0877 5.90551}
	{Bone "piece1"}
	{Matrix34
		0.848347	0.52944	0
		-0.52944	0.848347	0
		0	0	1
		0	0	0
	}
}
{Volume "piece2"
	{Box 23.8351 12.4977 5.90551}
	{Bone "piece2"}
	{Matrix34
		0.619257	0.785188	0
		-0.785188	0.619257	0
		0	0	1
		1.09629	1.27969	0
	}
}
{Volume "piece3"
	{Box 24.7397 13.4835 5.90551}
	{Bone "piece3"}
	{Matrix34
		0.920391	-0.390999	0
		0.390999	0.920391	0
		0	0	1
		0	0	0
	}
}
{Volume "piece4"
	{Box 16.0075 26.8375 5.90551}
	{Bone "piece4"}
	{Matrix34
		0.856414	-0.516289	0
		0.516289	0.856414	0
		0	0	1
		1.11472	-1.19707	0
	}
}
{Volume "piece5"
	{Box 11.7911 31.4938 5.90551}
	{Bone "piece5"}
	{Matrix34
		0.823524	0.567282	0
		-0.567282	0.823524	0
		0	0	1
		-0.00347017	0.626419	0
	}
}
{Volume "piece6"
	{Box 33.3118 21.0877 5.90551}
	{Bone "piece6"}
	{Matrix34
		0.848347	0.52944	0
		-0.52944	0.848347	0
		0	0	1
		0	0	1.14991e-005
	}
}
{Volume "piece7"
	{Box 14.4416 26.339 5.90551}
	{Bone "piece7"}
	{Position 0	0	0}
}
{Volume "piece8"
	{Box 16.0075 26.8375 5.90551}
	{Bone "piece8"}
	{Matrix34
		0.856414	-0.516289	0
		0.516289	0.856414	0
		0	0	1
		1.11471	-1.19705	0
	}
}
{Volume "piece9"
	{Box 17.4466 31.955 5.90551}
	{Bone "piece9"}
	{Matrix34
		0.892462	0.451122	0
		-0.451122	0.892462	0
		0	0	1
		0.0722186	-0.840577	0
	}
}
