;Exported by: shevchenko
;Date:        Wed Jul 27 10:15:35 2005
;File:        D:\-Projects1_5-\-3DWork-\kaserne_sh_lm_corner_x.max
{Skeleton
	{animation
		{sequence "crush" {speed 0.4}}
	}
	{bone "118_w3"
		{parameters "CommonMesh;"}
		{Orientation
			1	0	0
			0	-1	0
			0	0	1
		}
		{VolumeView "118_w3.ply"}
		{bone "exterior"
			{Position -14.7441	-10.2953	70.4331}
		}
		{bone "piece0"
			{Matrix34
				0	1	0
				0	0	1
				1	0	0
				-1.52588e-005	-1.74068	9.50137
			}
			{VolumeView "piece0.ply"}
		}
		{bone "piece1"
			{Matrix34
				0	1	0
				0	0	1
				1	0	0
				0	-24.6063	19.4153
			}
			{VolumeView "piece1.ply"}
		}
		{bone "piece2"
			{Matrix34
				0	1	0
				0	0	1
				1	0	0
				-1.52588e-005	2.38509	30.0701
			}
			{VolumeView "piece2.ply"}
		}
		{bone "piece3"
			{Matrix34
				0	1	0
				0	0	1
				1	0	0
				-1.52588e-005	21.6536	15.263
			}
			{VolumeView "piece3.ply"}
		}
		{bone "piece4"
			{Matrix34
				0	1	0
				0	0	1
				1	0	0
				-1.52588e-005	30.5118	34.0556
			}
			{VolumeView "piece4.ply"}
		}
		{bone "piece5"
			{Matrix34
				0	1	0
				0	0	1
				1	0	0
				-1.52588e-005	-17.7165	37.835
			}
			{VolumeView "piece5.ply"}
		}
		{bone "piece6"
			{Matrix34
				0	1	0
				0	0	1
				1	0	0
				0	-23.622	56.8676
			}
			{VolumeView "piece6.ply"}
		}
		{bone "piece7"
			{Matrix34
				0	1	0
				0	0	1
				1	0	0
				-1.52588e-005	11.811	60.7026
			}
			{VolumeView "piece7.ply"}
		}
	}
}
{Volume "piece7"
	{Box 5.90551 26.7717 13.4335}
	{Bone "piece7"}
	{Matrix34
		0	0	1
		1	0	0
		0	1	0
		0	0.207161	0
	}
}
{Volume "piece6"
	{Box 5.90551 19.7047 17.5282}
	{Bone "piece6"}
	{Matrix34
		0	0	1
		0.980831	0.194859	0
		-0.194859	0.980831	0
		-0.784502	0.474486	0
	}
}
{Volume "piece5"
	{Box 5.90551 25.5906 13.1727}
	{Bone "piece5"}
	{Matrix34
		0	0	1
		0.966305	0.257399	0
		-0.257399	0.966305	0
		0.662845	0.000718155	0
	}
}
{Volume "piece4"
	{Box 5.90551 7.87401 18.503}
	{Bone "piece4"}
	{Matrix34
		0	0	1
		1	0	0
		0	1	0
		0	0	0
	}
}
{Volume "piece3"
	{Box 5.90552 20.9843 12.5386}
	{Bone "piece3"}
	{Matrix34
		0	0	1
		0.996788	-0.0800811	0
		0.0800811	0.996788	0
		-0.259252	0.721493	0
	}
}
{Volume "piece2"
	{Box 5.90551 12.9464 18.255}
	{Bone "piece2"}
	{Matrix34
		0	0	1
		1	0	0
		0	1	0
		0	0.495131	0
	}
}
{Volume "piece1"
	{Box 5.90551 18.6614 14.3889}
	{Bone "piece1"}
	{Matrix34
		0	0	1
		0.995239	-0.0974633	0
		0.0974633	0.995239	0
		-0.140553	-0.790492	0
	}
}
{Volume "piece0"
	{Box 5.90551 16.803 11.9019}
	{Bone "piece0"}
	{Matrix34
		0	0	1
		1	0	0
		0	1	0
		0	-1.5819	0
	}
}
