;Exported by: garry
;Date:        Fri Aug 04 16:20:28 2006
;File:        D:\-Projects-\-3DWork-\Model\Танки\PZ-4\Pz-4G\hi-poly\Pz4destroy.max
{Skeleton
	{bone "01"
		{Orientation
			1	0	0
			0	-1	0
			0	0	1
		}
		{bone "piece12"
			{Matrix34
				0.999188	-0.00363676	-0.0401316
				0.00224006	0.999392	-0.0347931
				0.0402338	0.0346749	0.998588
				-3.08796	-4.36625	39.0457
			}
			{VolumeView "piece12.ply"}
			{bone "sub_piece17"
				{Position -1.6168	-0.210303	10.7609}
				{VolumeView "sub_piece17.ply"}
			}
		}
		{bone "piece13"
			{Matrix34
				0.999188	-0.00363676	-0.0401317
				0.00224006	0.999392	-0.0347931
				0.0402338	0.0346749	0.998588
				11.8658	-11.8121	39.1316
			}
			{VolumeView "piece13.ply"}
			{bone "sub_piece16"
				{Position -12.2786	-5.45211	0.785006}
				{VolumeView "sub_piece16.ply"}
			}
		}
		{bone "piece14"
			{Matrix34
				0.999188	-0.00363676	-0.0401316
				0.00224006	0.999392	-0.0347931
				0.0402338	0.0346749	0.998588
				-8.10654	0.567571	38.2607
			}
			{VolumeView "piece14.ply"}
			{bone "sub_piece15"
				{Position -12.1806	20.0421	-0.99787}
				{VolumeView "sub_piece15.ply"}
			}
		}
	}
}
{Volume "piece12"
	{Box 20.7211 19.5555 10.3036}
	{Bone "piece12"}
	{Matrix34
		0.947404	0.316252	0.0490935
		-0.317514	0.948037	0.0202714
		-0.0401316	-0.0347931	0.998588
		0.223653	0.237099	-0.338
	}
}
{Volume "piece13"
	{Box 16.3178 3.36718 13.031}
	{Bone "piece13"}
	{Matrix34
		0.994983	0.0902722	0.0431323
		-0.0699385	0.935868	-0.345339
		-0.0715406	0.34059	0.937486
		2.91912	-2.52129	0.20367
	}
}
{Volume "piece14"
	{Box 1.82111 24.7168 12.1089}
	{Bone "piece14"}
	{Matrix34
		-0.999145	-0.0108072	-0.0398921
		-0.00920954	0.999157	-0.0400166
		-0.0402909	0.0396151	0.998402
		-7.13487	5.17681	-0.31218
	}
}
{Volume "sub_piece15"
	{Box 1.82111 12.5466 12.1089}
	{Bone "sub_piece15"}
	{Matrix34
		0.416887	0.907671	0.0483791
		-0.908072	0.41824	-0.0219213
		-0.0401315	-0.0347931	0.998588
		0.37182	0.500161	0.0275119
	}
}
{Volume "sub_piece16"
	{Box 1.82111 26.1998 12.1089}
	{Bone "sub_piece16"}
	{Matrix34
		-0.278067	-0.954155	-0.110753
		-0.954144	0.287673	-0.0827894
		-0.110855	-0.0826531	0.990394
		-2.6053	-1.90978	-2.72309
	}
}
{Volume "sub_piece17"
	{Box 4.35677 21.3482 12.2447}
	{Bone "sub_piece17"}
	{Matrix34
		0.895348	0.323193	0.306428
		-0.34516	0.938355	0.018823
		-0.281455	-0.12262	0.951708
		-0.0897141	-0.530505	-0.348783
	}
}
