;Exported by: shevchenko
;Date:        Thu Jul 20 18:58:10 2006
;File:        D:\-Projects1_5-\-3DWork-\bsh\bsh_c90_1_x.max
{Skeleton
	{bone "bsh90_w3_3"
		{Orientation
			1	0	0
			0	-1	0
			0	0	1
		}
		{bone "piece0"
			{Matrix34
				1	0	0
				0	0	1
				0	-1	0
				-39.9182	-28.0749	0.253845
			}
			{VolumeView "piece0.ply"}
		}
		{bone "piece1"
			{Matrix34
				1	0	0
				0	0	1
				0	-1	0
				-12.6647	-28.0749	-13.8433
			}
			{VolumeView "piece1.ply"}
		}
		{bone "piece2"
			{Matrix34
				1	0	0
				0	0	1
				0	-1	0
				-12.0386	-28.0749	13.5686
			}
			{VolumeView "piece2.ply"}
		}
		{bone "piece3"
			{Matrix34
				-1	0	0
				0	0	1
				0	1	0
				11.366	-14.0742	-3.68088
			}
			{VolumeView "piece3.ply"}
		}
		{bone "piece4"
			{Matrix34
				-1	0	0
				0	0	1
				0	1	0
				11.366	-12.6718	14.8983
			}
			{VolumeView "piece4.ply"}
		}
	}
}
{Volume "piece0"
	{Box 19.4776 9.84252 22.4885}
	{Bone "piece0"}
	{Matrix34
		0.819152	0.573576	0
		0	0	-1
		-0.573576	0.819152	0
		0.433177	2.62961	0
	}
}
{Volume "piece1"
	{Box 34.8513 9.84252 24.5311}
	{Bone "piece1"}
	{Matrix34
		0.939693	-0.34202	0
		0	0	-1
		0.34202	0.939693	0
		0.589969	0.899491	-1.27231e-005
	}
}
{Volume "piece2"
	{Box 41.571 9.84252 16.1643}
	{Bone "piece2"}
	{Matrix34
		0.984808	-0.173648	0
		0	0	-1
		0.173648	0.984808	0
		0.435064	-1.17727	0
	}
}
{Volume "piece3"
	{Box 3.88001 11.3665 13.7476}
	{Bone "piece3"}
	{Matrix34
		-1	0	0
		0	0	1
		0	1	0
		0	0.427474	0.900294
	}
}
{Volume "piece4"
	{Box 3.88001 16.0217 13.0308}
	{Bone "piece4"}
	{Matrix34
		-1	0	0
		0	-0.422618	0.906308
		0	0.906308	0.422618
		0	0.199688	2.13958
	}
}
