;Exported by: Normand
;Date:        Sat Jan 26 10:43:47 2013
;File:        C:\Users\Normand\sdkfz251_17.max
{Skeleton
	{animation
		{sequence "stop" {speed 0.8}}
		{sequence "start" {speed 0.8}}
		{sequence "open" {speed 1}}
		{sequence "close" {speed 0.25}}
		{sequence "fire" {speed 1}}
	}
	{bone "basis"
		{Orientation
			1	0	0
			0	-1	0
			0	0	1
		}
		{bone "link2"
			{Matrix34
				-1	0	0
				0	0	1
				0	-1	0
				-55.59	-0.30172	12.0774
			}
		}
		{bone "emit1"
			{Matrix34
				0.999966	-0.00820473	0
				0.00820473	0.999966	0
				0	0	1
				-73.0888	-0.33932	0.0419865
			}
		}
		{bone "body"
			{parameters "ID=body;"}
			{animation
				{sequence "repair" {file "body_r.anm"} {speed 0.5}}
			}
			{Position 0.370689	-0.131818	19.995}
			{VolumeView "body.ply"}
			{bone "label1"
				{parameters "ID=body;"}
				{Matrix34
					0	1	0
					-1	0	0
					0	0	1
					53.9801	5.23998	2.34659
				}
				{VolumeView "label1.ply"}
			}
			{bone "detail2"
				{parameters "ID=body;"}
				{Matrix34
					0	1	0
					-1	0	0
					0	0	1
					51.5151	10.7029	3.68793
				}
				{VolumeView "detail2.ply"}
			}
			{bone "enumerator"
				{parameters "ID=body;"}
				{Matrix34
					0	1	0
					-1	0	0
					0	0	1
					9.08516	16.5987	10.4213
				}
				{VolumeView "enumerator.ply"}
			}
			{bone "door_left"
				{parameters "ID=body;"}
				{Matrix34
					0	0	1
					-1	0	0
					0	-1	0
					-55.7755	12.5296	4.24693
				}
				{VolumeView "door_left.ply"}
			}
			{bone "door_right"
				{parameters "ID=body;"}
				{Matrix34
					0	0	-1
					-1	0	0
					0	1	0
					-55.7769	-12.533	4.24693
				}
				{VolumeView "door_right.ply"}
			}
			{bone "commander"
				{Matrix34
					0.913747	0	0.406284
					0	1	0
					-0.406284	0	0.913747
					14.6844	-7.56495	-10.6065
				}
			}
			{bone "driver"
				{Matrix34
					0.909205	0	0.416348
					0.00342541	0.999966	-0.00748026
					-0.416334	0.00822726	0.909174
					14.8066	7.71674	-10.5941
				}
			}
			{bone "headlightr"
				{Matrix34
					0.99999	0.00453793	0
					0	0	1
					0.00453793	-0.99999	0
					56.3777	-12.8304	1.89688
				}
			}
			{bone "headlightl"
				{Matrix34
					0.99999	0.00453793	0
					0	0	1
					0.00453793	-0.99999	0
					56.2417	12.6068	1.90179
				}
			}
			{bone "fxstop1"
				{Matrix34
					0.99999	0.00453793	0
					0	0	1
					0.00453793	-0.99999	0
					-46.8343	19.0615	-0.316355
				}
			}
			{bone "fxsmoke1"
				{Matrix34
					0.99999	0.00453793	0
					0	0	1
					0.00453793	-0.99999	0
					-12.3563	9.70262	-6.02716
				}
			}
			{bone "fxfire1"
				{Matrix34
					0.99999	0.00453793	0
					0	0	1
					0.00453793	-0.99999	0
					32.0084	-0.0852466	4.12357
				}
			}
			{bone "visor2"
				{Position 16.3683	6.73464	12.4791}
			}
			{bone "detail5"
				{parameters "ID=body;"}
				{Position 16.2408	0.388793	-0.0926647}
				{VolumeView "detail5.ply"}
			}
			{bone "detail6"
				{parameters "ID=body;"}
				{Matrix34
					0.988302	-0.121453	-0.0922413
					-0.120712	-0.992594	0.0135957
					-0.0932097	-0.00230193	-0.995644
					34.917	19.0904	1.62385
				}
				{VolumeView "detail6.ply"}
			}
			{bone "detail4"
				{parameters "ID=body;"}
				{Matrix34
					0.999697	-0.0214249	-0.0121241
					0.0214447	0.999769	0.00151037
					0.0120889	-0.00176984	0.999925
					-21.15	-17.6852	-1.14275
				}
				{VolumeView "detail4.ply"}
			}
			{bone "engine_body"
				{parameters "ID=engine;"}
				{Matrix34
					0	-1	0
					-0.0347086	0	0.999397
					-0.999398	0	-0.0347081
					38.9198	0.0470387	-4.98876
				}
				{VolumeView "engine_body.ply"}
			}
			{bone revolute "mgun1_turret"
				{parameters "ID=body;"}
				{limits -30 30}
				{Position -50.2485	0.0885535	15.4376}
				{VolumeView "mgun1_turret.ply"}
				{bone revolute "mgun1_rot"
					{parameters "ID=body;"}
					{limits -10 15}
					{Matrix34
						1	0	0
						0	-0.00327019	0.999995
						0	-0.999995	-0.00327019
						9.59993	7.44648e-005	3.72867
					}
					{VolumeView "mgun1_rot.ply"}
					{bone "mgun1"
						{Matrix34
							-0.999992	0	0.00412233
							1.16121e-005	0.999995	0.00327488
							-0.00412232	0.0032749	-0.999986
							-1.94223	0.284782	0.00932135
						}
					}
					{bone "foresight4"
						{Matrix34
							1	0	0
							0	0.999995	-0.00327491
							0	0.00327491	0.999995
							-28.3145	2.10789	0.274943
						}
					}
				}
				{bone "gunner1"
					{Matrix34
						-0.999998	0.00213012	0
						-0.00213012	-0.999998	0
						0	0	1
						12.2389	-0.295447	-21.9813
					}
				}
			}
			{bone "engine"
				{parameters "ID=engine;"}
				{animation
					{sequence "repair" {file "engine_r.anm"}}
				}
				{Position 0	0	0}
				{VolumeView "engine.ply"}
				{bone "engine_cover1"
					{parameters "ID=engine;"}
					{Matrix34
						0.136792	-0.0269947	0.990232
						0.214454	0.97673	-0.0029984
						-0.967108	0.212769	0.139398
						32.5412	9.649	8.17636
					}
					{VolumeView "engine_cover1.ply"}
				}
				{bone "engine_cover2"
					{parameters "ID=body;"}
					{Matrix34
						0.136792	0.0269965	0.990232
						0.214461	-0.976728	-0.00299754
						-0.967106	-0.212776	0.139398
						32.5412	-9.75493	8.17637
					}
					{VolumeView "engine_cover2.ply"}
				}
			}
			{bone "right_side"
				{parameters "ID=body;"}
				{Matrix34
					0	-0.629023	-0.777387
					0	-0.777387	0.629023
					-1	0	0
					-18.0736	-15.0197	-0.721579
				}
				{VolumeView "right_side.ply"}
				{bone "detail10"
					{Matrix34
						0.211655	0.261851	-0.941614
						-0.977124	0.036216	-0.209566
						-0.0207736	0.964429	0.263526
						3.82732	11.5218	14.5089
					}
					{VolumeView "detail10.ply"}
				}
				{bone "detail9"
					{Matrix34
						-0.196868	-0.24291	-0.949862
						-0.980288	0.0322812	0.194919
						-0.0166852	0.969512	-0.244477
						3.82648	11.4521	-12.9838
					}
					{VolumeView "detail10.ply"}
				}
			}
			{bone "boxes"
				{parameters "ID=body;"}
				{Matrix34
					0.998442	0	0.0557963
					0	1	0
					-0.0557963	0	0.998442
					11.0527	7.71582e-005	2.52717
				}
				{VolumeView "boxes.ply"}
			}
			{bone "left_side"
				{parameters "ID=body;"}
				{Matrix34
					0	-0.62977	0.776781
					0	0.776781	0.62977
					-1	0	0
					-18.4405	15.0819	-0.716934
				}
				{VolumeView "left_side.ply"}
				{bone "detail7"
					{Matrix34
						-0.248942	0.307997	-0.918241
						-0.233447	0.901053	0.365522
						0.939963	0.305354	-0.152409
						-4.00219	11.7418	14.3382
					}
					{VolumeView "detail10.ply"}
				}
				{bone "detail8"
					{Matrix34
						0.251209	-0.308946	-0.917304
						-0.232935	0.900547	-0.367093
						0.939487	0.305889	0.154261
						-4.17425	11.9119	-13.392
					}
					{VolumeView "detail10.ply"}
				}
			}
			{bone "charger"
				{Matrix34
					1	0	0
					0	1	0
					0	0	1
					-31.4366	7.62811	-6.47841
				}
			}
			{bone "stand"
				{parameters "ID=body;"}
				{Position -17.9345	-0.015261	-0.644892}
				{VolumeView "stand.ply"}
				{bone revolute "turret"
					{parameters "ID=turret;"}
					{animation
						{sequence "repair" {file "turret_r.anm"}}
					}
					{Matrix34
						0.999981	-0.00622779	0
						0.00622748	0.999979	-0.00167933
						1.05757e-005	0.00167972	0.999999
						-0.207933	0.0966407	10.8347
					}
					{VolumeView "turret.ply"}
					{bone revolute "gun_rot"
						{parameters "ID=gun;"}
						{limits -5 85}
						{Matrix34
							0.999982	0.00596192	1.06018e-005
							0	-0.000176481	1
							0.00596253	-0.999982	-0.000177212
							6.3114	0.0241161	10.044
						}
						{VolumeView "gun_rot.ply"}
						{bone "gun"
							{parameters "ID=gun;"}
							{animation
								{sequence "repair" {file "gun_r.anm"}}
							}
							{Matrix34
								1.97802e-005	-0.00165046	-0.999999
								0.00269358	0.999995	-0.00165113
								0.999996	-0.0026932	2.48048e-005
								0	0	0
							}
							{VolumeView "gun.ply"}
							{bone "foresight1"
								{Matrix34
									0.000291437	0.00269638	0.999996
									-0.00314024	0.999991	-0.00269526
									-0.999995	-0.00314015	0.00030042
									0.00608556	-0.103512	35.0532
								}
							}
						}
					}
					{bone "gunner"
						{Matrix34
							0.999981	0.00623039	1.05508e-005
							-0.00623084	0.999979	0.00167977
							0	-0.00167909	0.999999
							-0.0664291	-8.13204	-4.06705
						}
					}
					{bone "visor1"
						{Matrix34
							0.999981	0.00622014	0
							0	-0.00167149	0.999999
							0.00622054	-0.999979	-0.00167218
							29.8633	0.174984	12.591
						}
					}
				}
			}
			{bone revolute "wheell2"
				{parameters "Radius=0.35;ID=trackleft;"}
				{Matrix34
					-1	0	0
					0	0.000782653	1
					0	-1	0.000782653
					22.2448	16.9737	-10.8572
				}
				{VolumeView "wheell2.ply"}
			}
			{bone revolute "wheell3"
				{parameters "Radius=0.5;ID=trackleft;"}
				{Matrix34
					-1	0	0
					0	0.000782653	1
					0	-1	0.000782653
					-36.9117	17.1059	-11.8571
				}
				{VolumeView "wheell3.ply"}
			}
			{bone revolute "wheelr2"
				{parameters "Radius=0.35;ID=trackright;"}
				{Matrix34
					-1	0	0
					0	0.000782653	1
					0	-1	0.000782653
					22.2582	-17.0024	-10.8253
				}
				{VolumeView "wheelr2.ply"}
			}
			{bone revolute "wheelr3"
				{parameters "Radius=0.5;ID=trackright;"}
				{Matrix34
					-1	0	0
					0	0.000782653	1
					0	-1	0.000782653
					-36.9193	-17.6792	-11.9388
				}
				{VolumeView "wheelr3.ply"}
			}
			{bone "seats02"
				{parameters "ID=body;"}
				{Matrix34
					0.00449067	-0.99999	0
					0.99999	0.00449067	0
					0	0	1
					-44.5571	12.7674	0
				}
				{VolumeView "seats02.ply"}
			}
			{bone "seats01"
				{parameters "ID=body;"}
				{Matrix34
					0.00449052	0.99999	0
					0.99999	-0.00449052	0
					0	0	1
					-44.5571	-12.66	0
				}
				{VolumeView "seats01.ply"}
			}
			{bone "seat01"
				{Matrix34
					0.00147145	-0.873273	0.487229
					0.999999	0.00168498	0
					-0.000820972	0.487229	0.873274
					-45.3142	0.806274	-8.42431
				}
			}
			{bone "seat02"
				{Matrix34
					-0.00146095	0.866965	0.498366
					-0.999999	-0.00168513	0
					0.000839812	-0.498366	0.866967
					-43.1867	-0.664164	-8.41843
				}
			}
			{bone "mauser_supp"
				{parameters "ID=body;"}
				{Matrix34
					0.999928	-0.00951155	0.0073332
					-0.000232098	0.595163	0.803605
					-0.012008	-0.803549	0.595118
					10.6337	-20.1543	9.23267
				}
				{VolumeView "mauser_supp.ply"}
			}
			{bone "attach01"
				{Matrix34
					-0.999874	-0.0105652	-0.0118885
					0.00162519	-0.81144	0.584434
					-0.0158215	0.584341	0.811354
					22.0174	-18.4846	9.99972
				}
			}
			{bone "attach02"
				{Matrix34
					-0.999874	-0.0105652	-0.0118885
					0.00162519	-0.81144	0.584434
					-0.0158215	0.584341	0.811354
					22.033	-19.4137	8.72496
				}
			}
			{bone "attach03"
				{Matrix34
					-0.999874	-0.0105652	-0.0118885
					0.00162519	-0.81144	0.584434
					-0.0158215	0.584341	0.811354
					22.0479	-20.2592	7.51035
				}
			}
			{bone "attach04"
				{Matrix34
					0.130611	-0.991434	0
					0.991434	0.130611	0
					0	0	0.8
					-23.8113	-0.247544	-6.26139
				}
			}
			{bone "box1"
				{Matrix34
					0	-1	0
					-0.0122848	0	0.999925
					-0.999925	0	-0.0122848
					8.97286	-0.152216	16.2272
				}
				{VolumeView "box1.ply"}
			}
			{bone "side_am1"
				{Matrix34
					0	-0.946109	0.323849
					0	0.323849	0.946109
					-1	0	0
					0.657462	15.3213	12.4299
				}
				{VolumeView "side_am1.ply"}
				{bone "side_am2"
					{Position -5.32982	-0.0503311	0.644044}
					{VolumeView "side_am2.ply"}
				}
			}
			{bone "side_am3"
				{Matrix34
					1.01704e-005	-0.946109	0.323849
					0	0.323849	0.946109
					1	1.18878e-005	0
					-38.1145	15.3211	12.4298
				}
				{VolumeView "side_am3.ply"}
				{bone "side_am4"
					{Position -5.32982	-0.0503349	0.631508}
					{VolumeView "side_am4.ply"}
				}
			}
			{bone "side_am6"
				{Matrix34
					0.000208198	0.946108	0.32385
					-6.85851e-005	-0.32385	0.946109
					-1	0.00021893	0
					0.658672	-15.3978	12.8022
				}
				{VolumeView "side_am3.ply"}
				{bone "side_am7"
					{Position -5.32982	-0.0503387	0.631504}
					{VolumeView "side_am4.ply"}
				}
			}
			{bone "side_am8"
				{Matrix34
					0.000218197	0.946109	0.323849
					-7.46445e-005	-0.323849	0.946109
					1	-0.000230612	0
					-38.1133	-15.3891	12.8022
				}
				{VolumeView "side_am1.ply"}
				{bone "side_am5"
					{Position -5.32982	-0.0503349	0.644043}
					{VolumeView "side_am2.ply"}
				}
			}
		}
		{bone "pivot_front"
			{parameters "ID=body;"}
			{Position 0.410746	-0.131818	20.0197}
			{VolumeView "pivot_front.ply"}
			{bone revolute "steerl"
				{Matrix34
					0.999993	0.00386556	0
					0.00386556	-0.999993	0
					0	0	1
					46.0678	15.11	-10.8545
				}
				{VolumeView "steerl.ply"}
				{bone "fxtracel1"
					{Matrix34
						-0.999993	-0.00386753	0
						0	0	1
						-0.00386753	0.999993	0
						0.739361	-2.07203	-8.7802
					}
				}
				{bone revolute "wheell1"
					{parameters "ID=wheelleft;Radius=0.5;"}
					{Matrix34
						-0.999932	-0.0116482	0
						2.28041e-005	-0.0019576	0.999998
						0.0116482	-0.99993	-0.00195773
						0.503605	-2.5912	-0.300961
					}
					{VolumeView "wheell1.ply"}
				}
			}
			{bone revolute "steerr"
				{Matrix34
					1	0	0
					0	-1	0
					0	0	1
					46.0933	-15.173	-11.3571
				}
				{VolumeView "steerr.ply"}
				{bone revolute "wheelr1"
					{parameters "ID=wheelright;Radius=0.5;"}
					{Matrix34
						-0.99997	-0.0077819	0
						1.52362e-005	-0.00195784	0.999998
						0.00778189	-0.999968	-0.0019579
						0.468082	2.5312	0.201689
					}
					{VolumeView "wheelr1.ply"}
				}
				{bone "fxtracer1"
					{Matrix34
						-1	0	0
						0	0	1
						0	1	0
						0.565323	2.31649	-8.3638
					}
				}
			}
		}
		{bone "wheelsR"
			{Matrix34
				1	0	0
				0	1	0
				0	0	1
				-23.7463	-13.7225	7.63787
			}
			{bone revolute "wheelr7"
				{parameters "Radius=0.4;ID=trackright;"}
				{Matrix34
					-1	0	0
					0	0.000782653	1
					0	-1	0.000782653
					10.5691	-3.67437	-0.834202
				}
				{VolumeView "wheelr7.ply"}
			}
			{bone revolute "wheelr9"
				{parameters "Radius=0.4;ID=trackright;"}
				{Matrix34
					-1	0	0
					0	0.000782653	1
					0	-1	0.000782653
					-4.02154	-3.67428	-0.809844
				}
				{VolumeView "wheelr9.ply"}
			}
			{bone revolute "wheelr8"
				{parameters "Radius=0.4;ID=trackright;"}
				{Matrix34
					-1	0	0
					0	0.000782653	1
					0	-1	0.000782653
					3.45044	-3.66378	-0.849947
				}
				{VolumeView "wheelr8.ply"}
			}
			{bone revolute "wheelr5"
				{parameters "Radius=0.4;ID=trackright;"}
				{Matrix34
					-1	0	0
					0	0.000782653	1
					0	-1	0.000782653
					25.5175	-3.72017	-0.841827
				}
				{VolumeView "wheelr5.ply"}
			}
			{bone revolute "wheelr6"
				{parameters "Radius=0.4;ID=trackright;"}
				{Matrix34
					-1	0	0
					0	0.000782653	1
					0	-1	0.000782653
					18.0411	-3.66386	-0.874306
				}
				{VolumeView "wheelr6.ply"}
			}
			{bone "fxtracer2"
				{Matrix34
					1	0	0
					0	0.000782327	1
					0	-1	0.000782327
					-4.3319	-3.91261	-7.4089
				}
			}
			{bone revolute "wheelr4"
				{parameters "Radius=0.3;ID=trackright;"}
				{Matrix34
					-1	0	0
					0	0.000782653	1
					0	-1	0.000782653
					33.2087	-4.05491	-1.0007
				}
				{VolumeView "wheelr4.ply"}
			}
			{bone "trackR"
				{parameters "ID=trackright;"}
				{Matrix34
					1	0	0
					0	0.000782208	1
					0	-1	0.000782208
					14.8668	-3.68874	-0.383722
				}
				{VolumeView "trackr.ply"}
			}
		}
		{bone "wheelsL"
			{Matrix34
				1	0	0
				0	1	0
				0	0	1
				-23.7463	13.1394	7.63787
			}
			{bone "fxtracel2"
				{Matrix34
					1	0	0
					0	0.000782327	1
					0	-1	0.000782327
					-4.24465	3.96847	-7.34632
				}
			}
			{bone revolute "wheell9"
				{parameters "Radius=0.4;ID=trackleft;"}
				{Matrix34
					-1	0	0
					0	0.000782653	1
					0	-1	0.000782653
					3.44966	4.02067	-0.952749
				}
				{VolumeView "wheell9.ply"}
			}
			{bone revolute "wheell8"
				{parameters "Radius=0.4;ID=trackleft;"}
				{Matrix34
					-1	0	0
					0	0.000782653	1
					0	-1	0.000782653
					-4.02118	3.692	-0.872257
				}
				{VolumeView "wheell8.ply"}
			}
			{bone revolute "wheell7"
				{parameters "Radius=0.4;ID=trackleft;"}
				{Matrix34
					-1	0	0
					0	0.000782653	1
					0	-1	0.000782653
					10.5695	3.69192	-0.896616
				}
				{VolumeView "wheell7.ply"}
			}
			{bone revolute "wheell5"
				{parameters "Radius=0.4;ID=trackleft;"}
				{Matrix34
					-1	0	0
					0	0.000782653	1
					0	-1	0.000782653
					25.6845	3.64042	-0.984167
				}
				{VolumeView "wheell5.ply"}
			}
			{bone revolute "wheell6"
				{parameters "Radius=0.4;ID=trackleft;"}
				{Matrix34
					-1	0	0
					0	0.000782653	1
					0	-1	0.000782653
					18.0403	4.02059	-0.977107
				}
				{VolumeView "wheell6.ply"}
			}
			{bone revolute "wheell4"
				{parameters "Radius=0.3;ID=trackleft;"}
				{Matrix34
					-0.999103	0.0423451	-3.32275e-005
					0	0.000782556	1
					0.0423455	0.999103	-0.00078185
					33.1175	3.82925	-0.956808
				}
				{VolumeView "wheell4.ply"}
			}
			{bone "trackL"
				{parameters "ID=trackleft;"}
				{Matrix34
					1	0	0
					0	0.000782208	1
					0	-1	0.000782208
					17.131	2.23718	-0.220623
				}
				{VolumeView "trackl.ply"}
			}
		}
	}
}
{Volume "body"
	{Polyhedron "body_2.vol"}
	{Bone "body"}
	{Matrix34
		1	0	0
		0	0	1
		0	-1	0
		-20.3333	15.5464	1.05163
	}
}
{Volume "body2"
	{Polyhedron "body_3.vol"}
	{Bone "body"}
	{Matrix34
		1	0	0
		0	0	1
		0	-1	0
		-11.9128	-12.6061	-9.42623
	}
}
{Volume "bodyl"
	{Polyhedron "bodyl.vol"}
	{Bone "left_side"}
	{Matrix34
		0	0	-1
		-0.0176979	0.999843	0
		-0.999843	-0.017698	0
		-0.170864	7.9571	0.217613
	}
}
{Volume "bodyr"
	{Polyhedron "bodyr.vol"}
	{Bone "right_side"}
	{Matrix34
		0	0	-1
		0.00726524	0.999974	0
		0.999974	-0.00726524	0
		0.118578	7.96285	0.584553
	}
}
{Volume "engine"
	{Polyhedron "engine_2.vol"}
	{Bone "engine"}
	{Matrix34
		1	0	0
		0	0	1
		0	-1	0
		40.4005	13.5726	1.09352
	}
}
{Volume "gun_rot1"
	{Polyhedron "gun_rot1.vol"}
	{Bone "gun_rot"}
	{Matrix34
		1	0	-0.000271184
		0	0.999999	0.00149727
		0.000271433	-0.00149763	0.999999
		-3.76779	-1.29478	-2.11526
	}
}
{Volume "gun_rot"
	{Polyhedron "gun_rot.vol"}
	{Bone "gun_rot"}
	{Matrix34
		1	0	-0.000271184
		0	0.999999	0.00149727
		0.000271433	-0.00149763	0.999999
		8.03776	-0.343132	-2.11053
	}
}
{Volume "gun"
	{Cylinder 0.867052 30}
	{Bone "gun"}
	{Matrix34
		-0.999995	-0.00315302	0.00029366
		-0.00315326	0.999991	-0.00269305
		-0.000285341	-0.00269437	-0.999996
		-0.0115203	-0.124808	18.9957
	}
}
{Volume "mgun_turret"
	{Polyhedron "mgun_turret.vol"}
	{Bone "mgun1_turret"}
	{Matrix34
		1	0	0
		0	0	1
		0	-1	0
		4.5664	0.369169	2.08305
	}
}
{Volume "shield"
	{Polyhedron "shield.vol"}
	{Bone "turret"}
	{Matrix34
		0.00622752	-0.999979	-0.00167984
		-0.205268	-0.00292197	0.978701
		-0.978686	-0.00574987	-0.205282
		-0.157141	-8.8273	14.928
	}
}
{Volume "ram"
	{Polyhedron "ram.vol"}
	{Bone "body"}
	{Matrix34
		1	0	0
		0	1	0
		0	0	1
		-0.32997	0.055831	-13.9784
	}
}
{Volume "stand"
	{Box 20.0716 21.1218 11}
	{Bone "stand"}
	{Position -0.141207	-0.00941737	5.43528}
}
{Volume "trackleft"
	{Box 72 15.25 6.4}
	{Bone "wheelsL"}
	{Matrix34
		1	0	0
		0	0	1
		0	-1	0
		16.3451	3.76536	0.229666
	}
}
{Volume "trackright"
	{Box 72 15.25 6.4}
	{Bone "wheelsR"}
	{Matrix34
		1	0	0
		0	0	1
		0	-1	0
		16.2442	-3.41029	0.257301
	}
}
{Volume "turret1"
	{Polyhedron "turret1.vol"}
	{Bone "turret"}
	{Matrix34
		0.00622737	-0.999979	-0.00167978
		0	-0.0016793	0.999999
		-0.999981	-0.00622715	-1.06646e-005
		14.5624	8.19948	8.8137
	}
}
{Volume "turret2"
	{Polyhedron "turret2.vol"}
	{Bone "turret"}
	{Matrix34
		0.00622737	-0.999979	-0.00167978
		0	-0.0016793	0.999999
		-0.999981	-0.00622715	-1.06646e-005
		14.6632	-7.98264	8.78651
	}
}
{Volume "turret"
	{Polyhedron "turret.vol"}
	{Bone "turret"}
	{Matrix34
		0.999981	0.00622741	1.06054e-005
		-0.00622782	0.999979	0.00167969
		0	-0.00167936	0.999999
		3.12018	-0.114337	-0.104614
	}
}
{Volume "wheelleft1"
	{Cylinder 9.25 3.8}
	{Bone "steerl"}
	{Matrix34
		0.999993	0.00385966	0
		0	0	1
		-0.00385966	0.999993	0
		0.622625	-2.23497	-0.477493
	}
}
{Volume "wheelright1"
	{Cylinder 9.25 3.8}
	{Bone "steerr"}
	{Matrix34
		1	0	0
		0	0	1
		0	1	0
		0.553616	2.171	0.0507721
	}
}
