;Exported by: Loskutov_K
;Date:        Mon Jul 20 10:18:16 2009
;File:        D:\_Bushlaty\Tanks\Marder_3\Marder_3_XX\Marder_xx.max
{Skeleton
	{bone "basis"
		{Orientation
			1	0	0
			0	-1	0
			0	0	1
		}
		{bone "wheelsr"
			{parameters "Id=trackRight;"}
			{Position -5.46572	-0.22101	10.5416}
			{VolumeView "wheelsr.ply"}
			{bone revolute "wheelr2"
				{parameters "Id=trackRight;"}
				{Matrix34
					-1	0	0
					0	0	1
					0	1	0
					26.5344	-17.8856	-1.79373
				}
				{VolumeView "wheelr2.ply"}
			}
			{bone revolute "wheelr3"
				{parameters "Id=trackRight;"}
				{Matrix34
					-1	0	0
					0	0	1
					0	1	0
					9.65428	-17.8855	-1.77737
				}
				{VolumeView "wheelr3.ply"}
			}
			{bone revolute "wheelr4"
				{parameters "Id=trackRight;"}
				{Matrix34
					-1	0	0
					0	0	1
					0	1	0
					-9.54669	-17.8855	-1.80075
				}
				{VolumeView "wheelr4.ply"}
			}
			{bone revolute "wheelr5"
				{parameters "Id=trackRight;"}
				{Matrix34
					-1	0	0
					0	0	1
					0	1	0
					-26.4998	-17.8855	-1.78014
				}
				{VolumeView "wheelr5.ply"}
			}
		}
		{bone "wheelsl"
			{parameters "Id=trackLeft;"}
			{Position -5.46572	-0.22101	10.5416}
			{VolumeView "wheelsl.ply"}
			{bone revolute "wheell2"
				{parameters "Id=trackLeft;"}
				{Matrix34
					1	0	0
					0	0	-1
					0	1	0
					26.5507	17.996	-1.77737
				}
				{VolumeView "wheell2.ply"}
			}
			{bone revolute "wheell3"
				{parameters "Id=trackLeft;"}
				{Matrix34
					1	0	0
					0	0	-1
					0	1	0
					9.65428	17.996	-1.77737
				}
				{VolumeView "wheell3.ply"}
			}
			{bone revolute "wheell4"
				{parameters "Id=trackLeft;"}
				{Matrix34
					1	0	0
					0	0	-1
					0	1	0
					-9.57149	17.996	-1.77737
				}
				{VolumeView "wheell4.ply"}
			}
			{bone revolute "wheell5"
				{parameters "Id=trackLeft;"}
				{Matrix34
					1	0	0
					0	0	-1
					0	1	0
					-26.4644	17.996	-1.77737
				}
				{VolumeView "wheell5.ply"}
			}
		}
		{bone "body"
			{parameters "ID=body;"}
			{Matrix34
				0.99773	-0.0074024	-0.0669404
				0.0140332	0.994975	0.0991355
				0.0658702	-0.0998498	0.99282
				-5.46572	-0.22101	10.5416
			}
			{VolumeView "body.ply"}
			{bone revolute "turret"
				{parameters "ID=turret;"}
				{Matrix34
					0.977813	-0.146649	-0.149587
					0.120926	0.978244	-0.168567
					0.171053	0.146738	0.974274
					11.5019	-0.0893059	26.9653
				}
				{VolumeView "turret.ply"}
				{bone revolute "gun_rot"
					{parameters "ID=gun;"}
					{Matrix34
						1	0	0
						0	0	-1
						0	1	0
						0	0	0
					}
					{VolumeView "gun_rot.ply"}
					{bone "gun"
						{parameters "ID=gun;"}
						{Matrix34
							-0.95829	-0.0744658	0.275927
							-0.283275	0.375491	-0.882475
							-0.037894	-0.92383	-0.380923
							0	0	2.13634
						}
						{VolumeView "gun.ply"}
						{bone "part1"
							{parameters "ID=gun;"}
							{Position 0	0	0}
							{VolumeView "part1.ply"}
						}
					}
				}
			}
			{bone revolute "wheell8"
				{parameters "Id=trackLeft;Wheelradius=0.4;"}
				{Matrix34
					1	0	0
					0	0	-1
					0	1	0
					18.1973	18.1687	6.77375
				}
				{VolumeView "wheell8.ply"}
			}
			{bone revolute "wheell7"
				{parameters "Id=trackLeft;Wheelradius=0.4;"}
				{Matrix34
					1	0	0
					0	0	-1
					0	1	0
					0.0451232	18.1687	5.57459
				}
				{VolumeView "wheell7.ply"}
			}
			{bone revolute "wheell6"
				{parameters "Id=trackLeft;"}
				{Matrix34
					1	0	0
					0	0	-1
					0	1	0
					-38.4149	18.4005	-0.381333
				}
				{VolumeView "wheell6.ply"}
			}
			{bone revolute "wheelr7"
				{parameters "Id=trackRight;Wheelradius=0.4;"}
				{Matrix34
					-1	0	0
					0	0	1
					0	1	0
					0.0451223	-18.0568	5.57459
				}
				{VolumeView "wheelr7.ply"}
			}
			{bone revolute "wheelr8"
				{parameters "Id=trackRight;Wheelradius=0.4;"}
				{Matrix34
					-1	0	0
					0	0	1
					0	1	0
					18.1973	-18.0568	6.77375
				}
				{VolumeView "wheelr8.ply"}
			}
			{bone revolute "wheell1"
				{parameters "Id=trackLeft;"}
				{Matrix34
					1	0	0
					0	0	-1
					0	1	0
					39.3395	17.9958	4.36471
				}
				{VolumeView "wheell1.ply"}
			}
			{bone revolute "wheelr1"
				{parameters "Id=trackRight;"}
				{Matrix34
					-1	0	0
					0	0	1
					0	1	0
					39.3395	-17.8853	4.36471
				}
				{VolumeView "wheelr1.ply"}
			}
			{bone revolute "wheelr6"
				{parameters "Id=trackRight;"}
				{Matrix34
					-1	0	0
					0	0	1
					0	1	0
					-38.4148	-18.29	-0.381333
				}
				{VolumeView "wheelr6.ply"}
			}
			{bone "engine"
				{parameters "ID=engine;"}
				{Position -22.1708	-0.776348	6.57079}
				{VolumeView "engine.ply"}
				{bone "part2"
					{parameters "ID=engine;"}
					{Matrix34
						0.950734	0	-0.310009
						0	1	0
						0.310008	0	0.950734
						-2.22445	6.17731	15.005
					}
					{VolumeView "part2.ply"}
				}
				{bone "part4"
					{parameters "ID=engine;"}
					{Matrix34
						1	0	0
						0	-0.307636	-0.951504
						0	0.951504	-0.307636
						-3.04851	-4.84967	11.1396
					}
					{VolumeView "part4.ply"}
				}
				{bone "part3"
					{parameters "ID=engine;"}
					{Position 22.1708	0.776348	-6.57079}
					{VolumeView "part3.ply"}
				}
			}
		}
	}
}
{Volume "body1"
	{Polyhedron "body1.vol"}
	{Bone "body"}
	{Matrix34
		1	0	0
		0	0	1
		0	-1	0
		2.07696	14.4738	7.05698
	}
}
{Volume "body2"
	{Polyhedron "body2.vol"}
	{Bone "body"}
	{Position 3.80559	15.8689	17.5543}
}
{Volume "body3"
	{Polyhedron "body3.vol"}
	{Bone "body"}
	{Position 3.80559	-15.5604	17.5543}
}
{Volume "body4"
	{Polyhedron "body4.vol"}
	{Bone "body"}
	{Matrix34
		0.992463	0	-0.122547
		0	1	0
		0.122547	0	0.992463
		5.89536	-0.312931	35.5267
	}
}
{Volume "gun"
	{Cylinder 1.96041 30.7117}
	{Bone "gun"}
	{Matrix34
		0	-1	0
		0	0	1
		-1	0	0
		-1.23755	-0.012719	0.622728
	}
}
{Volume "part1"
	{Cylinder 1.96041 44.2922}
	{Bone "part1"}
	{Matrix34
		0	-1	0
		0	0	1
		-1	0	0
		-38.6198	0.0774841	0.524569
	}
}
{Volume "part2"
	{Polyhedron "part2.vol"}
	{Bone "part2"}
	{Matrix34
		0.928155	0.0140332	0.371929
		0.0239166	0.994975	-0.0972255
		-0.371425	0.0991356	0.923155
		6.88913	7.59037	-4.78217
	}
}
{Volume "part3"
	{Polyhedron "part3.vol"}
	{Bone "part3"}
	{Matrix34
		0.997655	-0.00759834	0.068025
		-0.0681183	-0.0127756	0.997595
		-0.00671099	-0.999889	-0.0132632
		-34.6669	1.60096	16.3098
	}
}
{Volume "part4"
	{Polyhedron "part4.vol"}
	{Bone "part4"}
	{Matrix34
		-0.00682369	0.00154003	-0.999976
		-0.0670021	-0.997752	-0.00107938
		-0.99773	0.0669931	0.00691153
		14.5293	-7.51579	0.591155
	}
}
{Volume "trackleft"
	{Box 89.7021 6.31022 19.6879}
	{Bone "wheelsl"}
	{Position 0.580217	17.8466	-0.697684}
}
{Volume "trackright"
	{Box 89.7021 6.31022 19.6879}
	{Bone "wheelsr"}
	{Position 0.580216	-17.8381	-0.697683}
}
{Volume "turret"
	{Polyhedron "turret.vol"}
	{Bone "turret"}
	{Position -1.23653	0.370798	-8.07023}
}
