;Exported by: ubrashaev
;Date:        Thu Feb 23 14:43:59 2006
;File:        D:\-Projects1_5-\-work-\3d\euro_sh\euro1_corner2_lm_cornerDoc.max
{Skeleton
	{bone "101_column_r"
		{Orientation
			1	0	0
			0	-1	0
			0	0	1
		}
		{VolumeView "101_column_r.ply"}
		{bone "piece00"
			{Matrix34
				0	-1	0
				0	0	1
				-1	0	0
				-17.6455	8.88026	68.8976
			}
			{VolumeView "piece00.ply"}
		}
		{bone "piece01"
			{Matrix34
				0	-1	0
				0	0	1
				-1	0	0
				-17.4487	-16.5855	80.8886
			}
			{VolumeView "piece01.ply"}
		}
		{bone "piece02"
			{Matrix34
				0	-1	0
				0	0	1
				-1	0	0
				-17.4487	24.753	84.8491
			}
			{VolumeView "piece02.ply"}
		}
		{bone "piece03"
			{Matrix34
				0	-1	0
				0	0	1
				-1	0	0
				-17.4483	8.45329	60.0394
			}
			{VolumeView "piece03.ply"}
		}
		{bone "piece04"
			{Matrix34
				1	0	0
				0	0	1
				0	-1	0
				-7.60616	-16.5859	60.0394
			}
			{VolumeView "piece04.ply"}
		}
		{bone "piece05"
			{Matrix34
				0	-1	0
				0	0	1
				-1	0	0
				0.269163	-24.4166	60.0393
			}
			{VolumeView "piece05.ply"}
		}
		{bone "piece06"
			{Matrix34
				0	-1	0
				0	0	1
				-1	0	0
				-0.216089	21.0067	51.1811
			}
			{VolumeView "piece06.ply"}
		}
		{bone "piece07"
			{Matrix34
				0.0871556	-0.996195	0
				0	0	1
				-0.996195	-0.0871556	0
				-1.5386	8.2951	51.1811
			}
			{VolumeView "piece07.ply"}
		}
		{bone "piece08"
			{Matrix34
				0.0871556	-0.996195	0
				0	0	1
				-0.996195	-0.0871556	0
				-1.53861	-5.99312	51.1811
			}
			{VolumeView "piece08.ply"}
		}
		{bone "piece09"
			{Matrix34
				0	-1	0
				0	0	1
				-1	0	0
				0.265242	-26.7166	68.8976
			}
			{VolumeView "piece09.ply"}
		}
		{bone "piece10"
			{Matrix34
				0.602548	-0.744413	-0.287723
				0.0866211	-0.297388	0.950819
				-0.793368	-0.597837	-0.114709
				-17.4487	-16.5855	22.6378
			}
			{VolumeView "piece10.ply"}
		}
		{bone "piece11"
			{Matrix34
				-0.437148	-0.88641	0.152244
				-0.0570597	0.196267	0.978889
				-0.897578	0.419233	-0.136376
				-17.4487	-12.2833	22.6378
			}
			{VolumeView "piece11.ply"}
		}
	}
}
{Volume "piece00"
	{Box 46.9946 3.93701 3.93701}
	{Bone "piece00"}
	{Position 0	0	0}
}
{Volume "piece01"
	{Box 3.93701 55.478 3.93702}
	{Bone "piece01"}
	{Position 0	0	0}
}
{Volume "piece02"
	{Box 3.93703 63.399 3.93702}
	{Bone "piece02"}
	{Position 0	0	0}
}
{Volume "piece03"
	{Box 46.1407 13.7795 1.92}
	{Bone "piece03"}
	{Position 0	0	0.96}
}
{Volume "piece04"
	{Box 15.748 13.7795 1.68}
	{Bone "piece04"}
	{Position 0	0	0.839979}
}
{Volume "piece05"
	{Box 15.662 13.7795 1.115}
	{Bone "piece05"}
	{Position 0	0	0.557503}
}
{Volume "piece06"
	{Box 7.3709 3.93701 50.2132}
	{Bone "piece06"}
	{Position 0	0	0}
}
{Volume "piece07"
	{Box 7.3709 3.93701 50.2132}
	{Bone "piece07"}
	{Position -1.00231e-005	0	0}
}
{Volume "piece08"
	{Box 7.3709 3.93701 50.2132}
	{Bone "piece08"}
	{Position 0	0	0}
}
{Volume "piece09"
	{Box 16.3252 3.93701 3.93701}
	{Bone "piece09"}
	{Position 0	0	0}
}
{Volume "piece10"
	{Box 7.87402 21.3941 7.87402}
	{Bone "piece10"}
	{Position 1.32179e-005	8.00374	0}
}
{Volume "piece11"
	{Box 7.87402 21.3941 7.87402}
	{Bone "piece11"}
	{Position 0	-8.00373	0}
}
