;Exported by: kolesnikov
;Date:        Mon Jul 11 10:17:18 2005
;File:        D:\-Project-\-3DWork-\barricade_new_vik.max
{Skeleton
	{bone "barricade2_b_corner2_x"
		{Orientation
			1	0	0
			0	-1	0
			0	0	1
		}
		{bone "piece1"
			{Position -3.42844	15.5347	22.8729}
			{VolumeView "piece1.ply"}
		}
		{bone "piece2"
			{Position 11.226	37.2919	9.87245}
			{VolumeView "piece2.ply"}
		}
		{bone "piece4"
			{Position 2.38248	15.9882	14.2559}
			{VolumeView "piece4.ply"}
		}
		{bone "piece6"
			{Matrix34
				0	0	1
				0	1	0
				-1	0	0
				9.83811	19.1537	18.0694
			}
			{VolumeView "piece6.ply"}
		}
		{bone "piece7"
			{Matrix34
				0	0	1
				0	1	0
				-1	0	0
				26.354	29.8523	16.6721
			}
			{VolumeView "piece7.ply"}
		}
		{bone "piece13"
			{Matrix34
				0.0102805	0.9983	0.0573668
				0.0581493	0.0566759	-0.996698
				-0.998255	0.0135824	-0.0574678
				15.2218	15.5235	3.69907
			}
			{VolumeView "piece13.ply"}
		}
		{bone "piece14"
			{Matrix34
				-0.842686	-0.483392	-0.23709
				0.269017	0.00341419	-0.963129
				0.466379	-0.875397	0.127164
				23.8171	22.0439	3.14652
			}
			{VolumeView "piece14.ply"}
		}
		{bone "piece15"
			{Matrix34
				0.0102805	0.9983	0.0573667
				0.0581493	0.056676	-0.996698
				-0.998255	0.0135824	-0.0574678
				-1.9955	29.8623	3.69907
			}
			{VolumeView "piece15.ply"}
		}
		{bone "fx_stone1"
			{Position 8.9209	13.243	0}
		}
	}
}
{Volume "body3_vol11"
	{Box 8.79824 6.36551 3.07781}
	{Bone "piece15"}
	{Matrix34
		0.9983	0.056676	0.0135823
		-0.0102804	-0.0581491	0.998255
		0.0573666	-0.996698	-0.0574676
		0.167918	0.0709087	0.29116
	}
}
{Volume "body3_vol09"
	{Box 4.53518 4.9345 2.2631}
	{Bone "piece14"}
	{Matrix34
		-0.483392	0.00341411	-0.875397
		0.842687	-0.269017	-0.466378
		-0.23709	-0.96313	0.127164
		0.0130358	-0.0460975	0.205323
	}
}
{Volume "body3_vol10"
	{Box 8.79824 6.36551 3.07781}
	{Bone "piece13"}
	{Matrix34
		0.9983	0.0566758	0.0135823
		-0.0102804	-0.0581491	0.998255
		0.0573668	-0.996698	-0.0574676
		0.172947	0.0997762	-0.204345
	}
}
{Volume "body3_vol08"
	{Box 13.743 0.469501 16.165}
	{Bone "piece7"}
	{Matrix34
		0	1	0
		0	0	1
		1	0	0
		-0.801707	-0.0198652	0.222635
	}
}
{Volume "body3_vol07"
	{Box 13.743 0.469501 16.165}
	{Bone "piece6"}
	{Matrix34
		0	1	0
		0	0	1
		1	0	0
		-2.19901	-0.254422	0.0833835
	}
}
{Volume "body3_vol13"
	{Box 2.33227 2.1845 15.4189}
	{Bone "piece4"}
	{Position -0.150834	0.202373	-0.0252674}
}
{Volume "body3_vol12"
	{Polyhedron "body3_vol12.vol"}
	{Bone "piece2"}
	{Matrix34
		0.958266	0.285877	0
		-0.285877	0.958266	0
		0	0	1
		0.221924	-0.0227966	-0.578028
	}
}
{Volume "body3_vol14"
	{Box 8.53609 10.1579 5.36578}
	{Bone "piece1"}
	{Position -0.589691	-0.444855	-1.38994}
}
