;Exported by: ubrashaev
;Date:        Thu Feb 17 11:26:21 2005
;File:        D:\-Projects1_5-\-work-\3d\-Model-\-Пушки\Flak41\Flak41_xx.max
{Skeleton
	{bone "basis"
		{Orientation
			1	0	0
			0	-1	0
			0	0	1
		}
		{bone "body"
			{parameters "ID=body;"}
			{Position -0.0982327	-0.17843	4.34689}
			{VolumeView "body.ply"}
			{bone "turret"
				{parameters "CommonMesh;ID=Turret;"}
				{Position 0	-1.78814e-007	4.14661}
				{VolumeView "turret.ply"}
				{bone "shield_front"
					{parameters "ID=shield_front;"}
					{Position 0.00127411	0.0585468	0.569885}
					{VolumeView "shield_front.ply"}
				}
				{bone "gun_rot"
					{parameters "ID=gun;"}
					{Matrix34
						0.817115	-0.0679847	0.572452
						-0.567777	-0.266764	0.77876
						0.0997661	-0.961361	-0.256577
						-17.341	-0.181554	23.5009
					}
					{VolumeView "gun_rot.ply"}
					{bone "gun"
						{Matrix34
							1	0.000120569	1.93178e-006
							-2.08648e-007	0.0174521	-0.999848
							-0.000120636	0.999848	0.0174521
							24.0036	2.22034	-0.138541
						}
						{VolumeView "gun.ply"}
					}
				}
			}
			{bone "part4"
				{Position 0.0875821	-49.0737	-3.24942}
				{VolumeView "part4.ply"}
			}
			{bone "part1"
				{Matrix34
					0.817046	-0.0680186	0.572546
					-0.10966	0.956559	0.270129
					-0.566048	-0.283493	0.774094
					0.998222	-2.27255	43.153
				}
				{VolumeView "part1.ply"}
			}
			{bone "part2"
				{Matrix34
					0.817115	-0.0679846	0.572452
					-0.567777	-0.266764	0.778759
					0.0997662	-0.961361	-0.256577
					-7.52992	-1.27203	36.8198
				}
				{VolumeView "part2.ply"}
			}
			{bone "part3"
				{Position -3.01397	-7.10013	20.9564}
				{VolumeView "part3.ply"}
			}
		}
	}
}
{Obstacle "obstacle1"
	{Obb2
		{Center -0.549115 0.885611}
		{Extent 22.8781 5.77615}
		{Axis 4.42904e-008 1}
	}
	{Rotate}
}
{Obstacle "obstacle"
	{Obb2
		{Center -0.549114 0.0726511}
		{Extent 22.8781 5.77615}
		{Axis -1 0}
	}
	{Rotate}
}
{Volume "body1"
	{Box 99.2601 4.52468 8.66051}
	{Bone "body"}
	{Position 0.466488	-0.289893	-0.0166368}
}
{Volume "body2"
	{Box 99.2601 4.52468 8.66051}
	{Bone "body"}
	{Matrix34
		-1.62921e-007	-1	0
		1	-1.62921e-007	0
		0	0	1
		0.466488	-0.289893	-0.0166368
	}
}
{Volume "part3"
	{Box 19.7965 3.19943 4.29923}
	{Bone "part3"}
	{Matrix34
		0.986016	0	0.166653
		0	1	0
		-0.166653	0	0.986016
		-0.0983223	0.055871	0.0016467
	}
}
{Volume "part2"
	{Cylinder 3.71503 30.7847}
	{Bone "part2"}
	{Matrix34
		0.0202831	-0.326277	-0.945057
		0.0564449	0.944118	-0.324741
		0.9982	-0.0467569	0.037566
		3.96774	2.27071	0.0515524
	}
}
{Volume "part1"
	{Cylinder 2.46086 97.2335}
	{Bone "part1"}
	{Matrix34
		0.000205335	0.943318	-0.33189
		-0.0104721	0.331874	0.943265
		0.999945	0.00328212	0.00994697
		0.683655	0.099198	-1.887
	}
}
{Volume "part4"
	{Box 11.9979 12.0978 2.2196}
	{Bone "part4"}
	{Position 0.00939012	-0.0130844	0.012326}
}
{Volume "turret"
	{Polyhedron "turret.vol"}
	{Bone "turret"}
	{Position -1.537	0.0856052	0.0791874}
}
{Volume "shield_front"
	{Polyhedron "shield_front.vol"}
	{Bone "shield_front"}
	{Position 5.62481	0.0270584	0.222338}
}
