;Exported by: sana
;Date:        Thu Jul 06 15:44:26 2006
;File:        D:\ss\store_1\store_03n_x.max
{Skeleton
	{bone "store3_wall7"
		{Orientation
			1	0	0
			0	-1	0
			0	0	1
		}
		{bone "piece01"
			{Position -19.6717	2.67594	35.6464}
			{VolumeView "piece01.ply"}
		}
		{bone "piece02"
			{Position 31.7794	-5.55045	52.0354}
			{VolumeView "piece02.ply"}
			{bone "sub_piece02"
				{Position -7.70679	-1.65122e-005	-7.87071}
				{VolumeView "sub_piece02.ply"}
			}
		}
		{bone "piece03"
			{Position 6.00208	-5.55045	46.7872}
			{VolumeView "piece03.ply"}
			{bone "sub_piece03"
				{Position -3.11548	-1.63056e-005	-14.0197}
				{VolumeView "sub_piece03.ply"}
			}
		}
		{bone "piece04"
			{Position 25.4328	-5.55045	70.7696}
			{VolumeView "piece04.ply"}
			{bone "sub_piece04"
				{Position -11.97	-1.61699e-005	-4.67323}
				{VolumeView "sub_piece04.ply"}
			}
		}
		{bone "piece05"
			{Matrix34
				0.0588561	0	0.998266
				0	1	0
				-0.998266	0	0.0588561
				-19.5622	-5.55045	67.6658
			}
			{VolumeView "piece05.ply"}
			{bone "sub_piece05"
				{Position 4.0174	0	-12.462}
				{VolumeView "sub_piece05.ply"}
			}
		}
		{bone "piece06"
			{Position 18.1374	-5.55046	27.0308}
			{VolumeView "piece06.ply"}
			{bone "sub_piece06"
				{Position 0.573915	-1.63392e-005	-10.1663}
				{VolumeView "sub_piece06.ply"}
			}
		}
		{bone "piece07"
			{Position 16.1421	-30.4193	85.9945}
			{VolumeView "piece07.ply"}
		}
		{bone "piece08"
			{Position -19.3155	-30.4528	85.3062}
			{VolumeView "piece08.ply"}
		}
		{bone "piece09"
			{Position 4.1087	-35.8727	84.472}
			{VolumeView "piece09.ply"}
		}
		{bone "exterior"
			{Position 1.31891	-30.4528	85.0197}
		}
	}
}
{Volume "piece01"
	{Box 28.3459 4.80734 50.7063}
	{Bone "piece01"}
	{Matrix34
		0.918194	-0.383642	0.0986841
		0.396131	0.889246	-0.228741
		0	0.24912	0.968473
		0.373342	-0.425404	0
	}
}
{Volume "piece02"
	{Box 20.6213 5.90552 17.8042}
	{Bone "piece02"}
	{Matrix34
		0.667118	0	-0.744952
		0	1	0
		0.744952	0	0.667118
		-0.509652	-1.06191e-005	1.80047
	}
}
{Volume "piece03"
	{Box 16.0694 5.90552 20.6607}
	{Bone "piece03"}
	{Position 0	0	0}
}
{Volume "piece04"
	{Box 21.8085 5.90552 12.462}
	{Bone "piece04"}
	{Position 0.000121161	-1.04301e-005	0}
}
{Volume "piece05"
	{Box 16.8893 5.90551 22.1364}
	{Bone "piece05"}
	{Position 1.45221e-005	0	2.45811e-005}
}
{Volume "piece06"
	{Box 15.7415 5.90552 23.7762}
	{Bone "piece06"}
	{Position 6.31304e-005	0	0}
}
{Volume "piece07"
	{Box 40.2232 68.1614 3.93701}
	{Bone "piece07"}
	{Matrix34
		1	0	0
		0	0.963294	-0.26845
		0	0.26845	0.963294
		0	1.79434	0.727938
	}
}
{Volume "piece08"
	{Box 45.7648 60.0409 3.93701}
	{Bone "piece08"}
	{Matrix34
		1	0	0
		0	0.963819	-0.266557
		0	0.266557	0.963819
		0	5.24947	0.0745992
	}
}
{Volume "piece09"
	{Box 3.40955 62.4464 3.93701}
	{Bone "piece09"}
	{Matrix34
		1	0	0
		0	0.961489	-0.274842
		0	0.274842	0.961489
		0	-2.71292	0.820039
	}
}
{Volume "sub_piece02"
	{Box 14.1427 5.90551 10.6353}
	{Bone "sub_piece02"}
	{Matrix34
		0.677421	0	-0.735595
		0	1	0
		0.735595	0	0.677421
		-0.859592	0	-1.04581
	}
}
{Volume "sub_piece03"
	{Box 12.134 5.90551 11.3634}
	{Bone "sub_piece03"}
	{Position 6.25354e-005	0	0.0680096}
}
{Volume "sub_piece04"
	{Box 10.9862 5.90551 11.3142}
	{Bone "sub_piece04"}
	{Matrix34
		0.971796	0	-0.235823
		0	1	0
		0.235823	0	0.971796
		0	0	0
	}
}
{Volume "sub_piece05"
	{Box 12.5046 5.90551 10.6058}
	{Bone "sub_piece05"}
	{Matrix34
		0.900279	0	0.435313
		0	1	0
		-0.435313	0	0.900279
		0.642685	0	-0.547126
	}
}
{Volume "sub_piece06"
	{Box 16.0121 5.90551 8.71191}
	{Bone "sub_piece06"}
	{Matrix34
		0.857355	0	0.514725
		0	1	0
		-0.514725	0	0.857355
		1.3316	0	-1.40604
	}
}
