;Exported by: shevchenko
;Date:        Tue Mar 14 11:55:01 2006
;File:        D:\-Projects1_5-\-3DWork-\euro1_corner2_lm_corner_x.max
{Skeleton
	{bone "101_f4w1"
		{Orientation
			1	0	0
			0	-1	0
			0	0	1
		}
		{bone "piece8"
			{Matrix34
				0	-1	0
				0	0	1
				-1	0	0
				-2.46063	-28.7554	-10.5815
			}
			{VolumeView "piece8.ply"}
		}
		{bone "piece9"
			{Matrix34
				0	-1	0
				0	0	1
				-1	0	0
				-2.46063	-8.82431	1.72382
			}
			{VolumeView "piece9.ply"}
		}
		{bone "piece12"
			{Matrix34
				0	-0.0286337	-0.99959
				0	-0.99959	0.0286337
				-1	0	0
				-2.46063	38.8359	-17.5246
			}
			{VolumeView "piece12.ply"}
		}
		{bone "piece11"
			{Matrix34
				0	-1	0
				0	0	1
				-1	0	0
				-2.46063	24.2961	2.59805
			}
			{VolumeView "piece11.ply"}
		}
		{bone "piece10"
			{Matrix34
				0	-1	0
				0	0	1
				-1	0	0
				-2.46062	8.1823	-13.4421
			}
			{VolumeView "piece10.ply"}
		}
		{bone "sub_piece1"
			{Matrix34
				-1	0	0
				0	0	1
				0	1	0
				24.1136	-5.09317	-27.7174
			}
			{VolumeView "sub_piece1.ply"}
		}
		{bone "sub_piece4"
			{Matrix34
				-1	0	0
				0	-1	0
				0	0	1
				24.1211	5.4868	-12.6428
			}
			{VolumeView "sub_piece4.ply"}
		}
		{bone "piece4"
			{Matrix34
				0	-1	0
				0	0	1
				-1	0	0
				-24.432	-7.64377	27.9361
			}
			{VolumeView "piece4.ply"}
		}
		{bone "sub_piece0"
			{Matrix34
				0	-1	0
				0	0	-1
				1	0	0
				-35.1729	5.48674	39.5108
			}
			{VolumeView "sub_piece0.ply"}
		}
		{bone "sub_piece3"
			{Matrix34
				0	-1	0
				0	0	1
				-1	0	0
				-34.7558	-37.5121	-13.2951
			}
			{VolumeView "sub_piece3.ply"}
		}
		{bone "sub_piece7"
			{Matrix34
				0	-1	0
				0	0	1
				-1	0	0
				-34.7559	48.4535	-13.2951
			}
			{VolumeView "sub_piece7.ply"}
		}
		{bone "piece1"
			{Matrix34
				0	-1	0
				0	0	1
				-1	0	0
				1.44107	48.4622	-10.6051
			}
			{VolumeView "piece1.ply"}
		}
		{bone "piece3"
			{Matrix34
				0	-1	0
				0	0	1
				-1	0	0
				-33.2409	19.8246	25.13
			}
			{VolumeView "piece3.ply"}
		}
		{bone "piece7"
			{Matrix34
				0	-1	0
				0	0	1
				-1	0	0
				-15.2552	-34.8327	-9.31985
			}
			{VolumeView "piece7.ply"}
		}
		{bone "piece5"
			{Matrix34
				0	-1	0
				0	0	1
				-1	0	0
				32.0955	-11.8901	23.5637
			}
			{VolumeView "piece5.ply"}
		}
		{bone "piece6"
			{Matrix34
				0	-1	0
				0	0	1
				-1	0	0
				33.9822	-37.2898	-11.0605
			}
			{VolumeView "piece6.ply"}
		}
		{bone "piece2"
			{Matrix34
				0	-1	0
				0	0	1
				-1	0	0
				25.9035	18.1876	29.3289
			}
			{VolumeView "piece2.ply"}
		}
		{bone "piece0"
			{Matrix34
				0	-1	0
				0	0	1
				-1	0	0
				-31.9027	45.7041	-7.82962
			}
			{VolumeView "piece0.ply"}
		}
		{bone "sub_piece2"
			{Matrix34
				0	-1	0
				0	0	1
				-1	0	0
				-33.8317	20.2792	22.138
			}
			{VolumeView "sub_piece2.ply"}
		}
		{bone "sub_piece5"
			{Matrix34
				0	-1	0
				0	0	1
				-1	0	0
				-33.4133	-9.29915	22.138
			}
			{VolumeView "sub_piece5.ply"}
		}
	}
}
{Volume "piece0"
	{Box 31.6777 1.9685 44.3629}
	{Bone "piece0"}
	{Matrix34
		0	0	-1
		-0.781195	0.624287	0
		0.624287	0.781195	0
		1.09636	3.90074	-6.4383
	}
}
{Volume "piece10"
	{Box 5.90552 8.26772 15.4134}
	{Bone "piece10"}
	{Matrix34
		0	0	-1
		-0.902774	-0.430116	0
		-0.430116	0.902774	0
		-0.605565	-0.610084	-1.35521e-005
	}
}
{Volume "piece11"
	{Box 5.90552 13.2874 23.7573}
	{Bone "piece11"}
	{Matrix34
		0	0	-1
		-1	0	0
		0	1	0
		-1.55318e-005	0.406068	0
	}
}
{Volume "piece12"
	{Box 5.90552 18.2245 13.6155}
	{Bone "piece12"}
	{Matrix34
		0	0	-1
		-0.0286336	-0.99959	0
		-0.99959	0.0286336	0
		0.556264	-0.0159342	0
	}
}
{Volume "piece1"
	{Box 24.6687 1.9685 45.4216}
	{Bone "piece1"}
	{Matrix34
		-0.177523	-0.217042	-0.959885
		-0.774056	0.633117	0
		0.607719	0.743005	-0.280395
		4.47104	6.96411	-2.75606
	}
}
{Volume "piece2"
	{Box 35.7958 1.9685 39.0394}
	{Bone "piece2"}
	{Matrix34
		0	0	-1
		-0.781195	0.624287	0
		0.624287	0.781195	0
		-0.18576	-0.429728	11.5002
	}
}
{Volume "piece3"
	{Box 35.7958 1.9685 39.0394}
	{Bone "piece3"}
	{Matrix34
		0	0	-1
		-0.781195	0.624287	0
		0.624287	0.781195	0
		1.45123	3.76915	-10.77
	}
}
{Volume "piece4"
	{Box 35.7912 1.9685 36.3353}
	{Bone "piece4"}
	{Matrix34
		0	0	-1
		-0.775026	-0.63193	0
		-0.63193	0.775026	0
		-2.36292	3.34707	-6.20175
	}
}
{Volume "piece5"
	{Box 41.5178 1.9685 48.6893}
	{Bone "piece5"}
	{Matrix34
		0	0	-1
		-0.775026	-0.63193	0
		-0.63193	0.775026	0
		-2.42107	2.58302	3.62321
	}
}
{Volume "piece6"
	{Box 25.9448 1.9685 34.9642}
	{Bone "piece6"}
	{Matrix34
		0	0	-1
		-0.78326	-0.621695	0
		-0.621695	0.78326	0
		-0.35217	2.58624	6.21355
	}
}
{Volume "piece7"
	{Box 33.2626 1.9685 45.408}
	{Bone "piece7"}
	{Matrix34
		0	0	-1
		-0.78326	-0.621695	0
		-0.621695	0.78326	0
		0.796796	2.49355	-7.43747
	}
}
{Volume "piece8"
	{Box 5.90552 17.4523 13.2283}
	{Bone "piece8"}
	{Matrix34
		0	0	-1
		-0.850992	0.525179	0
		0.525179	0.850992	0
		-1.16782	-0.714882	0
	}
}
{Volume "piece9"
	{Box 5.90552 12.5787 35.0394}
	{Bone "piece9"}
	{Matrix34
		0	0	-1
		-1	0	0
		0	1	0
		1.24418	-0.729202	0
	}
}
{Volume "sub_piece0"
	{Box 60.4845 5.90555 5.90553}
	{Bone "sub_piece0"}
	{Matrix34
		0	0	1
		-1	0	0
		0	-1	0
		0	-1.7643e-005	0
	}
}
{Volume "sub_piece1"
	{Box 5.90553 58.0954 5.90552}
	{Bone "sub_piece1"}
	{Matrix34
		-1	0	0
		0	0	1
		0	1	0
		0	0	0
	}
}
{Volume "sub_piece2"
	{Box 53.8731 3.93703 3.93701}
	{Bone "sub_piece2"}
	{Matrix34
		0	0	-1
		-1	0	0
		0	1	0
		0	0	0
	}
}
{Volume "sub_piece3"
	{Box 51.0544 3.93703 3.93701}
	{Bone "sub_piece3"}
	{Matrix34
		0	0	-1
		-1	0	0
		0	1	0
		0	0	-1.49733e-005
	}
}
{Volume "sub_piece4"
	{Box 5.90551 5.90552 58.8913}
	{Bone "sub_piece4"}
	{Matrix34
		-1	0	0
		0	-1	0
		0	0	1
		0	0	0.49
	}
}
{Volume "sub_piece5"
	{Box 54.6178 3.93703 3.93701}
	{Bone "sub_piece5"}
	{Matrix34
		0	0	-1
		-1	0	0
		0	1	0
		0	0	0
	}
}
{Volume "sub_piece7"
	{Box 49.8807 3.93703 3.93701}
	{Bone "sub_piece7"}
	{Matrix34
		0	0	-1
		-1	0	0
		0	1	0
		0	-1.66893e-005	0
	}
}
