;Exported by: shevchenko
;Date:        Mon Aug 29 11:37:01 2005
;File:        D:\-Projects1_5-\-3DWork-\e_farm_121_lm_corner_x.max
{Skeleton
	{animation
		{sequence "crush" {speed 0.4}}
	}
	{bone "121_f1c3"
		{parameters "CommonMesh;"}
		{Orientation
			1	0	0
			0	-1	0
			0	0	1
		}
		{VolumeView "121_f1c3.ply"}
		{bone "piece2"
			{Matrix34
				1	0	0
				0	0	1
				0	-1	0
				-9.99016	-11.5713	14.7638
			}
			{VolumeView "piece2.ply"}
		}
		{bone "piece0"
			{Matrix34
				0	-1	0
				0	0	1
				-1	0	0
				21.5059	-4.68153	17.7165
			}
			{VolumeView "piece0.ply"}
		}
		{bone "piece3"
			{Matrix34
				0	-1	0
				0	0	1
				-1	0	0
				21.5059	-8.61854	40.3543
			}
			{VolumeView "piece3.ply"}
		}
		{bone "piece1"
			{Matrix34
				1	0	0
				0	0	1
				0	-1	0
				10.6792	-11.5713	23.622
			}
			{VolumeView "piece1.ply"}
		}
		{bone "piece4"
			{Matrix34
				1	0	0
				0	0	1
				0	-1	0
				-6.05315	-11.5713	34.4488
			}
			{VolumeView "piece4.ply"}
		}
		{bone "piece5"
			{Matrix34
				1	0	0
				0	0	1
				0	-1	0
				-0.147629	-11.5713	54.1339
			}
			{VolumeView "piece5.ply"}
		}
	}
}
{Volume "piece5"
	{Box 32.1654 5.90551 14.2913}
	{Bone "piece5"}
	{Matrix34
		0.995201	-0.0978471	0
		0	0	-1
		0.0978471	0.995201	0
		0.479591	-0.259323	0
	}
}
{Volume "piece4"
	{Box 19.0551 5.90551 13.2874}
	{Bone "piece4"}
	{Matrix34
		0.962659	-0.270716	0
		0	0	-1
		0.270716	0.962659	0
		0.29019	0.483183	0
	}
}
{Volume "piece1"
	{Box 12.2835 5.90551 13.3858}
	{Bone "piece1"}
	{Matrix34
		1	0	0
		0	0	-1
		0	1	0
		0	-1.1811	0
	}
}
{Volume "piece3"
	{Box 5.90551 10.0394 18.8386}
	{Bone "piece3"}
	{Matrix34
		0	0	-1
		-1	0	0
		0	1	0
		0	0.418861	0
	}
}
{Volume "piece0"
	{Box 5.90551 15.748 16.3386}
	{Bone "piece0"}
	{Matrix34
		0	0	-1
		-1	0	0
		0	1	0
		0	0.232901	0
	}
}
{Volume "piece2"
	{Box 14.5276 5.90551 15.2362}
	{Bone "piece2"}
	{Matrix34
		0.942039	0.335502	0
		0	0	-1
		-0.335502	0.942039	0
		-1.23827	0.443889	0
	}
}
