;Exported by: sk
;Date:        Wed Aug 01 18:12:41 2007
;File:        D:\-Projects1_5-\-3DWork-\-Model-\Germany\Luftvaffe\DO24T\Do24T_new_xx.max
{Skeleton
	{bone "basis"
		{Orientation
			1	0	0
			0	-1	0
			0	0	1
		}
		{bone "body_anim"
			{bone "body"
				{parameters "ID=body;"}
				{Position -43.1974	0.4161	-0.311737}
				{VolumeView "body.ply"}
				{bone "door1"
					{parameters "ID=body;"}
					{Matrix34
						0	-1	0
						0.999432	0	0.0337112
						-0.0337112	0	0.999432
						146.987	6.92953	-9.94295
					}
					{VolumeView "door1.ply"}
				}
				{bone "door2"
					{parameters "ID=body;"}
					{Matrix34
						0	-1	0
						0.999432	0	0.0337112
						-0.0337112	0	0.999432
						146.987	-7.92324	-9.9675
					}
					{VolumeView "door2.ply"}
				}
				{bone "fxsmoke6"
					{Matrix34
						-0.996195	0	0.0871557
						0	1	0
						-0.0871557	0	-0.996195
						104.904	-80.2606	36.7914
					}
				}
				{bone "fxsmoke5"
					{Matrix34
						-0.996195	0	0.0871557
						0	1	0
						-0.0871557	0	-0.996195
						104.904	-60.8419	36.7914
					}
				}
				{bone "fxsmoke3"
					{Matrix34
						-0.996195	0	0.0871557
						0	1	0
						-0.0871557	0	-0.996195
						104.904	9.03264	39.5766
					}
				}
				{bone "fxsmoke4"
					{Matrix34
						-0.996195	0	0.0871557
						0	1	0
						-0.0871557	0	-0.996195
						104.904	-10.3861	39.5766
					}
				}
				{bone "fxsmoke1"
					{Matrix34
						-0.996195	0	0.0871557
						0	1	0
						-0.0871557	0	-0.996195
						104.904	79.7749	36.4807
					}
				}
				{bone "fxsmoke2"
					{Matrix34
						-0.996195	0	0.0871557
						0	1	0
						-0.0871557	0	-0.996195
						104.904	60.3562	36.4807
					}
				}
				{bone "propeller1"
					{parameters "ID=propeller;"}
					{Matrix34
						0	-1	0.000301965
						1	0	0
						0	0.000301965	1
						131.76	-0.0311122	25.6345
					}
					{VolumeView "propeller1.ply"}
				}
				{bone "foresight3"
					{Matrix34
						1	0	0
						0	0	1
						0	-1	0
						183.292	-0.416031	-5.5303
					}
				}
				{bone revolute "visor"
					{limits -5 5}
					{Position 89.2533	-0.416077	-46.1859}
				}
				{bone "gunner"
					{Matrix34
						-1	0	0
						0	-1	0
						0	0	1
						-24.7241	-0.0811024	-30.4462
					}
				}
				{bone "propeller"
					{parameters "ID=propeller;"}
					{Matrix34
						0	-1	0
						1	0	0
						0	0	1
						131.76	-70.3424	22.518
					}
					{VolumeView "propeller.ply"}
				}
				{bone "wingr1"
					{parameters "ID=wingRight;"}
					{Matrix34
						0	-1	0
						1	0	0
						0	0	1
						53.4447	-165.331	25.2756
					}
					{VolumeView "wingr1.ply"}
					{bone "wingr2"
						{parameters "ID=WingR2;"}
						{Position 73.2383	-15.9671	5.3472}
						{VolumeView "wingr2.ply"}
					}
					{bone revolute "flap2"
						{parameters "ID=wingRight;"}
						{limits -30 30}
						{speed 0.01}
						{Matrix34
							0.00296418	0.999996	0.000176581
							0.0596494	0	-0.998219
							-0.998215	0.00296943	-0.0596492
							1.83351	-35.8077	1.3934
						}
						{VolumeView "flap2.ply"}
					}
				}
				{bone "wingl1"
					{parameters "ID=WingLeft;"}
					{Matrix34
						0	-1	0
						1	0	0
						0	0	1
						64.4481	69.4408	-0.9245
					}
					{VolumeView "wingl1.ply"}
					{bone "wingl2"
						{parameters "ID=WingL2;"}
						{Position -88.0468	-12.965	26.6851}
						{VolumeView "wingl2.ply"}
						{bone "wingl3"
							{parameters "ID=WingL3;"}
							{Position -70.6095	-11.4692	3.78003}
							{VolumeView "wingl3.ply"}
						}
						{bone revolute "flap1"
							{parameters "ID=wingL2;"}
							{limits -30 30}
							{speed 0.01}
							{Matrix34
								0	1	0
								-0.0527022	0	-0.99861
								-0.99861	0	0.0527022
								-9.64847	-36.5542	1.18974
							}
							{VolumeView "flap1.ply"}
						}
					}
					{bone "propeller2"
						{parameters "ID=propeller;"}
						{Matrix34
							-0.939693	0	-0.34202
							0	1	0
							0.34202	0	-0.939693
							-0.855797	67.3118	23.4425
						}
						{VolumeView "propeller2.ply"}
					}
				}
				{bone "body_back"
					{parameters "ID=body;"}
					{Matrix34
						0	-1	0
						0.999906	0	-0.0136829
						0.0136829	0	0.999906
						-142.698	14.3878	-5.62425
					}
					{VolumeView "body_back.ply"}
					{bone "part1"
						{parameters "ID=body_back;"}
						{Matrix34
							1	0	0
							0	0.999906	0.013683
							0	-0.013683	0.999906
							-37.6255	-20.4605	30.9539
						}
						{VolumeView "part1.ply"}
						{bone revolute "elevator1"
							{parameters "ID=body_back;"}
							{limits -30 30}
							{speed 0.01}
							{Matrix34
								0	0	1
								0	1	0
								-1	0	0
								14.2697	-12.8452	-9.85432
							}
							{VolumeView "elevator1.ply"}
						}
						{bone revolute "rudder1"
							{parameters "ID=body_back;"}
							{limits -30 30}
							{speed 0.01}
							{Position -24.1735	-14.6509	3.47606}
							{VolumeView "rudder1.ply"}
						}
					}
					{bone "part2"
						{parameters "ID=body_back;"}
						{Matrix34
							1	0	0
							0	0.999906	0.013683
							0	-0.013683	0.999906
							55.577	-18.5659	30.9721
						}
						{VolumeView "part2.ply"}
						{bone revolute "rudder2"
							{parameters "ID=body_back;"}
							{limits -30 30}
							{speed 0.01}
							{Position 35.0493	-17.0807	3.51263}
							{VolumeView "rudder2.ply"}
						}
						{bone revolute "elevator2"
							{parameters "ID=body_back;"}
							{limits -30 30}
							{speed 0.01}
							{Matrix34
								0	0	1
								0	1	0
								-1	0	0
								-3.04764	-14.7652	-9.8466
							}
							{VolumeView "elevator2.ply"}
						}
					}
				}
				{bone "fx_bulb_norm_front1"
					{Matrix34
						0.422361	0.906308	0.014749
						-0.905756	0.422618	-0.0316299
						-0.0348996	0	0.999391
						193.964	8.85796	-35.5221
					}
				}
				{bone "fx_bulb_norm_front2"
					{Matrix34
						0.499697	-0.866025	0.0174499
						0.865497	0.500001	0.0302238
						-0.0348996	0	0.999391
						193.594	-10.3578	-35.5382
					}
				}
				{bone "fx_bulb_small_center1"
					{Matrix34
						-0.0871025	0.996195	-0.00304164
						-0.995588	-0.0871556	-0.0347667
						-0.0348995	0	0.999391
						-52.0934	10.883	-35.4035
					}
				}
				{bone "fx_bulb_small_center2"
					{Matrix34
						-0.0871008	-0.996195	-0.00303935
						-0.995588	0.0871539	-0.0347689
						-0.0349015	0	0.999391
						-52.1048	-13.7292	-35.4295
					}
				}
				{bone "fx_bulb_small_center3"
					{Matrix34
						0	1	0
						-1	0	0
						0	0	1
						79.6165	61.2253	-35.6842
					}
				}
				{bone "fx_bulb_small_center4"
					{Matrix34
						0	-1	0
						1	0	0
						0	0	1
						79.4959	-61.4241	-35.6842
					}
				}
				{bone "pivot_back"
					{Position -154.406	0.0138092	-50.4087}
					{bone "support3"
						{Position 101.489	-0.429886	4.2228}
					}
				}
				{bone "pivot_front"
					{Position 148.812	0.0137558	-50.4087}
					{bone "support1"
						{Matrix34
							1	0	0
							0	-1	0
							0	0	1
							-33.7618	78.1919	4.22279
						}
					}
					{bone "support2"
						{Position -33.7618	-79.5384	4.2228}
					}
				}
				{bone "scissor"
					{Matrix34
						0.999997	0	0.00247812
						0	1	0
						-0.00247812	0	0.999997
						83.9169	-0.343006	-35.0167
					}
					{VolumeView "scissor.ply"
						{Layer waterscissor}
					}
				}
			}
		}
		{bone "volume_holder"
			{Position 11.45	0	0}
		}
	}
}
{Obstacle "rectangle1"
	{Obb2
		{Center 20.3725 -0.139237}
		{Extent 154.319 22.0332}
		{Axis -1 1.19252e-007}
	}
	{Rotate}
}
{Obstacle "rectangle3"
	{Obb2
		{Center 30.6777 -0.473638}
		{Extent 37.5125 67.4772}
		{Axis -1 1.1917e-007}
	}
	{Rotate}
}
{Volume "ballast1"
	{Box 86.3462 21.287 19.18}
	{Bone "volume_holder"}
	{Matrix34
		0.999999	0	0.00142097
		0	1	0
		-0.00142097	0	0.999999
		75.0858	-8.87061	-45.4901
	}
}
{Volume "ballast2"
	{Box 86.3462 21.287 19.18}
	{Bone "volume_holder"}
	{Matrix34
		0.999999	0	0.00142097
		0	1	0
		-0.00142097	0	0.999999
		75.0858	11.8562	-45.5271
	}
}
{Volume "ballast3"
	{Box 86.3462 21.287 19.18}
	{Bone "volume_holder"}
	{Matrix34
		0.999999	0	-0.00153717
		0	1	0
		0.00153717	0	0.999999
		-14.1472	-8.87061	-45.4901
	}
}
{Volume "ballast4"
	{Box 86.3462 21.287 19.18}
	{Bone "volume_holder"}
	{Matrix34
		0.999999	0	-0.00153717
		0	1	0
		0.00153717	0	0.999999
		-13.9565	11.8562	-45.5271
	}
}
{Volume "body1"
	{Polyhedron "body1.vol"}
	{Bone "body"}
	{Matrix34
		0	-1	0
		1	0	0
		0	0	1
		189.765	-0.455547	-56.1133
	}
}
{Volume "body2"
	{Cylinder 14.5819 62.1344}
	{Bone "body"}
	{Matrix34
		0	-1	0
		0	0	1
		-1	0	0
		98.2794	-0.814669	25.767
	}
}
{Volume "body3"
	{Cylinder 23.7529 230.315}
	{Bone "body"}
	{Matrix34
		0	-1	0
		-0.0063206	0	0.99998
		-0.99998	0	-0.0063206
		45.9141	1.11317e-005	-31.592
	}
}
{Volume "body5"
	{Cylinder 14.5819 62.1344}
	{Bone "body"}
	{Matrix34
		0	-1	0
		0	0	1
		-1	0	0
		98.2794	-69.7016	22.1727
	}
}
{Volume "body6"
	{Box 128.826 103.525 8.30086}
	{Bone "body"}
	{Matrix34
		-0.00772895	-0.999945	-0.00708852
		0.998223	-0.00813413	0.0590355
		-0.05909	-0.00661964	0.998231
		49.0065	-38.51	22.3009
	}
}
{Volume "body7"
	{Box 128.826 80.7498 8.30086}
	{Bone "body"}
	{Matrix34
		-0.000143691	-0.999999	0.00151348
		0.991311	5.66455e-005	0.131543
		-0.131543	0.00151923	0.991309
		74.5174	-0.644952	-37.2522
	}
}
{Volume "body_back1"
	{Box 3.55275 31.2302 75.8005}
	{Bone "body_back"}
	{Matrix34
		0	-0.0273643	0.999626
		0	0.999626	0.0273643
		-1	0	0
		11.7855	-17.3103	18.3394
	}
}
{Volume "body_back"
	{Cylinder 15.6269 158.838}
	{Bone "body_back"}
	{Matrix34
		1	0	0
		0	0.213737	0.976891
		0	-0.976891	0.213737
		14.3877	0.915405	-1.5298
	}
}
{Volume "elevator1"
	{Box 3.55275 24.349 75.8005}
	{Bone "elevator1"}
	{Matrix34
		1	0	0
		0	0.99125	-0.131996
		0	0.131996	0.99125
		-0.0263596	-9.09332	0
	}
}
{Volume "elevator2"
	{Box 3.50003 26.8981 76.0611}
	{Bone "elevator2"}
	{Matrix34
		1	0	0
		0	0.987432	0.158042
		0	-0.158042	0.987432
		0	-9.91383	0
	}
}
{Volume "flap1"
	{Box 101.642 14.1842 1.32049}
	{Bone "flap1"}
	{Matrix34
		-0.069022	-0.00641131	-0.997595
		0.990598	-0.118834	-0.0677742
		-0.118114	-0.992894	0.0145532
		-5.8865	-1.34626	-26.2333
	}
}
{Volume "flap2"
	{Box 168.792 14.1842 1.32049}
	{Bone "flap2"}
	{Matrix34
		0.0796162	0.016879	-0.996683
		0.996793	0.00671819	0.0797389
		0.00804186	-0.999835	-0.01629
		-6.00005	-0.836567	1.33834
	}
}
{Volume "part1"
	{Box 3.55275 26.0147 48.3825}
	{Bone "part1"}
	{Matrix34
		0	0	0.999999
		-0.173649	0.984807	0
		-0.984808	-0.173648	0
		-3.05735	0.198497	-9.88067
	}
}
{Volume "part2"
	{Box 3.55275 26.0147 48.3825}
	{Bone "part2"}
	{Matrix34
		0	0	1
		0.173648	0.984808	0
		-0.984808	0.173648	0
		12.6424	-0.92984	-9.87297
	}
}
{Volume "propeller1"
	{Box 35.0884 3.941 4.43897}
	{Bone "propeller1"}
	{Position 15.9566	2.572	-0.463163}
}
{Volume "propeller1a"
	{Box 27.3689 3.941 4.37978}
	{Bone "propeller1"}
	{Matrix34
		0.5	0	-0.866025
		0	1	0
		0.866025	0	0.5
		-9.19316	1.69397	15.5983
	}
}
{Volume "propeller1b"
	{Box 18.7898 3.46808 4.02467}
	{Bone "propeller1"}
	{Matrix34
		0.566431	0	0.824109
		0	1	0
		-0.824109	0	0.566431
		-7.19975	2.572	-9.70803
	}
}
{Volume "propeller2"
	{Box 5.07149 4.32464 30.7645}
	{Bone "propeller2"}
	{Matrix34
		0.866503	0.0219694	-0.498689
		0.0432708	0.991965	0.118886
		0.497294	-0.124594	0.858589
		-9.24637	4.27846	-15.3757
	}
}
{Volume "propeller2a"
	{Box 5.0081 4.85915 28.06}
	{Bone "propeller2"}
	{Matrix34
		0	0	1
		0	1	0
		-1	0	0
		15.2931	2.15644	0.916794
	}
}
{Volume "propeller2b"
	{Box 4.9447 4.85915 28.398}
	{Bone "propeller2"}
	{Matrix34
		-0.866025	0	-0.5
		0	1	0
		0.5	0	-0.866025
		-8.37866	2.15643	14.2758
	}
}
{Volume "propeller_a"
	{Box 5.32677 2.61513 23.4041}
	{Bone "propeller"}
	{Matrix34
		-0.573577	0	0.819152
		0	1	0
		-0.819152	0	-0.573576
		12.6634	1.93507	8.12552
	}
}
{Volume "propeller_b"
	{Box 4.15488 3.11325 7.24177}
	{Bone "propeller"}
	{Matrix34
		-0.5	0	-0.866026
		0	1	0
		0.866026	0	-0.5
		-6.33564	1.93506	4.40174
	}
}
{Volume "propeller"
	{Box 5.32677 5.36767 26.3337}
	{Bone "propeller"}
	{Position 0.52159	1.93507	-16.6765}
}
{Volume "rudder1"
	{Box 4.02364 31.7351 48.3688}
	{Bone "rudder1"}
	{Position 0	-4.90327	0}
}
{Volume "rudder2"
	{Box 4.27757 31.7351 48.3111}
	{Bone "rudder2"}
	{Position 0	-4.36812	0}
}
{Volume "wingl1"
	{Box 103.788 77.1575 7.54281}
	{Bone "wingl1"}
	{Matrix34
		0.996809	0.0753352	-0.0264054
		-0.0736019	0.995396	0.0613997
		0.0309093	-0.0592602	0.997764
		1.56987	-9.80688	25.8885
	}
}
{Volume "wingl1a"
	{Cylinder 14.5819 62.1344}
	{Bone "wingl1"}
	{Matrix34
		1	0	0
		0	0	1
		0	-1	0
		-0.909653	33.8313	23.0972
	}
}
{Volume "wingl1b"
	{Box 83.6531 25.678 2.33827}
	{Bone "wingl1"}
	{Matrix34
		0.999945	-0.0077288	-0.00708852
		0.00813394	0.998223	0.0590355
		0.00661965	-0.05909	0.998231
		22.8127	-52.998	23.9662
	}
}
{Volume "wingl2"
	{Box 87.0619 44.9009 7.54281}
	{Bone "wingl2"}
	{Matrix34
		0.973865	0.225893	-0.0236546
		-0.223951	0.97238	0.0657497
		0.0378536	-0.0587339	0.997556
		-1.12149	6.29964	1.76333
	}
}
{Volume "wingl2a"
	{Box 87.0619 30.9816 4.86846}
	{Bone "wingl2"}
	{Matrix34
		0.998721	-0.0302606	-0.0405018
		0.0319617	0.998605	0.0420318
		0.0391734	-0.0432725	0.998295
		3.26742	-20.7939	1.32765
	}
}
{Volume "wingl3"
	{Box 75.706 44.9009 4.00149}
	{Bone "wingl3"}
	{Matrix34
		0.999628	0	-0.0272668
		0.001395	0.99869	0.051142
		0.0272311	-0.051161	0.998319
		2.11228	-1.28766	1.07496
	}
}
{Volume "wingr1"
	{Box 121.008 47.1459 8.29709}
	{Bone "wingr1"}
	{Matrix34
		0.969474	-0.244018	0.0239864
		0.242303	0.968426	0.0586562
		-0.0375423	-0.0510536	0.99799
		-5.3184	3.23634	1.56582
	}
}
{Volume "wingr1a"
	{Box 99.3237 47.1459 4.00149}
	{Bone "wingr1"}
	{Matrix34
		0.99829	0.0428697	0.0397468
		-0.0448128	0.997775	0.0493569
		-0.0375424	-0.0510537	0.99799
		-17.459	-13.8927	2.4981
	}
}
{Volume "wingr2"
	{Box 54.5083 47.1459 4.00149}
	{Bone "wingr2"}
	{Matrix34
		0.969474	-0.244018	0.0239864
		0.242303	0.968426	0.0586562
		-0.0375423	-0.0510536	0.99799
		-3.16825	0.371637	0.315402
	}
}
