;Exported by: golanov
;Date:        Sun Jun 11 18:10:19 2006
;File:        D:\-Projects-\-3DWork-\Constructions\entourage\train\passenger car_x01.max
{Skeleton
	{bone "heap03_x"
		{Orientation
			1	0	0
			0	-1	0
			0	0	1
		}
		{bone "piece0"
			{Matrix34
				0.998585	0	-0.0531805
				0	1	0
				0.0531805	0	0.998585
				30.2066	4.75974	8.49308
			}
			{VolumeView "piece0.ply"}
		}
		{bone "sub_piece0"
			{Matrix34
				0.0523843	-0.645498	0.761963
				0.0442729	0.763762	0.643978
				-0.997645	0	0.0685872
				30.3435	-4.38999	7.32001
			}
			{VolumeView "sub_piece0.ply"}
		}
		{bone "piece1"
			{Matrix34
				0.0685871	0	0.997645
				0	1	0
				-0.997645	0	0.0685871
				18.5585	4.74661	11.1698
			}
			{VolumeView "piece1.ply"}
		}
		{bone "sub_piece1"
			{Matrix34
				0.990761	-0.102317	-0.0890184
				0.13561	0.755641	0.640794
				0.00170188	-0.646945	0.762535
				20.3641	-5.83819	7.5105
			}
			{VolumeView "sub_piece1.ply"}
		}
		{bone "piece2"
			{Matrix34
				0.920117	0.284808	0.26883
				-0.380575	0.812242	0.44207
				-0.0924499	-0.509066	0.855748
				-15.5775	-7.24498	0.274632
			}
			{VolumeView "piece2.ply"}
		}
		{bone "sub_piece2"
			{Matrix34
				-0.336452	-0.791778	-0.509792
				-0.113636	-0.50326	0.856631
				-0.934819	0.346146	0.0793484
				-29.2544	-6.82671	-1.29734
			}
			{VolumeView "sub_piece2.ply"}
		}
		{bone "piece3"
			{Matrix34
				-0.990832	0.0314206	-0.131394
				-0.026775	-0.998957	-0.0369752
				-0.132418	-0.0331182	0.99064
				-18.4331	3.39354	5.02377
			}
			{VolumeView "piece3.ply"}
		}
		{bone "sub_piece3"
			{Matrix34
				-0.908513	0	0.417856
				0.0210059	0.998736	0.0456717
				-0.417327	0.0502708	-0.907365
				-33.2963	5.20826	8.50441
			}
			{VolumeView "sub_piece3.ply"}
		}
	}
}
{Volume "piece0"
	{Box 9.78427 6.11517 6.11517}
	{Bone "piece0"}
	{Position 0	0	0}
}
{Volume "piece1"
	{Box 9.78427 6.11517 6.11517}
	{Bone "piece1"}
	{Position 0	0	0}
}
{Volume "piece2"
	{Box 9.78427 6.11517 6.11517}
	{Bone "piece2"}
	{Position 0	0	0}
}
{Volume "piece3"
	{Box 15.748 9.84252 9.84252}
	{Bone "piece3"}
	{Position 0	0	4.92126}
}
{Volume "sub_piece0"
	{Box 9.78427 6.11517 6.11517}
	{Bone "sub_piece0"}
	{Position 0	0	1.15148e-005}
}
{Volume "sub_piece1"
	{Box 9.78427 6.11517 6.11517}
	{Bone "sub_piece1"}
	{Position 0	0	0}
}
{Volume "sub_piece2"
	{Box 9.78427 6.11517 6.11517}
	{Bone "sub_piece2"}
	{Position 0	0	0}
}
{Volume "sub_piece3"
	{Box 9.78427 6.11517 6.11517}
	{Bone "sub_piece3"}
	{Position 0	0	0}
}
