;Exported by: garry
;Date:        Tue Jul 29 12:42:34 2008
;File:        D:\-Projects-\-3DWork-\Model\Танки\Elefant\Elefant_9ver.max
{Skeleton
	{animation
		{sequence "start" {speed 0.8}}
		{sequence "stop" {speed 0.8}}
		{sequence "fire" {speed 0.9}}
		{sequence "open" {speed 0.05} {resume}}
		{sequence "open_driver" {speed 0.08} {resume}}
		{sequence "fire_mgun" {speed 0.6}}
		{sequence "hit" {speed 0.4}}
	}
	{bone revolute "basis"
		{parameters "WheelRadius=0.37;"}
		{limits 0 0}
		{speed 0.001}
		{Orientation
			1	0	0
			0	-1	0
			0	0	1
		}
		{bone "wheelsl"
			{parameters "ID=trackleft;"}
			{Position -0.970173	18.347	9.68124}
			{bone "fxtracel1"
				{Matrix34
					-1	0	0
					0	-1	0
					0	0	1
					29.0778	10.3746	-7.36123
				}
			}
			{bone "fxtracel2"
				{Matrix34
					-1	0	0
					0	-1	0
					0	0	1
					-19.1669	10.3746	-7.36123
				}
			}
			{bone "fxtracel3"
				{Matrix34
					-0.984808	0	0.173648
					0	-1	0
					0.173648	0	0.984808
					-37.44	10.3746	-8.8266
				}
			}
			{bone "trackl"
				{parameters "ID=trackleft;"}
				{Matrix34
					-1	0	0
					0	0	1
					0	1	0
					4.37817	9.04911	3.65947
				}
				{VolumeView "trackl.ply"}
			}
			{bone revolute "wheell2"
				{parameters "ID=trackleft;"}
				{Matrix34
					0.642788	0	-0.766044
					-0.766044	0	-0.642788
					0	-1	0
					44.1538	6.71918	-3.1758
				}
				{VolumeView "wheell2.ply"}
			}
			{bone revolute "wheell3"
				{parameters "ID=trackleft;"}
				{Matrix34
					0.642788	0	-0.766044
					-0.766044	0	-0.642788
					0	-1	0
					28.5455	6.71918	-3.1758
				}
				{VolumeView "wheell2.ply"}
			}
			{bone revolute "wheell4"
				{parameters "ID=trackleft;"}
				{Matrix34
					0.642788	0	-0.766044
					-0.766044	0	-0.642788
					0	-1	0
					10.5473	6.71918	-3.1758
				}
				{VolumeView "wheell2.ply"}
			}
			{bone revolute "wheell5"
				{parameters "ID=trackleft;"}
				{Matrix34
					0.642788	0	-0.766044
					-0.766044	0	-0.642788
					0	-1	0
					-4.97267	6.71918	-3.1758
				}
				{VolumeView "wheell2.ply"}
			}
			{bone revolute "wheell6"
				{parameters "ID=trackleft;"}
				{Matrix34
					0.642788	0	-0.766044
					-0.766044	0	-0.642788
					0	-1	0
					-23.2142	6.71918	-3.1758
				}
				{VolumeView "wheell2.ply"}
			}
			{bone revolute "wheell7"
				{parameters "ID=trackleft;"}
				{Matrix34
					0.642788	0	-0.766044
					-0.766044	0	-0.642788
					0	-1	0
					-38.6369	6.71917	-3.1758
				}
				{VolumeView "wheell2.ply"}
			}
		}
		{bone "wheelsr"
			{parameters "ID=trackright;"}
			{Position -0.970172	-17.6054	9.68124}
			{bone "fxtracer3"
				{Matrix34
					-0.984808	0	0.173648
					0	-1	0
					0.173648	0	0.984808
					-37.44	-9.66478	-8.8266
				}
			}
			{bone "fxtracer2"
				{Matrix34
					-1	0	0
					0	-1	0
					0	0	1
					-19.1669	-9.66478	-7.36123
				}
			}
			{bone "fxtracer1"
				{Matrix34
					-1	0	0
					0	-1	0
					0	0	1
					29.0778	-9.66478	-7.36123
				}
			}
			{bone "trackr"
				{parameters "ID=trackright;"}
				{Matrix34
					-1	0	0
					0	0	1
					0	1	0
					4.37818	-9.52682	3.65947
				}
				{VolumeView "trackr.ply"}
			}
			{bone revolute "wheelr2"
				{parameters "ID=trackright;"}
				{Matrix34
					0.642788	0	-0.766044
					-0.766044	0	-0.642788
					0	-1	0
					44.1538	-8.75739	-3.17581
				}
				{VolumeView "wheelr2.ply"}
			}
			{bone revolute "wheelr3"
				{parameters "ID=trackright;"}
				{Matrix34
					0.642788	0	-0.766044
					-0.766044	0	-0.642788
					0	-1	0
					28.5364	-8.75739	-3.17581
				}
				{VolumeView "wheelr2.ply"}
			}
			{bone revolute "wheelr4"
				{parameters "ID=trackright;"}
				{Matrix34
					0.642788	0	-0.766044
					-0.766044	0	-0.642788
					0	-1	0
					10.5293	-8.7574	-3.17581
				}
				{VolumeView "wheelr2.ply"}
			}
			{bone revolute "wheelr5"
				{parameters "ID=trackright;"}
				{Matrix34
					0.642788	0	-0.766044
					-0.766044	0	-0.642788
					0	-1	0
					-4.80858	-8.7574	-3.17581
				}
				{VolumeView "wheelr2.ply"}
			}
			{bone revolute "wheelr6"
				{parameters "ID=trackright;"}
				{Matrix34
					0.642788	0	-0.766044
					-0.766044	0	-0.642788
					0	-1	0
					-23.1486	-8.7574	-3.17581
				}
				{VolumeView "wheelr2.ply"}
			}
			{bone revolute "wheelr7"
				{parameters "ID=trackright;"}
				{Matrix34
					0.642788	0	-0.766044
					-0.766044	0	-0.642788
					0	-1	0
					-38.5703	-8.7574	-3.17581
				}
				{VolumeView "wheelr2.ply"}
			}
		}
		{bone "emit4"
			{parameters "Group=passengers;"}
			{Matrix34
				0	1	0
				-1	0	0
				0	0	1
				34.873	-55.4238	0
			}
			{visibility 0}
		}
		{bone "emit5"
			{parameters "Group=passengers;"}
			{Matrix34
				0	-1	0
				1	0	0
				0	0	1
				49.054	56.7123	0
			}
			{visibility 0}
		}
		{bone "emit6"
			{parameters "Group=passengers;"}
			{Matrix34
				0	1	0
				-1	0	0
				0	0	1
				17.928	-56.0679	0
			}
			{visibility 0}
		}
		{bone "emit3"
			{parameters "Group=passengers;"}
			{Matrix34
				0	-1	0
				1	0	0
				0	0	1
				14.9898	56.7123	0
			}
			{visibility 0}
		}
		{bone "emit1"
			{parameters "Group=crew;"}
			{Matrix34
				0	-1	0
				1	0	0
				0	0	1
				-13.4352	56.7123	0
			}
			{visibility 0}
		}
		{bone "emit2"
			{parameters "Group=crew;"}
			{Matrix34
				0	1	0
				-1	0	0
				0	0	1
				-13.8352	-55.4238	0
			}
			{visibility 0}
		}
		{bone "body"
			{parameters "ID=body;"}
			;{animation
			;	{sequence "repair" {file "body_r.anm"} {speed 0.9}}
			;}
			{Position 1.22238	0.150265	41.8275}
			{VolumeView "body.ply"}
                {bone "visor11"
					{Matrix34
						-330.979925	-330.199368	0
						330.199368	0.979925	0
						0	0	1
						-45.682715	-19.52132	22.799
					}
				}
				{bone "visor12"
					{Matrix34
						-330.979925	0.199368	0
						-0.199368	-0.979925	0
						0	0	1
						-45.682715	-19.52132	22.799
					}
				}
				{bone "visor13"
					{Matrix34
						-330.979925	330.199368	0
						330.199368	0.979925	0
						0	0	1
						-45.682715	-19.52132	22.799
					}
				}
				{bone "visor14"
					{Matrix34
						0.979925	110.199368	0
						-0.199368	0.979925	0
						0	0	1
						-45.682715	-19.52132	22.799
					}
				}
				{bone "visor15"
					{Matrix34
						300.979925	330.199368	0
						-330.199368	0.979925	0
						0	0	1
						-45.682715	-19.52132	22.799
					}
				}
				{bone "visor16"
					{Matrix34
						0.979925	0.199368	0
						-0.199368	0.979925	0
						0	0	1
						-45.682715	-19.52132	22.799
					}
				}
				{bone "visor17"
					{Matrix34
						330.979925	-330.199368	0
						0.199368	0.979925	0
						0	0	1
						-45.682715	-19.52132	22.799
					}
				}
			    {bone "visor18"
					{Matrix34
						0.979925	-110.199368	0
						-0.199368	0.979925	0
						0	0	1
						-45.682715	-19.52132	22.799
					}
				}			
			{bone revolute "gun_rot1"
				{limits -7 7}
				{speed 0.01}
				{Position -0.592532	-0.150252	1.65588}
				{bone revolute "gun_rot"
					{parameters "ID=gun;"}
					{animation
						{sequence "repair" {file "gun_r.anm"}}
					}
					{limits -10 25}
					{speed 0.01}
					{Matrix34
						1	0	0
						0	0	1
						0	-1	0
						0.0194125	0	0.00114059
					}
					{VolumeView "gun_rot.ply"}
					{bone "gun"
						{parameters "ID=gun;"}
						{Matrix34
							1	0	0
							0	0	-1
							0	1	0
							54.4564	-0.000900269	0
						}
						{VolumeView "gun.ply"}
						{bone "foresight1"
							{Position 41.4707	0.0231126	-0.00284958}
						}
					}
				}
			}
			{bone "door_front"
				{parameters "ID=body;"}
				{Position 36.624	11.3262	-8.54762}
				{VolumeView "door_front.ply"}
			}
			{bone "enumerator"
				{Matrix34
					-0.987688	0.0679944	-0.140885
					-0.156435	-0.429301	0.88951
					0	0.900598	0.434653
					-4.34584	57.5707	3.31119
				}
				{VolumeView "enumerator.ply"}
			}
			{bone "enumerator1"
				{Matrix34
					0.987688	-0.0679946	-0.140885
					0.156435	0.429301	0.88951
					0	-0.900598	0.434652
					-49.5767	-58.2522	3.3112
				}
				{VolumeView "enumerator1.ply"}
			}
			{bone "fxfire1"
				{Matrix34
					0	0	1
					0	1	0
					-1	0	0
					23.2387	0.491491	-10.1808
				}
			}
			{bone "fxfire2"
				{Matrix34
					0	0	1
					0	-1	0
					1	0	0
					-35.2649	1.73166	11.1307
				}
			}
			{bone "fxshot"
				{Matrix34
					0	0	1
					0	1	0
					-1	0	0
					-23.4316	0.194961	-11.4836
				}
			}
			{bone "fxsmoke1"
				{Matrix34
					-0.788204	0.358796	0.5
					0.237342	-0.572384	0.784885
					0.567806	0.737321	0.365998
					23.0106	25.5872	-7.70704
				}
			}
			{bone "fxsmoke2"
				{Matrix34
					0.786264	-0.604187	0.12941
					0.207151	0.45507	0.866025
					-0.582131	-0.654118	0.482963
					23.01	-25.3931	-7.72123
				}
			}
			{bone socket "mgun"
				{limits 30}
				{terminator}
				{Matrix34
					0	0	-1
					0	1	0
					1	0	0
					48.3442	-11.8742	-13.8329
				}
				{VolumeView "mgun.ply"}
				{bone "foresight3"
					{Matrix34
						0	0	1
						1	0	0
						0	1	0
						-0.141113	-0.0261774	10.1461
					}
				}
			}
			{bone revolute "turret_mgun"
				{speed 0.03}
				{Position -42.0781	7.50655	13.8727}
				{VolumeView "turret_mgun.ply"}
				{bone revolute "mgun_rot"
					{limits -20 10}
					{speed 0.03}
					{Matrix34
						1	0	0
						0	0	1
						0	-1	0
						10.7808	-0.103931	5.77687
					}
					{bone revolute "mgun2"
						{Position -1.11471	0	0}
					}
				}
				{bone "gunner2"
					{Matrix34
						0.990056	0.00278337	-0.140648
						0	0.999804	0.0197857
						0.140675	-0.0195889	0.989862
						-1.79743	0.538195	-17.7498
					}
				}
				{bone "visor2"
					{Position 21.663	-19.2773	2.06746}
				}
			}
			{bone "visor1"
				{Position 47.4295	11.9234	-7.30931}
			}
			{bone revolute "wheell8"
				{parameters "ID=trackleft;"}
				{Matrix34
					1	0	0
					0	0	-1
					0	-1	0
					-57.6278	23.0458	-30.1358
				}
				{VolumeView "wheell8.ply"}
			}
			{bone revolute "wheelr1"
				{parameters "ID=trackright;"}
				{Matrix34
					0	0	-1
					-1	0	0
					0	-1	0
					60.1655	-27.8327	-27.6555
				}
				{VolumeView "wheelr1.ply"}
			}
			{bone revolute "wheell1"
				{parameters "ID=trackleft;"}
				{Matrix34
					1	0	0
					0	0	-1
					0	-1	0
					60.1655	27.3576	-27.6555
				}
				{VolumeView "wheell1.ply"}
			}
			{bone revolute "wheelr8"
				{parameters "ID=trackright;"}
				{Matrix34
					0	0	-1
					-1	0	0
					0	-1	0
					-57.6278	-27.8327	-30.1358
				}
				{VolumeView "wheelr8.ply"}
			}
			{bone revolute "seat01"
				{Matrix34
					0.69291	0.586339	0.419623
					-0.611131	0.786427	-0.0897326
					-0.382616	-0.194268	0.903252
					45.6877	28.7074	-13.8656
				}
			}
			{bone revolute "seat02"
				{Matrix34
					0.07666	0.978814	0.189856
					-0.997044	0.0742583	0.0197429
					0.00522622	-0.190809	0.981613
					11.59	32.5521	-15.0501
				}
			}
			{bone revolute "seat03"
				{Matrix34
					0.229562	-0.954597	0.189856
					0.971192	0.23748	0.0197429
					-0.0639336	0.179855	0.981613
					15.3579	-34.5605	-15.0501
				}
			}
			{bone "cover2"
				{parameters "ID=body;"}
				{Matrix34
					0.642788	0.766044	0
					-0.766044	0.642788	0
					0	0	1
					-38.4328	10.8235	14.2669
				}
				{VolumeView "cover2.ply"}
			}
			{bone "cover1"
				{parameters "ID=body;"}
				{Matrix34
					0.642788	0.766044	0
					-0.766044	0.642788	0
					0	0	1
					-45.3548	2.55431	14.5008
				}
				{VolumeView "cover1.ply"}
			}
			{bone "engine"
				{parameters "ID=engine;"}
				{Position 27.0912	-0.150265	-28.6533}
				{VolumeView "engine.ply"}
			}
			{bone "fxfire3"
				{Matrix34
					0	0	1
					0	1	0
					-1	0	0
					-43.3985	8.385	7.30568
				}
			}
		}
		{bone "emit0"
			{parameters "Group=passengers;"}
			{Matrix34
				-1	0	0
				0	-1	0
				0	0	1
				80.0852	8.05449	1.60611e-005
			}
			{visibility 0}
		}
	}
}
{Volume "body1"
	{Box 129.107 40.7542 15.8886}
	{Bone "body"}
	{Position 0.329594	0.142249	-26.6947}
}
{Volume "body2"
	{Polyhedron "body2.vol"}
	{Bone "body"}
	{Position -9.16709	0.142255	-18.777}
}
{Volume "body3"
	{Polyhedron "body3.vol"}
	{Bone "body"}
	{Position -31.3727	0.0525216	-18.4443}
}
{Volume "crew"
	{Box 26.4599 32.8928 21.9}
	{Bone "body"}
	{Position -15.9499	-0.150251	-9.18881}
}
{Volume "engine"
	{Box 28.7235 63.3544 13.0946}
	{Bone "engine"}
	{Position -6.59835	0.136376	13.3542}
}
{Volume "gun_rot1"
	{Cylinder 4.68793 12.2606}
	{Bone "gun_rot"}
	{Matrix34
		0	-1	0
		0	0	-1
		1	0	0
		7.85575	0.000522151	0
	}
}
{Volume "gun"
	{Cylinder 2.64236 81.4025}
	{Bone "gun"}
	{Matrix34
		0	-1	0
		0	0	-1
		1	0	0
		0.323517	0.0691595	-0.0135526
	}
}
{Volume "inventory"
	{Box 26.4599 32.8928 22.65}
	{Bone "body"}
	{Position -46.4677	-0.150257	-12.8908}
}
{Volume "mantlet"
	{Box 4.39628 18.8752 13.6334}
	{Bone "gun_rot"}
	{Matrix34
		1	0	0
		0	0	-1
		0	1	0
		9.08219	0.512964	0.232187
	}
}
{Volume "ram"
	{Polyhedron "ram.vol"}
	{Bone "body"}
	{Position 2.47977	-0.199382	-31.4084}
}
{Volume "trackleft"
	{Box 134.154 13.6686 23.1645}
	{Bone "wheelsl"}
	{Position 3.03837	9.12962	2.12729}
}
{Volume "trackright"
	{Box 134.154 13.6686 23.1645}
	{Bone "wheelsr"}
	{Position 3.03837	-9.3209	2.12729}
}
