;Exported by: Артем
;Date:        Sat Feb 15 18:22:43 2014
;File:        D:\Autodesk\Low poly\freelance\DMS\Vehicles\M3 half track\export\M3A1_xx.max
{Skeleton
	{bone "basis"
		{Orientation
			1	0	0
			0	-1	0
			0	0	1
		}
		{bone "pivot_front"
			{Position 43.785	-0.00537851	6.09287}
			{bone revolute "steer_l1"
				{Matrix34
					-1	0	0
					0	1	0
					0	0	-1
					0.00291061	14.7185	1.74068
				}
				{bone revolute "wheell1"
					{parameters "ID=wheelleft1;Radius=0.49;"}
					{Matrix34
						-1	0	0
						0	0.275637	0.961262
						0	0.961262	-0.275637
						0.000244141	2.02294	-0.615846
					}
					{VolumeView "wheell1.ply"}
				}
				{bone "rl"
					{Matrix34
						-1	0	0
						0	1	0
						0	0	-1
						0.137241	0.372641	-0.378598
					}
					{VolumeView "rl.ply"}
				}
			}
			{bone revolute "steer_r1"
				{Matrix34
					-1	0	0
					0	1	0
					0	0	-1
					0.0029068	-14.7478	1.74068
				}
				{bone revolute "wheelr1"
					{parameters "ID=wheelright1;Radius=0.49;"}
					{Matrix34
						-0.968148	0.25038	0
						-0.0413248	-0.159791	0.986286
						0.246946	0.95487	0.165048
						-0.200077	-1.7904	-1.1949
					}
					{VolumeView "wheelr1.ply"}
				}
				{bone "rr"
					{Matrix34
						-0.968148	0.25038	0
						-0.246946	-0.95487	-0.165047
						0.0413246	0.15979	-0.986286
						0.330467	-0.28608	-0.688395
					}
					{VolumeView "rr.ply"}
				}
			}
		}
		{bone "wheelsr"
			{parameters "wheelsR;"}
			{Position -25.4167	-13.635	4.4556}
			{VolumeView "wheelsr.ply"}
			{bone revolute "wheelr6"
				{parameters "ID=trackRight;Radius=0.46;"}
				{Matrix34
					1	0	0
					0	0	-1
					0	1	0
					-11.7025	-3.12115	0.0468998
				}
				{VolumeView "wheelr6.ply"}
			}
			{bone revolute "wheelr5"
				{parameters "ID=trackRight;Radius=0.46;"}
				{Matrix34
					1	0	0
					0	0	-1
					0	1	0
					-4.43612	-3.12115	0.0468998
				}
				{VolumeView "wheelr6.ply"}
			}
			{bone revolute "wheelr4"
				{parameters "ID=trackRight;Radius=0.46;"}
				{Matrix34
					1	0	0
					0	0	-1
					0	1	0
					4.446	-3.12115	0.0468998
				}
				{VolumeView "wheelr6.ply"}
			}
		}
		{bone "wheelsl"
			{parameters "wheelsL;"}
			{Position -25.4167	13.6953	4.4556}
			{VolumeView "wheelsl.ply"}
			{bone revolute "wheell6"
				{parameters "ID=trackleft;Radius=0.46;"}
				{Matrix34
					1	0	0
					0	-0.0436195	-0.999048
					0	0.999048	-0.0436195
					-11.7025	3.12115	0.0469027
				}
				{VolumeView "wheell6.ply"}
			}
			{bone revolute "wheell5"
				{parameters "ID=trackleft;Radius=0.46;"}
				{Matrix34
					1	0	0
					0	0	-1
					0	1	0
					-4.43612	3.12115	0.0469027
				}
				{VolumeView "wheell6.ply"}
			}
			{bone revolute "wheell3"
				{parameters "ID=trackleft;Radius=0.46;"}
				{Matrix34
					1	0	0
					0	0	-1
					0	1	0
					11.7013	3.12115	0.0469027
				}
				{VolumeView "wheell6.ply"}
			}
		}
		{bone "pivot_back"
			{Matrix34
				-1	0	0
				0	0	1
				0	1	0
				-35.7142	0	4.30835
			}
		}
		{bone "body"
			{parameters "ID=body;"}
			{Matrix34
				0.999048	-0.00114142	-0.0435985
				-0.000380541	0.999391	-0.0348842
				0.0436118	0.0348676	0.99844
				0.43025	0.0522079	12.2452
			}
			{VolumeView "body_m15.ply"}
			{bone "fuels"
				{Matrix34
					1	0	0
					0	0.999983	0.00583923
					0	-0.00583923	0.999983
					1.97018	-0.12472	9.27357
				}
				{VolumeView "fuels_m15.ply"}
			}
			{bone "front_frame"
				{Position 1.97018	-0.12472	9.27357}
				{VolumeView "front_frame.ply"}
				{bone "front_shield"
					{VolumeView "front_shield.ply"}
				}
			}
			{bone "fenderr"
				{parameters "ID=body;"}
				{Position 37.6311	-14.7258	2.91336}
				{VolumeView "fenderr_m3.ply"}
				{bone "lightr"
					{parameters "ID=body;"}
					{Position 11.6225	4.27911	6.75948}
					{VolumeView "lightr.ply"}
				}
				{bone "lightr_frame"
					{parameters "ID=body;"}
					{Position 13.3171	3.76068	7.00275}
					{VolumeView "lightr_frame_m3.ply"}
				}
			}
			{bone "buffer"
				{parameters "ID=body;"}
				{Position 1.96433	-0.09311	9.26656}
				{VolumeView "buffer.ply"}
			}
			{bone "fenderl"
				{parameters "ID=body;"}
				{Position 37.6311	14.3747	2.9742}
				{VolumeView "fenderl_m3.ply"}
				{bone "lightl"
					{parameters "ID=body;"}
					{Position 11.6225	-4.12416	6.73505}
					{VolumeView "lightl.ply"}
				}
				{bone "lightl_frame"
					{parameters "ID=body;"}
					{Position 13.3171	-3.6102	6.97834}
					{VolumeView "lightl_frame_m3.ply"}
				}
			}
			{bone "seat_driver"
				{parameters "ID=body;"}
				{Position 4.59467	10.5294	9.56165}
				{VolumeView "seat_driver.ply"}
			}
			{bone "seat_commander"
				{parameters "ID=body;"}
				{Position 4.59467	-10.7104	9.52595}
				{VolumeView "seat_commander.ply"}
			}
			{bone revolute "turret"
				{parameters "ID=turret;"}
				{Position -33.238	-0.0477677	5.50441}
				{VolumeView "turret_m15.ply"}
				{bone revolute "gun_rot"
					{parameters "ID=gun;"}
					{limits -50 10}
					{Matrix34
						1	0	0
						0	0	1
						0	-1	0
						-2.63657	0.569363	14.4556
					}
					{VolumeView "gun_rot_m15.ply"}
					{bone "gun"
						{parameters "ID=gun;"}
						{Matrix34
							-1	0	0
							0	0	1
							0	1	0
							-30.2078	1.87892	0.485321
						}
						{VolumeView "gun_m15.ply"}
						{bone "foresight1"
							{Position 16.0402	0.0955145	-0.00727081}
						}
					}
					{bone revolute "mgun"
						{limits -10 10}
						{parameters "ID=gun;"}
						{Matrix34
							-1	0	0
							0	1	0
							0	0	-1
							-13.0635	1.8375	0.35701
						}
						{VolumeView "mgun_m15.ply"}
					}
					{bone "support"
						{parameters "ID=gun;"}
						{Matrix34
							1	0	0
							0	0	-1
							0	1	0
							-2.97515	8.25087	-1.00968
						}
						{VolumeView "support_m15.ply"}
					}
				}
				{bone "turret_shield"
					{parameters "ID=turret;"}
					{Position 0.237236	-0.0426674	2.97627}
					{VolumeView "turret_shield_m15.ply"}
					{bone "shieldl"
						{parameters "ID=turret;"}
						{Matrix34
							0.00897914	-0.0049768	-0.999947
							0.886378	-0.462849	0.010263
							-0.462875	-0.886423	0.000255347
							-21.8399	11.3416	17.8938
						}
						{VolumeView "shieldl_m15.ply"}
					}
					{bone "shieldr"
						{parameters "ID=turret;"}
						{VolumeView "shieldr_m15.ply"}
					}
					{bone "box1"
						{parameters "ID=body;"}
						{Matrix34
							-0.00475421	0.999989	0
							-0.999989	-0.00475421	0
							0	0	1
							8.86584	17.0703	19.6348
						}
						{VolumeView "box1_m15.ply"}
					}
					{bone "box2"
						{parameters "ID=body;"}
						{Matrix34
							-0.00475421	0.999989	0
							-0.999989	-0.00475421	0
							0	0	1
							-0.450981	17.0703	18.9613
						}
						{VolumeView "box1_m15.ply"}
					}
					{bone "box3"
						{parameters "ID=body;"}
						{Matrix34
							-0.00475424	-0.999989	0
							-0.999989	0.00475424	0
							0	0	1
							8.86584	-16.6104	19.6348
						}
						{VolumeView "box1_m15.ply"}
					}
					{bone "box4"
						{parameters "ID=body;"}
						{Matrix34
							-0.00475424	-0.999989	0
							-0.999989	0.00475424	0
							0	0	1
							-0.450981	-16.6104	18.9613
						}
						{VolumeView "box1_m15.ply"}
					}
				}
			}
			{bone "doorleft"
				{parameters "ID=body;"}
				{Matrix34
					0.565466	-0.824333	0.0268909
					0.824456	0.565851	0.00922574
					-0.0228213	0.0169535	0.999596
					16.0114	16.0912	10.4221
				}
				{VolumeView "doorleft_m3.ply"}
			}
			{bone "doorright"
				{Matrix34
					0.819496	0.572957	0.0121362
					-0.572407	0.819372	-0.031306
					-0.027881	0.0187083	0.999436
					16.0143	-16.1199	13.7607
				}
				{VolumeView "doorright_m3.ply"}
			}
			{bone "engine"
				{parameters "ID=engine;"}
				{Position 38.0822	-0.0808239	4.84766}
				{VolumeView "engine_m3.ply"}
				{bone "engine_hatch2"
					{parameters "ID=engine;"}
					{Matrix34
						0.117666	0.278046	0.953334
						-0.0340594	0.960568	-0.275952
						-0.992469	0	0.122496
						-2.42997	-3.02513	9.79159
					}
					{VolumeView "engine_hatch2.ply"}
				}
				{bone "engine_hatch1"
					{parameters "ID=engine;"}
					{Matrix34
						0.119964	-0.202277	0.971953
						0.0247782	0.979328	0.200754
						-0.992469	0	0.122496
						-2.42997	2.9902	9.79159
					}
					{VolumeView "engine_hatch1.ply"}
				}
			}
			{bone revolute "part3"
				{parameters "ID=trackleft;Radius=0.46;"}
				{Matrix34
					0.992722	0.120413	-0.00201192
					0.00937536	-0.0939274	-0.995535
					-0.120064	0.988271	-0.0943727
					-5.64578	16.8218	-2.03332
				}
				{VolumeView "part3.ply"}
			}
			{bone revolute "wheell7"
				{parameters "ID=trackleft;Radius=0.46;"}
				{Matrix34
					0.987712	0.156209	0.00492094
					0.00599284	-0.00639177	-0.999962
					-0.156172	0.987703	-0.00724936
					-46.2533	18.5457	-2.3991
				}
				{VolumeView "wheell7.ply"}
			}
			{bone revolute "wheelr2"
				{parameters "ID=trackRight;Radius=0.46;"}
				{Matrix34
					0.999993	0.00379957	0.000198837
					-0.000132751	0.0870726	-0.996202
					-0.00380246	0.996195	0.0870724
					-5.64577	-16.866	-2.03333
				}
				{VolumeView "wheelr2.ply"}
			}
			{bone revolute "part5"
				{parameters "ID=trackRight;Radius=0.46;"}
				{Matrix34
					0.999986	-0.00531766	0.000278469
					-0.000371046	-0.121754	-0.99256
					0.00531201	0.992546	-0.121754
					-46.2533	-16.7648	-2.3991
				}
				{VolumeView "part5.ply"}
			}
			{bone revolute "steer_b001"
				{Matrix34
					0.754709	0	0.65606
					0	-1	0
					0.65606	0	-0.754709
					12.5304	10.5635	14.4536
				}
				{bone "handwhee"
					{Matrix34
						0.75471	0	0.656059
						0	-1	0
						0.656059	0	-0.75471
						-0.0555859	0.00496769	-1.10063
					}
					{VolumeView "handwhee.ply"}
				}
			}
			{bone revolute "wheelr8"
				{parameters "ID=trackRight;Radius=0.46;"}
				{Matrix34
					1	0	0
					0	0	-1
					0	1	0
					-25.7988	-16.6882	1.18134
				}
				{VolumeView "wheelr8.ply"}
			}
			{bone revolute "wheell8"
				{parameters "ID=trackleft;Radius=0.46;"}
				{Matrix34
					1	0	0
					0	0	-1
					0	1	0
					-25.7988	16.644	1.18135
				}
				{VolumeView "wheell8.ply"}
			}
		}
	}
}
{Volume "body1"
	{Polyhedron "body1.vol"}
	{Bone "body"}
	{Position 25.6344	-0.0398679	-3.98921}
}
{Volume "body2"
	{Polyhedron "body2.vol"}
	{Bone "body"}
	{Position 25.6344	-0.0398679	-3.98921}
}
{Volume "body3"
	{Box 1.16302 16.4131 54.5276}
	{Bone "body"}
	{Matrix34
		0	-1	0
		0	0	1
		-1	0	0
		-28.047	19.2981	15.6494
	}
}
{Volume "body4"
	{Box 39.7368 16.4131 1.09055}
	{Bone "body"}
	{Matrix34
		0	-1	0
		0	0	1
		-1	0	0
		-54.8747	-0.0612448	15.6494
	}
}
{Volume "body5"
	{Box 1.16302 16.4131 54.5276}
	{Bone "body"}
	{Matrix34
		0	-1	0
		0	0	1
		-1	0	0
		-28.047	-19.4631	15.6494
	}
}
{Volume "body6"
	{Box 39.7368 1.31305 54.4845}
	{Bone "body"}
	{Matrix34
		0	-1	0
		0	0	1
		-1	0	0
		-27.6596	-0.0612405	7.27164
	}
}
{Volume "body7"
	{Box 23.2604 9.43651 54.4401}
	{Bone "body"}
	{Matrix34
		0	-1	0
		0	0	1
		-1	0	0
		-27.9977	0.0100796	1.9924
	}
}
{Volume "engine"
	{Polyhedron "engine.vol"}
	{Bone "body"}
	{Position 25.2823	0.591718	-1.81336}
}
{Volume "gun"
	{Cylinder 0.916497 31.5}
	{Bone "gun"}
	{Matrix34
		0	1	0
		0	0	1
		1	0	0
		0.265556	0.000615476	-0.0179126
	}
}
{Volume "part3"
	{Cylinder 6.06147 6.17107}
	{Bone "part3"}
	{Position -0.000458163	0.000493567	-0.0646029}
}
{Volume "part5"
	{Cylinder 5.09367 6.17107}
	{Bone "part5"}
	{Position 0	0	0}
}
{Volume "turret"
	{Polyhedron "turret.vol"}
	{Bone "turret"}
	{Position -0.323685	-0.00636617	3.22119}
}
{Volume "trackleft"
	{Polyhedron "trackleft.vol"}
	{Bone "wheelsl"}
	{Matrix34
		-1	0	0
		0	0	1
		0	1	0
		-6.25584	-3.18103	3.96123
	}
}
{Volume "trackright"
	{Polyhedron "trackright.vol"}
	{Bone "wheelsr"}
	{Matrix34
		-1	0	0
		0	0	1
		0	1	0
		-6.25584	-9.92348	3.96123
	}
}
{Volume "wheelleft1"
	{Cylinder 8.14308 5.30124}
	{Bone "wheell1"}
	{Matrix34
		1	0	0
		0	-1	0
		0	0	-1
		-0.132782	-0.0872584	-0.836494
	}
}
{Volume "wheelright1"
	{Cylinder 8.14308 5.30124}
	{Bone "wheelr1"}
	{Matrix34
		1	0	0
		0	-1	0
		0	0	-1
		-0.132782	-0.0872539	0.620093
	}
}
