;Exported by: Артем
;Date:        Sat Feb 15 18:22:43 2014
;File:        D:\Autodesk\Low poly\freelance\DMS\Vehicles\M3 half track\export\M3A1_xx.max
{Skeleton
	{bone "basis"
		{Orientation
			1	0	0
			0	-1	0
			0	0	1
		}
		{bone "pivot_front"
			{Position 43.785	-0.00537851	6.09287}
			{bone revolute "steer_l1"
				{Matrix34
					-1	0	0
					0	1	0
					0	0	-1
					0.00291061	14.7185	1.74068
				}
				{bone revolute "wheell1"
					{parameters "ID=wheelleft1;Radius=0.49;"}
					{Matrix34
						-1	0	0
						0	0.275637	0.961262
						0	0.961262	-0.275637
						0.000244141	2.02294	-0.615846
					}
					{VolumeView "wheell1.ply"}
				}
				{bone "rl"
					{Matrix34
						-1	0	0
						0	1	0
						0	0	-1
						0.137241	0.372641	-0.378598
					}
					{VolumeView "rl.ply"}
				}
			}
			{bone revolute "steer_r1"
				{Matrix34
					-1	0	0
					0	1	0
					0	0	-1
					0.0029068	-14.7478	1.74068
				}
				{bone revolute "wheelr1"
					{parameters "ID=wheelright1;Radius=0.49;"}
					{Matrix34
						-0.968148	0.25038	0
						-0.0413248	-0.159791	0.986286
						0.246946	0.95487	0.165048
						-0.200077	-1.7904	-1.1949
					}
					{VolumeView "wheelr1.ply"}
				}
				{bone "rr"
					{Matrix34
						-0.968148	0.25038	0
						-0.246946	-0.95487	-0.165047
						0.0413246	0.15979	-0.986286
						0.330467	-0.28608	-0.688395
					}
					{VolumeView "rr.ply"}
				}
			}
		}
		{bone "wheelsr"
			{parameters "wheelsR;"}
			{Position -25.4167	-13.635	4.4556}
			{VolumeView "wheelsr.ply"}
			{bone revolute "wheelr6"
				{parameters "ID=trackRight;Radius=0.46;"}
				{Matrix34
					1	0	0
					0	0	-1
					0	1	0
					-11.7025	-3.12115	0.0468998
				}
				{VolumeView "wheelr6.ply"}
			}
			{bone revolute "wheelr5"
				{parameters "ID=trackRight;Radius=0.46;"}
				{Matrix34
					1	0	0
					0	0	-1
					0	1	0
					-4.43612	-3.12115	0.0468998
				}
				{VolumeView "wheelr6.ply"}
			}
			{bone revolute "wheelr4"
				{parameters "ID=trackRight;Radius=0.46;"}
				{Matrix34
					1	0	0
					0	0	-1
					0	1	0
					4.446	-3.12115	0.0468998
				}
				{VolumeView "wheelr6.ply"}
			}
		}
		{bone "wheelsl"
			{parameters "wheelsL;"}
			{Position -25.4167	13.6953	4.4556}
			{VolumeView "wheelsl.ply"}
			{bone revolute "wheell6"
				{parameters "ID=trackleft;Radius=0.46;"}
				{Matrix34
					1	0	0
					0	-0.0436195	-0.999048
					0	0.999048	-0.0436195
					-11.7025	3.12115	0.0469027
				}
				{VolumeView "wheell6.ply"}
			}
			{bone revolute "wheell5"
				{parameters "ID=trackleft;Radius=0.46;"}
				{Matrix34
					1	0	0
					0	0	-1
					0	1	0
					-4.43612	3.12115	0.0469027
				}
				{VolumeView "wheell6.ply"}
			}
			{bone revolute "wheell3"
				{parameters "ID=trackleft;Radius=0.46;"}
				{Matrix34
					1	0	0
					0	0	-1
					0	1	0
					11.7013	3.12115	0.0469027
				}
				{VolumeView "wheell6.ply"}
			}
		}
		{bone "pivot_back"
			{Matrix34
				-1	0	0
				0	0	1
				0	1	0
				-35.7142	0	4.30835
			}
		}
		{bone "body"
			{parameters "ID=body;"}
			{Matrix34
				0.999048	-0.00114142	-0.0435985
				-0.000380541	0.999391	-0.0348842
				0.0436118	0.0348676	0.99844
				0.43025	0.0522079	12.2452
			}
			{VolumeView "body_m.ply"}
			{bone "engine"
				{parameters "ID=engine;"}
				{Position 38.1457	-0.0564219	4.90317}
				{VolumeView "engine_m.ply"}
				{bone "engine_hatch2"
					{parameters "ID=engine;"}
					{Matrix34
						0.117666	0.278046	0.953334
						-0.0340594	0.960568	-0.275952
						-0.992469	0	0.122496
						-2.42997	-3.02513	9.79159
					}
					{VolumeView "engine_hatch2.ply"}
				}
				{bone "engine_hatch1"
					{parameters "ID=engine;"}
					{Matrix34
						0.119964	-0.202277	0.971953
						0.0247782	0.979328	0.200754
						-0.992469	0	0.122496
						-2.42997	2.9902	9.79159
					}
					{VolumeView "engine_hatch1.ply"}
				}
			}
			{bone "seats01"
				{parameters "ID=body;"}
				{Position -11.6125	-0.0814457	12.6749}
				{VolumeView "seats01.ply"}
			}
			{bone "seats02"
				{parameters "ID=body;"}
				{Position -27.221	-0.0816288	12.7823}
				{VolumeView "seats02.ply"}
			}
			{bone "seats03"
				{parameters "ID=body;"}
				{Position -41.6195	-0.0817967	12.8808}
				{VolumeView "seats03.ply"}
			}
			{bone "handrails"
				{parameters "ID=body;"}
				{Position -31.4779	-0.0648747	7.46759}
				{VolumeView "handrails.ply"}
			}
			{bone "mgun_stand"
				{parameters "ID=body;"}
				{Position 1.69649	-8.2418	17.9746}
				{VolumeView "mgun_stand.ply"}
			}
			{bone "fuels"
				{parameters "ID=body;"}
				{Position -12.1114	-0.0742741	13.3828}
				{VolumeView "fuels.ply"}
			}
			{bone "seats_cover"
				{parameters "ID=body;"}
				{Position -38.9085	-0.0744419	13.2886}
				{VolumeView "seats_cover.ply"}
			}
			{bone "shelf_left"
				{parameters "ID=body;"}
				{Position -28.1926	21.1507	10.0966}
				{VolumeView "shelf_left.ply"}
			}
			{bone "shelf_right"
				{parameters "ID=body;"}
				{Position -28.1926	-21.2752	10.0255}
				{VolumeView "shelf_right.ply"}
			}
			{bone "front_frame"
				{parameters "ID=body;"}
				{Position 2.05997	-0.0622196	9.33246}
				{VolumeView "front_frame.ply"}
				{bone "front_shield"
					{parameters "ID=body;"}
					{VolumeView "front_shield.ply"}
				}
			}
			{bone "buffer"
				{parameters "ID=body;"}
				{Position 1.96433	-0.09311	9.26656}
				{VolumeView "buffer.ply"}
			}
			{bone "seat_driver"
				{parameters "ID=body;"}
				{Position 4.59467	10.5294	9.56165}
				{VolumeView "seat_driver.ply"}
			}
			{bone "seat_commander"
				{parameters "ID=body;"}
				{Position 4.59467	-10.7104	9.52595}
				{VolumeView "seat_commander.ply"}
			}
			{bone "handrail2"
				{parameters "ID=body;"}
				{Position -6.80517	-0.0645847	7.29824}
				{VolumeView "handrail2.ply"}
			}
			{bone "seat_central"
				{parameters "ID=body;"}
				{Position 2.05997	-0.0622196	9.33246}
				{VolumeView "seat_central.ply"}
			}
			{bone "fenderr"
				{parameters "ID=body;"}
				{Matrix34
					1	0	0
					0	1	-0.000554085
					0	0.000554085	1
					38.6582	-0.0817967	2.60147
				}
				{VolumeView "fenderr.ply"}
				{bone "lightr_m5"
					{Matrix34
						1	0	0
						0	1	0.000554085
						0	-0.000554085	1
						8.75686	-10.7236	7.13144
					}
					{VolumeView "lightr_m5.ply"}
				}
			}
			{bone "fenderl"
				{parameters "ID=body;"}
				{Matrix34
					1	0	0
					0	1	-0.000554085
					0	0.000554085	1
					38.6582	-0.0817967	2.60147
				}
				{VolumeView "fenderl.ply"}
				{bone "lightl_m5"
					{Matrix34
						1	0	0
						0	1	0.000554085
						0	-0.000554085	1
						8.74931	10.6708	7.18424
					}
					{VolumeView "lightl_m5.ply"}
				}
			}
			{bone "doorleft"
				{parameters "ID=body;"}
				{Matrix34
					0.565466	-0.824333	0.0268909
					0.824456	0.565851	0.00922574
					-0.0228213	0.0169535	0.999596
					16.0114	16.0912	10.4221
				}
				{VolumeView "doorleft_m.ply"}
			}
			{bone "doorright"
				{Matrix34
					0.819496	0.572957	0.0121362
					-0.572407	0.819372	-0.031306
					-0.027881	0.0187083	0.999436
					16.0143	-16.1199	13.7607
				}
				{VolumeView "doorright_m.ply"}
			}
			{bone "door_back"
				{parameters "ID=body;"}
				{Matrix34
					-0.700909	0.71325	0
					-0.71325	-0.700909	0
					0	0	1
					-55.628	-6.75625	13.061
				}
				{VolumeView "door_back_m.ply"}
			}
			{bone revolute "part3"
				{parameters "ID=trackleft;Radius=0.46;"}
				{Matrix34
					0.992722	0.120413	-0.00201192
					0.00937536	-0.0939274	-0.995535
					-0.120064	0.988271	-0.0943727
					-5.64578	16.8218	-2.03332
				}
				{VolumeView "part3.ply"}
			}
			{bone revolute "wheell7"
				{parameters "ID=trackleft;Radius=0.46;"}
				{Matrix34
					0.987712	0.156209	0.00492094
					0.00599284	-0.00639177	-0.999962
					-0.156172	0.987703	-0.00724936
					-46.2533	18.5457	-2.3991
				}
				{VolumeView "wheell7.ply"}
			}
			{bone revolute "wheelr2"
				{parameters "ID=trackRight;Radius=0.46;"}
				{Matrix34
					0.999993	0.00379957	0.000198837
					-0.000132751	0.0870726	-0.996202
					-0.00380246	0.996195	0.0870724
					-5.64577	-16.866	-2.03333
				}
				{VolumeView "wheelr2.ply"}
			}
			{bone revolute "part5"
				{parameters "ID=trackRight;Radius=0.46;"}
				{Matrix34
					0.999986	-0.00531766	0.000278469
					-0.000371046	-0.121754	-0.99256
					0.00531201	0.992546	-0.121754
					-46.2533	-16.7648	-2.3991
				}
				{VolumeView "part5.ply"}
			}
			{bone revolute "steer_b001"
				{Matrix34
					0.754709	0	0.65606
					0	-1	0
					0.65606	0	-0.754709
					12.5304	10.5635	14.4536
				}
				{bone "handwhee"
					{Matrix34
						0.75471	0	0.656059
						0	-1	0
						0.656059	0	-0.75471
						-0.0555859	0.00496769	-1.10063
					}
					{VolumeView "handwhee.ply"}
				}
			}
			{bone revolute "wheelr8"
				{parameters "ID=trackRight;Radius=0.46;"}
				{Matrix34
					1	0	0
					0	0	-1
					0	1	0
					-25.7988	-16.6882	1.18134
				}
				{VolumeView "wheelr8.ply"}
			}
			{bone revolute "wheell8"
				{parameters "ID=trackleft;Radius=0.46;"}
				{Matrix34
					1	0	0
					0	0	-1
					0	1	0
					-25.7988	16.644	1.18135
				}
				{VolumeView "wheell8.ply"}
			}
			;{bone "part6"
			;	{parameters "ID=body;"}
			;	{Position 2.16488	-8.16663	27.2115}
			;	{VolumeView "part6.ply"}
			;}
			;{bone "part1"
			;	{parameters "ID=body;"}
			;	{Position 17.6519	0.0229078	22.3917}
			;	{VolumeView "part1.ply"}
			;}
			;{bone "part2"
			;	{parameters "ID=body;"}
			;	{Position 59.3095	-0.939314	0.83478}
			;	{VolumeView "part2.ply"}
			;}
		}
	}
}
{Volume "body1"
	{Polyhedron "body1.vol"}
	{Bone "body"}
	{Position 25.6344	-0.0398679	-3.98921}
}
{Volume "body2"
	{Polyhedron "body2.vol"}
	{Bone "body"}
	{Position 25.6344	-0.0398679	-3.98921}
}
{Volume "body3"
	{Box 1.16302 16.4131 54.5276}
	{Bone "body"}
	{Matrix34
		0	-1	0
		0	0	1
		-1	0	0
		-28.047	19.2981	15.6494
	}
}
{Volume "body4"
	{Box 39.7368 16.4131 1.09055}
	{Bone "body"}
	{Matrix34
		0	-1	0
		0	0	1
		-1	0	0
		-54.8747	-0.0612448	15.6494
	}
}
{Volume "body5"
	{Box 1.16302 16.4131 54.5276}
	{Bone "body"}
	{Matrix34
		0	-1	0
		0	0	1
		-1	0	0
		-28.047	-19.4631	15.6494
	}
}
{Volume "body6"
	{Box 39.7368 1.31305 54.4845}
	{Bone "body"}
	{Matrix34
		0	-1	0
		0	0	1
		-1	0	0
		-27.6596	-0.0612405	7.27164
	}
}
{Volume "body7"
	{Box 23.2604 9.43651 54.4401}
	{Bone "body"}
	{Matrix34
		0	-1	0
		0	0	1
		-1	0	0
		-27.9977	0.0100796	1.9924
	}
}
{Volume "engine"
	{Polyhedron "engine.vol"}
	{Bone "body"}
	{Position 25.2823	0.591718	-1.81336}
}
;{Volume "part1"
;	{Box 8.41142 1.53141 32.9969}
;	{Bone "part1"}
;	{Matrix34
;		0.963629	-0.000366667	-0.267246
;		0.267246	-0.000103071	0.963628
;		-0.000380881	-1	0
;		-0.0382931	0.00671959	-0.062277
;	}
;}
;{Volume "part2"
;	{Cylinder 3.44573 17.5242}
;	{Bone "part2"}
;	{Matrix34
;		-1	0	0
;		0	0	1
;		0	1	0
;		0.965253	0.908055	-1.01223
;	}
;}
{Volume "part3"
	{Cylinder 6.06147 6.17107}
	{Bone "part3"}
	{Position -0.000458163	0.000493567	-0.0646029}
}
{Volume "part5"
	{Cylinder 5.09367 6.17107}
	{Bone "part5"}
	{Position 0	0	0}
}
;{Volume "part6"
;	{Box 26.514 23.0953 6.62007}
;	{Bone "part6"}
;	{Matrix34
;		0.999048	-0.00038063	0.043612
;		0.00190275	0.99939	-0.0348652
;		-0.0435722	0.0349149	0.99844
;		-0.373709	0.371324	-1.10743
;	}
;}
{Volume "trackleft"
	{Polyhedron "trackleft.vol"}
	{Bone "wheelsl"}
	{Matrix34
		-1	0	0
		0	0	1
		0	1	0
		-6.25584	-3.18103	3.96123
	}
}
{Volume "trackright"
	{Polyhedron "trackright.vol"}
	{Bone "wheelsr"}
	{Matrix34
		-1	0	0
		0	0	1
		0	1	0
		-6.25584	-9.92348	3.96123
	}
}
{Volume "wheelleft1"
	{Cylinder 8.14308 5.30124}
	{Bone "wheell1"}
	{Matrix34
		1	0	0
		0	-1	0
		0	0	-1
		-0.132782	-0.0872584	-0.836494
	}
}
{Volume "wheelright1"
	{Cylinder 8.14308 5.30124}
	{Bone "wheelr1"}
	{Matrix34
		1	0	0
		0	-1	0
		0	0	-1
		-0.132782	-0.0872539	0.620093
	}
}
