;Exported by: Артем
;Date:        Sat Feb 15 18:22:43 2014
;File:        D:\Autodesk\Low poly\freelance\DMS\Vehicles\M3 half track\export\M3A1_xx.max
{Skeleton
	{bone "basis"
		{Orientation
			1	0	0
			0	-1	0
			0	0	1
		}
		{bone "pivot_front"
			{Position 43.785	-0.00537851	6.09287}
			{bone revolute "steer_l1"
				{Matrix34
					-1	0	0
					0	1	0
					0	0	-1
					0.00291061	14.7185	1.74068
				}
				{bone revolute "wheell1"
					{parameters "ID=wheelleft1;Radius=0.49;"}
					{Matrix34
						-1	0	0
						0	0.275637	0.961262
						0	0.961262	-0.275637
						0.000244141	2.02294	-0.615846
					}
					{VolumeView "wheell1.ply"}
				}
				{bone "rl"
					{Matrix34
						-1	0	0
						0	1	0
						0	0	-1
						0.137241	0.372641	-0.378598
					}
					{VolumeView "rl.ply"}
				}
			}
			{bone revolute "steer_r1"
				{Matrix34
					-1	0	0
					0	1	0
					0	0	-1
					0.0029068	-14.7478	1.74068
				}
				{bone revolute "wheelr1"
					{parameters "ID=wheelright1;Radius=0.49;"}
					{Matrix34
						-0.968148	0.25038	0
						-0.0413248	-0.159791	0.986286
						0.246946	0.95487	0.165048
						-0.200077	-1.7904	-1.1949
					}
					{VolumeView "wheelr1.ply"}
				}
				{bone "rr"
					{Matrix34
						-0.968148	0.25038	0
						-0.246946	-0.95487	-0.165047
						0.0413246	0.15979	-0.986286
						0.330467	-0.28608	-0.688395
					}
					{VolumeView "rr.ply"}
				}
			}
		}
		{bone "wheelsr"
			{parameters "wheelsR;"}
			{Position -25.4167	-13.635	4.4556}
			{VolumeView "wheelsr.ply"}
			{bone revolute "wheelr6"
				{parameters "ID=trackRight;Radius=0.46;"}
				{Matrix34
					1	0	0
					0	0	-1
					0	1	0
					-11.7025	-3.12115	0.0468998
				}
				{VolumeView "wheelr6.ply"}
			}
			{bone revolute "wheelr5"
				{parameters "ID=trackRight;Radius=0.46;"}
				{Matrix34
					1	0	0
					0	0	-1
					0	1	0
					-4.43612	-3.12115	0.0468998
				}
				{VolumeView "wheelr6.ply"}
			}
			{bone revolute "wheelr4"
				{parameters "ID=trackRight;Radius=0.46;"}
				{Matrix34
					1	0	0
					0	0	-1
					0	1	0
					4.446	-3.12115	0.0468998
				}
				{VolumeView "wheelr6.ply"}
			}
		}
		{bone "wheelsl"
			{parameters "wheelsL;"}
			{Position -25.4167	13.6953	4.4556}
			{VolumeView "wheelsl.ply"}
			{bone revolute "wheell6"
				{parameters "ID=trackleft;Radius=0.46;"}
				{Matrix34
					1	0	0
					0	-0.0436195	-0.999048
					0	0.999048	-0.0436195
					-11.7025	3.12115	0.0469027
				}
				{VolumeView "wheell6.ply"}
			}
			{bone revolute "wheell5"
				{parameters "ID=trackleft;Radius=0.46;"}
				{Matrix34
					1	0	0
					0	0	-1
					0	1	0
					-4.43612	3.12115	0.0469027
				}
				{VolumeView "wheell6.ply"}
			}
			{bone revolute "wheell3"
				{parameters "ID=trackleft;Radius=0.46;"}
				{Matrix34
					1	0	0
					0	0	-1
					0	1	0
					11.7013	3.12115	0.0469027
				}
				{VolumeView "wheell6.ply"}
			}
		}
		{bone "pivot_back"
			{Matrix34
				-1	0	0
				0	0	1
				0	1	0
				-35.7142	0	4.30835
			}
		}
		{bone "body"
			{parameters "ID=body;"}
			{Matrix34
				0.999048	-0.00114142	-0.0435985
				-0.000380541	0.999391	-0.0348842
				0.0436118	0.0348676	0.99844
				0.43025	0.0522079	12.2452
			}
			{VolumeView "body_t19.ply"}
			{bone "engine"
				{parameters "ID=engine;"}
				{Position 38.0759	0.00861681	4.86696}
				{VolumeView "engine_m3.ply"}
				{bone "engine_hatch2"
					{parameters "ID=engine;"}
					{Matrix34
						0.117666	0.278046	0.953334
						-0.0340594	0.960568	-0.275952
						-0.992469	0	0.122496
						-2.42997	-3.02513	9.79159
					}
					{VolumeView "engine_hatch2.ply"}
				}
				{bone "engine_hatch1"
					{parameters "ID=engine;"}
					{Matrix34
						0.119964	-0.202277	0.971953
						0.0247782	0.979328	0.200754
						-0.992469	0	0.122496
						-2.42997	2.9902	9.79159
					}
					{VolumeView "engine_hatch1.ply"}
				}
			}
			{bone "door_back"
				{parameters "ID=body;"}
				{Matrix34
					-0.700909	0.71325	0
					-0.71325	-0.700909	0
					0	0	1
					-55.7277	-6.6922	13.061
				}
				{VolumeView "door_back_m.ply"}
			}
			{bone "doorleft"
				{parameters "ID=body;"}
				{Matrix34
					0.565466	-0.824333	0.0268909
					0.824456	0.565851	0.00922574
					-0.0228213	0.0169535	0.999596
					16.0114	16.0912	10.4221
				}
				{VolumeView "doorleft_m3.ply"}
			}
			{bone "doorright"
				{Matrix34
					0.819496	0.572957	0.0121362
					-0.572407	0.819372	-0.031306
					-0.027881	0.0187083	0.999436
					16.0143	-16.1199	13.7607
				}
				{VolumeView "doorright_m3.ply"}
			}
			{bone "fuels"
				{parameters "ID=fuel;"}
				{Position -31.285	-0.00366652	9.91513}
				{VolumeView "fuels_t15.ply"}
			}
			{bone "gun_stand"
				{parameters "ID=body;"}
				{Matrix34
					1	0	0
					0	1	0.000554085
					0	-0.000554085	1
					-8.38324	0.107403	16.4667
				}
				{VolumeView "gun_stand_t15.ply"}
				{bone revolute "turret"
					{parameters "ID=turret;"}
					{Matrix34
						0.99729	0.00664747	-0.0732706
						0.00297336	0.991455	0.130411
						0.0735117	-0.130276	0.988749
						2.58417	-0.0331637	1.61394
					}
					{VolumeView "turret_t15.ply"}
					{bone revolute "gun_rot"
						{parameters "ID=gun;"}
						{Matrix34
							0.999987	0.00271104	-0.00421382
							0.00298301	0.353706	0.935352
							0.00402571	-0.935352	0.353694
							-6.75761	0.0425383	10.9924
						}
						{VolumeView "gun_rot_t15.ply"}
						{bone "gun"
							{parameters "ID=gun;"}
							{Matrix34
								0.00125106	0	0.999999
								0	1	0
								-0.999999	0	0.00125106
								-2.46166	-0.531322	3.00631e-005
							}
							{VolumeView "gun_t15.ply"}
						}
					}
					{bone "gun_rot_sup"
						{parameters "ID=turret;"}
						{Matrix34
							-0.544245	0.832108	-0.106746
							-0.185574	0.00467894	0.982619
							-0.818144	-0.554595	-0.151871
							10.9738	0.0747232	3.94251
						}
						{VolumeView "gun_rot_sup_t15.ply"}
					}
				}
			}
			{bone "buffer"
				{parameters "ID=body;"}
				{Position 1.95807	-0.00366652	9.28586}
				{VolumeView "buffer.ply"}
			}
			{bone "fenderr"
				{parameters "ID=body;"}
				{Position 37.6311	-14.7258	2.91336}
				{VolumeView "fenderr_m3.ply"}
				{bone "lightr"
					{parameters "ID=body;"}
					{Position -39.3876	14.4519	-0.204113}
					{VolumeView "lightr_t19.ply"}
				}
			}
			{bone "fenderl"
				{parameters "ID=body;"}
				{Position 37.6311	14.3747	2.9742}
				{VolumeView "fenderl_m3.ply"}
				{bone "lightl"
					{parameters "ID=body;"}
					{Matrix34
						1	0	0
						0	-1	0
						0	0	1
						-39.3876	-13.9041	-0.264942
					}
					{VolumeView "lightl_t19.ply"}
				}
			}
			{bone "seat_driver"
				{parameters "ID=body;"}
				{Position 4.59467	10.5294	9.56165}
				{VolumeView "seat_driver.ply"}
			}
			{bone "seat_commander"
				{parameters "ID=body;"}
				{Position 4.59467	-10.7104	9.52595}
				{VolumeView "seat_commander.ply"}
			}
			{bone "handrail1"
				{parameters "ID=body;"}
				{Position -40.848	-0.00366652	9.28586}
				{VolumeView "handrail2.ply"}
			}
			{bone "seat09"
				{Matrix34
					-0.00315392	0.800187	0.599743
					-0.999995	-0.00283483	-0.00147671
					0.000517966	-0.599744	0.800192
					-45.9422	-0.723977	4.03606
				}
			}
			{bone "seat10"
				{Matrix34
					0.00322443	-0.774278	0.632837
					0.999991	0.00416561	0
					-0.00263729	0.632831	0.774285
					-48.6321	-2.7693	4.03215
				}
			}
			{bone "handrail2"
				{parameters "ID=body;"}
				{Position -31.477	-0.00366652	9.28586}
				{VolumeView "handrail2.ply"}
			}
			{bone "front_shield"
				{parameters "ID=body;"}
				{Matrix34
					0.956758	0	0.290885
					0	1	0
					0.290885	0	-0.956758
					17.27	-0.12337	16.8571
				}
				{VolumeView "front_shield_t19.ply"}
			}
			{bone revolute "part3"
				{parameters "ID=trackleft;Radius=0.46;"}
				{Matrix34
					0.992722	0.120413	-0.00201192
					0.00937536	-0.0939274	-0.995535
					-0.120064	0.988271	-0.0943727
					-5.64578	16.8218	-2.03332
				}
				{VolumeView "part3.ply"}
			}
			{bone revolute "wheell7"
				{parameters "ID=trackleft;Radius=0.46;"}
				{Matrix34
					0.987712	0.156209	0.00492094
					0.00599284	-0.00639177	-0.999962
					-0.156172	0.987703	-0.00724936
					-46.2533	18.5457	-2.3991
				}
				{VolumeView "wheell7.ply"}
			}
			{bone revolute "wheelr2"
				{parameters "ID=trackRight;Radius=0.46;"}
				{Matrix34
					0.999993	0.00379957	0.000198837
					-0.000132751	0.0870726	-0.996202
					-0.00380246	0.996195	0.0870724
					-5.64577	-16.866	-2.03333
				}
				{VolumeView "wheelr2.ply"}
			}
			{bone revolute "part5"
				{parameters "ID=trackRight;Radius=0.46;"}
				{Matrix34
					0.999986	-0.00531766	0.000278469
					-0.000371046	-0.121754	-0.99256
					0.00531201	0.992546	-0.121754
					-46.2533	-16.7648	-2.3991
				}
				{VolumeView "part5.ply"}
			}
			{bone revolute "steer_b001"
				{Matrix34
					0.754709	0	0.65606
					0	-1	0
					0.65606	0	-0.754709
					12.5304	10.5635	14.4536
				}
				{bone "handwhee"
					{Matrix34
						0.75471	0	0.656059
						0	-1	0
						0.656059	0	-0.75471
						-0.0555859	0.00496769	-1.10063
					}
					{VolumeView "handwhee.ply"}
				}
			}
			{bone revolute "wheelr8"
				{parameters "ID=trackRight;Radius=0.46;"}
				{Matrix34
					1	0	0
					0	0	-1
					0	1	0
					-25.7988	-16.6882	1.18134
				}
				{VolumeView "wheelr8.ply"}
			}
			{bone revolute "wheell8"
				{parameters "ID=trackleft;Radius=0.46;"}
				{Matrix34
					1	0	0
					0	0	-1
					0	1	0
					-25.7988	16.644	1.18135
				}
				{VolumeView "wheell8.ply"}
			}
		}
	}
}
{Volume "body1"
	{Polyhedron "body1.vol"}
	{Bone "body"}
	{Position 25.6344	-0.0398679	-3.98921}
}
{Volume "body2"
	{Polyhedron "body2.vol"}
	{Bone "body"}
	{Position 25.6344	-0.0398679	-3.98921}
}
{Volume "body3"
	{Box 1.16302 16.4131 54.5276}
	{Bone "body"}
	{Matrix34
		0	-1	0
		0	0	1
		-1	0	0
		-28.047	19.2981	15.6494
	}
}
{Volume "body4"
	{Box 39.7368 16.4131 1.09055}
	{Bone "body"}
	{Matrix34
		0	-1	0
		0	0	1
		-1	0	0
		-54.8747	-0.0612448	15.6494
	}
}
{Volume "body5"
	{Box 1.16302 16.4131 54.5276}
	{Bone "body"}
	{Matrix34
		0	-1	0
		0	0	1
		-1	0	0
		-28.047	-19.4631	15.6494
	}
}
{Volume "body6"
	{Box 39.7368 1.31305 54.4845}
	{Bone "body"}
	{Matrix34
		0	-1	0
		0	0	1
		-1	0	0
		-27.6596	-0.0612405	7.27164
	}
}
{Volume "body7"
	{Box 23.2604 9.43651 54.4401}
	{Bone "body"}
	{Matrix34
		0	-1	0
		0	0	1
		-1	0	0
		-27.9977	0.0100796	1.9924
	}
}
{Volume "engine"
	{Polyhedron "engine.vol"}
	{Bone "body"}
	{Position 25.2823	0.591718	-1.81336}
}
{Volume "gun"
	{Cylinder 2 56}
	{Bone "gun"}
	{Matrix34
		1	0.000551702	0
		-0.0005517	1	0
		0	0	1
		0.00160365	-0.00457939	-24.765
	}
}
{Volume "stand"
	{Polyhedron "stand_t15.vol"}
	{Bone "gun_stand"}
	{Matrix34
		1	0	0
		0	1	-0.000554085
		0	0.000554085	1
		-0.339855	0.138955	-8.50591
	}
}
{Volume "part3"
	{Cylinder 6.06147 6.17107}
	{Bone "part3"}
	{Position -0.000458163	0.000493567	-0.0646029}
}
{Volume "part5"
	{Cylinder 5.09367 6.17107}
	{Bone "part5"}
	{Position 0	0	0}
}
{Volume "trackleft"
	{Polyhedron "trackleft.vol"}
	{Bone "wheelsl"}
	{Matrix34
		-1	0	0
		0	0	1
		0	1	0
		-6.25584	-3.18103	3.96123
	}
}
{Volume "trackright"
	{Polyhedron "trackright.vol"}
	{Bone "wheelsr"}
	{Matrix34
		-1	0	0
		0	0	1
		0	1	0
		-6.25584	-9.92348	3.96123
	}
}
{Volume "turret0"
	{Polyhedron "turret0_t15.vol"}
	{Bone "turret"}
	{Matrix34
		0.999999	2.52752e-005	0.0017581
		-1.59176e-005	0.999986	-0.00532242
		-0.00175821	0.00532239	0.999984
		-0.891706	0.104904	-0.132439
	}
}
{Volume "turret1"
	{Polyhedron "turret1_t15.vol"}
	{Bone "turret"}
	{Matrix34
		0.989274	-0.000761832	-0.146068
		-1.57844e-005	0.999986	-0.00532243
		0.14607	0.00526764	0.98926
		-6.97623	0.24727	17.361
	}
}
{Volume "turret2"
	{Polyhedron "turret2_t15.vol"}
	{Bone "turret"}
	{Matrix34
		0.556924	-0.824492	0.100243
		-0.169622	0.00524257	0.985495
		-0.813059	-0.565849	-0.136932
		-1.24605	14.4224	9.51118
	}
}
{Volume "turret3"
	{Polyhedron "turret3_t15.vol"}
	{Bone "turret"}
	{Matrix34
		0.556898	0.82553	0.0914605
		-0.169622	0.00524267	0.985495
		-0.813077	0.564334	-0.142947
		-1.2456	-13.5532	9.66013
	}
}
{Volume "turret4"
	{Box 16.1817 14.937 0.5}
	{Bone "turret"}
	{Matrix34
		1.5573e-005	-0.999986	0.00532243
		-0.194519	0.00521774	0.980885
		-0.980899	-0.00105059	-0.194516
		2.24724	0.345505	9.18908
	}
}
{Volume "turret5"
	{Polyhedron "turret5_t15.vol"}
	{Bone "turret"}
	{Matrix34
		0.999999	2.52753e-005	0.0017581
		-0.00175821	0.00532222	0.999984
		1.59179e-005	-0.999986	0.00532226
		-9.35405	-18.909	12.8268
	}
}
{Volume "turret6"
	{Polyhedron "turret6_t15.vol"}
	{Bone "turret"}
	{Matrix34
		0.999999	2.52753e-005	0.0017581
		-0.00175821	0.00532222	0.999984
		1.59179e-005	-0.999986	0.00532226
		-9.35467	20.1525	12.6189
	}
}
{Volume "wheelleft1"
	{Cylinder 8.14308 5.30124}
	{Bone "wheell1"}
	{Matrix34
		1	0	0
		0	-1	0
		0	0	-1
		-0.132782	-0.0872584	-0.836494
	}
}
{Volume "wheelright1"
	{Cylinder 8.14308 5.30124}
	{Bone "wheelr1"}
	{Matrix34
		1	0	0
		0	-1	0
		0	0	-1
		-0.132782	-0.0872539	0.620093
	}
}
