;Exported by: sana
;Date:        Wed Jun 20 14:30:12 2007
;File:        D:\-Project-\-3DWork-\Entourage\hangar\hangar_1.max
{Skeleton
	{bone "air_force_kaserne_c4"
		{Orientation
			1	0	0
			0	-1	0
			0	0	1
		}
		{VolumeView "air_force_kaserne_c4.ply"}
		{bone "exterior"
			{parameters "exterior;"}
			{VolumeView "exterior.ply"}
		}
	}
}
{Area "interior"
	{Obb2
		{Center -2.49654 0.841125}
		{Extent 44.2425 33.5915}
		{Axis 1 -1.50889e-007}
	}
	{Rotate}
}
{Obstacle "rectangle10"
	{Obb2
		{Center -5.66222 31.2125}
		{Extent 50.3338 1.62161}
		{Axis 1 -1.51576e-007}
	}
	{Rotate}
}
{Obstacle "rectangle11"
	{Obb2
		{Center 43.0349 1.88818}
		{Extent 1.48649 31.4865}
		{Axis 1 -1.6039e-007}
	}
	{Rotate}
}
{Volume "body1"
	{Box 6.59754 46.1079 60.0591}
	{Bone "air_force_kaserne_c4"}
	{Matrix34
		0.965926	0	0.258819
		-0.258819	0	0.965926
		0	-1	0
		39.0547	-0.337811	22.7665
	}
}
{Volume "body2"
	{Box 6.59754 48.3681 60.0591}
	{Bone "exterior"}
	{Matrix34
		0.707107	0	0.707107
		-0.707107	0	0.707107
		0	-1	0
		16.6955	-0.337751	60.3518
	}
}
{Volume "body3"
	{Box 6.59754 48.3681 60.0591}
	{Bone "exterior"}
	{Matrix34
		0.258819	0	0.965926
		-0.965926	0	0.258819
		0	-1	0
		-21.4178	-0.337812	82.6275
	}
}
{Volume "body4"
	{Box 6.59754 46.1079 97.9711}
	{Bone "air_force_kaserne_c4"}
	{Matrix34
		0	1	0
		0	0	1
		1	0	0
		-6.19255	-31.18	22.7665
	}
}
{Volume "body5"
	{Box 6.59754 21.2096 64.6016}
	{Bone "air_force_kaserne_c4"}
	{Matrix34
		0	1	0
		0	0	1
		1	0	0
		-6.96338	-31.1801	56.2941
	}
}
{Volume "body6"
	{Box 6.59754 18.2403 42.3212}
	{Bone "air_force_kaserne_c4"}
	{Matrix34
		0	1	0
		0	0	1
		1	0	0
		-14.7734	-31.1801	75.5256
	}
}
