;Exported by: sana
;Date:        Mon Aug 29 14:35:18 2005
;File:        D:\-Project-\-3DWork-\Entourage\Новая папка\fire_build06_cut02_06_x02.max
{Skeleton
	{animation
		{sequence "crush" {speed 0.45}}
	}
	{bone "station_corner6"
		{parameters "CommonMesh;"}
		{Orientation
			1	0	0
			0	-1	0
			0	0	1
		}
		{VolumeView "station_corner6.ply"}
		{bone "exterior"
			{Position -9.81659	3.44353	98.9216}
		}
		{bone "piece0"
			{Position -31.4485	-11.0351	12.5237}
			{VolumeView "piece0.ply"}
			{bone "sub_piece0"
				{Position 0	10.6534	24.4025}
				{VolumeView "sub_piece0.ply"}
			}
		}
		{bone "piece1"
			{Position -31.4485	-21.051	49.4917}
			{VolumeView "piece1.ply"}
			{bone "sub_piece1"
				{Position 0	-9.83397	25.222}
				{VolumeView "sub_piece1.ply"}
			}
		}
		{bone "piece2"
			{Position -31.4485	14.0964	18.3511}
			{VolumeView "piece2.ply"}
		}
		{bone "piece3"
			{Position -31.4485	25.66	47.2153}
			{VolumeView "piece3.ply"}
			{bone "sub_piece3"
				{Position 0	8.46811	-25.5862}
				{VolumeView "sub_piece3.ply"}
			}
		}
		{bone "piece4"
			{Position -31.4485	-10.3976	86.8239}
			{VolumeView "piece4.ply"}
			{bone "sub_piece4"
				{Position 0	25.2342	-4.37061}
				{VolumeView "sub_piece4.ply"}
			}
		}
		{bone "piece5"
			{Position -31.4485	-37.6229	97.7505}
			{VolumeView "piece5.ply"}
		}
		{bone "piece6"
			{Position -31.4485	2.95811	63.3211}
			{VolumeView "piece6.ply"}
		}
		{bone "piece7"
			{Position 21.9246	45.2556	70.8988}
			{VolumeView "piece7.ply"}
			{bone "sub_piece7"
				{Position -15.58	2.26835e-005	-3.10308}
				{VolumeView "sub_piece7.ply"}
			}
		}
		{bone "piece8"
			{Position -13.4376	45.2556	70.8341}
			{VolumeView "piece8.ply"}
			{bone "sub_piece8"
				{Position -11.9453	2.75217e-005	-16.1618}
				{VolumeView "sub_piece8.ply"}
			}
		}
		{bone "piece9"
			{Position -15.7974	45.2556	46.6561}
			{VolumeView "piece9.ply"}
		}
		{bone "piece10"
			{Position -16.6841	45.2556	29.8479}
			{VolumeView "piece10.ply"}
		}
		{bone "piece11"
			{Position -23.31	45.2556	10.0012}
			{VolumeView "piece11.ply"}
			{bone "sub_piece11"
				{Position 10.0203	2.71316e-005	4.71924}
				{VolumeView "sub_piece11.ply"}
			}
		}
	}
}
{Volume "piece11"
	{Box 14.9981 7.87402 20.0406}
	{Bone "piece11"}
	{Position 0	0	0}
}
{Volume "sub_piece11"
	{Box 9.17987 7.87402 14.9464}
	{Bone "sub_piece11"}
	{Position 7.12167e-005	0	-1.3188}
}
{Volume "piece10"
	{Box 16.5497 7.87402 15.5153}
	{Bone "piece10"}
	{Position 6.50905e-005	0	0.404695}
}
{Volume "piece9"
	{Box 11.8343 7.87402 16.8083}
	{Bone "piece9"}
	{Matrix34
		0.943348	0	-0.331806
		0	1	0
		0.331806	0	0.943348
		0.786234	0	-0.275232
	}
}
{Volume "piece8"
	{Box 24.8245 7.87402 16.0325}
	{Bone "piece8"}
	{Position 6.24807e-005	0	0}
}
{Volume "sub_piece8"
	{Box 9.56778 7.87402 17.7495}
	{Bone "sub_piece8"}
	{Position 6.59302e-005	0	0.454919}
}
{Volume "piece7"
	{Box 15.9032 7.87402 15.9032}
	{Bone "piece7"}
	{Position 6.24744e-005	0	0}
}
{Volume "sub_piece7"
	{Box 13.5681 7.87402 8.21148}
	{Bone "sub_piece7"}
	{Matrix34
		0.975894	0	0.218244
		0	1	0
		-0.218244	0	0.975894
		0.504618	-1.4974e-005	-0.243731
	}
}
{Volume "piece6"
	{Box 7.87402 17.5781 14.6113}
	{Bone "piece6"}
	{Matrix34
		1	0	0
		0	0.977021	0.213144
		0	-0.213144	0.977021
		0	0.166703	0.105164
	}
}
{Volume "piece5"
	{Box 7.87402 20.4872 27.726}
	{Bone "piece5"}
	{Matrix34
		1	0	0
		0	0.95171	0.306999
		0	-0.306999	0.95171
		0	-0.934918	1.9144
	}
}
{Volume "piece4"
	{Box 7.87402 27.6805 31.3044}
	{Bone "piece4"}
	{Matrix34
		1	0	0
		0	0.993721	0.111889
		0	-0.111889	0.993721
		0	0.37081	0.985132
	}
}
{Volume "sub_piece4"
	{Box 7.87402 21.8702 17.4428}
	{Bone "sub_piece4"}
	{Matrix34
		1	0	0
		0	0.906225	-0.422797
		0	0.422797	0.906225
		0	-2.61235	-1.13662
	}
}
{Volume "piece3"
	{Box 7.87402 29.0208 32.7358}
	{Bone "piece3"}
	{Matrix34
		1	0	0
		0	0.797083	0.60387
		0	-0.60387	0.797083
		0	2.96593	2.81587
	}
}
{Volume "sub_piece3"
	{Box 7.87402 13.6581 24.6375}
	{Bone "sub_piece3"}
	{Position 0	0	-1.23549}
}
{Volume "piece2"
	{Box 7.87402 25.0763 26.7627}
	{Bone "piece2"}
	{Matrix34
		1	0	0
		0	0.963937	-0.266132
		0	0.266132	0.963937
		0	0.0547265	0.0790742
	}
}
{Volume "piece1"
	{Box 7.87402 26.7809 33.2257}
	{Bone "piece1"}
	{Matrix34
		1	0	0
		0	0.998125	0.0612026
		0	-0.0612026	0.998125
		0	-2.0823	1.32451
	}
}
{Volume "sub_piece1"
	{Box 7.87402 14.0224 18.5751}
	{Bone "sub_piece1"}
	{Position 0	0	0}
}
{Volume "piece0"
	{Box 7.87402 29.3195 25.3131}
	{Bone "piece0"}
	{Position 0	0	0}
}
{Volume "sub_piece0"
	{Box 7.87402 20.586 26.464}
	{Bone "sub_piece0"}
	{Matrix34
		1	0	0
		0	0.873729	-0.486413
		0	0.486413	0.873729
		0	-1.44484	-1.36593
	}
}
