;Exported by: garry
;Date:        Thu Jul 17 10:48:18 2008
;File:        D:\-Projects-\-3DWork-\Model\Авто-мото\SDKFZ\SdKfz7\hi-poly\SdKfz7-1_nl.max
{Skeleton
	{animation
		{sequence "start"}
		{sequence "stop"}
		{sequence "fire01"}
		{sequence "fire02"}
		{sequence "fire03"}
		{sequence "fire00"}
		{sequence "doorright" {speed 0.5}}
		{sequence "doorleft" {speed 0.5}}
		{sequence "recoil"}
	}
	{bone "basis"
		{parameters "WheelRadius=0.42;SteerMax=30;"}
		{Orientation
			1	0	0
			0	-1	0
			0	0	1
		}
		{bone "body"
			{parameters "ID=body;"}
			{animation
				{sequence "repair" {file "body_r.anm"}}
			}
			{Position 1.85733	-0.605439	-1.67727}
			{VolumeView "body.ply"}
			{bone "doorl"
				{parameters "ID=Body;"}
				{Matrix34
					0.984808	-0.0217189	-0.172285
					0.0449433	0.990221	0.132072
					0.167731	-0.137809	0.976153
					23.7621	19.0667	27.7525
				}
				{VolumeView "doorl.ply"}
			}
			{bone revolute "turret"
				{parameters "ID=turret;"}
;				{limits -130 130}
				{speed 0.01}
				{Matrix34
					-1	0	0
					0	-1	0
					0	0	1
					-35.6438	0.973702	25.4196
				}
				{VolumeView "turret.ply"}
				{bone revolute "gun_rot"
					{parameters "ID=turret;"}
					{limits -25 55}
					{speed 0.01}
					{Matrix34
						0.866025	0	0.5
						-0.5	0	0.866025
						0	-1	0
						-1.94178	-0.343974	18.233
					}
					{VolumeView "gun_rot.ply"}
					{bone "fxshell1"
						{Matrix34
							-0.00136551	0.457927	0.888989
							0.999999	0.00018549	0.00144043
							0.000494689	0.88899	-0.457927
							-5.38065	7.99421	1.84498
						}
					}
					{bone "foresight1"
						{Matrix34
							0.99996	-0.00766009	-0.00458561
							0.00773051	0.999849	0.0155447
							0.00446584	-0.0155795	0.999869
							33.6362	0.143108	0.00847155
						}
					}
					{bone "gun1"
						{parameters "ID=gun;"}
						{Matrix34
							1	0	0
							0	0	-1
							0	1	0
							18.2883	2.46138	-6.80599
						}
						{VolumeView "gun1.ply"}
						{bone "shooter01"
							{Matrix34
								0.99996	0.00458559	-0.00766006
								0.00773042	-0.0155448	0.999849
								0.00446582	-0.999869	-0.0155796
								15.3345	-0.0349522	0.00102234
							}
						}
					}
					{bone "gun2"
						{parameters "ID=gun;"}
						{Matrix34
							1	0	0
							0	0	-1
							0	1	0
							18.392	-2.68272	-6.80599
						}
						{VolumeView "gun2.ply"}
						{bone "shooter02"
							{Matrix34
								0.99996	0.00458559	-0.00766006
								0.00773042	-0.0155448	0.999849
								0.00446582	-0.999869	-0.0155796
								15.1913	0.0446377	0.0257683
							}
						}
					}
					{bone "gun4"
						{parameters "ID=gun;"}
						{Matrix34
							1	0	0
							0	0	-1
							0	1	0
							18.392	-2.68272	6.66331
						}
						{VolumeView "gun4.ply"}
						{bone "shooter00"
							{Matrix34
								0.99996	0.00458559	-0.00766006
								0.00773042	-0.0155448	0.999849
								0.00446582	-0.999869	-0.0155796
								15.2541	-0.0788717	0.0917072
							}
						}
					}
					{bone "gun3"
						{parameters "ID=gun;"}
						{Matrix34
							1	0	0
							0	0	-1
							0	1	0
							18.2883	2.46137	6.66332
						}
						{VolumeView "gun3.ply"}
						{bone "shooter03"
							{Matrix34
								0.99996	0.00458559	-0.00766006
								0.00773042	-0.0155448	0.999849
								0.00446582	-0.999869	-0.0155796
								15.3979	-0.260732	0.067131
							}
						}
					}
				}
				{bone "shield_right"
					{parameters "ID=shield_right;"}
					{Matrix34
						0	1	0
						-1	0	0
						0	0	1
						11.3887	-5.59579	5.784
					}
					{VolumeView "shield_right.ply"}
				}
				{bone "shield_left"
					{parameters "ID=shield_left;"}
					{Matrix34
						0	1	0
						-1	0	0
						0	0	1
						11.3391	4.97358	7.50142
					}
					{VolumeView "shield_left.ply"}
				}
				{bone "visor2"
					{Position 2.6408	-0.788283	32.863}
				}
				{bone "gunner"
					{Matrix34
						0.956701	0.024072	0.290074
						-0.0251535	0.999684	0
						-0.289982	-0.00729637	0.957004
						-14.2337	-0.118678	-2.9431
					}
				}
				{bone "charger"
					{Matrix34
						0.597948	0.747205	0.290074
						-0.780775	0.624813	0
						-0.181242	-0.226482	0.957004
						-3.1579	-13.5946	-3.2441
					}
				}
				{bone "gunner2"
					{Matrix34
						0.556872	-0.7783	0.290074
						0.813267	0.581891	0
						-0.168791	0.235908	0.957004
						-3.98263	13.4907	-3.31285
					}
				}
				{bone "fxshot"
					{Matrix34
						0	1	0
						-1	0	0
						0	0	1
						-10.9783	1.49921	18.8624
					}
				}
			}
			{bone "fxfire1"
				{Matrix34
					0	1	0
					-1	0	0
					0	0	1
					38.0182	0.130703	26.387
				}
			}
			{bone "fxfire2"
				{Matrix34
					0	1	0
					-1	0	0
					0	0	1
					-16.48	-0.174653	9.92548
				}
			}
			{bone "fxsmoke1"
				{Matrix34
					-0.258818	0.965926	0
					0.965926	0.258818	0
					0	0	-1
					34.6645	20.8677	12.9913
				}
			}
			{bone "visor1"
				{Position 22.3234	7.58709	43.8766}
			}
			{bone "driver"
				{Matrix34
					0.999472	0	0.0324988
					0	1	0
					-0.0324988	0	0.999472
					19.1039	11.3731	13.7961
				}
			}
			{bone "commander"
				{Matrix34
					0.957004	0	0.290074
					0	1	0
					-0.290074	0	0.957004
					15.2728	-4.57682	11.7713
				}
			}
			{bone "fxstop1"
				{Matrix34
					-0.999997	0	0.00264363
					0.00264363	0	0.999996
					0	1	0
					-65.6848	-18.1752	17.9827
				}
			}
			{bone "fxstop2"
				{Matrix34
					-0.999997	0	0.00264364
					0.00264363	0	0.999997
					0	1	0
					-65.5284	19.5646	17.9823
				}
			}
			{bone "shield_front"
				{parameters "ID=shield_front;"}
				{Position 57.0862	0.0993533	27.1653}
				{VolumeView "shield_front.ply"}
			}
			{bone "engine"
				{parameters "ID=engine;"}
				{Position 39.6121	0.864897	26.8094}
				{VolumeView "engine.ply"}
			}
			{bone "fxlight"
				{Matrix34
					1	0	0
					0	0	1
					0	-1	0
					66.3983	0.254648	22.2442
				}
			}
			{bone "headlightl"
				{Matrix34
					1	0	0
					0	0	1
					0	-1	0
					56.9937	12.5235	22.1305
				}
			}
			{bone "headlightr"
				{Matrix34
					1	0	0
					0	0	1
					0	-1	0
					56.9937	-10.9114	22.1305
				}
			}
			{bone "doorr"
				{parameters "ID=Body;"}
				{Matrix34
					0.992999	0	-0.118124
					-0.0134326	0.993513	-0.11292
					0.117358	0.113716	0.986558
					24.3204	-16.7531	29.2783
				}
				{VolumeView "doorr.ply"}
			}
		}
		{bone "pivot_back"
			{Position -51.0837	-0.476858	8.81478}
			{bone revolute "spring_l"
				{parameters "ID=trackleft;"}
				{Matrix34
					1	0	0
					0	0.0174524	0.999848
					0	-0.999848	0.0174524
					16.4448	13.0422	-1.41768
				}
				{bone "fxtracel2"
					{Matrix34
						-1	0	0
						0	-0.0174524	0.999848
						0	0.999848	0.0174524
						2.14613	-6.81408	-6.62784
					}
				}
				{bone "trackl"
					{parameters "ID=trackleft;"}
					{Matrix34
						1	0	0
						0	0.0174521	-0.999848
						0	0.999848	0.0174521
						26.5441	3.04795	-6.31979
					}
					{VolumeView "trackl.ply"}
				}
				{bone revolute "wheell2"
					{parameters "ID=wheelleft2;"}
					{Matrix34
						0	0.999848	0.017452
						1	0	0
						0	0.017452	-0.999848
						56.6205	2.70042	-9.69714
					}
					{VolumeView "wheell2.ply"}
				}
				{bone revolute "wheell3"
					{parameters "ID=wheelleft3;"}
					{Matrix34
						-0.642788	0.765928	0.0133684
						0.766044	0.64269	0.0112183
						0	0.0174517	-0.999848
						34.3906	0.453369	-8.27149
					}
					{VolumeView "wheell3.ply"}
				}
				{bone revolute "wheell4"
					{parameters "ID=wheelleft3;"}
					{Matrix34
						-0.642788	0.765928	0.0133684
						0.766044	0.64269	0.0112183
						0	0.0174517	-0.999848
						18.3693	0.453369	-8.27149
					}
					{VolumeView "wheell3.ply"}
				}
				{bone revolute "wheell5"
					{parameters "ID=wheelleft3;"}
					{Matrix34
						-0.642788	0.765928	0.0133684
						0.766044	0.64269	0.0112183
						0	0.0174517	-0.999848
						1.30987	0.453369	-8.27149
					}
					{VolumeView "wheell3.ply"}
				}
			}
			{bone revolute "spring_r"
				{parameters "ID=trackright;"}
				{Matrix34
					1	0	0
					0	0.0174524	0.999848
					0	-0.999848	0.0174524
					16.4448	-12.1023	-0.997856
				}
				{bone "fxtracer2"
					{Matrix34
						-1	0	0
						0	-0.0174533	0.999848
						0	0.999848	0.0174533
						2.14614	-7.44072	5.21673
					}
				}
				{bone "trackr"
					{parameters "ID=trackright;"}
					{Matrix34
						1	0	0
						0	0.0174521	-0.999848
						0	0.999848	0.0174521
						26.5441	2.40634	6.38279
					}
					{VolumeView "trackr.ply"}
				}
				{bone revolute "wheelr2"
					{parameters "ID=wheelright2;"}
					{Matrix34
						0.258819	0.965779	0.016857
						0.965926	-0.25878	-0.00451642
						0	0.0174515	-0.999848
						41.4764	0.422541	-30.5608
					}
					{VolumeView "wheelr2.ply"}
				}
				{bone revolute "wheelr5"
					{parameters "ID=wheelright5;"}
					{Matrix34
						0	0.999848	0.017452
						1	0	0
						0	0.017452	-0.999848
						-9.01503	0.685886	-30.5562
					}
					{VolumeView "wheelr5.ply"}
				}
				{bone revolute "wheelr3"
					{parameters "ID=wheelright2;"}
					{Matrix34
						0.258819	0.965779	0.016857
						0.965926	-0.25878	-0.00451642
						0	0.0174515	-0.999848
						29.9765	0.422541	-30.5608
					}
					{VolumeView "wheelr2.ply"}
				}
				{bone revolute "wheelr4"
					{parameters "ID=wheelright2;"}
					{Matrix34
						0.258819	0.965779	0.016857
						0.965926	-0.25878	-0.00451642
						0	0.0174515	-0.999848
						10.1584	0.422541	-30.5608
					}
					{VolumeView "wheelr2.ply"}
				}
			}
		}
		{bone "pivot_front"
			{Position 51.4862	-0.476864	9.33385}
			{bone revolute "steer_r"
				{Matrix34
					1	0	0
					0	-1	0
					0	0	-1
					0.00615692	-17.4086	0.037322
				}
				{bone "fxtracer1"
					{Matrix34
						-0.989319	0	-0.145769
						0.000528146	0.999993	-0.00358124
						0.145768	-0.00361997	-0.989312
						-4.76517	2.42734	8.75273
					}
				}
				{bone revolute "wheelr1"
					{parameters "ID=wheelright1;Radius=0.6;"}
					{Matrix34
						0	0	-1
						1	0	0
						0	1	0
						-0.13929	0.00787735	0.5358
					}
					{VolumeView "wheelr1.ply"}
				}
			}
			{bone revolute "steer_l"
				{Matrix34
					1	0	0
					0	-1	0
					0	0	-1
					0.00615692	18.2459	0.0373211
				}
				{bone "fxtracel1"
					{Matrix34
						-0.983551	0	-0.180633
						0	1	0
						0.180633	0	-0.983551
						-4.76891	-2.45338	8.9814
					}
				}
				{bone revolute "wheell1"
					{parameters "ID=wheelleft1;Radius=0.6;"}
					{Matrix34
						0	0	-1
						1	0	0
						0	-1	0
						-0.13929	-4.75063	0.535804
					}
					{VolumeView "wheell1.ply"}
				}
			}
		}
		{bone "emit2"
			{Matrix34
				0	1	0
				-1	0	0
				0	0	1
				9.32581	-33.2938	0
			}
			{visibility 0}
		}
		{bone "emit1"
			{Matrix34
				0	-1	0
				1	0	0
				0	0	1
				9.0969	33.4392	0
			}
			{visibility 0}
		}
		{bone "emit3"
			{Matrix34
				0	1	0
				-1	0	0
				0	0	1
				-14.4596	-33.6651	0
			}
			{visibility 0}
		}
		{bone "emit4"
			{Matrix34
				0	1	0
				-1	0	0
				0	0	1
				-34.2669	-33.6651	0
			}
			{visibility 0}
		}
		{bone "emit5"
			{Matrix34
				0	-1	0
				1	0	0
				0	0	1
				-14.9053	33.4392	0
			}
			{visibility 0}
		}
		{bone "emit6"
			{Matrix34
				0	-1	0
				1	0	0
				0	0	1
				-34.4195	33.4392	0
			}
			{visibility 0}
		}
		{bone "link2"
			{Matrix34
				-1	0	0
				0	-1	0
				0	0	1
				-59.595	0.0182116	11.2511
			}
		}
	}
}
{Volume "body1"
	{Box 61.0647 46.1229 3.05742}
	{Bone "body"}
	{Position -36.3649	0.684526	23.3025}
}
{Volume "body"
	{Box 94.8946 30.344 14.1267}
	{Bone "body"}
	{Position -12.8511	0.684526	17.4779}
}
{Volume "body2"
	{Polyhedron "cabine.vol"}
	{Bone "body"}
	{Position 10.2742	1.12128	24.5925}
}
{Volume "engine"
	{Polyhedron "engine.vol"}
	{Bone "engine"}
	{Matrix34
		0.999998	3.87108e-005	-0.00198513
		-3.46856e-005	0.999998	0.00202766
		0.0019852	-0.00202759	0.999996
		-4.22504	-0.0514869	1.29077
	}
}
{Volume "fuel"
	{Box 19.8018 11.1687 8.52683}
	{Bone "body"}
	{Matrix34
		0	1	0
		-1	0	0
		0	0	1
		16.1541	0.0787351	11.1714
	}
}
{Volume "gun1"
	{Cylinder 0.762866 30.0452}
	{Bone "gun1"}
	{Matrix34
		0	1	0
		0	0	1
		1	0	0
		0.0555649	-0.122463	-0.0404629
	}
}
{Volume "gun2"
	{Cylinder 0.762866 30.0452}
	{Bone "gun2"}
	{Matrix34
		0	1	0
		0	0	1
		1	0	0
		-0.033989	-0.122463	-0.0671754
	}
}
{Volume "gun3"
	{Cylinder 0.762866 30.0452}
	{Bone "gun3"}
	{Matrix34
		0	1	0
		0	0	1
		1	0	0
		0.0555687	-0.00484592	-0.0404591
	}
}
{Volume "gun4"
	{Cylinder 0.762866 30.0452}
	{Bone "gun4"}
	{Matrix34
		0	1	0
		0	0	1
		1	0	0
		-0.033989	-0.00484592	-0.0671754
	}
}
{Volume "inventory"
	{Box 7.2425 22.1087 6.74125}
	{Bone "body"}
	{Position 1.02423	0.463316	27.5474}
}
{Volume "ram"
	{Polyhedron "ram.vol"}
	{Bone "body"}
	{Matrix34
		0.92957	0	0.368645
		0	1	0
		-0.368645	0	0.92957
		-1.45339	0	11.6593
	}
}
{Volume "shield_front"
	{Box 2.4293 18.2064 15.7655}
	{Bone "shield_front"}
	{Matrix34
		0.996195	0	0.0871557
		0	1	0
		-0.0871557	0	0.996195
		-0.438898	0.585173	0.0808368
	}
}
{Volume "shield_left"
	{Box 1.86594 14.9691 27.4625}
	{Bone "shield_left"}
	{Matrix34
		0.262119	-0.960984	0.0883432
		0.96503	0.260709	-0.0273527
		0.00325325	0.0924244	0.995715
		11.1459	4.34576	9.5344
	}
}
{Volume "shield_right"
	{Box 1.83138 16.2744 27.6063}
	{Bone "shield_right"}
	{Matrix34
		-0.257834	-0.96225	0.0871557
		0.965926	-0.258819	0
		0.0225576	0.084186	0.996195
		-11.2607	3.46189	11.6188
	}
}
{Volume "trackleft"
	{Box 83.0409 8.58766 18.1279}
	{Bone "spring_l"}
	{Matrix34
		-1	0	0
		0	-0.0174527	0.999848
		0	0.999848	0.0174527
		23.7285	0.996867	-6.40113
	}
}
{Volume "trackright"
	{Box 82.5759 8.99418 18.0167}
	{Bone "spring_r"}
	{Matrix34
		-1	0	0
		0	-0.0174526	0.999848
		0	0.999848	0.0174526
		23.826	0.301108	6.21704
	}
}
{Volume "turret"
	{Box 14.496 10.8137 23.3913}
	{Bone "turret"}
	{Position -0.665497	-0.377021	11.2615}
}
{Volume "wheelleft1"
	{Cylinder 9.51783 4.95941}
	{Bone "wheell1"}
	{Matrix34
		0.999999	0	0
		0	1	0
		0	0	1
		0	0	-2.39554
	}
}
{Volume "wheelright1"
	{Cylinder 9.49272 4.94701}
	{Bone "wheelr1"}
	{Matrix34
		-0.999385	0.0350277	0
		0.0350277	0.999387	0
		0	0	1
		0	0	2.4937
	}
}
