;Exported by: sana
;Date:        Mon May 07 14:56:23 2007
;File:        D:\-Project-\-3DWork-\Entourage\send11\.src\house_ru3room01b.max
{Skeleton
	{bone "hr3r_c03_x"
		{Orientation
			1	0	0
			0	-1	0
			0	0	1
		}
		{bone "piece10"
			{Matrix34
				1	0	0
				0	0	1
				0	-1	0
				14.6356	44.0742	31.4961
			}
			{VolumeView "piece10.ply"}
		}
		{bone "piece1"
			{Matrix34
				0.00639609	-0.99998	0
				0.997878	0.00638264	0.0648023
				-0.064801	-0.000414481	0.997898
				-20.4699	9.49799	58.8952
			}
			{VolumeView "piece1.ply"}
		}
		{bone "piece2"
			{Matrix34
				0.00464374	-0.999989	0
				0.99786	0.00463385	0.0652177
				-0.065217	-0.000302854	0.997871
				-21.0032	-43.5835	58.8472
			}
			{VolumeView "piece2.ply"}
		}
		{bone "piece3"
			{Matrix34
				0	-1	0
				0.786542	0	0.617537
				-0.617537	0	0.786542
				18.5562	25.105	74.0597
			}
			{VolumeView "piece3.ply"}
		}
		{bone "piece4"
			{Matrix34
				1	0	0
				0	0	1
				0	-1	0
				8.85748	-56.9389	38.5705
			}
			{VolumeView "piece4.ply"}
		}
		{bone "piece5"
			{Matrix34
				7.08858e-005	-1	0
				-4.10517e-005	0	1
				-1	-7.08858e-005	-4.10517e-005
				-41.4374	28.133	37.801
			}
			{VolumeView "piece5.ply"}
		}
		{bone "piece6"
			{Matrix34
				-3.97404e-005	-1	0
				2.29637e-005	0	1
				-1	3.97404e-005	2.29637e-005
				1.88654	30.3081	34.9513
			}
			{VolumeView "piece6.ply"}
		}
		{bone "piece7"
			{Matrix34
				-1	0	0
				0	0	1
				0	1	0
				28.2603	40.8627	36.4537
			}
			{VolumeView "piece7.ply"}
		}
		{bone "piece8"
			{Position 13.0153	-30.5768	67.7297}
			{VolumeView "piece8.ply"}
		}
		{bone "piece9"
			{Position 20.2798	9.78202	72.9647}
			{VolumeView "piece9.ply"}
		}
		{bone "ruin"
			{Position -12.2565	-24.9809	5.90551}
			{VolumeView "ruin.ply"}
		}
		{bone "piece11"
			{Matrix34
				1	0	0
				0	0	1
				0	-1	0
				-23.6037	-56.9389	38.5705
			}
			{VolumeView "piece11.ply"}
		}
	}
}
{Volume "piece10"
	{Box 17.6188 39.3701 1.37558}
	{Bone "piece10"}
	{Matrix34
		0.984251	0	0.176778
		0	1	0
		-0.176778	0	0.984251
		0.119808	0	-0.0400331
	}
}
{Volume "piece11"
	{Box 21.782 19.7673 5.90551}
	{Bone "piece11"}
	{Position 1.46216	4.7378	-2.95276}
}
{Volume "piece1"
	{Box 28.6742 29.1279 1.9685}
	{Bone "piece1"}
	{Matrix34
		1	0	0
		0	-1	0
		0	0	-1
		1.23277	-0.580353	-0.98426
	}
}
{Volume "piece2"
	{Box 17.7491 28.0621 1.9685}
	{Bone "piece2"}
	{Matrix34
		1	0	0
		0	-1	0
		0	0	-1
		-0.505722	0.517914	-0.984206
	}
}
{Volume "piece3"
	{Box 29.1443 33.5013 1.9685}
	{Bone "piece3"}
	{Matrix34
		1	0	0
		0	-1	0
		0	0	-1
		-0.595775	-0.974793	-0.984252
	}
}
{Volume "piece4"
	{Box 15.9257 32.5943 5.90551}
	{Bone "piece4"}
	{Position 0.530823	-1.67571	-2.95276}
}
{Volume "piece5"
	{Box 18.8259 30.0111 5.90552}
	{Bone "piece5"}
	{Position -0.786514	-0.00829697	-2.95276}
}
{Volume "piece6"
	{Box 18.384 28.6195 5.90552}
	{Bone "piece6"}
	{Position -1.14905	-0.822716	-2.95276}
}
{Volume "piece7"
	{Box 14.1115 31.1258 5.90551}
	{Bone "piece7"}
	{Position -0.542786	0.22805	-2.95276}
}
{Volume "piece8"
	{Box 25.9998 1.96853 3.23885}
	{Bone "piece8"}
	{Matrix34
		0.794221	0	0.607628
		0	1	0
		-0.607628	0	0.794221
		-0.219573	0	-0.815069
	}
}
{Volume "piece9"
	{Box 45.2275 1.96853 2.73566}
	{Bone "piece9"}
	{Matrix34
		0.788937	0	0.614475
		0	1	0
		-0.614475	0	0.788937
		0.707262	0	-0.0522075
	}
}
