;Exported by: sana
;Date:        Wed Mar 29 18:37:49 2006
;File:        D:\-Project-\-3DWork-\Entourage\greenhouse.max
{Skeleton
	{bone "greenhous_corner5"
		{Orientation
			1	0	0
			0	-1	0
			0	0	1
		}
		{VolumeView "greenhous_corner5.ply"}
		{bone "window1"
			{Matrix34
				1	0	0
				0	0.866025	0.5
				0	-0.5	0.866025
				3.07383	-0.241892	55.4569
			}
			{VolumeView "window1.ply"}
			{bone "fx_glass1"
				{Matrix34
					0	0	-1
					1	0	0
					0	-1	0
					-17.8789	7.7253	-5.82181
				}
			}
		}
		{bone "window2"
			{Matrix34
				1	0	0
				0	0.866025	0.5
				0	-0.5	0.866025
				3.07383	-0.241892	55.4569
			}
			{VolumeView "window2.ply"}
			{bone "fx_glass2"
				{Matrix34
					0	0	-1
					1	0	0
					0	-1	0
					20.289	7.72534	-5.82183
				}
			}
		}
		{bone "window3"
			{Matrix34
				1	0	0
				0	0.866025	0.5
				0	-0.5	0.866025
				23.2497	-11.0997	49.5621
			}
			{VolumeView "window3.ply"}
			{bone "fx_glass3"
				{Matrix34
					0	0	-1
					1	0	0
					0	-1	0
					0.113106	-2.13324	-6.20139
				}
			}
		}
		{bone "window4"
			{Matrix34
				1	0	0
				0	0	1
				0	-1	0
				-94.0441	-23.8193	26.3695
			}
			{VolumeView "window4.ply"}
			{bone "fx_glass4"
				{Matrix34
					0	0	1
					1	0	0
					0	1	0
					79.239	1.43598	5.11782
				}
			}
		}
		{bone "window5"
			{Matrix34
				1	0	0
				0	0	1
				0	-1	0
				23.2497	-23.654	26.3695
			}
			{VolumeView "window5.ply"}
			{bone "fx_glass5"
				{Matrix34
					0	0	1
					1	0	0
					0	1	0
					0.113113	1.43598	5.28313
				}
			}
		}
		{bone "window6"
			{Matrix34
				1	0	0
				0	0.939693	-0.34202
				0	0.34202	0.939693
				-15.9534	-11.3439	59.7875
			}
			{VolumeView "window6.ply"}
			{bone "fx_glass6"
				{Matrix34
					0	0.34202	-0.939693
					1	0	0
					0	-0.939693	-0.34202
					1.14834	0.18948	-5.24802
				}
			}
		}
		{bone "window1_x"
			{Matrix34
				1	0	0
				0	0.866025	0.5
				0	-0.5	0.866025
				3.07383	-0.0298267	55.234
			}
			{visibility 0}
			{VolumeView "window1_x.ply"}
		}
		{bone "window2_x"
			{Matrix34
				1	0	0
				0	0.866025	0.5
				0	-0.5	0.866025
				3.07383	-0.0298267	55.234
			}
			{visibility 0}
			{VolumeView "window2_x.ply"}
		}
		{bone "window3_x"
			{Matrix34
				1	0	0
				0	0.866025	0.5
				0	-0.5	0.866025
				23.2497	-10.8877	49.3392
			}
			{visibility 0}
			{VolumeView "window3_x.ply"}
		}
		{bone "window4_x"
			{Matrix34
				1	0	0
				0	0	1
				0	-1	0
				-94.0441	-23.599	26.3695
			}
			{visibility 0}
			{VolumeView "window4_x.ply"}
		}
		{bone "window5_x"
			{Matrix34
				1	0	0
				0	0	1
				0	-1	0
				23.2497	-23.4336	26.3695
			}
			{visibility 0}
			{VolumeView "window5_x.ply"}
		}
		{bone "window6_x"
			{Matrix34
				1	0	0
				0	0.939693	-0.34202
				0	0.34202	0.939693
				-15.9534	-11.5018	59.5877
			}
			{visibility 0}
			{VolumeView "window6_x.ply"}
		}
	}
}
{Obstacle "body1"
	{Obb2
		{Center 4.11167 23.5177}
		{Extent 39.2795 2.62972}
		{Axis 1 0}
	}
	{Rotate}
	{Tags  "body"}
}
{Obstacle "body3"
	{Obb2
		{Center 42.8238 -22.6166}
		{Extent 1.67856 1.8408}
		{Axis 1 0}
	}
	{Rotate}
	{Tags  "body"}
}
{Volume "body1"
	{Box 78.5589 5.25943 42.9581}
	{Bone "greenhous_corner5"}
	{Matrix34
		-1	0	0
		0	-1	0
		0	0	1
		4.11167	-23.5177	21.4791
	}
}
{Volume "body2"
	{Box 78.5589 2.41934 56.7047}
	{Bone "greenhous_corner5"}
	{Matrix34
		-1	0	0
		0	-0.5	0.866026
		0	0.866026	0.5
		4.11165	0.265836	56.4199
	}
}
{Volume "body3"
	{Box 3.35712 3.6816 68.7261}
	{Bone "greenhous_corner5"}
	{Matrix34
		-1	0	0
		0	-1	0
		0	0	1
		42.8238	22.6166	34.363
	}
}
{Volume "fire10"
	{Box 2.00619 1.87111 24.5243}
	{Bone "greenhous_corner5"}
	{Matrix34
		-1	0	0
		0	-0.34202	-0.939693
		0	-0.939693	0.34202
		2.1042	-13.2617	60.8563
	}
}
{Volume "fire11"
	{Box 2.00619 1.87111 24.5243}
	{Bone "greenhous_corner5"}
	{Matrix34
		-1	0	0
		0	-0.34202	-0.939693
		0	-0.939693	0.34202
		-34.3745	-13.2617	60.8563
	}
}
{Volume "fire12"
	{Box 2.15939 1.51326 37.0599}
	{Bone "greenhous_corner5"}
	{Matrix34
		0	0	1
		0	-1	0
		1	0	0
		-15.8041	-24.352	64.3089
	}
}
{Volume "fire13"
	{Box 2.00619 2.59877 53.7245}
	{Bone "greenhous_corner5"}
	{Matrix34
		-1	0	0
		0	-0.5	0.866026
		0	0.866026	0.5
		43.3421	-1.68737	55.3573
	}
}
{Volume "fire1"
	{Box 1.9641 2.36816 27.9738}
	{Bone "greenhous_corner5"}
	{Position -35.6563	-24.1604	27.2055}
}
{Volume "fire2"
	{Box 2.58763 2.36816 27.9738}
	{Bone "greenhous_corner5"}
	{Position 43.1577	-24.2971	27.2055}
}
{Volume "fire3"
	{Box 3.64762 3.36279 66.9488}
	{Bone "greenhous_corner5"}
	{Position 42.9392	22.7246	33.7696}
}
{Volume "fire4"
	{Box 3.64762 3.36279 103.463}
	{Bone "greenhous_corner5"}
	{Matrix34
		0	-1	0
		0	0	1
		-1	0	0
		-3.39412	22.5613	68.9823
	}
}
{Volume "fire5"
	{Box 2.05835 2.59877 52.9616}
	{Bone "greenhous_corner5"}
	{Matrix34
		1	0	0
		0	0.5	-0.866026
		0	0.866026	0.5
		-35.8465	-1.6149	55.6711
	}
}
{Volume "fire6"
	{Box 2.00619 2.59877 53.7245}
	{Bone "greenhous_corner5"}
	{Matrix34
		-1	0	0
		0	-0.5	0.866026
		0	0.866026	0.5
		3.779	-1.68737	55.3573
	}
}
{Volume "fire7"
	{Box 3.64762 3.36279 85.9915}
	{Bone "greenhous_corner5"}
	{Matrix34
		0	0	1
		0	1	0
		-1	0	0
		4.01508	-24.1539	41.2715
	}
}
{Volume "fire8"
	{Box 2.15939 1.51326 72.434}
	{Bone "greenhous_corner5"}
	{Matrix34
		0	0	1
		0	1	0
		-1	0	0
		2.33673	-0.226615	56.344
	}
}
{Volume "fire9"
	{Box 2.58763 2.36816 27.9738}
	{Bone "greenhous_corner5"}
	{Position 3.59458	-24.2971	27.2055}
}
{Volume "hole1"
	{Box 14.6244 26.0806 34.9629}
	{Bone "greenhous_corner5"}
	{Matrix34
		0	-1	0
		0	0	1
		-1	0	0
		-14.3964	-26.6848	26.3851
	}
}
{Volume "hole2"
	{Box 14.6244 26.0806 34.9629}
	{Bone "greenhous_corner5"}
	{Matrix34
		0	-1	0
		0	0	1
		-1	0	0
		22.4916	-26.6848	26.3851
	}
}
{Volume "hole4"
	{Box 14.6244 26.0806 34.9629}
	{Bone "greenhous_corner5"}
	{Matrix34
		0	-0.5	0.866026
		0	0.866026	0.5
		-1	0	0
		-14.3964	-12.8218	52.8414
	}
}
{Volume "hole5"
	{Box 14.6244 26.0806 34.9629}
	{Bone "greenhous_corner5"}
	{Matrix34
		0	-0.5	0.866026
		0	0.866026	0.5
		-1	0	0
		22.294	-12.8218	52.8414
	}
}
{Volume "hole6"
	{Box 14.6244 23.2611 34.6133}
	{Bone "greenhous_corner5"}
	{Matrix34
		0	-0.5	0.866026
		0	0.866026	0.5
		-1	0	0
		-14.2215	9.83131	65.9227
	}
}
{Volume "hole7"
	{Box 14.6244 23.2611 34.6133}
	{Bone "greenhous_corner5"}
	{Matrix34
		0	-0.5	0.866026
		0	0.866026	0.5
		-1	0	0
		22.1636	9.83132	65.9227
	}
}
{Volume "window1"
	{Box 5.90551 35.0151 23.5409}
	{Bone "window1"}
	{Matrix34
		0	0	1
		1	0	0
		0	1	0
		-17.8232	14.1203	0.699311
	}
}
{Volume "window2"
	{Box 5.90551 35.0151 23.4861}
	{Bone "window2"}
	{Matrix34
		0	0	1
		1	0	0
		0	1	0
		19.3934	14.0929	0.699294
	}
}
{Volume "window3"
	{Box 5.90551 35.0151 26.0957}
	{Bone "window3"}
	{Matrix34
		0	0	1
		1	0	0
		0	1	0
		-0.782474	-0.166502	0.369523
	}
}
{Volume "window4"
	{Box 5.90551 35.0151 26.0957}
	{Bone "window4"}
	{Matrix34
		0	0	1
		1	0	0
		0	1	0
		79.2947	-0.00813055	-0.427952
	}
}
{Volume "window5"
	{Box 5.90551 35.0151 26.0957}
	{Bone "window5"}
	{Matrix34
		0	0	1
		1	0	0
		0	1	0
		-0.782485	-0.00813055	-0.26264
	}
}
{Volume "window6"
	{Box 5.90551 35.0151 26.0957}
	{Bone "window6"}
	{Matrix34
		0	0	1
		1	0	0
		0	1	0
		0.944864	-0.460418	-0.02243
	}
}
