;Exported by: Normand
;Date:        Wed Jul 25 09:33:36 2012
;File:        C:\Users\Normand\ZiS42_61k.max 
{Skeleton
	{animation
		{sequence "doorright" {speed 0.12}}
		{sequence "doorleft" {speed 0.12}}
		{sequence "stop" {speed 1}}
		{sequence "start" {speed 1}}
		{sequence "recoil" {speed 1}}
	}
	{bone "basis"
		{parameters "SteerMax=35;"}
		{Orientation
			1	0	0
			0	-1	0
			0	0	1
		}
		{bone "visor1"
			{Matrix34
				0.999983	0	-0.00586523
				0.0058651	-0.00668012	0.99996
				-3.91805e-005	-0.999978	-0.00668001
				6.31219	6.53593	37.6293
			}
		}
		{bone "emit1"
			{Matrix34
				-0.00428262	-0.999991	0
				0.999991	-0.00428262	0.000814676
				-0.000814669	0	1
				5.06258	25.5984	0.0662973
			}
		}
		{bone "emit2"
			{Matrix34
				-0.0042657	0.999991	0
				-0.999912	-0.00426536	0.0125449
				0.0125448	5.35127e-005	0.999921
				4.65328	-25.7589	-0.2744
			}
		}
		{bone "emit3"
			{Matrix34
				0.999983	0	-0.00586523
				3.91792e-005	0.999978	0.00667978
				0.0058651	-0.0066799	0.99996
				-94.1335	12.1083	0.556408
			}
		}
		{bone "emit4"
			{Matrix34
				0.999983	0	-0.00586523
				3.91792e-005	0.999978	0.00667978
				0.0058651	-0.0066799	0.99996
				-94.5484	-12.3486	0.395456
			}
		}
		{bone "body"
			{parameters "ID=body;"}
			{animation
				{sequence "repair" {file "body_r.anm"} {speed 1}}
			}
			{Matrix34
				-0.999945	1.51093e-005	-0.0104502
				1.88392e-005	-0.999995	-0.00325903
				-0.0104501	-0.00325898	0.99994
				0.0897418	-0.00347852	13.0728
			}
			{VolumeView "body.ply"}
			{bone "fxstop1"
				{Matrix34
					0.999995	0	0.00325814
					-0.00325826	-0.00325978	0.999989
					1.63115e-005	-0.999995	-0.00325961
					62.3112	-12.6042	6.37315
				}
			}
			{bone "link2"
				{Matrix34
					0.999568	-8.08608e-005	0.0293843
					-0.0293846	-0.00325812	0.999563
					-1.4692e-005	0.999995	0.00325894
					62.5531	0.0950862	5.38016
				}
			}
			{bone "commander"
				{Matrix34
					-0.999995	0	-0.0032425
					2.45867e-005	-0.999981	-0.00609909
					-0.00324256	-0.00609927	0.999976
					-6.42981	5.34785	0.636618
				}
			}
			{bone "driver"
				{Matrix34
					-0.999995	0	-0.00324249
					0	-0.999996	0.00285128
					-0.00324265	0.00285115	0.999991
					-6.18255	-5.113	0.861443
				}
			}
			{bone "headlightl"
				{Matrix34
					-0.999995	0	-0.00324249
					-0.00324262	-0.0032591	0.999989
					-1.53771e-005	0.999995	0.00325893
					-44.0685	-7.96199	7.37455
				}
			}
			{bone "headlightr"
				{Matrix34
					-0.999995	0	-0.00324249
					-0.00324262	-0.0032591	0.999989
					-1.53771e-005	0.999995	0.00325893
					-44.0625	8.50723	7.4275
				}
			}
			{bone "body_back"
				{parameters "ID=body;"}
				{Position 36.2843	0.0411321	19.2011}
				{VolumeView "body_back.ply"}
				{bone revolute "turret"
					{parameters "ID=turret;"}
					{animation
						{sequence "repair" {file "gun_r.anm"} {speed 1}}
					}
					{speed 0.01}
					{Matrix34
						-0.998202	3.79561e-005	-0.0599374
						0.000157278	-0.999995	-0.00325374
						-0.0599373	-0.00325739	0.998197
						-9.84399	0.297013	-1.03683
					}
					{VolumeView "turret.ply"}
					{bone revolute "gun_rot"
						{parameters "ID=gun;"}
						{limits -5 80}
						{speed 0.01}
						{Matrix34
							0.999047	0	0.043644
							-0.0436392	0.0146025	0.998941
							-0.000637342	-0.999893	0.0145885
							-2.28749	0.055527	13.9287
						}
						{VolumeView "gun_rot.ply"}
						{bone "gun"
							{parameters "ID=gun;"}
							{animation
								{sequence "repair" {file "gun_r.anm"} {speed 1}}
							}
							{Matrix34
								0.024898	0.999609	0.0127463
								-6.87485e-005	-0.0127486	0.999919
								0.99969	-0.0248967	-0.00024876
								19.9553	-0.518925	-0.00947839
							}
							{VolumeView "gun.ply"}
							{bone "foresight1"
								{Matrix34
									0.0248985	0	0.99969
									0.999688	0.00184904	-0.0248983
									-0.00184841	0.999998	4.95404e-005
									-0.110725	-0.33758	35.7839
								}
							}
							{bone "fx_invers"
								{Matrix34
									0.0248985	0	0.99969
									0.999688	0.00184904	-0.0248983
									-0.00184841	0.999998	4.95404e-005
									0.705769	-0.337764	-27.2659
								}
							}
							{bone "visor"
								{Matrix34
									0.0248985	0	0.99969
									0.999688	0.00184904	-0.0248983
									-0.00184841	0.999998	4.95404e-005
									1.91688	-0.334764	0.633575
								}
							}
						}
					}
					{bone "gunner"
						{Matrix34
							0.999047	-0.000142413	0.043644
							0.000258126	0.999997	-0.00264473
							-0.0436433	0.00265352	0.999044
							-3.37318	-8.41057	-0.756636
						}
					}
					{bone "charger"
						{Matrix34
							0.999047	-0.000142409	0.043644
							0.000373181	0.999986	-0.0052783
							-0.0436425	0.00528961	0.999033
							-3.30707	9.46447	-0.78496
						}
					}
				}
			}
			{bone "engine"
				{parameters "ID=engine;"}
				{animation
					{sequence "repair" {file "engine_r.anm"} {speed 1}}
				}
				{Matrix34
					-1	-1.55199e-005	0
					1.53e-005	-0.999995	-0.00325959
					0	-0.00325972	0.999995
					-29.894	0.0972189	7.43968
				}
				{VolumeView "engine.ply"}
				{bone "engine_doorr"
					{parameters "ID=engine;"}
					{Matrix34
						-0.00855524	0.999963	7.93868e-005
						0.0409341	0.000271057	0.999162
						0.999125	0.00855147	-0.0409348
						0.122187	0	7.48832
					}
					{VolumeView "engine_doorr.ply"}
					{bone "engine_doorr1"
						{parameters "ID=engine;"}
						{Matrix34
							0.981463	0.00162964	-0.191645
							0.00444754	0.999501	0.0312754
							0.1916	-0.0315479	0.980966
							-8.20307	-2.77223	-0.0422878
						}
						{VolumeView "engine_doorr1.ply"}
					}
				}
				{bone "engine_doorl"
					{parameters "ID=engine;"}
					{Matrix34
						0.000103027	0.999988	0.00490384
						0.0404791	-0.00490385	0.999168
						0.99918	9.56543e-005	-0.0404789
						0.122679	0	7.51831
					}
					{VolumeView "engine_doorl.ply"}
					{bone "engine_doorl1"
						{parameters "ID=engine;"}
						{Matrix34
							0.981402	0.00473164	0.191907
							-0.0105717	0.999511	0.0294203
							-0.191674	-0.0309018	0.980972
							7.73173	-2.88173	1.03481
						}
						{VolumeView "engine_doorl1.ply"}
					}
				}
			}
			{bone "cabin"
				{parameters "ID=cabin;"}
				{animation
					{sequence "repair" {file "cabin_r.anm"} {speed 1}}
				}
				{Matrix34
					-1	-1.55199e-005	0
					1.53e-005	-0.999995	-0.00325959
					0	-0.00325972	0.999995
					-0.129115	0.104226	2.8584
				}
				{VolumeView "cabin.ply"}
				{bone "doorright"
					{parameters "ID=cabine;"}
					{Matrix34
						0.998871	-0.00219666	-0.0474661
						0.00219935	0.999998	0
						0.0474661	-0.000104316	0.998873
						16.2208	-10.9257	-0.0312119
					}
					{VolumeView "doorright.ply"}
					{bone "glass_doorright"
						{parameters "ID=glass;"}
						{Position -8.31842	-1.29861	18.4721}
						{VolumeView "glass_doorright.ply"}
					}
				}
				{bone "doorleft"
					{parameters "ID=cabine;"}
					{Matrix34
						0.998871	-0.00219666	-0.0474661
						0.00219935	0.999998	0
						0.0474661	-0.000104316	0.998873
						16.1238	11.0138	-0.0307293
					}
					{VolumeView "doorleft.ply"}
					{bone "glass_doorleft"
						{parameters "ID=glass;"}
						{Position -8.35752	0.960107	18.4829}
						{VolumeView "glass_doorleft.ply"}
					}
				}
				{bone "glass_front"
					{parameters "ID=glass;"}
					{Matrix34
						0.000343471	-0.999998	-0.00208677
						0.0664432	-0.00205937	0.997788
						-0.99779	-0.000481689	0.0664422
						16.2487	-0.102343	20.1211
					}
					{VolumeView "glass_front.ply"}
				}
				{bone "glass_back"
					{parameters "ID=glass;"}
					{Position -3.66025	0.0160857	21.3241}
					{VolumeView "glass_back.ply"}
				}
			}
			{bone "fxsmoke1"
				{Matrix34
					-0.999995	0	-0.00324249
					1.53776e-005	-0.999995	-0.00325909
					-0.00324262	-0.00325926	0.999989
					19.407	7.46726	-1.23077
				}
			}
			{bone "grid"
				{parameters "ID=body;"}
				{Matrix34
					-1.46101e-005	0.999995	0.00325914
					-0.0547888	-0.00325514	0.998493
					0.998498	-0.000163763	0.0547884
					11.6288	0.276586	-13.9074
				}
				{VolumeView "grid.ply"}
			}
			{bone "detail1"
				{parameters "ID=detail1;"}
				{Matrix34
					0.998184	0.0307504	0.0517909
					-0.0307154	0.999527	-0.00146768
					0.0518118	0.000125829	-0.998657
					53.9897	0.0155103	3.83498
				}
				{VolumeView "wh_s.ply"}
			}
			{bone revolute "lr8"
				{parameters "Radius=0.07;ID=trackright;"}
				{Matrix34
					0.99989	-0.0020426	0.014706
					-0.0147236	-0.00879153	0.999853
					0.0019132	0.999959	0.00882052
					34.9539	16.2693	1.08866
				}
				{VolumeView "wheelr8.ply"}
			}
			{bone revolute "ll8"
				{parameters "Radius=0.07;ID=trackleft;"}
				{Matrix34
					0.99989	0.00197722	0.0147191
					-0.0147237	0.00227368	0.999889
					0.00194331	-0.999996	0.00230267
					34.9544	-16.4526	0.982021
				}
				{VolumeView "wheelr8.ply"}
			}
			{bone "fxsmoke2"
				{Matrix34
					-0.999867	3.80134e-005	-0.0163148
					-0.0163149	-0.00325883	0.999862
					-1.51382e-005	0.999995	0.00325889
					3.25667	-0.0503159	11.6679
				}
			}
			{bone "fxfire1"
				{Matrix34
					-0.999867	3.80134e-005	-0.0163148
					-0.0163149	-0.00325883	0.999862
					-1.51382e-005	0.999995	0.00325889
					-27.8521	-0.0365641	7.30301
				}
			}
			{bone "fuel"
				{parameters "ID=body;"}
				{Matrix34
					-0.930996	-0.00120725	0.365028
					0.36503	-0.00302829	0.930991
					-1.84276e-005	0.999995	0.00325994
					15.6489	-6.91879	7.74151
				}
				{VolumeView "fuel.ply"}
			}
		}
		{bone "pivot_front"
			{Matrix34
				0.999993	0	-0.00366509
				0	1	0
				0.00366512	0	0.999993
				37.5058	-0.0676805	9.54071
			}
			{VolumeView "pivot_front.ply"}
			{bone "fxtracel1"
				{Matrix34
					0.999982	0	-0.00598742
					0.0059875	0	0.999982
					0	-1	0
					-0.237183	14.6755	-9.77418
				}
			}
			{bone "fxtracer1"
				{Matrix34
					0.999982	0	-0.00598742
					0.0059875	0	0.999982
					0	-1	0
					-0.236462	-15.2895	-9.79966
				}
			}
			{bone revolute "steer_l1"
				{Matrix34
					-0.999982	-3.21324e-005	0.00601856
					-3.21121e-005	1	0
					0.00601864	0	0.999982
					-0.128918	12.7417	-1.16499
				}
				{bone revolute "wheelleft1"
					{parameters "Radius=0.6;ID=wheelleft1;"}
					{Matrix34
						0.99981	9.55501e-005	0.019499
						-0.019499	0	0.99981
						-9.557e-005	1	0
						-0.0375595	0.0256863	0.221095
					}
					{VolumeView "wheell1.ply"}
				}
			}
			{bone revolute "steer_r1"
				{Matrix34
					-0.999982	0	0.00598742
					0	1	0
					0.0059875	0	0.999982
					-0.129196	-13.2426	-1.16534
				}
				{bone revolute "wheelright1"
					{parameters "Radius=0.6;ID=wheelright1;"}
					{Matrix34
						0.999632	0	0.0271335
						-0.0271335	0	0.999632
						0	-1	0
						0.0375557	-0.012208	0.221097
					}
					{VolumeView "wheell1.ply"}
				}
			}
		}
		{bone "pivot_back"
			{parameters "ID=body;"}
			{Matrix34
				0.998795	0.00090283	0.0490664
				-0.000737789	0.999994	-0.00338004
				-0.0490691	0.00333976	0.99879
				-37.4731	-0.00289271	10.3145
			}
			{VolumeView "pivot_back.ply"}
			{bone "wheelsR"
				{parameters "ID=trackright;"}
				{Matrix34
					0.998659	-0.000709506	-0.0517704
					0.0517679	-0.00327217	0.998654
					-0.000878012	-0.999994	-0.00323102
					1.49319	-16.3578	1.98627
				}
				{VolumeView "wheelsr.ply"}
				{bone "fxtracer2"
					{Matrix34
						0.999998	0.000996665	0.00160314
						-0.000996833	1	1.69416e-005
						-0.00160309	-1.84863e-005	0.999999
						-15.4933	-12.1402	-0.0941849
					}
				}
				{bone "trackR"
					{parameters "ID=trackright;"}
					{Position 0.198532	-3.52021	0.000797272}
					{VolumeView "trackr.ply"}
				}
				{bone revolute "wheelr4"
					{parameters "Radius=0.07;ID=trackright;"}
					{Matrix34
						-0.999997	0.00155831	-0.00202848
						0.00156926	0.999984	-0.00542268
						-0.00201996	0.00542585	0.999983
						12.1306	-9.25276	-0.077734
					}
					{VolumeView "wheelr8.ply"}
				}
				{bone revolute "wheelr21"
					{parameters "Radius=0.4;ID=trackright;"}
					{Matrix34
						-0.99999	0.00314204	-0.00317913
						0.0031442	0.999995	-0.0006972
						0.00317688	-0.000707237	-0.999995
						22.2936	-3.30562	-0.186098
					}
					{VolumeView "wheelr21.ply"}
				}
				{bone revolute "wheelr31"
					{parameters "Radius=0.75;ID=trackright;"}
					{Matrix34
						-0.99999	0.00314204	-0.00317913
						0.0031442	0.999995	-0.0006972
						0.00317688	-0.000707237	-0.999995
						-20.0052	-3.39435	-0.186623
					}
					{VolumeView "wheelr31.ply"}
				}
				{bone revolute "wheelr5"
					{parameters "Radius=0.08;ID=trackright;"}
					{Matrix34
						-0.999997	0.00155831	-0.00202848
						0.00156926	0.999984	-0.00542268
						-0.00201996	0.00542585	0.999983
						5.01072	-9.21329	-0.0778198
					}
					{VolumeView "wheelr8.ply"}
				}
				{bone revolute "wheelr6"
					{parameters "Radius=0.09;ID=trackright;"}
					{Matrix34
						-0.999997	0.00155831	-0.00202848
						0.00156926	0.999984	-0.00542268
						-0.00201996	0.00542585	0.999983
						-2.0032	-9.01318	-0.0778828
					}
					{VolumeView "wheelr8.ply"}
				}
				{bone revolute "wheelr7"
					{parameters "Radius=0.1;ID=trackright;"}
					{Matrix34
						-0.999997	0.00155831	-0.00202848
						0.00156926	0.999984	-0.00542268
						-0.00201996	0.00542585	0.999983
						-9.14421	-8.89382	-0.0779533
					}
					{VolumeView "wheelr8.ply"}
				}
			}
			{bone "wheelsL"
				{parameters "ID=trackleft;"}
				{Matrix34
					0.998659	-0.000711727	-0.0517704
					0.0517639	-0.00723265	0.998633
					0.00108528	0.999974	0.00718609
					1.52268	16.2201	2.09195
				}
				{VolumeView "wheelsl.ply"}
				{bone "trackL"
					{parameters "ID=trackleft;"}
					{Position 0.211987	-3.46648	0.129627}
					{VolumeView "trackl.ply"}
				}
				{bone "fxtracel2"
					{Matrix34
						0.999964	-0.000996555	0.00840368
						0.000963432	0.999992	0.00394442
						-0.00840754	-0.00393619	0.999957
						-15.4439	-12.2094	-0.127926
					}
				}
				{bone revolute "wheell4"
					{parameters "Radius=0.07;ID=trackleft;"}
					{Matrix34
						-0.999997	0.00156592	-0.0019865
						0.00156925	0.999997	-0.00168189
						-0.00198386	0.001685	0.999997
						12.1304	-9.2506	0.226208
					}
					{VolumeView "wheelr8.ply"}
				}
				{bone revolute "wheell21"
					{parameters "Radius=0.4;ID=trackleft;"}
					{Matrix34
						-0.99999	0.00315373	-0.00313119
						0.00314414	0.99999	0.00304354
						0.00314075	0.00303367	-0.99999
						22.2933	-3.3021	-0.118151
					}
					{VolumeView "wheell21.ply"}
				}
				{bone revolute "wheell31"
					{parameters "Radius=0.75;ID=trackleft;"}
					{Matrix34
						-0.99999	0.00315373	-0.00313119
						0.00314414	0.99999	0.00304354
						0.00314075	0.00303367	-0.99999
						-20.0055	-3.39083	-0.117474
					}
					{VolumeView "wheell31.ply"}
				}
				{bone revolute "wheell5"
					{parameters "Radius=0.08;ID=trackleft;"}
					{Matrix34
						-0.999997	0.00156592	-0.0019865
						0.00156925	0.999997	-0.00168189
						-0.00198386	0.001685	0.999997
						5.01046	-9.21113	0.226538
					}
					{VolumeView "wheelr8.ply"}
				}
				{bone revolute "wheell6"
					{parameters "Radius=0.09;ID=trackleft;"}
					{Matrix34
						-0.999997	0.00156592	-0.0019865
						0.00156925	0.999997	-0.00168189
						-0.00198386	0.001685	0.999997
						-2.00346	-9.01102	0.227476
					}
					{VolumeView "wheelr8.ply"}
				}
				{bone revolute "wheell7"
					{parameters "Radius=0.1;ID=trackleft;"}
					{Matrix34
						-0.999997	0.00156592	-0.0019865
						0.00156925	0.999997	-0.00168189
						-0.00198386	0.001685	0.999997
						-9.14446	-8.89167	0.228106
					}
					{VolumeView "wheelr8.ply"}
				}
			}
			{bone "bod1"
				{parameters "ID=body;"}
				{Position 0	0	0}
				{VolumeView "body1.ply"}
			}
		}
	}
}
{Volume "bodyback"
	{Box 60.7159 40.9201 12.2229}
	{Bone "body_back"}
	{Matrix34
		-0.999187	0.00011622	-0.0403075
		1.51754e-005	-0.999995	-0.00325907
		-0.0403077	-0.00325665	0.999182
		-0.301445	-0.0919572	0.332104
	}
}
{Volume "body"
	{Polyhedron "body.vol"}
	{Bone "body"}
	{Matrix34
		0.999153	0	0.041146
		-0.0411459	0.00342024	0.999147
		-0.000140856	-0.999994	0.00341746
		9.7695	12.3059	1.12653
	}
}
{Volume "cabin"
	{Polyhedron "cabin.vol"}
	{Bone "cabin"}
	{Matrix34
		0.998392	0	-0.0566778
		0	1	0
		0.0566778	0	0.998393
		5.34213	-0.145105	0.104858
	}
}
{Volume "engine"
	{Polyhedron "engine.vol"}
	{Bone "engine"}
	{Matrix34
		0.99851	0	-0.0545675
		0	1	0
		0.0545675	0	0.99851
		-1.34368	0.0469522	-4.966
	}
}
{Volume "glass_back"
	{Box 10.3036 4.2261 0.221367}
	{Bone "glass_back"}
	{Matrix34
		0	-1	0
		0.044106	0	0.999027
		-0.999027	0	0.0441059
		0.00203024	-0.0185942	0.197123
	}
}
{Volume "glass_doorleft"
	{Box 12.334 9.4335 0.216862}
	{Bone "glass_doorleft"}
	{Matrix34
		0.989201	-0.146563	0.00132898
		-0.00197897	-0.00428952	0.999989
		-0.146555	-0.989192	-0.00453338
		0.344186	-0.0903992	0.0621229
	}
}
{Volume "glass_doorright"
	{Polyhedron "glass_doorright.vol"}
	{Bone "glass_doorright"}
	{Position 0.490926	-0.015583	-0.00833893}
}
{Volume "glass_front"
	{Box 20.5 10.3 0.3}
	{Bone "glass_front"}
	{Matrix34
		0.999998	0.00205859	0.000482205
		-0.00206489	0.999902	0.013848
		-0.000453369	-0.0138488	0.999904
		-0.00658622	-1.09824	0.0483325
	}
}
{Volume "gun"
	{Polyhedron "gun.vol"}
	{Bone "gun"}
	{Matrix34
		-0.00185252	0.999998	-4.28498e-005
		0.999998	0.00185254	0.00113644
		0.00113653	-4.06657e-005	-1
		-0.164547	-0.0672709	34.9107
	}
}
{Volume "turret"
	{Polyhedron "turret.vol"}
	{Bone "turret"}
	{Matrix34
		0.999047	-0.00014239	0.0436439
		-0.0436439	0	0.999047
		-0.000142475	-1	0
		-0.0304184	3.72028	6.50732
	}
}
{Volume "trackleft"
	{Box 59 16.2 7.9}
	{Bone "wheelsl"}
	{Matrix34
		0.999995	-0.00316039	-2.90902e-005
		0.00316046	0.999988	0.00385045
		-1.69133e-005	0.00385051	-0.999993
		1.26964	-3.95459	-0.3175
	}
}
{Volume "trackright"
	{Box 59 16.2 7.9}
	{Bone "wheelsr"}
	{Matrix34
		0.999995	-0.00316047	1.8593e-005
		0.00316047	0.999995	0.000109973
		-1.89331e-005	-0.000109931	1
		1.25245	-4.01938	-0.248521
	}
}
{Volume "wheelleft1"
	{Cylinder 10.2 4.3}
	{Bone "wheelleft1"}
	{Matrix34
		-0.999728	0.0233166	6.34178e-005
		0.0233166	0.999728	0
		-6.34062e-005	0	-1
		-0.00580115	0.0506836	2.08021
	}
}
{Volume "wheelright1"
	{Cylinder 10.2 4.3}
	{Bone "wheelright1"}
	{Matrix34
		-0.999522	0.0309194	0
		0.0309194	0.999522	0
		0	0	1
		-0.137611	-0.000162327	1.922
	}
}
