;Exported by: vic
;Date:        Thu Nov 17 14:22:05 2005
;File:        D:\-Projects-\-3DWork-\Constructions\NEW\S2\dot_Pak-40_l_3.max
{Skeleton
	{bone "dot_cannon_pak_5a"
		{Orientation
			1	0	0
			0	-1	0
			0	0	1
		}
		{VolumeView "dot_cannon_pak_5a.ply"}
	}
}
{Obstacle "obstacle04"
	{Polygon2
		{Radius 0}
		{Vertex -6.53128 -20.7494}
		{Vertex 17.5319 -54.7604}
		{Vertex 17.5319 -19.5395}
		{Vertex -2.36392 -16.3132}
	}
	{Rotate}
}
{Obstacle "obstacle05"
	{Polygon2
		{Radius 0}
		{Vertex -2.45774 -16.7184}
		{Vertex 17.5725 -19.9447}
		{Vertex 17.5725 14.604}
		{Vertex -2.32331 10.1678}
	}
	{Rotate}
}
{Obstacle "obstacle06"
	{Polygon2
		{Radius 0}
		{Vertex -2.18888 10.3022}
		{Vertex 17.7069 14.4696}
		{Vertex 17.7069 48.7495}
		{Vertex -12.4056 19.578}
	}
	{Rotate}
}
{Volume "body08"
	{Box 38.6657 2.8248 15.748}
	{Bone "dot_cannon_pak_5a"}
	{Matrix34
		0	-1	0
		0.543679	0	0.839293
		-0.839293	0	0.543679
		8.40867	2.9903	7.37583
	}
}
{Volume "body09"
	{Box 16.5305 6.88976 15.8221}
	{Bone "dot_cannon_pak_5a"}
	{Matrix34
		-0.707107	-0.707107	0
		0.707107	-0.707107	0
		0	0	1
		-4.44439	-16.2478	7.68862
	}
}
{Volume "body10"
	{Box 31.6932 6.88976 15.8621}
	{Bone "dot_cannon_pak_5a"}
	{Matrix34
		0	-1	0
		1	0	0
		0	0	1
		0.339081	2.99029	7.78594
	}
}
{Volume "body11"
	{Box 10.6969 6.88976 15.8221}
	{Bone "dot_cannon_pak_5a"}
	{Matrix34
		0.707107	-0.707107	0
		0.707107	0.707107	0
		0	0	1
		-2.36128	20.2764	7.68862
	}
}
{Volume "body12"
	{Box 8.8931 2.8248 15.748}
	{Bone "dot_cannon_pak_5a"}
	{Matrix34
		0.707107	-0.707107	0
		0.217738	0.217738	0.951409
		-0.672748	-0.672748	0.307929
		3.22635	27.5541	9.8939
	}
}
{Volume "body13"
	{Box 11.561 2.8248 15.748}
	{Bone "dot_cannon_pak_5a"}
	{Matrix34
		-0.707107	-0.707107	0
		0.217738	-0.217738	0.951409
		-0.672748	0.672748	0.307929
		1.67621	-23.8633	9.31683
	}
}
