;Exported by: Ekaterina
;Date:        Fri Aug 01 12:37:37 2008
;File:        D:\-Project-\-3DWork-\Entourage\dok_build2\12.max
{Skeleton
	{bone "dok_build3_r3"
		{Orientation
			1	0	0
			0	-1	0
			0	0	1
		}
		{VolumeView "dok_build3_r3.ply"}
		{bone "fix29"
			{Matrix34
				1	0	0
				0	1	0
				0	0	1
				-22.1545	72.2958	50.0347
			}
		}
		{bone "fix01"
			{Position -22.155	-71.104	50.0347}
		}
		{bone "exterior"
			{Position -6.47736	0	98.6885}
			{VolumeView "exterior.ply"}
			{bone "window4"
				{Matrix34
					1	0	0
					0	1	0
					0	0	1
					-26.9076	39.3672	-8.89396
				}
				{VolumeView "window4.ply"}
			}
			{bone "window4_x"
				{Matrix34
					1	0	0
					0	1	0
					0	0	1
					-26.9076	39.3672	-8.65172
				}
				{visibility 0}
				{VolumeView "window4_x.ply"}
			}
			{bone "window5"
				{Matrix34
					1	0	0
					0	1	0
					0	0	1
					-26.9076	-37.994	-1.97009
				}
				{VolumeView "window5.ply"}
			}
			{bone "window5_x"
				{Matrix34
					1	0	0
					0	1	0
					0	0	1
					-26.9076	-37.994	-2.058
				}
				{visibility 0}
				{VolumeView "window5_x.ply"}
			}
		}
	}
}
{Area "interior"
	{Obb2
		{Center -1.46356 -0.809448}
		{Extent 65.9603 74.9985}
		{Axis -1 -1.43047e-006}
	}
	{Rotate}
}
{Volume "body344"
	{Box 91.3995 139.031 2.92113}
	{Bone "exterior"}
	{Matrix34
		0	0.972297	0.23375
		-1	0	0
		0	-0.23375	0.972297
		-0.452209	-42.5223	-9.15227
	}
}
{Volume "body349"
	{Box 91.3995 139.031 2.92113}
	{Bone "exterior"}
	{Matrix34
		0	-0.972297	0.23375
		1	0	0
		0	0.23375	0.972297
		-0.452088	43.3211	-9.15227
	}
}
{Volume "body351"
	{Box 63.9797 64.7933 32.7508}
	{Bone "exterior"}
	{Matrix34
		0	-1	0
		1	0	0
		0	0	1
		37.7371	0.161072	-0.891432
	}
}
{Volume "hole_window4"
	{Box 28.3011 40.5233 7.19782}
	{Bone "exterior"}
	{Matrix34
		1	0	0
		0	0.965926	-0.258819
		0	0.258819	0.965926
		-26.8508	39.6445	-7.77419
	}
}
{Volume "hole_window5"
	{Box 28.3011 38.9024 13.9926}
	{Bone "exterior"}
	{Matrix34
		1	0	0
		0	0.975273	0.221003
		0	-0.221003	0.975273
		-26.8507	-37.9349	-8.36819
	}
}
{Volume "window4"
	{Box 39.9507 27.695 4.9367}
	{Bone "window4"}
	{Matrix34
		0	-0.972297	0.23375
		1	0	0
		0	0.23375	0.972297
		-0.105043	0.193249	0.979675
	}
}
{Volume "window5"
	{Box 38.3527 27.695 2.41899}
	{Bone "window5"}
	{Matrix34
		0	-0.992597	0.121457
		1	0	0
		0	0.121457	0.992596
		-0.105103	0.0709124	-0.0672768
	}
}
