;Exported by: kolesnikov
;Date:        Mon Dec 05 11:06:04 2005
;File:        D:\-Project-\-3DWork-\Constructions\barricade_hlam.max
{Skeleton
	{bone "wardrobe2_x"
		{Orientation
			1	0	0
			0	-1	0
			0	0	1
		}
		{bone "piece15"
			{Position 1.08453	-0.617874	0.527651}
			{VolumeView "piece15.ply"}
		}
		{bone "piece12"
			{Matrix34
				-1	0	0
				0	0.949653	0.313302
				0	0.313302	-0.949653
				-11.0885	-6.92955	12.0709
			}
			{VolumeView "piece12.ply"}
		}
		{bone "piece13"
			{Matrix34
				1	0	0
				0	0.930278	0.366855
				0	-0.366855	0.930278
				-11.0885	-6.3944	29.5684
			}
			{VolumeView "piece13.ply"}
		}
		{bone "piece11"
			{Matrix34
				1	0	0
				0	0.971966	-0.235121
				0	0.235121	0.971966
				11.856	-5.69659	20.9456
			}
			{VolumeView "piece11.ply"}
		}
		{bone "piece14"
			{Matrix34
				0	-1	0
				-0.929206	0	-0.369563
				0.369563	0	-0.929206
				-18.2101	-0.431979	15.7369
			}
			{VolumeView "piece14.ply"}
		}
		{bone "piece0"
			{Matrix34
				0.829949	0	0.557839
				-0.557839	0	0.829949
				0	-1	0
				20.3253	-3.11988	26.6368
			}
			{VolumeView "piece0.ply"}
		}
		{bone "piece1"
			{Matrix34
				0.990217	0	-0.139536
				0.139536	0	0.990217
				0	-1	0
				6.38031	-3.11988	-2.81504
			}
			{VolumeView "piece1.ply"}
		}
		{bone "piece3"
			{Matrix34
				0.00533419	0	-0.999986
				0.999986	0	0.00533419
				0	-1	0
				16.0738	-3.11988	17.0932
			}
			{VolumeView "piece3.ply"}
		}
		{bone "piece4"
			{Matrix34
				-0.975094	0	-0.221794
				0.221794	0	-0.975094
				0	-1	0
				16.8777	-3.11988	19.0224
			}
			{VolumeView "piece4.ply"}
		}
		{bone "piece6"
			{Matrix34
				-0.706028	0	0.708184
				-0.708184	0	-0.706028
				0	-1	0
				19.9545	-3.11988	11.5831
			}
			{VolumeView "piece6.ply"}
		}
		{bone "piece7"
			{Matrix34
				-0.066305	0	0.997799
				-0.997799	0	-0.066305
				0	-1	0
				12.1013	-3.11988	7.81808
			}
			{VolumeView "piece7.ply"}
		}
		{bone "piece8"
			{Matrix34
				0.911903	-0.00812935	0.410325
				-0.410406	-0.0180637	0.911724
				0	-0.999804	-0.0198087
				13.6465	-9.83695	36.4272
			}
			{VolumeView "piece8.ply" {NoCastShadows}}
		}
		{bone "piece9"
			{Matrix34
				0.892655	-0.00892876	0.450651
				-0.45074	-0.0176822	0.89248
				0	-0.999804	-0.0198087
				7.28693	-3.11529	20.86
			}
			{VolumeView "piece9.ply" {NoCastShadows}}
		}
		{bone "piece2"
			{Matrix34
				-1	0	0
				0	-0.966648	0.256107
				0	0.256107	0.966648
				-11.0544	7.76194	20.8423
			}
			{VolumeView "piece2.ply"}
		}
		{bone "piece5"
			{Matrix34
				1	0	0
				0	0.976802	0.214143
				0	-0.214143	0.976802
				11.7854	6.18397	29.5219
			}
			{VolumeView "piece5.ply"}
		}
		{bone "piece10"
			{Matrix34
				-1	0	0
				0	0.956712	0.291037
				0	0.291037	-0.956712
				11.7854	5.91685	12.0872
			}
			{VolumeView "piece10.ply"}
		}
		{bone "fx_glass"
			{Matrix34
				0	-1	0
				0	0	1
				-1	0	0
				0.272583	-1.14958	-21.1056
			}
		}
	}
}
{Volume "box214"
	{Box 14.841 38.736 1.80676}
	{Bone "piece15"}
	{Matrix34
		0	-1	0
		1	0	0
		0	0	1
		-0.192871	0.329191	0.365197
	}
}
{Volume "box215"
	{Box 14.479 0.715366 25.4198}
	{Bone "piece2"}
	{Position -0.0519456	-0.0114071	-6.89133}
}
{Volume "box216"
	{Box 14.479 0.715366 19.9587}
	{Bone "piece12"}
	{Matrix34
		-1	0	0
		0	1	0
		0	0	-1
		-0.169006	0.00169886	0.655438
	}
}
{Volume "box217"
	{Box 14.479 0.715366 19.1604}
	{Bone "piece13"}
	{Position 0.168945	0.00169612	1.60447}
}
{Volume "box218"
	{Box 14.479 0.715366 30.1127}
	{Bone "piece11"}
	{Position -0.0847168	0.00424816	-4.54488}
}
{Volume "box219"
	{Box 14.479 0.715366 19.9587}
	{Bone "piece10"}
	{Matrix34
		1	0	0
		0	-1	0
		0	0	-1
		0.0969839	0.00885471	0.655439
	}
}
{Volume "box220"
	{Box 14.479 0.715366 19.1604}
	{Bone "piece5"}
	{Matrix34
		-1	0	0
		0	-1	0
		0	0	1
		-0.0970666	0.0088547	1.60447
	}
}
{Volume "box221"
	{Box 11.8728 0.715366 25.8109}
	{Bone "piece14"}
	{Matrix34
		1	0	0
		0	-1	0
		0	0	-1
		-0.143311	-0.0271388	1.41882
	}
}
{Volume "fbody"
	{Polyhedron "fbody.vol"}
	{Bone "piece3"}
	{Matrix34
		0.710869	0.703325	0
		0	0	-1
		-0.703325	0.710869	0
		-15.307	-2.05174	4.30023
	}
}
{Volume "fbody01"
	{Polyhedron "fbody01.vol"}
	{Bone "piece4"}
	{Matrix34
		0.591607	0.806227	0
		0	0	-1
		-0.806227	0.591607	0
		4.24435	0.374065	4.30023
	}
}
{Volume "fbody02"
	{Polyhedron "fbody02.vol"}
	{Bone "piece6"}
	{Matrix34
		0.590483	0.80705	0
		0	0	-1
		-0.80705	0.590483	0
		5.72582	-0.1022	4.30023
	}
}
{Volume "fbody03"
	{Polyhedron "fbody03.vol"}
	{Bone "piece7"}
	{Matrix34
		0.699096	0.715028	0
		0	0	-1
		-0.715028	0.699096	0
		6.02063	-2.66365	4.30023
	}
}
{Volume "fbody04"
	{Polyhedron "fbody04.vol"}
	{Bone "piece1"}
	{Matrix34
		0.668138	0.744038	0
		0	0	-1
		-0.744038	0.668138	0
		2.54778	10.7826	4.30023
	}
}
{Volume "fbody05"
	{Polyhedron "fbody05.vol"}
	{Bone "piece0"}
	{Matrix34
		0.72899	0.684525	0
		0	0	-1
		-0.684525	0.72899	0
		1.18242	10.9841	4.30023
	}
}
{Volume "fbody06"
	{Polyhedron "fbody06.vol"}
	{Bone "piece9"}
	{Matrix34
		0.89343	0.0712247	-0.44352
		-0.31065	-0.615218	-0.724571
		-0.324469	0.785133	-0.527528
		5.22154	5.74582	6.10819
	}
}
{Volume "fbody07"
	{Polyhedron "fbody07.vol"}
	{Bone "piece8"}
	{Matrix34
		0.889355	0.111072	-0.44352
		-0.282851	-0.628483	-0.724571
		-0.359225	0.769852	-0.527528
		-2.52367	1.70961	-0.553016
	}
}
