;Exported by: kolesnikov
;Date:        Thu Sep 22 10:29:47 2005
;File:        D:\-Project-\-3DWork-\Constructions\12.max
{Skeleton
	{bone "dok_build3_w1_x"
		{Orientation
			1	0	0
			0	-1	0
			0	0	1
		}
		{bone "piece6"
			{Matrix34
				1	0	0
				0	1	0
				0	0	1
				-50.6305	14.0321	18.7664
			}
			{VolumeView "piece6.ply"}
		}
		{bone "piece7"
			{Matrix34
				1	0	0
				0	1	0
				0	0	1
				-56.0024	13.6198	54.7164
			}
			{VolumeView "piece7.ply"}
		}
		{bone "piece11"
			{Matrix34
				1	0	0
				0	1	0
				0	0	1
				-67.418	45.5332	12.647
			}
			{VolumeView "piece11.ply"}
		}
		{bone "piece1"
			{Matrix34
				1	0	0
				0	1	0
				0	0	1
				-26.7632	60.0809	34.5253
			}
			{VolumeView "piece1.ply"}
		}
		{bone "piece4"
			{Matrix34
				1	0	0
				0	1	0
				0	0	1
				-8.77179	14.4641	38.9516
			}
			{VolumeView "piece4.ply"}
		}
		{bone "piece8"
			{Matrix34
				1	0	0
				0	1	0
				0	0	1
				-27.199	-5.96227	66.0363
			}
			{VolumeView "piece8.ply"}
		}
		{bone "piece10"
			{Matrix34
				1	0	0
				0	1	0
				0	0	1
				-27.698	-38.6097	25.3003
			}
			{VolumeView "piece10.ply"}
		}
		{bone "piece9"
			{Matrix34
				1	0	0
				0	1	0
				0	0	1
				-26.3545	-38.6841	79.4859
			}
			{VolumeView "piece9.ply"}
		}
		{bone "piece3"
			{Matrix34
				1	0	0
				0	1	0
				0	0	1
				17.6255	14.0319	15.4987
			}
			{VolumeView "piece3.ply"}
		}
		{bone "piece5"
			{Matrix34
				1	0	0
				0	1	0
				0	0	1
				48.869	14.9629	27.2924
			}
			{VolumeView "piece5.ply"}
		}
		{bone "piece2"
			{Matrix34
				1	0	0
				0	1	0
				0	0	1
				40.6187	13.6196	53.3148
			}
			{VolumeView "piece2.ply"}
		}
	}
}
{Volume "body386"
	{Box 20.6946 5.42991 20.0974}
	{Bone "piece2"}
	{Matrix34
		-0.34202	0	-0.939693
		0	-1	0
		-0.939693	0	0.34202
		-1.43346	-0.0304564	-1.70908
	}
}
{Volume "body389"
	{Box 34.7445 5.42991 16.221}
	{Bone "piece5"}
	{Matrix34
		-0.984808	0	0.173649
		0	-1	0
		0.173649	0	0.984808
		-0.0126675	-0.650735	-2.14394
	}
}
{Volume "body387"
	{Box 20.6946 5.42991 20.0974}
	{Bone "piece3"}
	{Matrix34
		-0.866026	0	-0.5
		0	-1	0
		-0.5	0	0.866026
		-0.761106	0.261407	1.07866
	}
}
{Volume "body409"
	{Box 20.6946 5.42991 20.0974}
	{Bone "piece9"}
	{Matrix34
		0	0.819152	-0.573577
		1	0	0
		0	-0.573577	-0.819152
		0.0303696	1.27993	-1.82704
	}
}
{Volume "body412"
	{Box 34.7445 5.42991 16.221}
	{Bone "piece10"}
	{Matrix34
		0	-0.422618	-0.906308
		1	0	0
		0	-0.906308	0.422618
		0.650786	2.06759	-0.56712
	}
}
{Volume "body410"
	{Box 26.2822 5.42991 24.3179}
	{Bone "piece8"}
	{Matrix34
		0	0.819152	-0.573577
		1	0	0
		0	-0.573577	-0.819152
		0.8752	-0.684197	-0.243167
	}
}
{Volume "body388"
	{Box 26.2822 5.42991 24.3179}
	{Bone "piece4"}
	{Matrix34
		-0.34202	0	-0.939693
		0	-1	0
		-0.939693	0	0.34202
		-0.412038	-0.87514	0.597977
	}
}
{Volume "body453"
	{Box 23.12 8.63356 7.23506}
	{Bone "piece1"}
	{Matrix34
		0	0	-1
		1	0	0
		0	-1	0
		-0.19325	-0.000498772	0.067696
	}
}
{Volume "body455"
	{Box 20.4993 14.5386 9.40819}
	{Bone "piece11"}
	{Matrix34
		1	0	0
		0	1	0
		0	0	1
		0.100812	4.4849	2.27609
	}
}
{Volume "body391"
	{Box 20.6946 5.42991 20.0974}
	{Bone "piece7"}
	{Matrix34
		-0.34202	0	-0.939693
		0	-1	0
		-0.939693	0	0.34202
		-1.43346	-0.0302992	-1.70909
	}
}
{Volume "body390"
	{Box 20.6946 5.42991 20.0974}
	{Bone "piece6"}
	{Matrix34
		-0.866026	0	-0.5
		0	-1	0
		-0.5	0	0.866026
		-0.761105	0.261326	1.07866
	}
}
