;Exported by: klimenko
;Date:        Thu Mar 29 18:31:48 2007
;File:        D:\-Project-\-3DWork-\idustrial\admin_plant_3x.max
{Skeleton
	{bone "corner15"
		{Orientation
			1	0	0
			0	-1	0
			0	0	1
		}
		{bone "piece01"
			{Position 29.1602	23.6012	123.084}
			{VolumeView "piece01.ply"}
		}
		{bone "piece02"
			{Position -1.41321	9.7073	140.871}
			{VolumeView "piece02.ply"}
		}
		{bone "piece03"
			{Position -14.9063	22.6485	158.524}
			{VolumeView "piece03.ply"}
		}
		{bone "piece04"
			{Position 21.3887	-35.1215	161.548}
			{VolumeView "piece04.ply"}
		}
		{bone "piece05"
			{Position 29.1602	47.0927	130.33}
			{VolumeView "piece05.ply"}
		}
		{bone "piece06"
			{Position 29.1602	30.2387	100.232}
			{VolumeView "piece06.ply"}
		}
		{bone "sub_piece01"
			{Position 2.51944	17.8429	143.602}
			{VolumeView "sub_piece01.ply"}
		}
		{bone "sub_piece02"
			{Position 2.51944	-18.3512	143.602}
			{VolumeView "sub_piece02.ply"}
		}
		{bone "sub_piece03"
			{Position 13.2151	61.2583	123.881}
			{VolumeView "sub_piece03.ply"}
		}
		{bone "sub_piece04"
			{Position 16.3878	61.2583	100.399}
			{VolumeView "sub_piece04.ply"}
		}
		{bone "sub_piece05"
			{Position -11.7802	61.2583	107.849}
			{VolumeView "sub_piece05.ply"}
		}
		{bone "sub_piece06"
			{Position 29.2612	54.0882	85.9146}
			{VolumeView "sub_piece06.ply"}
		}
		{bone "sub_piece07"
			{Position -12.1502	61.2794	85.0641}
			{VolumeView "sub_piece07.ply"}
		}
	}
}
{Volume "piece01"
	{Box 4.92133 34.2239 21.6539}
	{Bone "piece01"}
	{Matrix34
		0.991122	0	-0.132954
		0	1	0
		0.132954	0	0.991122
		2.86468e-005	0	-1.90804e-005
	}
}
{Volume "piece02"
	{Box 5.90552 96.2185 5.90552}
	{Bone "piece02"}
	{Matrix34
		1	0	0
		0	0.992869	0.119208
		0	-0.119208	0.992869
		0	0	0
	}
}
{Volume "piece03"
	{Box 48.5426 69.0384 3.39242}
	{Bone "piece03"}
	{Matrix34
		0.869087	-0.443679	0.218717
		0.494653	0.777118	-0.38911
		0.00267157	0.44636	0.89485
		0.315026	2.28518	1.50836
	}
}
{Volume "piece04"
	{Box 37.1287 53.5716 3.42902}
	{Bone "piece04"}
	{Matrix34
		0.642788	0	-0.766044
		0	1	0
		0.766044	0	0.642788
		3.55308	2.53899	-1.31419
	}
}
{Volume "piece05"
	{Box 4.92126 20.757 25.8447}
	{Bone "piece05"}
	{Matrix34
		0.988968	0	-0.148126
		0	1	0
		0.148126	0	0.988968
		0	0	0
	}
}
{Volume "piece06"
	{Box 4.92133 33.9616 26.1658}
	{Bone "piece06"}
	{Matrix34
		0.984229	0.0964723	-0.148276
		-0.0944058	0.995314	0.0209285
		0.1496	-0.00660031	0.988725
		-7.04658e-005	0	1.00325e-005
	}
}
{Volume "sub_piece01"
	{Box 57.2378 5.90834 5.93401}
	{Bone "sub_piece01"}
	{Matrix34
		0.981331	0	-0.192327
		0	1	0
		0.192327	0	0.981331
		-4.34854e-005	0	0
	}
}
{Volume "sub_piece02"
	{Box 57.2378 5.90834 5.93401}
	{Bone "sub_piece02"}
	{Matrix34
		0.99506	0	0.0992769
		0	1	0
		-0.0992769	0	0.99506
		-3.1726e-005	0	0
	}
}
{Volume "sub_piece03"
	{Box 22.6568 4.92126 17.8406}
	{Bone "sub_piece03"}
	{Matrix34
		0.953744	0.300619	0
		-0.300619	0.953744	0
		0	0	1
		-3.05176e-005	-1.52588e-005	0
	}
}
{Volume "sub_piece04"
	{Box 20.0243 4.92126 22.0871}
	{Bone "sub_piece04"}
	{Position 0	0	0}
}
{Volume "sub_piece05"
	{Box 24.3167 4.92126 21.3288}
	{Bone "sub_piece05"}
	{Matrix34
		0.992553	-0.12181	0
		0.12181	0.992553	0
		0	0	1
		0	0	0
	}
}
{Volume "sub_piece06"
	{Box 4.93335 24.6808 35.5143}
	{Bone "sub_piece06"}
	{Matrix34
		0.980825	0	-0.194889
		0	1	0
		0.194889	0	0.980825
		-0.427723	-1.52588e-005	-2.15262
	}
}
{Volume "sub_piece07"
	{Box 18.9692 5.05339 20.1614}
	{Bone "sub_piece07"}
	{Position 0	0	0}
}
