;Exported by: kolesnikov
;Date:        Wed Dec 14 15:02:35 2005
;File:        D:\-Project-\-3DWork-\Constructions\Monastery2_x_vic.max
{Skeleton
	{bone "wall5_x"
		{Orientation
			1	0	0
			0	-1	0
			0	0	1
		}
		{bone "piece1"
			{Matrix34
				-1	0	0
				0	0	1
				0	1	0
				-26.8421	-0.0668335	26.1954
			}
			{VolumeView "piece1.ply"}
		}
		{bone "piece0"
			{Matrix34
				-1	0	0
				0	0	1
				0	1	0
				36.0334	-0.0668335	26.6801
			}
			{VolumeView "piece0.ply"}
		}
		{bone "sub_piece0"
			{Matrix34
				-1	0	0
				0	0	1
				0	1	0
				20.6696	-0.0668335	9.38977
			}
			{VolumeView "sub_piece0.ply"}
		}
		{bone "sub_piece1"
			{Matrix34
				-1	0	0
				0	0	1
				0	1	0
				-8.83035	-0.0668335	9.71853
			}
			{VolumeView "sub_piece1.ply"}
		}
	}
}
{Volume "piece0"
	{Box 29.6839 11.811 20.1062}
	{Bone "piece0"}
	{Matrix34
		-0.999823	0.0188086	0
		0	0	1
		0.0188086	0.999823	0
		0.535445	0.782452	0.263057
	}
}
{Volume "piece1"
	{Box 39.4699 11.811 20.59}
	{Bone "piece1"}
	{Matrix34
		-0.998021	0.0628725	0
		0	0	1
		0.0628725	0.998021	0
		0.440877	0.827098	0.263035
	}
}
{Volume "sub_piece0"
	{Box 17.1302 11.811 11.4163}
	{Bone "sub_piece0"}
	{Matrix34
		-0.890943	-0.454116	0
		0	0	1
		-0.454116	0.890943	0
		0.0927208	0.417927	0.263043
	}
}
{Volume "sub_piece1"
	{Box 10.7645 11.811 11.398}
	{Bone "sub_piece1"}
	{Matrix34
		-0.65499	-0.755637	0
		0	0	1
		-0.755637	0.65499	0
		-0.625336	0.260195	0.263027
	}
}
