;Exported by: skr
;Date:        Sat Apr 06 23:43:55 2013
;File:        E:\Documents\3dsmax\scenes\MK1 VICKERS\Станок Vickers Mk IV_xx.max
{Skeleton
	{bone "basis"
		{Orientation
			1	0	0
			0	-1	0
			0	0	1
		}
		{bone "part3"
			{parameters "CommonMesh;ID=body;"}
			{Matrix34
				1	0	0
				0	0.992013	-0.126137
				0	0.126137	0.992013
				-0.0632399	-0.182947	2.00851
			}
			{VolumeView "part3.ply"}
		}
		{bone "part1"
			{parameters "ID=body;"}
			{Matrix34
				-1	0	0
				0	0.979516	-0.201369
				0	0.201369	0.979516
				-1.67987	-16.5348	1.27206
			}
			{VolumeView "part1.ply"}
		}
		{bone revolute "part2"
			{parameters "ID=body;"}
			{speed 0.04}
			{Matrix34
				1	0	0
				0	0.220636	0.975356
				0	-0.975356	0.220636
				-19.8732	0.159617	0.940392
			}
			{VolumeView "part2.ply"}
		}
		{bone "mgun"
			{Matrix34
				1	0	0
				0	-0.996917	0.0784602
				0	-0.0784602	-0.996917
				21.4752	-0.965767	0.695086
			}
			{VolumeView "mgun.ply"}
		}
	}
}
{Volume "body"
	{Box 22.5201 3.6193 2.75591}
	{Bone "mgun"}
	{Matrix34
		1	0	0
		0	1	0
		0	0	1
		10.4942	0.931982	-0.00601029
	}
}
{Volume "part1"
	{Box 7.96206 3.4597 3.14961}
	{Bone "part1"}
	{Matrix34
		0	-0.979516	-0.201368
		-1	0	0
		0	-0.201368	0.979516
		0.12002	0.0696663	0.323397
	}
}
{Volume "part2"
	{Box 9.71561 6.2559 2.51184}
	{Bone "part2"}
	{Matrix34
		-1	0	0
		0	-0.220636	0.975356
		0	0.975356	0.220636
		-3.68562	0.210866	0.497916
	}
}
{Volume "part3"
	{Box 16.635 1.94312 1.99051}
	{Bone "part3"}
	{Matrix34
		-1	0	0
		0	-0.992013	-0.126137
		0	-0.126137	0.992013
		-8.63477	0.130265	-1.34426
	}
}
{Volume "part4"
	{Box 16.635 1.94312 1.99051}
	{Bone "part3"}
	{Matrix34
		0.779981	0.620805	0.0789369
		-0.625803	0.773751	0.0983844
		0	-0.126137	0.992013
		3.69117	3.22717	-0.882917
	}
}
