;Exported by: kolesnikov
;Date:        Thu Sep 22 10:29:24 2005
;File:        D:\-Project-\-3DWork-\Constructions\12.max
{Skeleton
	{bone "dok_build3_c2_x"
		{Orientation
			1	0	0
			0	-1	0
			0	0	1
		}
		{bone "piece11"
			{Matrix34
				1	0	0
				0	1	0
				0	0	1
				-72.6279	-34.9938	33.2217
			}
			{VolumeView "piece11.ply"}
		}
		{bone "piece10"
			{Matrix34
				1	0	0
				0	1	0
				0	0	1
				-72.1956	-2.13965	22.5308
			}
			{VolumeView "piece10.ply"}
		}
		{bone "piece12"
			{Matrix34
				1	0	0
				0	1	0
				0	0	1
				-73.1266	-8.15491	63.3635
			}
			{VolumeView "piece12.ply"}
		}
		{bone "piece9"
			{Matrix34
				1	0	0
				0	1	0
				0	0	1
				-71.7834	-36.3251	67.0615
			}
			{VolumeView "piece9.ply"}
		}
		{bone "piece3"
			{Matrix34
				1	0	0
				0	1	0
				0	0	1
				-63.1392	16.391	32.6253
			}
			{VolumeView "piece3.ply"}
		}
		{bone "piece7"
			{Matrix34
				1	0	0
				0	1	0
				0	0	1
				-43.7452	17.3219	72.676
			}
			{VolumeView "piece7.ply"}
		}
		{bone "piece8"
			{Matrix34
				1	0	0
				0	1	0
				0	0	1
				10.5768	17.322	8.00428
			}
			{VolumeView "piece8.ply"}
		}
		{bone "piece5"
			{Matrix34
				1	0	0
				0	1	0
				0	0	1
				-13.8616	48.6073	12.647
			}
			{VolumeView "piece5.ply"}
		}
		{bone "piece1"
			{Matrix34
				1	0	0
				0	1	0
				0	0	1
				-72.0058	63.0385	41.2808
			}
			{VolumeView "piece1.ply"}
		}
		{bone "piece4"
			{Matrix34
				1	0	0
				0	1	0
				0	0	1
				22.8091	63.0384	47.7498
			}
			{VolumeView "piece4.ply"}
		}
		{bone "piece6"
			{Matrix34
				1	0	0
				0	1	0
				0	0	1
				50.875	17.3572	19.0012
			}
			{VolumeView "piece6.ply"}
		}
		{bone "piece2"
			{Matrix34
				1	0	0
				0	1	0
				0	0	1
				36.7242	16.5131	53.3148
			}
			{VolumeView "piece2.ply"}
		}
	}
}
{Volume "body393"
	{Box 20.6946 5.42991 20.0974}
	{Bone "piece2"}
	{Matrix34
		-0.34202	0	-0.939693
		0	-1	0
		-0.939693	0	0.34202
		-1.43348	-0.0303976	-1.70908
	}
}
{Volume "body395"
	{Box 26.2822 5.42991 24.3179}
	{Bone "piece6"}
	{Matrix34
		-0.34202	0	-0.939693
		0	-1	0
		-0.939693	0	0.34202
		-0.412029	-0.875072	0.597974
	}
}
{Volume "body452"
	{Box 17.3835 8.63356 7.23506}
	{Bone "piece4"}
	{Matrix34
		0	0	-1
		1	0	0
		0	-1	0
		-0.208747	-0.0646412	-0.199804
	}
}
{Volume "body451"
	{Box 17.3835 8.63356 7.23506}
	{Bone "piece1"}
	{Matrix34
		0	0	-1
		1	0	0
		0	-1	0
		-0.0291882	-0.0646505	0.203927
	}
}
{Volume "body454"
	{Box 34.7445 14.5386 9.40819}
	{Bone "piece5"}
	{Matrix34
		1	0	0
		0	1	0
		0	0	1
		1.26512	4.30444	2.27608
	}
}
{Volume "body396"
	{Box 34.7445 5.42991 16.221}
	{Bone "piece8"}
	{Matrix34
		0.996195	0	0.0871546
		0	-1	0
		0.0871546	0	-0.996195
		-0.542628	-0.650782	2.07416
	}
}
{Volume "body392"
	{Box 34.7445 5.42991 16.221}
	{Bone "piece7"}
	{Matrix34
		-0.984808	0	0.173649
		0	-1	0
		0.173649	0	0.984808
		-0.012704	-0.650713	-2.14394
	}
}
{Volume "body394"
	{Box 20.6946 5.42991 20.0974}
	{Bone "piece3"}
	{Matrix34
		0.0871554	0	-0.996195
		0	-1	0
		-0.996195	0	-0.0871554
		-1.29932	0.261392	-0.233953
	}
}
{Volume "body398"
	{Box 20.6946 5.42991 20.0974}
	{Bone "piece9"}
	{Matrix34
		0	0.819152	-0.573577
		1	0	0
		0	-0.573577	-0.819152
		0.0303909	1.27988	-1.82701
	}
}
{Volume "body397"
	{Box 34.7445 5.42991 16.221}
	{Bone "piece12"}
	{Matrix34
		0	-0.422618	-0.906308
		1	0	0
		0	-0.906308	0.422618
		0.650771	2.0676	-0.567099
	}
}
{Volume "body399"
	{Box 20.6946 5.42991 20.0974}
	{Bone "piece10"}
	{Matrix34
		0	0.25882	-0.965926
		1	0	0
		0	-0.965926	-0.25882
		-0.261365	-1.23868	-0.456055
	}
}
{Volume "body400"
	{Box 26.2822 5.42991 24.3179}
	{Bone "piece11"}
	{Matrix34
		0	0.819152	-0.573577
		1	0	0
		0	-0.573577	-0.819152
		0.875169	-0.684122	-0.24315
	}
}
