;Exported by: Administrator
;Date:        Mon Mar 23 22:49:36 2020
;File:        D:\3DMAX??\????\??\????\PZ6 B ????\PZ6 B ????.max
{Skeleton
	{animation
		{sequence "start"}
		{sequence "stop"}
		{sequence "fire" {speed 0.8}}
		{sequence "fire_left" {speed 0.8}}
		{sequence "fire_right" {speed 0.8}}
		{sequence "fire_back" {speed 0.8}}
		{sequence "hit"}
		{sequence "open" {speed 0.5}}
		{sequence "open_driver" {speed 0.2}}
		{sequence "open_charger2" {speed 0.2}}
		{sequence "open_crew" {speed 1}}
		{sequence "com_open"}
	}
	{bone "basis"
		{parameters "Wheelradius=0.6;"}
		{Orientation
			1	0	0
			0	-1	0
			0	0	1
		}
		{bone "body"
			{parameters "ID=body;"}
			{animation
				{sequence "repair" {file "body_r.anm"}}
			}
			{Position -3.48264	-0.0196727	23.9014}
			{VolumeView "body.ply"}
			{bone revolute "turret"
				{parameters "ID=turret;"}
				{animation
					{sequence "repair" {file "turret_r.anm"}}
				}
				{speed 0.006}
				{Position 4.42752	-0.0787525	13.9005}
				{VolumeView "turret.ply"}
                {bone "visor11"
					{Matrix34
						-330.979925	-330.199368	0
						330.199368	0.979925	0
						0	0	1
						-0.682715	6.52132	22.799
					}
				}
				{bone "visor12"
					{Matrix34
						-0.979925	0.199368	0
						-0.199368	-0.979925	0
						0	0	1
						-17.6551	6.59339	22.799
					}
				}
				{bone "visor13"
					{Matrix34
						-330.979925	330.199368	0
						330.199368	0.979925	0
						0	0	1
						-0.682715	6.52132	22.799
					}
				}
				{bone "visor14"
					{Matrix34
						0.979925	110.199368	0
						-0.199368	0.979925	0
						0	0	1
						-0.682715	6.52132	22.799
					}
				}
				{bone "visor15"
					{Matrix34
						300.979925	330.199368	0
						-330.199368	0.979925	0
						0	0	1
						-0.682715	6.52132	22.799
					}
				}
				{bone "visor16"
					{Matrix34
						0.979925	0.199368	0
						-0.199368	0.979925	0
						0	0	1
						-0.682715	6.52132	22.799
					}
				}
				{bone "visor17"
					{Matrix34
						330.979925	-330.199368	0
						0.199368	0.979925	0
						0	0	1
						-0.682715	6.52132	22.799
					}
				}
			    {bone "visor18"
					{Matrix34
						0.979925	-110.199368	0
						-0.199368	0.979925	0
						0	0	1
						-0.682715	6.52132	22.799
					}
				}				
				{bone revolute "gun_rot"
					{parameters "ID=gun;"}
					{animation
						{sequence "repair" {file "gun_r.anm"}}
					}
					{limits -8 15}
					{speed 0.005}
					{Matrix34
						1.16	0	0
						0	0	1.19
						0	-1.19	0
						27.6493	-1.21062	7.30026
					}
					{VolumeView "gun_rot.ply"}
					{bone "gun"
						{parameters "ID=gun;"}
						{Matrix34
							1	0	0
							0	0	-1
							0	1	0
							54.252	-0.246067	-0.423229
						}
						{VolumeView "gun.ply"}
						{bone "foresight1"
							{Position 39.5916	-0.00342679	-0.00366974}
						}
						{bone "net_gun"
							{parameters "ID=gun;"}
							{Position -19.8209	0.638214	-2.01994}
							{VolumeView "net_gun.ply"}
						}
					}
					{bone "mgun2"
						{parameters "ID=gun;"}
						{Matrix34
							1	0	0
							0	0	-1
							0	1	0
							-6.59449	-0.127949	4.55709
						}
						{VolumeView "mgun2.ply"}
						{bone "foresight5"
							{Position 11.6084	-0.957181	0.321266}
						}
					}
				}
;				{bone "turret_mount"
;					{parameters "ID=turret;"}
;					{Position 3.79932	9.34824	23.1687}
;					{VolumeView "turret_mount.ply"}
;					{bone revolute "mgun_aa_turret"
;						{parameters "ID=turret;"}
;						{limits -20 20}
;						{speed 0.015}
;						{Position 0.850862	-0.0554981	-0.649612}
;						{VolumeView "mgun_aa_turret.ply"}
;						{bone "mgun_aa_pole"
;							{parameters "ID=turret;"}
;							{Position 4.68564	0.739832	2.75591}
;							{VolumeView "mgun_aa_pole.ply"}
;							{bone revolute "mgun_aa_rot"
;								{limits -35 10}
;								{speed 0.015}
;								{Matrix34
;									0.965926	0	0.258819
;									-0.258819	0	0.965926
;									0	-1	0
;									3.17177	-0.662003	2.18761
;								}
;								{bone "mgun3"
;									{parameters "ID=turret;"}
;									{Matrix34
;										1	0	0
;										0	0	-1
;										0	1	0
;										-0.0439148	0.745464	-0.892101
;									}
;									{VolumeView "mgun3.ply"}
;									{bone "foresight6"
;										{Position 12.9252	-0.619532	-0.469311}
;									}
;								}
;							}
;						}
;					}
;				}
				{bone "turret_inside"
					{parameters "ID=turret;"}
					{Position -6.04169	1.14292e-05	0.784508}
					{VolumeView "turret_inside.ply"}
				}
				{bone "cover3"
					{parameters "ID=turret;"}
					{Matrix34
						0	1	0
						-1	0	0
						0	0	1
						-3.41428	-10.3937	18.7281
					}
					{VolumeView "cover3.ply"}
				}
				{bone "cover4"
					{parameters "ID=turret;"}
					{Matrix34
						0	0	1
						0	1	0
						-1	0	0
						-2.4683	16.4788	21.5719
					}
					{VolumeView "cover4.ply"}
				}
				{bone "cover5"
					{parameters "ID=turret;"}
					{Matrix34
						0.990268	0	0.139173
						0	1	0
						-0.139173	0	0.990268
						-18.1562	2.84017	18.3535
					}
					{VolumeView "cover5.ply"}
				}
				{bone "cover6"
					{parameters "ID=turret;"}
					{Matrix34
						0	1	0
						-1	0	0
						0	0	1
						-40.2042	-0.0492011	3.83026
					}
					{VolumeView "cover6.ply"}
				}
				{bone "armor_turret1"
					{parameters "ID=turret;"}
					{Position 17.5311	16.9587	11.1585}
					{VolumeView "armor_turret1.ply"}
				}
				{bone "armor_turret2"
					{parameters "ID=turret;"}
					{Position 3.36776	21.9882	11.1192}
					{VolumeView "armor_turret2.ply"}
				}
				{bone "armor_turret3"
					{parameters "ID=turret;"}
					{Position -13.1972	21.8209	10.9026}
					{VolumeView "armor_turret3.ply"}
				}
				{bone "armor_turret4"
					{parameters "ID=turret;"}
					{Position -12.6657	-21.4272	11.4243}
					{VolumeView "armor_turret4.ply"}
				}
				{bone "armor_turret5"
					{parameters "ID=turret;"}
					{Position 3.13153	-21.4468	10.7845}
					{VolumeView "armor_turret5.ply"}
				}
				{bone "armor_turret6"
					{parameters "ID=turret;"}
					{Position -28.0397	-16.5059	13.1467}
					{VolumeView "armor_turret6.ply"}
				}
				{bone "armor_turret7"
					{parameters "ID=turret;"}
					{Position -28.0397	16.5158	13.1467}
					{VolumeView "armor_turret7.ply"}
				}
				{bone "armor_turret8"
					{parameters "ID=turret;"}
					{Position 17.3048	-15.9744	11.3652}
					{VolumeView "armor_turret8.ply"}
				}
				{bone "armor_turret9"
					{parameters "ID=turret;"}
					{Position 18.1512	18.3662	3.98333}
					{VolumeView "armor_turret9.ply"}
				}
				{bone "armor_turret10"
					{parameters "ID=turret;"}
					{Position -28.8468	19.065	6.13885}
					{VolumeView "armor_turret10.ply"}
				}
				{bone "armor_turret11"
					{parameters "ID=turret;"}
					{Position -28.9354	-19.0354	6.13885}
					{VolumeView "armor_turret11.ply"}
				}
				{bone "armor_turret12"
					{parameters "ID=turret;"}
					{Position 18.1512	-18.3661	3.98333}
					{VolumeView "armor_turret12.ply"}
				}
				{bone "commander"
					{Position -6.09104	9.22779	-10.8137}
				}
				{bone "gunner"
					{Position 8.1037	7.50888	-13.623}
				}
				{bone "gunner2"
					{Position 8.1037	7.50888	-13.623}
				}				
				{bone "charger"
					{Matrix34
						0	1	0
						-1	0	0
						0	0	1
						0.0118718	-9.42565	-13.623
					}
				}
				{bone "fxfire2"
					{Position -4.2061	9.22773	11.4526}
				}
				{bone "visor1"
					{Position 29.5921	6.99543	7.3052}
				}
				{bone "smoke"
					{Matrix34
						0.5	0	0.866026
						0	1	0
						-0.866026	0	0.5
						3.1225	-12.4648	18.8503
					}
				}
				{bone "net_turret"
					{parameters "ID=turret;"}
					{Position 17.8184	3.04715	10.2944}
					{VolumeView "net_turret.ply"}
				}
				{bone "antenna"
					{parameters "ID=turret;"}
					{Position -18.5221	8.82015	18.9931}
					{VolumeView "antenna.ply"}
					{bone "point001"
						{Matrix34
							1	0	0
							0	0	1
							0	-1	0
							-0.00704193	-0.00124931	0.166542
						}
					}
					{bone "point002"
						{Matrix34
							1	0	0
							0	0	1
							0	-1	0
							-0.0325127	-0.00124931	4.70289
						}
					}
					{bone "point003"
						{Matrix34
							1	0	0
							0	0	1
							0	-1	0
							0.0282593	-0.00124931	10.023
						}
					}
					{bone "point004"
						{Matrix34
							1	0	0
							0	0	1
							0	-1	0
							-0.00604248	-0.00124931	14.7912
						}
					}
					{bone "point005"
						{Matrix34
							1	0	0
							0	0	1
							0	-1	0
							0.0168266	-0.00124931	19.5593
						}
					}
					{bone "point006"
						{Matrix34
							1	0	0
							0	0	1
							0	-1	0
							0.00539398	-0.00124931	24.2932
						}
					}
					{bone "point007"
						{Matrix34
							1	0	0
							0	0	1
							0	-1	0
							-0.00603867	-0.00124931	29.4844
						}
					}
					{bone "point008"
						{Matrix34
							1	0	0
							0	0	1
							0	-1	0
							-0.00151443	-0.00124931	34.2984
						}
					}
					{bone "point009"
						{Matrix34
							1	0	0
							0	0	1
							0	-1	0
							0.0168343	-0.00124931	39.5696
						}
					}
				}
			}
			{bone "decor1"
				{parameters "ID=body;"}
				{Position -63.9764	19.3898	9.15354}
				{VolumeView "decor1.ply"}
			}
			{bone "decor2"
				{parameters "ID=body;"}
				{Position -61.9291	19.3898	5.20669}
				{VolumeView "decor2.ply"}
			}
			{bone "decor3"
				{parameters "ID=body;"}
				{Position -54.5374	0.295275	-12.0768}
				{VolumeView "decor3.ply"}
			}
			{bone "decor4"
				{parameters "ID=body;"}
				{Position -51.3681	-16.1417	14.2421}
				{VolumeView "decor4.ply"}
			}
			{bone "decor5"
				{parameters "ID=body;"}
				{Position -50.8858	19.0846	13.189}
				{VolumeView "decor5.ply"}
			}
			{bone "decor6"
				{parameters "ID=body;"}
				{Position -48.4744	28.0413	8.32677}
				{VolumeView "decor6.ply"}
			}
			{bone "decor7"
				{parameters "ID=body;"}
				{Position -19.6063	28.7992	7.75591}
				{VolumeView "decor7.ply"}
			}
			{bone "decor8"
				{parameters "ID=body;"}
				{Position -21.2697	26.5846	11.2205}
				{VolumeView "decor8.ply"}
			}
			{bone "decor9"
				{parameters "ID=body;"}
				{Position 36.7224	23.061	13.4941}
				{VolumeView "decor9.ply"}
			}
			{bone "decor10"
				{parameters "ID=body;"}
				{Position 37.5689	27.126	10.1673}
				{VolumeView "decor10.ply"}
			}
			{bone "decor11"
				{parameters "ID=body;"}
				{Position -19.6063	-28.7795	7.75591}
				{VolumeView "decor11.ply"}
			}
			{bone "decor12"
				{parameters "ID=body;"}
				{Position 33.4252	-22.2539	13.5039}
				{VolumeView "decor12.ply"}
			}
			{bone "decor13"
				{parameters "ID=body;"}
				{Position -63.6614	-19.6752	8.01181}
				{VolumeView "decor13.ply"}
			}
			{bone "shieldl1"
				{parameters "ID=shieldL1;"}
				{Position 65.4232	27.6083	2.09646}
				{VolumeView "shieldl1.ply"}
			}
			{bone "shieldl2"
				{parameters "ID=shieldL2;"}
				{Position 48.1693	32.7953	2.01772}
				{VolumeView "shieldl2.ply"}
			}
			{bone "shieldl3"
				{parameters "ID=shieldL3;"}
				{Position 24.9705	33.1398	1.52559}
				{VolumeView "shieldl3.ply"}
			}
			{bone "shieldl4"
				{parameters "ID=shieldL4;"}
				{Position -0.0688972	33.0217	0.688976}
				{VolumeView "shieldl4.ply"}
			}
			{bone "shieldl5"
				{parameters "ID=shieldL5;"}
				{Position -25.2362	33.4941	-0.0984268}
				{VolumeView "shieldl5.ply"}
			}
			{bone "shieldl6"
				{parameters "ID=shieldL6;"}
				{Position -49.9803	33.6614	-0.787403}
				{VolumeView "shieldl6.ply"}
			}
			{bone "shieldl7"
				{parameters "ID=shieldL7;"}
				{Position -62.6575	27.7756	-3.23819}
				{VolumeView "shieldl7.ply"}
			}
			{bone "shieldr1"
				{parameters "ID=shieldR1;"}
				{Position 65.4232	-27.5984	2.07677}
				{VolumeView "shieldr1.ply"}
			}
			{bone "shieldr2"
				{parameters "ID=shieldR2;"}
				{Position 48.1398	-32.9724	1.95866}
				{VolumeView "shieldr2.ply"}
			}
			{bone "shieldr3"
				{parameters "ID=shieldR3;"}
				{Position 24.7736	-33.2579	1.47638}
				{VolumeView "shieldr3.ply"}
			}
			{bone "shieldr4"
				{parameters "ID=shieldR4;"}
				{Position -0.0492134	-33.0807	0.521652}
				{VolumeView "shieldr4.ply"}
			}
			{bone "shieldr5"
				{parameters "ID=shieldR5;"}
				{Position -25.0689	-33.7992	0.0590553}
				{VolumeView "shieldr5.ply"}
			}
			{bone "shieldr6"
				{parameters "ID=shieldR6;"}
				{Position -50.0098	-33.7402	-0.797245}
				{VolumeView "shieldr6.ply"}
			}
			{bone "shieldr7"
				{parameters "ID=shieldR7;"}
				{Position -62.687	-27.7165	-3.27756}
				{VolumeView "shieldr7.ply"}
			}
			{bone revolute "mgun_turret"
				{parameters "ID=mgun1;"}
				{limits -10 10}
				{speed 0.015}
				{Position 56.2303	-11.7717	7.874}
				{bone revolute "mgun_rot"
					{parameters "ID=mgun1;"}
					{limits -10 10}
					{speed 0.015}
					{Orientation
						1	0	0
						0	0	1
						0	-1	0
					}
					{bone "mgun_base"
						{parameters "ID=body;"}
						{Matrix34
							1	0	0
							0	0	-1
							0	1	0
							0.846458	-0.00983238	-1.33514e-05
						}
						{VolumeView "mgun_base.ply"}
						{bone "mgun1"
							{parameters "ID=body;"}
							{Position -3.67126	0.492126	-0.196854}
							{VolumeView "mgun1.ply"}
							{bone "foresight4"
								{Position 11.3558	-0.963968	0.32476}
							}
						}
					}
				}
			}
			{bone "body_inside"
				{parameters "ID=body;"}
				{Position 2.8937	0.127952	-1.06299}
				{VolumeView "body_inside.ply"}
			}
			{bone "body_stuff"
				{parameters "ID=body;"}
				{Position 1.55512	0.0787395	2.37205}
				{VolumeView "body_stuff.ply"}
			}
			{bone "cover1"
				{parameters "ID=body;"}
				{Matrix34
					0	0	1
					0	1	0
					-1	0	0
					41.6554	15.6693	13.7598
				}
				{VolumeView "cover1.ply"}
			}
			{bone "cover2"
				{parameters "ID=body;"}
				{Matrix34
					0	0	1
					0	1	0
					-1	0	0
					41.2582	-15.8856	13.6417
				}
				{VolumeView "cover2.ply"}
			}
			{bone "light_b"
				{parameters "ID=body;"}
				{Position 60.1083	-0.00984347	10.6988}
				{VolumeView "light_b.ply"}
				{bone "headlightl"
					{Position 1.8143	0.0107336	-0.0062027}
				}
			}
			{bone "engine"
				{parameters "ID=engine;"}
				{Position -39.4291	6.99803	-0.462597}
				{VolumeView "engine.ply"}
				{bone "engine_cover"
					{parameters "ID=engine;"}
					{Position 0.472443	-14.4701	13.854}
					{VolumeView "engine_cover.ply"}
				}
				{bone "engine_cover2"
					{parameters "ID=engine;"}
					{Position 1.79795	-7.07677	14.0354}
					{VolumeView "engine_cover2.ply"}
				}
			}
			{bone revolute "wheelr1"
				{parameters "ID=trackright;"}
				{Matrix34
					-1	0	0
					0	0	1
					0	1	0
					59.439	-25.9057	-6.62402
				}
				{VolumeView "wheelr1.ply"}
			}
			{bone revolute "wheelr11"
				{parameters "ID=trackright;Radius=0.5;"}
				{Matrix34
					-1	0	0
					0	0	1
					0	1	0
					-49.0551	-25.0913	-11.1909
				}
				{VolumeView "wheelr11.ply"}
			}
			{bone revolute "wheell1"
				{parameters "ID=trackleft;"}
				{Matrix34
					-1	0	0
					0	0	1
					0	1	0
					59.439	25.9252	-6.62402
				}
				{VolumeView "wheell1.ply"}
			}
			{bone revolute "wheell11"
				{parameters "ID=trackleft;Radius=0.5;"}
				{Matrix34
					-1	0	0
					0	0	1
					0	1	0
					-49.0551	25.0825	-11.1909
				}
				{VolumeView "wheell11.ply"}
			}
			{bone "charger2"
				{Matrix34
					0.866025	0	0.5
					0	1	0
					-0.5	0	0.866025
					50.8979	-9.58681	-12.6589
				}
			}
			{bone "driver"
				{Matrix34
					0.866025	0	0.5
					0	1	0
					-0.5	0	0.866025
					50.8979	9.62597	-12.6589
				}
			}
			{bone "fxstop1"
				{Matrix34
					-1	0	0
					0	-1	0
					0	0	1
					-53.7924	15.373	-10.7093
				}
			}
			{bone "fxsmoke1"
				{Matrix34
					-0.965926	0	0.258819
					0	-1	0
					0.258819	0	0.965926
					-74.746	-7.48035	13.7322
				}
			}
			{bone "fxsmoke2"
				{Matrix34
					-0.965926	0	0.258819
					0	-1	0
					0.258819	0	0.965926
					-74.746	7.49108	13.7322
				}
			}
			{bone "fxfire1"
				{Position -42.7374	17.5209	8.11232}
			}
			{bone "visor2"
				{Position 48.7752	9.4797	13.9017}
			}
			{bone "antenna2"
				{parameters "ID=body;"}
				{Position -50.752	-23.0268	13.6814}
				{VolumeView "antenna2.ply"}
				{bone "point016"
					{Matrix34
						1	0	0
						0	0	1
						0	-1	0
						0.00233459	-0.00472069	32.4148
					}
				}
				{bone "point015"
					{Matrix34
						1	0	0
						0	0	1
						0	-1	0
						0.00233459	-0.00472069	27.3621
					}
				}
				{bone "point014"
					{Matrix34
						1	0	0
						0	0	1
						0	-1	0
						0.00233459	-0.00472069	22.38
					}
				}
				{bone "point013"
					{Matrix34
						1	0	0
						0	0	1
						0	-1	0
						0.00233459	-0.00472069	17.3962
					}
				}
				{bone "point012"
					{Matrix34
						1	0	0
						0	0	1
						0	-1	0
						0.00233459	-0.00472069	12.4083
					}
				}
				{bone "point011"
					{Matrix34
						1	0	0
						0	0	1
						0	-1	0
						0.00233459	-0.00472069	7.41657
					}
				}
				{bone "point010"
					{Matrix34
						1	0	0
						0	0	1
						0	-1	0
						0.00233459	-0.0047226	0.00347137
					}
				}
			}
			{bone "flag_rope"
				{parameters "ID=body;"}
				{Position -53.1148	0.199448	11.0253}
				{VolumeView "flag_rope.ply"}
				{bone "flag"
					{parameters "ID=body;"}
					{Position -1.17857	-1.00688	2.97263}
					{VolumeView "flag.ply"}
				}
			}
			{bone "rope1"
				{parameters "ID=body;"}
				{Position 10.0839	-30.4313	7.26241}
				{VolumeView "rope1.ply"}
				{bone "wood1"
					{parameters "ID=body;"}
					{Position 6.73493	-1.66418	0.286926}
					{VolumeView "wood1.ply"}
				}
			}
			{bone "rope2"
				{parameters "ID=body;"}
				{Position 6.40911	30.5424	7.13168}
				{VolumeView "rope2.ply"}
				{bone "wood2"
					{parameters "ID=body;"}
					{Position 10.4097	1.25685	0.417652}
					{VolumeView "wood2.ply"}
				}
			}
		}
		{bone "wheelsl"
			{parameters "ID=trackleft;"}
			{Position -2.1539	20.0492	10.9978}
			{VolumeView "wheelsl.ply"}
			{bone "trackl"
				{parameters "ID=trackleft;"}
				{Position 4.55548	7.64762	2.5438}
				{VolumeView "trackl.ply"}
			}
			{bone revolute "wheell2"
				{parameters "ID=trackleft;"}
				{Matrix34
					-1	0	0
					0	0	1
					0	1	0
					42.5	6.6437	-1.43701
				}
				{VolumeView "wheell2.ply"}
			}
			{bone revolute "wheell3"
				{parameters "ID=trackleft;"}
				{Matrix34
					-1	0	0
					0	0	1
					0	1	0
					32.3524	6.23031	-1.76415
				}
				{VolumeView "wheell3.ply"}
			}
			{bone revolute "wheell4"
				{parameters "ID=trackleft;"}
				{Matrix34
					-1	0	0
					0	0	1
					0	1	0
					22.1752	6.6437	-1.43701
				}
				{VolumeView "wheell4.ply"}
			}
			{bone revolute "wheell5"
				{parameters "ID=trackleft;"}
				{Matrix34
					-1	0	0
					0	0	1
					0	1	0
					12.0374	6.23031	-1.80252
				}
				{VolumeView "wheell5.ply"}
			}
			{bone revolute "wheell6"
				{parameters "ID=trackleft;"}
				{Matrix34
					-1	0	0
					0	0	1
					0	1	0
					1.84055	6.6437	-1.43701
				}
				{VolumeView "wheell6.ply"}
			}
			{bone revolute "wheell7"
				{parameters "ID=trackleft;"}
				{Matrix34
					-1	0	0
					0	0	1
					0	1	0
					-8.27756	6.23031	-1.72758
				}
				{VolumeView "wheell7.ply"}
			}
			{bone revolute "wheell8"
				{parameters "ID=trackleft;"}
				{Matrix34
					-1	0	0
					0	0	1
					0	1	0
					-18.4843	6.6437	-1.42717
				}
				{VolumeView "wheell8.ply"}
			}
			{bone revolute "wheell9"
				{parameters "ID=trackleft;"}
				{Matrix34
					-1	0	0
					0	0	1
					0	1	0
					-28.622	6.23031	-1.80288
				}
				{VolumeView "wheell9.ply"}
			}
			{bone revolute "wheell10"
				{parameters "ID=trackleft;"}
				{Matrix34
					-1	0	0
					0	0	1
					0	1	0
					-38.8091	6.6437	-1.43701
				}
				{VolumeView "wheell10.ply"}
			}
			{bone "fxtracel2"
				{Position -39.5787	7.64762	-10.9978}
			}
			{bone "fxtracel1"
				{Position 47.2441	7.64762	6.6325}
			}
		}
		{bone "wheelsr"
			{parameters "ID=trackright;"}
			{Position 4.44059	-20.1575	11.0963}
			{VolumeView "wheelsr.ply"}
			{bone "trackr"
				{parameters "ID=trackright;"}
				{Position -2.03901	-7.53938	2.44537}
				{VolumeView "trackr.ply"}
			}
			{bone revolute "wheelr2"
				{parameters "ID=trackright;"}
				{Matrix34
					-1	0	0
					0	0	1
					0	1	0
					35.9055	-6.61417	-1.53543
				}
				{VolumeView "wheelr2.ply"}
			}
			{bone revolute "wheelr3"
				{parameters "ID=trackright;"}
				{Matrix34
					-1	0	0
					0	0	1
					0	1	0
					25.7579	-6.22047	-1.86257
				}
				{VolumeView "wheelr3.ply"}
			}
			{bone revolute "wheelr4"
				{parameters "ID=trackright;"}
				{Matrix34
					-1	0	0
					0	0	1
					0	1	0
					15.5807	-6.61417	-1.53543
				}
				{VolumeView "wheelr4.ply"}
			}
			{bone revolute "wheelr5"
				{parameters "ID=trackright;"}
				{Matrix34
					-1	0	0
					0	0	1
					0	1	0
					5.44291	-6.22047	-1.90095
				}
				{VolumeView "wheelr5.ply"}
			}
			{bone revolute "wheelr6"
				{parameters "ID=trackright;"}
				{Matrix34
					-1	0	0
					0	0	1
					0	1	0
					-4.75394	-6.61417	-1.53543
				}
				{VolumeView "wheelr6.ply"}
			}
			{bone revolute "wheelr7"
				{parameters "ID=trackright;"}
				{Matrix34
					-1	0	0
					0	0	1
					0	1	0
					-14.872	-6.22047	-1.82601
				}
				{VolumeView "wheelr7.ply"}
			}
			{bone revolute "wheelr8"
				{parameters "ID=trackright;"}
				{Matrix34
					-1	0	0
					0	0	1
					0	1	0
					-25.0787	-6.61417	-1.53543
				}
				{VolumeView "wheelr8.ply"}
			}
			{bone revolute "wheelr9"
				{parameters "ID=trackright;"}
				{Matrix34
					-1	0	0
					0	0	1
					0	1	0
					-35.2067	-6.22047	-1.90131
				}
				{VolumeView "wheelr9.ply"}
			}
			{bone revolute "wheelr10"
				{parameters "ID=trackright;"}
				{Matrix34
					-1	0	0
					0	0	1
					0	1	0
					-45.4035	-6.61417	-1.53543
				}
				{VolumeView "wheelr10.ply"}
			}
			{bone "fxtracer2"
				{Position -46.1731	-7.53938	-11.0963}
			}
			{bone "fxtracer1"
				{Position 40.6496	-7.53938	6.53408}
			}
		}
		{bone "right_fire_monitor"
			{Matrix34
				0	1	0
				-1	0	0
				0	0	1
				0	-34.4488	34.4488
			}
		}
		{bone "left_fire_monitor"
			{Matrix34
				0	-1	0
				1	0	0
				0	0	1
				0	34.4488	34.4488
			}
		}
		{bone "back_fire_monitor"
			{Position -39.3701	0	34.4488}
		}
		{bone "front_fire_monitor"
			{Position 39.3701	0	34.4488}
		}
		{bone "emit2"
			{Position -94.4725	0	0}
		}
		{bone "emit1"
			{Matrix34
				0	1	0
				-1	0	0
				0	0	1
				36.1758	-48.1299	0
			}
		}
		{bone "emit0"
			{Matrix34
				0	-1	0
				1	0	0
				0	0	1
				36.1758	48.1375	0
			}
		}
	}
}
{Volume "armor_turret10"
	{Box 16.4329 7.91659 1.37795}
	{Bone "turret"}
	{Matrix34
		0.956264	0.292463	-0.00493187
		0.104931	-0.327258	0.939091
		0.273035	-0.898537	-0.343633
		-28.7879	19.2995	6.11589
	}
}
{Volume "armor_turret11"
	{Box 17.0481 7.46383 1.37795}
	{Bone "turret"}
	{Matrix34
		0.955906	-0.293584	-0.00719684
		0.104947	0.318614	0.942057
		-0.274279	-0.901274	0.335376
		-28.5856	-19.3587	6.2306
	}
}
{Volume "armor_turret12"
	{Box 16.0605 1.37795 7.99151}
	{Bone "turret"}
	{Matrix34
		0.90767	0.419279	-0.0184585
		-0.404784	0.862979	-0.302352
		-0.110841	0.281907	0.953018
		18.2924	-18.5785	3.8195
	}
}
{Volume "armor_turret1"
	{Box 16.8084 14.0846 1.37795}
	{Bone "turret"}
	{Matrix34
		0.907044	-0.417294	-0.0560149
		-0.218907	-0.581047	0.783878
		-0.359655	-0.698749	-0.618384
		17.5121	17.2846	11.2861
	}
}
{Volume "armor_turret2"
	{Box 16.5137 21.0735 1.37795}
	{Bone "turret"}
	{Matrix34
		0.975173	-0.221446	-0.000596916
		-0.0751918	-0.333653	0.939692
		-0.20829	-0.916318	-0.34202
		3.17031	22.4172	10.9915
	}
}
{Volume "armor_turret3"
	{Box 17.1329 21.1193 1.37795}
	{Bone "turret"}
	{Matrix34
		0.984808	0.173648	0
		0.0461133	-0.261522	0.964096
		0.167413	-0.949449	-0.265556
		-13.1596	22.0016	10.9057
	}
}
{Volume "armor_turret4"
	{Box 16.7088 20.7979 1.37795}
	{Bone "turret"}
	{Matrix34
		0.973876	-0.226859	0.0099848
		0.0677026	0.332047	0.94083
		-0.216751	-0.915576	0.338732
		-12.7397	-21.8703	11.4454
	}
}
{Volume "armor_turret5"
	{Box 16.1187 21.2088 1.37795}
	{Bone "turret"}
	{Matrix34
		0.984808	0.163176	-0.0593912
		0.00484851	0.316048	0.948731
		0.173581	-0.934606	0.310455
		3.12523	-21.8453	10.7874
	}
}
{Volume "armor_turret6"
	{Box 17.0481 7.46383 1.37795}
	{Bone "turret"}
	{Matrix34
		0.954465	-0.298275	-0.00537214
		0.110703	0.337409	0.934826
		-0.277022	-0.892854	0.355065
		-27.793	-16.8877	13.2308
	}
}
{Volume "armor_turret7"
	{Box 16.4329 7.91659 1.37795}
	{Bone "turret"}
	{Matrix34
		0.954825	0.297151	-0.00309825
		0.106835	-0.333523	0.936669
		0.277299	-0.894686	-0.350202
		-28.0085	16.8799	13.0367
	}
}
{Volume "armor_turret8"
	{Box 16.0605 1.37795 7.99151}
	{Bone "turret"}
	{Matrix34
		0.90767	0.419279	-0.0184585
		-0.404784	0.862979	-0.302352
		-0.110841	0.281907	0.953018
		17.357	-16.2866	11.332
	}
}
{Volume "armor_turret9"
	{Box 16.1151 8.48162 1.37795}
	{Bone "turret"}
	{Matrix34
		0.907777	-0.419452	0
		-0.117726	-0.254783	0.959805
		-0.402592	-0.87129	-0.280667
		18.273	18.839	3.89791
	}
}
{Volume "body1"
	{Polyhedron "body1.vol"}
	{Bone "body"}
	{Position -2.45447	0.0196684	6.10779}
}
{Volume "body2"
	{Polyhedron "body2.vol"}
	{Bone "body"}
	{Position 5.68021	0.0196717	-4.96574}
}
{Volume "engine"
	{Box 28.1337 22.8066 20.476}
	{Bone "engine"}
	{Position 0.590157	-6.97836	1.23441}
}
{Volume "gun"
	{Box 3.93701 3.93701 118.11}
	{Bone "gun_rot"}
	{Matrix34
		0	0	1
		0	1	0
		-1	0	0
		38.1923	-0.237349	-0.422813
	}
}
{Volume "mantlet"
	{Polyhedron "mantlet.vol"}
	{Bone "gun_rot"}
	{Matrix34
		1	0	0
		0	0	-1
		0	1	0
		2.44329	-0.220078	-0.03804
	}
}
{Volume "shieldl1"
	{Box 12.2675 10.9984 1.79782}
	{Bone "shieldl1"}
	{Matrix34
		0.939693	0	-0.34202
		0	1	0
		0.34202	0	0.939693
		-0.571617	-3.61222	1.81838
	}
}
{Volume "shieldl2"
	{Polyhedron "shieldl2.vol"}
	{Bone "shieldl2"}
	{Position 0.0246048	1.35826	-0.388939}
}
{Volume "shieldl3"
	{Polyhedron "shieldl3.vol"}
	{Bone "shieldl3"}
	{Position 0.317474	0.89566	-0.937241}
}
{Volume "shieldl4"
	{Polyhedron "shieldl4.vol"}
	{Bone "shieldl4"}
	{Position 0.0617156	1.42715	-1.22043}
}
{Volume "shieldl5"
	{Polyhedron "shieldl5.vol"}
	{Bone "shieldl5"}
	{Position 0.594784	0.856293	-1.03429}
}
{Volume "shieldl6"
	{Polyhedron "shieldl6.vol"}
	{Bone "shieldl6"}
	{Position 0.929115	1.00393	-0.87162}
}
{Volume "shieldl7"
	{Box 13.1734 10.6303 1.55274}
	{Bone "shieldl7"}
	{Matrix34
		0	-1	0
		0.766044	0	0.642788
		-0.642788	0	0.766044
		0.181792	-2.20473	-0.940155
	}
}
{Volume "shieldr1"
	{Box 12.2675 10.9984 1.79782}
	{Bone "shieldr1"}
	{Matrix34
		0.939693	0	-0.34202
		0	1	0
		0.34202	0	0.939693
		-0.571617	3.63381	1.83806
	}
}
{Volume "shieldr2"
	{Polyhedron "shieldr2.vol"}
	{Bone "shieldr2"}
	{Position 0.0541306	-1.13271	-0.329407}
}
{Volume "shieldr3"
	{Polyhedron "shieldr3.vol"}
	{Bone "shieldr3"}
	{Position 0.51432	-0.741554	-0.887634}
}
{Volume "shieldr4"
	{Polyhedron "shieldr4.vol"}
	{Bone "shieldr4"}
	{Position 0.0420318	-1.3382	-1.05268}
}
{Volume "shieldr5"
	{Polyhedron "shieldr5.vol"}
	{Bone "shieldr5"}
	{Position 0.42746	-0.514236	-1.19141}
}
{Volume "shieldr6"
	{Polyhedron "shieldr6.vol"}
	{Bone "shieldr6"}
	{Position 0.958641	-0.887726	-0.711426}
}
{Volume "shieldr7"
	{Box 13.1734 10.6303 1.55274}
	{Bone "shieldr7"}
	{Matrix34
		0	-1	0
		0.766044	0	0.642788
		-0.642788	0	0.766044
		0.211318	2.18938	-0.900787
	}
}
{Volume "trackleft"
	{Polyhedron "trackleft.vol"}
	{Bone "trackl"}
	{Position -8.01086e-05	0.0590553	0.000152588}
}
{Volume "trackright"
	{Polyhedron "trackright.vol"}
	{Bone "trackr"}
	{Position -8.05855e-05	-0.0618057	0.000160217}
}
{Volume "turret1"
	{Polyhedron "turret1.vol"}
	{Bone "turret"}
}
{Volume "turret2"
	{Polyhedron "turret2.vol"}
	{Bone "turret"}
}
{Volume "turret3"
	{Polyhedron "turret3.vol"}
	{Bone "turret"}
	{Position -4.16434	9.07126	20.1305}
}
{Volume "turret4"
	{Polyhedron "turret4.vol"}
	{Bone "turret"}
	{Position -19.5664	0.0221896	1.26492}
}
{Volume "wood1"
	{Cylinder 2.97408 74.0988}
	{Bone "wood1"}
	{Matrix34
		0	-1	0
		-0.0510296	0	0.998697
		-0.998697	0	-0.0510297
		0.0291481	0.130199	-0.151295
	}
}
{Volume "wood2"
	{Cylinder 2.97408 74.0988}
	{Bone "wood2"}
	{Matrix34
		0	-1	0
		-0.0510296	0	0.998697
		-0.998697	0	-0.0510297
		0.0291481	0.0793741	-0.151295
	}
}
