;Exported by: sana
;Date:        Fri Apr 07 10:29:51 2006
;File:        D:\-Project-\-3DWork-\Entourage\build_euro\build-20_cut02.max
{Skeleton
	{bone "b_euro_corn22"
		{Orientation
			1	0	0
			0	-1	0
			0	0	1
		}
		{VolumeView "b_euro_corn22.ply"}
		{bone "fix26"
			{Position -22.8702	2.3465	90.2007}
		}
		{bone "fix27"
			{Position 36.0125	2.97635	106.456}
		}
	}
}
{Volume "body1"
	{Box 41.2956 26.8179 10.2878}
	{Bone "b_euro_corn22"}
	{Matrix34
		-1	0	0
		0	0	1
		0	1	0
		7.30534	-0.237718	142.148
	}
}
{Volume "body2"
	{Box 51.6195 24.1361 10.2878}
	{Bone "b_euro_corn22"}
	{Matrix34
		-0.777995	0	-0.628271
		-0.628271	0	0.777995
		0	1	0
		-4.27735	-0.237718	119.03
	}
}
{Volume "body"
	{Box 29.4969 20.4717 5.50315}
	{Bone "b_euro_corn22"}
	{Matrix34
		-1	0	0
		0	0	1
		0	1	0
		6.88303	0.0527067	163.028
	}
}
{Volume "roof1"
	{Box 78.355 21.3182 3.93701}
	{Bone "b_euro_corn22"}
	{Matrix34
		0	1	0
		-0.784517	0	-0.620108
		-0.620108	0	0.784517
		0.286473	-34.3144	137.29
	}
}
{Volume "roof2"
	{Box 51.7568 33.0432 3.93701}
	{Bone "b_euro_corn22"}
	{Matrix34
		0	1	0
		-0.784517	0	-0.620108
		-0.620108	0	0.784517
		-19.2917	-21.5295	121.824
	}
}
{Volume "roof"
	{Box 68.4442 33.3096 3.93701}
	{Bone "b_euro_corn22"}
	{Matrix34
		0	1	0
		-0.789146	0	0.614206
		0.614206	0	0.789146
		19.8563	-29.7304	133.572
	}
}
