;Exported by: klimenko
;Date:        Thu Mar 29 18:31:27 2007
;File:        D:\-Project-\-3DWork-\idustrial\admin_plant_3x.max
{Skeleton
	{bone "corner5"
		{Orientation
			1	0	0
			0	-1	0
			0	0	1
		}
		{VolumeView "corner5.ply"}
		{bone "piece01"
			{Position 35.0754	18.0125	68.0937}
			{VolumeView "piece01.ply"}
		}
		{bone "piece02"
			{Position -5.43243	8.95284	72.3425}
			{VolumeView "piece02.ply"}
		}
		{bone "piece03"
			{Position -28.8561	-16.3622	72.3425}
			{VolumeView "piece03.ply"}
		}
		{bone "piece04"
			{Position 20.6128	-16.8409	72.3425}
			{VolumeView "piece04.ply"}
		}
		{bone "piece05"
			{Position 35.0754	24.6282	42.3855}
			{VolumeView "piece05.ply"}
		}
		{bone "piece06"
			{Position -40.5194	-35.9807	70.7071}
			{VolumeView "piece06.ply"}
		}
		{bone "piece07"
			{Position 35.0755	-12.1748	67.7006}
			{VolumeView "piece07.ply"}
		}
		{bone "piece08"
			{Position 0.716919	-35.9807	63.2528}
			{VolumeView "piece08.ply"}
		}
		{bone "piece09"
			{Position 26.2665	-35.9807	47.9501}
			{VolumeView "piece09.ply"}
		}
		{bone "piece10"
			{Position 46.7294	-37.7896	42.4485}
			{VolumeView "piece10.ply"}
		}
		{bone "piece11"
			{Position 35.0754	-24.8233	31.402}
			{VolumeView "piece11.ply"}
		}
		{bone "piece12"
			{Position 29.4637	-35.9806	19.8894}
			{VolumeView "piece12.ply"}
		}
		{bone "piece13"
			{Position -13.0905	-35.9806	28.9594}
			{VolumeView "piece13.ply"}
		}
		{bone "piece14"
			{Position 4.57428	-34.6705	39.2787}
			{VolumeView "piece14.ply"}
		}
		{bone "piece15"
			{Position 36.8608	-4.96306	35.3026}
			{VolumeView "piece15.ply"}
		}
	}
}
{Volume "piece01"
	{Box 6.9762 20.6342 24.1308}
	{Bone "piece01"}
	{Position 6.01104e-005	0	0}
}
{Volume "piece02"
	{Box 33.2443 28.9664 5.60028}
	{Bone "piece02"}
	{Matrix34
		1	0	0
		0	0.970774	-0.239996
		0	0.239996	0.970774
		0	-0.595948	1.01525
	}
}
{Volume "piece03"
	{Box 31.2598 32.3471 6.30969}
	{Bone "piece03"}
	{Matrix34
		0.938521	0	-0.345222
		0	1	0
		0.345222	0	0.938521
		-1.56728	0	0.876092
	}
}
{Volume "piece04"
	{Box 27.1513 35.036 7.93024}
	{Bone "piece04"}
	{Position 0	0	0}
}
{Volume "piece05"
	{Box 6.84641 20.4749 22.6476}
	{Bone "piece05"}
	{Position 0	0	0}
}
{Volume "piece06"
	{Box 25.7413 4.92111 19.5446}
	{Bone "piece06"}
	{Matrix34
		0.998788	-0.0492224	0
		0.047975	0.973476	0.223701
		-0.0110111	-0.22343	0.974658
		0	1.12665e-005	0
	}
}
{Volume "piece07"
	{Box 8.90872 21.3019 25.7956}
	{Bone "piece07"}
}
{Volume "piece08"
	{Box 28.423 5.09061 18.6187}
	{Bone "piece08"}
	{Matrix34
		1	0	0
		0	0.975445	-0.220243
		0	0.220243	0.975445
		0	-0.063406	-0.280851
	}
}
{Volume "piece09"
	{Box 17.064 6.81583 22.2981}
	{Bone "piece09"}
	{Position -6.10352e-005	0	0}
}
{Volume "piece10"
	{Box 15.981 8.79522 65.8238}
	{Bone "piece10"}
	{Position 0	0	0}
}
{Volume "piece11"
	{Box 4.92126 13.7085 22.2473}
	{Bone "piece11"}
	{Position 0	0	0}
}
{Volume "piece12"
	{Box 16.1448 6.79303 22.0374}
	{Bone "piece12"}
	{Position 0	1.54731e-005	0}
}
{Volume "piece13"
	{Box 10.8579 5.81496 19.1263}
	{Bone "piece13"}
	{Position 0	0	0}
}
{Volume "piece14"
	{Box 24.0446 3.33688 4.67422}
	{Bone "piece14"}
	{Position 0	0	12.1954}
}
{Volume "piece15"
	{Box 3.12599 3.8369 35.4477}
	{Bone "piece15"}
	{Matrix34
		0.984625	0.17468	0
		-0.17468	0.984625	0
		0	0	1
		-2.24687	12.0032	0
	}
}
