;Exported by: kolesnikov
;Date:        Thu Sep 22 10:29:31 2005
;File:        D:\-Project-\-3DWork-\Constructions\12.max
{Skeleton
	{bone "dok_build3_c4_x"
		{Orientation
			1	0	0
			0	-1	0
			0	0	1
		}
		{bone "piece6"
			{Matrix34
				1	0	0
				0	1	0
				0	0	1
				-43.9462	-35.8055	17.6152
			}
			{VolumeView "piece6.ply"}
		}
		{bone "piece9"
			{Matrix34
				1	0	0
				0	1	0
				0	0	1
				-22.7237	-35.8058	62.7476
			}
			{VolumeView "piece9.ply"}
		}
		{bone "piece8"
			{Matrix34
				1	0	0
				0	1	0
				0	0	1
				8.69641	-35.7397	65.4621
			}
			{VolumeView "piece8.ply"}
		}
		{bone "piece7"
			{Matrix34
				1	0	0
				0	1	0
				0	0	1
				34.101	-35.4125	59.3918
			}
			{VolumeView "piece7.ply"}
		}
		{bone "piece10"
			{Matrix34
				1	0	0
				0	1	0
				0	0	1
				41.5203	-37.437	30.3006
			}
			{VolumeView "piece10.ply"}
		}
		{bone "piece5"
			{Matrix34
				1	0	0
				0	1	0
				0	0	1
				53.429	-15.426	15.5375
			}
			{VolumeView "piece5.ply"}
		}
		{bone "piece4"
			{Matrix34
				1	0	0
				0	1	0
				0	0	1
				53.8613	-7.76147	47.9571
			}
			{VolumeView "piece4.ply"}
		}
		{bone "piece3"
			{Matrix34
				1	0	0
				0	1	0
				0	0	1
				53.0168	17.7798	21.7549
			}
			{VolumeView "piece3.ply"}
		}
		{bone "piece2"
			{Matrix34
				1	0	0
				0	1	0
				0	0	1
				53.4293	13.7478	74.7571
			}
			{VolumeView "piece2.ply"}
		}
		{bone "piece1"
			{Matrix34
				1	0	0
				0	1	0
				0	0	1
				13.295	-36.2929	24.2895
			}
			{VolumeView "piece1.ply"}
		}
	}
}
{Volume "body448"
	{Box 30.0347 1.57467 49.327}
	{Bone "piece1"}
	{Matrix34
		-1	0	0
		0	-1	0
		0	0	1
		-0.0108525	-0.219776	0.373987
	}
}
{Volume "body356"
	{Box 22.8655 5.42991 21.1565}
	{Bone "piece2"}
	{Matrix34
		0	0.0871557	-0.996195
		-1	0	0
		0	0.996195	0.0871557
		-0.44287	0.997301	-1.04006
	}
}
{Volume "body361"
	{Box 20.6946 5.42991 20.0974}
	{Bone "piece3"}
	{Matrix34
		0	0.34202	-0.939693
		-1	0	0
		0	0.939693	0.34202
		-0.0304079	1.43351	-1.70911
	}
}
{Volume "body360"
	{Box 26.2822 5.42991 24.3179}
	{Bone "piece4"}
	{Matrix34
		0	0.34202	-0.939693
		-1	0	0
		0	0.939693	0.34202
		-0.875242	0.412148	0.597974
	}
}
{Volume "body362"
	{Box 20.6946 5.42991 20.0974}
	{Bone "piece5"}
	{Matrix34
		0	0.866026	-0.5
		-1	0	0
		0	0.5	0.866026
		0.261365	0.761153	1.07862
	}
}
{Volume "body367"
	{Box 19.1218 5.42991 23.7149}
	{Bone "piece10"}
	{Matrix34
		-1	0	0
		0	-1	0
		0	0	1
		0.870946	1.77003	0.949353
	}
}
{Volume "body364"
	{Box 22.8583 5.42991 22.5292}
	{Bone "piece7"}
	{Matrix34
		-0.5	0	0.866026
		0	-1	0
		0.866026	0	0.5
		2.08182	-0.323855	1.24353
	}
}
{Volume "body365"
	{Box 22.8583 5.42991 19.1498}
	{Bone "piece8"}
	{Matrix34
		-0.984807	0	0.173648
		0	-1	0
		0.173648	0	0.984807
		-0.388991	0.00352719	-1.60247
	}
}
{Volume "body366"
	{Box 24.8336 5.42991 23.7149}
	{Bone "piece9"}
	{Matrix34
		-0.965926	0	-0.258819
		0	-1	0
		-0.258819	0	0.965926
		0.890158	0.138881	1.87337
	}
}
{Volume "body363"
	{Box 26.5794 5.42991 23.7149}
	{Bone "piece6"}
	{Matrix34
		-0.965926	0	-0.258819
		0	-1	0
		-0.258819	0	0.965926
		0.200946	0.138806	1.46369
	}
}
