;Exported by: Sergey
;Date:        Mon Aug 13 19:37:35 2012
;File:        D:\Documents\3dsmax\scenes\82mm_mortar_BM-37\82mm_mortar_bm37_xx.max
{Skeleton
	{bone "basis"
		{Orientation
			1	0	0
			0	-1	0
			0	0	1
		}
		{bone "part1"
			{parameters "CommonMesh;ID=body;"}
			{Matrix34
				0.946477	0	-0.322771
				0.00281669	-0.999962	0.0082595
				-0.322759	-0.00872657	-0.946441
				-19.043	0	0.729586
			}
			{VolumeView "part1.ply"}
		}
		{bone "part2"
			{parameters "CommonMesh;ID=gun;"}
			{Matrix34
				-0.00382725	0	0.999993
				0	1	0
				-0.999993	0	-0.00382725
				15.5415	-15.2533	0.750573
			}
			{VolumeView "part2.ply"}
		}
		{bone "part3"
			{Matrix34
				-0.0490845	-0.0028476	-0.998791
				-0.998545	0.0224807	0.0490084
				0.0223139	0.999743	-0.00394691
				17.1409	18.1585	0.509987
			}
			{VolumeView "part3.ply"}
		}
	}
}
{Volume "part1"
	{Box 10.4265 9.19428 3.12795}
	{Bone "part1"}
	{Matrix34
		0	-0.999962	-0.00872657
		-0.946477	-0.0028167	0.322759
		-0.322771	0.00825949	-0.946441
		0.00393635	-0.0463997	-1.08395
	}
}
{Volume "part2"
	{Box 5.02368 27.7724 3.34646}
	{Bone "part2"}
	{Matrix34
		0	1	0
		0.00382725	0	0.999993
		0.999993	0	-0.00382725
		0.394169	0.190712	10.4382
	}
}
{Volume "part3"
	{Box 23.1279 9.57343 2.36966}
	{Bone "part3"}
	{Matrix34
		-0.00284763	0.0224804	0.999743
		0.0490861	0.998545	-0.0223137
		-0.99879	0.04901	-0.00394697
		-0.549769	2.46958	-1.19323
	}
}
