;Exported by: kolesnikov
;Date:        Wed Dec 14 12:06:20 2005
;File:        D:\-Project-\-3DWork-\Monastery2_x.max
{Skeleton
	{bone "wall3_x"
		{Orientation
			1	0	0
			0	-1	0
			0	0	1
		}
		{bone "piece0"
			{Matrix34
				-1	0	0
				0	0	1
				0	1	0
				-33.3712	-0.0170288	21.0803
			}
			{VolumeView "piece0.ply"}
		}
		{bone "sub_piece1"
			{Matrix34
				-1	0	0
				0	0	1
				0	1	0
				-13.6939	-0.0170288	27.2506
			}
			{VolumeView "sub_piece1.ply"}
		}
		{bone "sub_piece0"
			{Matrix34
				-1	0	0
				0	0	1
				0	1	0
				-13.9423	-0.0170288	8.97771
			}
			{VolumeView "sub_piece0.ply"}
		}
		{bone "piece1"
			{Matrix34
				-1	0	0
				0	0	1
				0	1	0
				8.25379	-0.0170288	16.5463
			}
			{VolumeView "piece1.ply"}
		}
		{bone "sub_piece2"
			{Matrix34
				-1	0	0
				0	0	1
				0	1	0
				34.6199	-0.0170288	9.90149
			}
			{VolumeView "sub_piece2.ply"}
		}
	}
}
{Volume "piece0"
	{Box 19.0385 11.71 25.8806}
	{Bone "piece0"}
	{Matrix34
		-0.995119	-0.0986793	0
		0	0	1
		-0.0986793	0.995119	0
		-0.268923	-0.71682	0.0843728
	}
}
{Volume "piece1"
	{Box 20.5317 11.71 21.5008}
	{Bone "piece1"}
	{Matrix34
		-0.996383	0.0849715	0
		0	0	1
		0.0849715	0.996383	0
		0.793183	0.0562676	0.0843846
	}
}
{Volume "sub_piece0"
	{Box 11.7198 11.71 9.15775}
	{Bone "sub_piece0"}
	{Matrix34
		-0.94211	-0.335305	0
		0	0	1
		-0.335305	0.94211	0
		0.391778	-0.560783	0.0843756
	}
}
{Volume "sub_piece1"
	{Box 9.14593 11.71 10.9462}
	{Bone "sub_piece1"}
	{Matrix34
		-0.907317	0.420447	0
		0	0	1
		0.420447	0.907317	0
		0.545455	-0.761901	0.0843867
	}
}
{Volume "sub_piece2"
	{Box 15.8654 11.71 12.2103}
	{Bone "sub_piece2"}
	{Matrix34
		-0.989038	0.147661	0
		0	0	1
		0.147661	0.989038	0
		0.166181	0.0393776	0.0843939
	}
}
