;Exported by: garry
;Date:        Thu Aug 17 19:32:22 2006
;File:        D:\-Projects-\-3DWork-\Model\Авто-мото\willys\willysMB\WillysMB.max
{Skeleton
	{animation
		{sequence "stop" {speed 0.5}}
		{sequence "start" {speed 0.8}}
	}
	{bone "basis"
		{parameters "SteerMax=35;WheelRadius=0.46;"}
		{Orientation
			1	0	0
			0	-1	0
			0	0	1
		}
		{bone "fxsmoke1"
			{Matrix34
				-0.642788	-0.766044	0
				0.766044	-0.642788	0
				0	0	1
				11.2224	-10.0501	7.21964
			}
		}
		{bone "body"
			{parameters "ID=body;"}
			{animation
				{sequence "repair" {file "body_r.anm"} {speed 0.8}}
			}
			{Position 0.519174	0.497177	8.3095}
			{VolumeView "body.ply"}
			{bone "visor2"
				{Position 8.36817	8.07386	19.5406}
			}						
			{bone "driver"
				{Matrix34
					0.707105	0.707105	-0.00227676
					-0.707107	0.707107	0
					0.00160998	0.00160998	0.999997
					7.98237	-5.00045	3.99904
				}
			}
			{bone "commander"
				{Matrix34
					0	-0.999979	0.00644986
					1	0	0
					0	0.0064498	0.999979
					5.94979	6.30703	3.78006
				}
			}		
			{bone "fxfire1"
				{Matrix34
					0	0	1
					-1	0	0
					0	-1	0
					19.382	0.1007	4.53835
				}
			}
			{bone "engine"
				{parameters "ID=engine;"}
				{Position 0		0	0}				
			}			
			{bone "link2"
				{Matrix34
					-1	0.000626953	0
					-0.000626953	-1	0
					0	0	1
					-31.4724	0.122631	0.870848
				}
			}
			{bone revolute "mgunturret"
				{limits -20 20}
				{speed 0.7}
				{Matrix34					
					1	0	0
					0	-1	0
					0	0	-1
					18	3.700894	16.70
				}
				{bone "visor1"
					{Position 10	0	0}
				}			
				{bone revolute "mgun"
					{limits -20 20}
					{speed 0.7}
					{Matrix34					
						1	0	0
						0	0	-1
						0	1	0
						1.72929	-0.000894	-0.20157
					}
				}
			}
			{bone "headlightr"
                			{Matrix34
                    				1	0	0
                    				0	-1	0
                    				0	0	1
                    				27.5	-12.4	15
                			}
            			}
            			{bone "headlightl"
                			{Matrix34
                    				1	0	0
                    				0	-1	0
                    				0	0	1
                    				27.5	12.4	15
                			}
            			}
            			{bone "fxlight"
                			{Matrix34
                    				1	0	0
                    				0	-1	0
                    				0	0	1
                    				27.5	0	15
                			}
            			}
			{bone "fuel"
				{Position -2.52975	-0.0172813	-0.882582}
			}
		}
		{bone "pivot_back"
			{Matrix34
				-1	0	0
				0	0	1
				0	1	0
				-17.3323	1.04838	8.22774
			}			
			{bone "spring_l"
				{Matrix34
					-0.999847	0.0175168	0
					0	0	1
					0.0175169	0.999847	0
					0.0410637	-3.10237	11.6189
				}
				{bone "fxtracel2"
					{Matrix34
						-0.999808	-0.00872639	0.0175161
						0.0175168	0	0.999847
						-0.00872505	0.999962	0.000152523
						-2.11494	0.0838546	-4.24255
					}
				}
				{bone revolute "wheell2"
					{parameters "ID=wheelleft2;"}
					{Matrix34
						1	0	0
						0	0	-1
						0	1	0
						4.46592	2.83503	2.99654
					}
					{VolumeView "wheell2.ply"}
				}
			}
			{bone "spring_r"
				{Matrix34
					-0.999847	0.0175168	0
					0	0	1
					0.017517	0.999847	0
					0.0410639	-3.10236	-12.6773
				}
				{bone "fxtracer2"
					{Matrix34
						-0.999808	-0.00872639	0.0175162
						0.0175168	0	0.999847
						-0.00872505	0.999962	0.000152488
						-2.03227	-0.319527	-4.24399
					}
				}
				{bone revolute "wheelr2"
					{parameters "ID=wheelright2;"}
					{Matrix34
						0.999847	0	-0.0175169
						-0.0175168	0	-0.999847
						0	1	0
						4.46592	-2.83503	2.99654
					}
					{VolumeView "wheelr2.ply"}
				}
			}
		}
		{bone "pivot_front"
			{Matrix34
				-1	0	0
				0	0	1
				0	1	0
				24.6063	3.28789	8.56846
			}			
			{bone revolute "steer_l"
				{Matrix34
					0.999848	0.0174524	0
					0	0	1
					0.0174524	-0.999848	0
					0.875067	-2.81345	9.37941
				}
				{bone "fxtracel1"
					{Matrix34
						0.99981	-0.0087263	0.0174518
						0.0174523	0	-0.999848
						0.00872498	0.999962	0.000152657
						1.72753	0.0512566	4.39447
					}
				}
				{bone revolute "wheell1"
					{parameters "ID=wheelleft1;"}
					{Matrix34
						-1	0	0
						0	0	1
						0	1	0
						-1.60279	2.56673	-2.57459
					}
					{VolumeView "wheell1.ply"}
				}
			}
			{bone revolute "steer_r"
				{Matrix34
					1	0	0
					0	0	1
					0	-1	0
					0.875071	-2.81344	-14.9168
				}
				{bone "fxtracer1"
					{Matrix34
						0.999962	-0.00872591	9.5517e-005
						0	-0.0109257	-0.99994
						0.00872644	0.999902	-0.0109254
						2.31827	-0.279973	4.33592
					}
				}
				{bone revolute "wheelr1"
					{parameters "ID=wheelright1;"}
					{Matrix34
						-1	0	0
						0	0	1
						0	1	0
						-1.60279	-2.56673	-2.57459
					}
					{VolumeView "wheelr1.ply"}
				}
			}
		}
		{bone "emit2"
			{Matrix34
				0	-1	0
				1	0	0
				0	0	1
				7.97403	25.3238	0
			}
			{visibility 0}
		}
		{bone "emit1"
			{Matrix34
				0.703723	0.710475	0
				-0.710475	0.703723	0
				0	0	1
				4.35546	-22.5976	0.0603023
			}
			{visibility 0}
		}
		{bone "emit3"
			{Matrix34
				0	-1	0
				1	0	0
				0	0	1
				-20.9123	28.4958	0
			}
			{visibility 0}
		}
	}
}
{Volume "body10"
	{Box 9.49535 6.91082 0.5}
	{Bone "body"}
	{Matrix34
		0.978582	-0.199685	-0.0500341
		-0.0057433	-0.26944	0.963
		-0.205778	-0.942087	-0.264816
		16.2961	11.5694	20.27
	}
}
{Volume "body11"
	{Box 9.75 11.3 0.5}
	{Bone "body"}
	{Matrix34
		0.979708	-0.200408	-0.00303842
		0.033889	0.150689	0.988
		-0.197546	-0.968055	0.154423
		16.17	11.6029	11.569
	}
}
{Volume "body12"
	{Polyhedron "body12.vol"}
	{Bone "body"}
	{Position 11.3327	-0.187487	6.03912}
}
{Volume "body13"
	{Box 9.75 11.3 0.5}
	{Bone "body"}
	{Matrix34
		0.975373	0.220408	-0.00821906
		0.0359076	-0.121914	0.991891
		0.217619	-0.967759	-0.126826
		16.2738	-12.2298	11.5911
	}
}
{Volume "body1"
	{Polyhedron "body1.vol"}
	{Bone "body"}
	{Position 27.2702	-0.452082	5.93638}
}
{Volume "body2"
	{Polyhedron "body2.vol"}
	{Bone "body"}
	{Position 1.90181	-0.543472	-0.602049}
}
{Volume "body3"
	{Polyhedron "body3.vol"}
	{Bone "body"}
	{Matrix34
		0	-1	0
		0	0	1
		-1	0	0
		21.4642	-0.362046	15.0518
	}
}
{Volume "body4"
	{Polyhedron "body4.vol"}
	{Bone "body"}
	{Matrix34
		0	-1	0
		0	0	1
		-1	0	0
		1.99294	-0.362046	15.0518
	}
}
{Volume "body5"
	{Box 10.0821 6.87892 0.5}
	{Bone "body"}
	{Matrix34
		1	0	0
		0	-0.271279	0.962501
		0	-0.962501	-0.271279
		6.78913	12.4557	20.4563
	}
}
{Volume "body6"
	{Box 10.0821 6.87892 0.5}
	{Bone "body"}
	{Matrix34
		1	0	0
		0	0.255968	0.966685
		0	-0.966685	0.255968
		6.78913	-12.9632	20.5881
	}
}
{Volume "body7"
	{Box 9.49535 6.91082 0.5}
	{Bone "body"}
	{Matrix34
		0.977406	0.206711	-0.0441373
		-0.0150563	0.276371	0.960933
		0.210834	-0.938557	0.273239
		16.3533	-12.0007	20.3279
	}
}
{Volume "body8"
	{Box 9.94015 11.2697 0.5}
	{Bone "body"}
	{Matrix34
		1	0	0
		0	-0.140037	0.990146
		0	-0.990146	-0.140037
		6.66626	-13.212	11.6908
	}
}
{Volume "body9"
	{Box 9.94015 11.2697 0.5}
	{Bone "body"}
	{Matrix34
		1	0	0
		0	0.15721	0.987565
		0	-0.987565	0.15721
		6.66626	12.5338	11.7652
	}
}
{Volume "crew"
	{Box 8.4276 19.8432 11.5688}
	{Bone "body"}
	{Position 7.03733	-0.089598	17.7669}
}
{Volume "engine"
	{Polyhedron "engine.vol"}
	{Bone "engine"}
	{Position -15.6072	-0.363015	6.58257}
}
{Volume "inventory"
	{Box 5.10026 34.0017 5.18122}
	{Bone "body"}
	{Position 30.2791	-0.285476	10.5144}
}
{Volume "wheelleft1"
    {Cylinder 8.72733 4.23851}
    {Bone "wheell1"}
    {Matrix34
        -0.0087 0.9999 0.0099
        -0.9999 -0.0086 -0.0138
        -0.0137 -0.0100 0.9998
        0.0000 0.0000 0.0000
    }
}
{Volume "wheelright1"
    {Cylinder 8.72733 4.23851}
    {Bone "wheelr1"}
    {Matrix34
        -1.0000 0.0000 0.0000
        0.0000 0.9998 0.0174
        0.0000 0.0174 -0.9998
        0.0356 0.0086 -0.0372
    }
}
{Volume "wheelright2"
    {Cylinder 8.72733 4.23851}
    {Bone "wheelr2"}
    {Matrix34
        -1.0000 0.0000 0.0000
        0.0000 0.9999 0.0105
        0.0000 0.0105 -0.9999
        -0.1316 0.0128 -0.0371
    }
}
{Volume "wheelleft2"
    {Cylinder 8.72733 4.23851}
    {Bone "wheell2"}
    {Matrix34
        -1.0000 0.0000 0.0000
        0.0000 1.0000 0.0105
        0.0000 0.0105 -1.0000
        -0.1916 -0.1567 0.1138
    }
}
