;Exported by: vic
;Date:        Wed Jul 20 14:19:03 2005
;File:        D:\Obmen\stroghold22a_recover.max
{Skeleton
	{bone "backwall_stairs2"
		{Orientation
			1	0	0
			0	-1	0
			0	0	1
		}
		{VolumeView "backwall_stairs2.ply"}
	}
}
{Obstacle "body"
	{Obb2
		{Center -0.121338 0.920657}
		{Extent 128.03 6.85877}
		{Axis 1 0}
	}
	{Rotate}
}
{Obstacle "body1"
	{Obb2
		{Center 115.381 -9.12888}
		{Extent 12.3774 16.4894}
		{Axis 1 0}
	}
	{Rotate}
}
{Obstacle "body3"
	{Obb2
		{Center -115.679 -9.12888}
		{Extent 12.3774 16.4894}
		{Axis 1 0}
	}
	{Rotate}
}
{Obstacle "body2"
	{Obb2
		{Center -0.267822 -9.12888}
		{Extent 24.4981 16.4894}
		{Axis 1 0}
	}
	{Rotate}
}
{Volume "body"
	{Polyhedron "body.vol"}
	{Bone "backwall_stairs2"}
	{Position -0.121338	-0.920654	0.0590515}
}
{Volume "body1"
	{Box 24.7548 15.748 78.9877}
	{Bone "backwall_stairs2"}
	{Matrix34
		1	0	0
		0	0.974778	0.223174
		0	-0.223174	0.974778
		115.381	9.12892	36.8772
	}
}
{Volume "body3"
	{Box 24.7548 15.748 78.9877}
	{Bone "backwall_stairs2"}
	{Matrix34
		1	0	0
		0	0.974778	0.223174
		0	-0.223174	0.974778
		-115.679	9.12892	36.8772
	}
}
{Volume "body2"
	{Box 48.9963 15.748 78.9877}
	{Bone "backwall_stairs2"}
	{Matrix34
		1	0	0
		0	0.974778	0.223174
		0	-0.223174	0.974778
		-0.267822	9.12892	36.8772
	}
}
