;Exported by: skr
;Date:        Wed May 15 22:17:45 2013
;File:        E:\Documents\3dsmax\scenes\76-mm Schneider 1909\76-mm Schneider 1909_xx.max
{Skeleton
	{bone revolute "basis"
		{Orientation
			1	0	0
			0	-1	0
			0	0	1
		}
		{bone "body"
			{Matrix34
				1	0	0
				0	0.965542	0.260246
				0	-0.260246	0.965542
				0	0.61657	2.21842
			}
			{VolumeView "body.ply"}
			{bone "turret"
				{parameters "ID=body;"}
				{Position -0.916734	0.00804031	0.647022}
				{VolumeView "turret.ply"}
				{bone "shield"
					{Matrix34
						-1	0	0
						0	0	1
						0	1	0
						0.920196	-11.7638	2.89851
					}
					{VolumeView "shield.ply"}
					{bone revolute "shield2"
						{parameters "ID=shield;"}
						{Matrix34
							-1	0	0
							0	1	0
							0	0	-1
							-10.0516	-2.20448	2.75102
						}
						{VolumeView "shield2.ply"}
					}
				}
				{bone revolute "gun_rot"
					{parameters "ID=gun;"}
					{limits -6 28}
					{speed 0.005}
					{Matrix34
						0.997079	0	-0.076377
						0.076377	0	0.997079
						0	-1	0
						1.1891	-0.00804031	7.94221
					}
					{VolumeView "gun_rot.ply"}
				}
				{bone revolute "stopor"
					{Matrix34
						-0.968903	0	-0.247439
						0.247439	0	-0.968903
						0	-1	0
						-7.1042	-3.82764	4.80711
					}
					{VolumeView "stopor.ply"}
				}
			}
			{bone revolute "wheelr"
				{parameters "ID=wheelright;Radius=0.45;support=1;"}
				{Matrix34
					-1	0	0
					0	0	1
					0	1	0
					0.00346206	-9.97752	3.54553
				}
				{VolumeView "wheelr.ply"}
			}
			{bone revolute "wheell"
				{parameters "ID=wheelleft;Radius=0.45;support=1;"}
				{Matrix34
					-1	0	0
					0	0	1
					0	-1	0
					0.00346206	10.0007	3.54553
				}
				{VolumeView "wheell.ply"}
			}
		}
		{bone "part2"
			{Matrix34
				0	1	0
				0.076377	0	0.997079
				0.997079	0	-0.076377
				-17.5495	-32.8805	2.82773
			}
			{VolumeView "part2.ply"}
		}
	}
}
{Volume "body"
	{Box 12.7011 9.41689 18.3071}
	{Bone "body"}
	{Matrix34
		-1	0	0
		0	0	1
		0	1	0
		-2.43626	-0.0435085	3.27669
	}
}
{Volume "gun_rot"
	{Box 28.3174 1.58767 3.54331}
	{Bone "gun_rot"}
	{Matrix34
		-1	0	0
		0	1	0
		0	0	-1
		2.60927	0.29575	0.0376524
	}
}
{Volume "gun"
	{Cylinder 2.07247 25.5906}
	{Bone "part2"}
	{Position -0.00690407	0.00302389	13.9962}
}
{Volume "shield2"
	{Box 0.295276 5.09383 23.622}
	{Bone "shield2"}
	{Matrix34
		-1	0	0
		0	1	0
		0	0	-1
		-0.07195	-2.4942	-9.13482
	}
}
{Volume "shield3"
	{Box 26.0724 2.95276 0.301609}
	{Bone "shield"}
	{Matrix34
		0	0	1
		0.211405	0.977399	0
		-0.977399	0.211405	0
		-9.60318	2.32277	11.8244
	}
}
{Volume "shield4"
	{Box 26.0724 3.14961 0.301609}
	{Bone "shield"}
	{Matrix34
		0	0	1
		0.472751	0.881196	0
		-0.881196	0.472751	0
		-8.40834	5.12896	11.8244
	}
}
{Volume "shield5"
	{Box 26.0724 3.14961 0.301609}
	{Bone "shield"}
	{Matrix34
		0	0	1
		0.75151	0.659722	0
		-0.659722	0.75151	0
		-6.34757	7.53877	11.8244
	}
}
{Volume "shield6"
	{Box 26.0724 3.74016 0.301609}
	{Bone "shield"}
	{Matrix34
		0	0	1
		0.935618	0.353013	0
		-0.353013	0.935619	0
		-3.36947	9.28578	11.8244
	}
}
{Volume "shield"
	{Box 26.0724 2.95276 0.301609}
	{Bone "shield"}
	{Matrix34
		0	0	1
		0	1	0
		-1	0	0
		-9.99224	-0.647872	11.8244
	}
}
{Volume "turret"
	{Box 46.4453 7.63031 8.46457}
	{Bone "turret"}
	{Matrix34
		-0.98974	0	-0.142879
		-0.142879	0	0.98974
		0	1	0
		-31.034	-0.12923	-1.60975
	}
}
{Volume "wheell"
	{Cylinder 8.95669 1.1811}
	{Bone "wheell"}
	{Matrix34
		1	0	0
		0	1	0
		0	0	-1
		-0.056515	0.0227261	0.0936062
	}
}
{Volume "wheelr"
	{Cylinder 8.95669 1.1811}
	{Bone "wheelr"}
	{Matrix34
		1	0	0
		0	1	0
		0	0	1
		-0.0565179	0.0227204	0.0225198
	}
}
