;Exported by: skr
;Date:        Sat Jun 22 16:03:58 2013
;File:        D:\Documents\3dsmax\scenes\3-inch_field_gun_M1902\76mm_field_gun_m1902-30_l30.max
{Skeleton
	{animation
		{sequence "close" {speed 0.3}}
		{sequence "recoil" {speed 0.7}}
	}
	{bone revolute "basis"
		{speed 0.01}
		{Orientation
			1	0	0
			0	-1	0
			0	0	1
		}
		{bone "body"
			{parameters "ID=body;"}
			{Position 1.13096	0	12.8908}
			{VolumeView "body.ply"}
			{bone "shield1"
				{Matrix34
					0	1	0
					-0.0937392	0	0.995597
					0.995597	0	0.0937392
					1.82867	0	5.31642
				}
				{VolumeView "shield1.ply"}
				{bone revolute "shield2"
					{Matrix34
						0	0	1
						0	1	0
						-1	0	0
						-9.00404	-8.99097	-0.0801716
					}
					{VolumeView "shield2.ply"}
				}
				{bone revolute "shield3"
					{Matrix34
						0	-0.118589	0.992943
						0	0.992943	0.118589
						-1	0	0
						13.2665	8.9952	-0.0818186
					}
					{VolumeView "shield3.ply"}
				}
			}
			{bone revolute "wheell"
				{parameters "ID=wheelleft;Radius=0.66;support=1;"}
				{Matrix34
					-0.995597	0	-0.0937392
					-0.093739	0	0.995597
					0	-1	0
					-0.0062021	15.9616	0.102805
				}
				{VolumeView "wheell.ply"}
			}
			{bone revolute "wheelr"
				{parameters "ID=wheelright;Radius=0.66;support=1;"}
				{Matrix34
					-0.995597	0	-0.0937394
					-0.0937394	0	0.995597
					0	1	0
					-0.00620401	-15.7994	0.102822
				}
				{VolumeView "wheelr.ply"}
			}
			{bone revolute "turret"
				{parameters "ID=body;"}
				{limits -3 3}
				{speed 0.05}
				{Position -23.8791	0	-7.1909}
				{VolumeView "turret.ply"}
				{bone revolute "gun_rot"
					{parameters "ID=gun;"}
					{limits -3 37}
					{speed 0.08}
					{Matrix34
						0.999984	0	-0.0056445
						0.00564442	0	0.999984
						0	-1	0
						25.7275	3.14099	8.5701
					}
					{VolumeView "gun_rot.ply"}
					{bone "pricel"
						{Matrix34
							-0.995597	0.0937392	0
							0.0937391	0.995597	0
							0	0	-1
							-8.15976	4.43	-0.588094
						}
						{VolumeView "pricel.ply"}
						{bone "visor"
							{Matrix34
								-0.995052	0.0993571	0
								0.0993571	0.995052	0
								0	0	-1
								-1.54144	3.085	1.70177
							}
						}
					}
					{bone "gun"
						{parameters "ID=gun;"}
						{Matrix34
							0	0	1
							0	1	0
							-1	0	0
							28.7389	3.82361	3.11511
						}
						{VolumeView "gun_l30.ply"}
						{bone "foresight1"
							{Matrix34
								0	0.00564419	-0.999984
								0	0.999984	0.0056443
								1	0	0
								0.0258884	-0.00610161	-0.491224
							}
						}
						{bone "fx_invers"
							{Matrix34
								0.00821206	-0.00564416	0.99995
								0	0.999984	0.0056462
								-0.999966	-4.51717e-005	0.0082149
								0.0258859	-0.214441	46.139
							}
						}
						{bone "visor2"
							{Matrix34
								0	0.00564419	-0.999984
								0	0.999984	0.0056443
								1	0	0
								0.0258872	2.51332	28.9486
							}
						}
					}
				}
				{bone revolute "pravilo"
					{Matrix34
						-0.0991767	0	-0.99507
						-0.99507	0	0.0991763
						0	1	0
						-23.3407	0.0344569	-2.23988
					}
					{VolumeView "pravilo.ply"}
				}
				{bone revolute "sedr"
					{Matrix34
						0	-1	0
						0.995597	0	0.0937391
						-0.0937391	0	0.995597
						6.54672	-5.19205	-3.07943
					}
					{VolumeView "sedr.ply"}
				}
				{bone revolute "sedl"
					{Matrix34
						0	1	0
						0.995597	0	0.0937389
						-0.0937389	0	0.995597
						6.54672	5.2077	-3.07943
					}
					{VolumeView "sedl.ply"}
				}
				{bone "shield4"
					{Matrix34
						0	1	0
						0.232629	0	0.972565
						0.972565	0	-0.232629
						21.6768	0.00477145	11.6651
					}
					{VolumeView "shield4.ply"}
					{bone revolute "covershield"
						{parameters "ID=shield;"}
						{Matrix34
							-0.727669	0.683082	0.0624237
							-0.685928	-0.724649	-0.0662218
							0	-0.0910058	0.99585
							6.69389	3.26168	-0.222046
						}
						{VolumeView "covershield.ply"}
					}
				}
				{bone "link1"
					{Position -31.0684	-0.26328	-4.32305}
				}
				{bone "gunner"
					{Position 1.76405	10.1479	-5.69986}
				}
				{bone "commander"
					{Position 8.3183	-12.4395	-5.69988}
				}
			}
		}
		{bone "pivot_front"
			{Position 1.03703	-0.0594225	0}
		}
		{bone "fxtracer1"
			{Position 1.16724	-15.7078	0}
		}
		{bone "fxtracel1"
			{Position 1.02508	15.8647	0}
		}
		{bone "pivot_back"
			{Position -52.3842	-0.248983	0}
		}
		{bone "emit1"
			{Position -70.0647	0.0827692	0}
		}
		{bone "emit2"
			{Position -79.9699	-10.012	0}
		}
		{bone "support1"
			{Matrix34
				1	0	0
				0	0	1
				0	-1	0
				-49.9554	12.6014	0
			}
		}
		{bone "support2"
			{Position -50.3539	-12.6015	0}
		}
		{bone "emit3"
			{Position -35.2036	12.0634	0}
		}
		{bone "emit4"
			{Position -35.2036	-13.6739	0}
		}
		{bone "seat1"
			{Matrix34
				-0.2398	0.970822	0
				-0.970822	-0.2398	0
				0	0	1
				-36.41	1.74169	0
			}
		}
		{bone "seat2"
			{Matrix34
				0.00523358	-0.999986	0
				0.999986	0.00523358	0
				0	0	1
				-31.0481	-1.87762	0
			}
		}
		{bone "driver1"
			{Position -20.0624	15.803	0}
		}
		{bone "driver2"
			{Position -20.017	-15.7135	0}
		}
	}
}
{Volume "gun_rot"
	{Cylinder 1.87159 39.3701}
	{Bone "gun_rot"}
	{Matrix34
		0	0	-1
		-0.00564408	0.999984	0
		0.999984	0.00564404	0
		3.91574	0.258132	3.15331
	}
}
{Volume "gun"
	{Cylinder 2.24426 46.2598}
	{Bone "gun"}
	{Matrix34
		-1	0	0
		0	0.999984	0.00564436
		0	0.00564406	-0.999984
		-0.0223764	-0.153671	23.0299
	}
}
{Volume "shield1"
	{Box 30.2279 18.2306 0.19685}
	{Bone "shield1"}
	{Matrix34
		1	0	0
		0	0.999974	0.00723721
		0	-0.00723721	0.999974
		0.0122031	-0.0815839	-0.164348
	}
}
{Volume "shield2"
	{Box 26.7761 4.4571 0.19685}
	{Bone "shield2"}
	{Matrix34
		0	0	-1
		0.00047458	1	0
		1	-0.000474557	0
		-0.0905907	-2.02151	-8.9384
	}
}
{Volume "shield3"
	{Box 29.526 4.36017 0.19685}
	{Bone "shield3"}
	{Matrix34
		0	0	-1
		-0.101805	0.994805	0
		0.994805	0.101805	0
		-0.276311	2.14911	13.3889
	}
}
{Volume "shield4"
	{Box 21.6535 15.748 0.19685}
	{Bone "shield4"}
	{Matrix34
		1	0	0
		0	0.999959	0.00910166
		0	-0.00910166	0.999959
		0.109371	0.138709	0.0307083
	}
}
{Volume "shield5"
	{Box 29.526 1.37795 0.19685}
	{Bone "shield3"}
	{Matrix34
		0	0	-1
		-0.934935	0.354819	0
		0.35482	0.934935	0
		-1.14143	4.67324	13.3889
	}
}
{Volume "turret"
	{Box 62.3324 7.90885 9.84252}
	{Bone "turret"}
	{Matrix34
		0.990326	0	0.138763
		-0.138763	0	0.990326
		0	-1	0
		-2.06005	0.0420218	0.223953
	}
}
{Volume "wheell"
	{Cylinder 13.0623 1.27953}
	{Bone "wheell"}
	{Matrix34
		-0.995597	-0.0937393	0
		-0.0937391	0.995597	0
		0	0	1
		0	2.7979e-005	0.149339
	}
}
{Volume "wheelr"
	{Cylinder 13.0623 1.27953}
	{Bone "wheelr"}
	{Matrix34
		-0.995597	-0.0937394	0
		-0.0937394	0.995597	0
		0	0	-1
		0	0	0.0390894
	}
}
