;Exported by: sana
;Date:        Tue Aug 01 18:37:20 2006
;File:        D:\-Project-\-3DWork-\Entourage\house_euro_114a_fix01(!).max
{Skeleton
	{bone "114c_roof3"
		{Orientation
			1	0	0
			0	-1	0
			0	0	1
		}
		{VolumeView "114c_roof3.ply"}
		{bone "fix15"
			{Position 66.2009	9.50787	-75.4331}
		}
		{bone "fix16"
			{Position -22.3818	-29.8622	-16.378}
		}
		{bone "fix27"
			{Position -19.5459	47.6122	-80.9938}
		}
	}
}
{Volume "body1"
	{Box 59.8309 9.84252 89.2694}
	{Bone "114c_roof3"}
	{Matrix34
		0	0.775629	0.63119
		-1	0	0
		0	-0.63119	0.775629
		66.2197	-11.3838	-20.3265
	}
}
{Volume "body2"
	{Box 31.4961 9.84252 50.2485}
	{Bone "114c_roof3"}
	{Matrix34
		0	1	0
		-1	0	0
		0	0	1
		66.2197	-29.9209	37.1726
	}
}
{Volume "body3"
	{Box 83.4646 9.84252 21.5292}
	{Bone "114c_roof3"}
	{Matrix34
		0	1	0
		-1	0	0
		0	0	1
		66.2197	-2.17103	-40.8795
	}
}
{Volume "roof1"
	{Box 60.0394 1.9685 133.858}
	{Bone "114c_roof3"}
	{Matrix34
		-1	0	0
		0	-0.780365	-0.625324
		0	-0.625324	0.780365
		31.4882	11.8179	-5.70822
	}
}
{Volume "roof2"
	{Box 99.5649 1.9685 31.0138}
	{Bone "114c_roof3"}
	{Matrix34
		1	0	0
		0	0.780365	-0.625324
		0	0.625324	0.780365
		12.2245	-39.1979	34.1137
	}
}
{Volume "roof3"
	{Box 28.5433 1.9685 18.7008}
	{Bone "114c_roof3"}
	{Matrix34
		-1	0	0
		0	-0.780365	-0.625324
		0	-0.625324	0.780365
		-12.8126	-24.2464	39.2978
	}
}
