;Exported by: shevchenko
;Date:        Thu Jul 20 18:57:58 2006
;File:        D:\-Projects1_5-\-3DWork-\bsh\bsh_c90_1_x.max
{Skeleton
	{bone "bsh90_c5_1"
		{Orientation
			1	0	0
			0	-1	0
			0	0	1
		}
		{bone "piece0"
			{Matrix34
				-0.707106	0.707107	0
				0	0	1
				0.707107	0.707106	0
				23.6957	13.3351	11.3947
			}
			{VolumeView "piece0.ply"}
		}
		{bone "piece1"
			{Matrix34
				-0.707106	0.707107	0
				0	0	1
				0.707107	0.707106	0
				0.59938	13.2323	4.66952
			}
			{VolumeView "piece1.ply"}
		}
		{bone "piece2"
			{Matrix34
				-0.707106	0.707107	0
				0	0	1
				0.707107	0.707106	0
				-20.8165	13.1371	11.5561
			}
			{VolumeView "piece2.ply"}
		}
		{bone "piece3"
			{Matrix34
				-0.707106	0.707107	0
				0	0	1
				0.707107	0.707106	0
				28.8013	13.3578	33.1055
			}
			{VolumeView "piece3.ply"}
		}
		{bone "piece4"
			{Matrix34
				-0.707106	0.707107	0
				0	0	1
				0.707107	0.707106	0
				-23.5153	13.125	33.6994
			}
			{VolumeView "piece4.ply"}
		}
		{bone "piece5"
			{Matrix34
				-0.707106	0.707107	0
				0	0	1
				0.707107	0.707106	0
				28.8013	13.3578	54.7168
			}
			{VolumeView "piece5.ply"}
		}
		{bone "piece6"
			{Matrix34
				-0.707106	0.707107	0
				0	0	1
				0.707107	0.707106	0
				5.19279	13.2528	60.579
			}
			{VolumeView "piece6.ply"}
		}
		{bone "piece7"
			{Matrix34
				-0.707106	0.707107	0
				0	0	1
				0.707107	0.707106	0
				-19.6408	13.1423	55.0973
			}
			{VolumeView "piece7.ply"}
		}
		{bone "piece8"
			{Matrix34
				-0.707107	-0.707107	0
				0	0	1
				-0.707107	0.707107	0
				-35.2397	11.8629	51.9286
			}
			{VolumeView "piece8.ply"}
		}
		{bone "piece9"
			{Matrix34
				-0.707107	-0.707107	0
				0	0	1
				-0.707107	0.707107	0
				-45.1816	1.92102	57.9372
			}
			{VolumeView "piece9.ply"}
		}
		{bone "piece10"
			{Matrix34
				-0.707106	0.707107	0
				0	0	1
				0.707107	0.707106	0
				47.5819	5.27399	55.3145
			}
			{VolumeView "piece10.ply"}
		}
		{bone "piece11"
			{Matrix34
				-0.707106	0.707107	0
				0	0	1
				0.707107	0.707106	0
				39.4196	13.4363	32.6832
			}
			{VolumeView "piece11.ply"}
		}
		{bone "land"
			{parameters "Land;Ground;"}
			{Position 3.39882	34.4665	0}
			{VolumeView "land.ply" {Ground}}
		}
	}
}
{Volume "piece0"
	{Box 9.84252 18.3574 18.7436}
	{Bone "piece0"}
	{Matrix34
		-0.707107	0	-0.707106
		-0.707106	0	0.707107
		0	1	0
		-3.47894	-1.52499	3.47894
	}
}
{Volume "piece10"
	{Box 29.9858 9.84254 12.1371}
	{Bone "piece10"}
	{Matrix34
		-1	0	0
		0	0	1
		0	1	0
		0	1.93831	-1.11053e-005
	}
}
{Volume "piece11"
	{Box 8.47739 9.84252 20.8886}
	{Bone "piece11"}
	{Matrix34
		-1	0	0
		0	0	1
		0	1	0
		0	-0.62987	0
	}
}
{Volume "piece1"
	{Box 9.84252 16.3283 8.86355}
	{Bone "piece1"}
	{Matrix34
		-0.707107	0	-0.707106
		-0.707106	0	0.707107
		0	1	0
		-0.642714	0	0.642717
	}
}
{Volume "piece2"
	{Box 9.84252 17.6525 16.9776}
	{Bone "piece2"}
	{Matrix34
		-0.707107	0	-0.707106
		-0.707106	0	0.707107
		0	1	0
		2.18304	-2.03071	-2.18304
	}
}
{Volume "piece3"
	{Box 9.84252 16.8366 19.1849}
	{Bone "piece3"}
	{Matrix34
		-0.707107	0	-0.707106
		-0.707106	0	0.707107
		0	1	0
		0	-0.726966	0
	}
}
{Volume "piece4"
	{Box 9.84252 19.3933 20.1748}
	{Bone "piece4"}
	{Matrix34
		-0.707107	0	-0.707106
		-0.707106	0	0.707107
		0	1	0
		0	-1.48705	0
	}
}
{Volume "piece5"
	{Box 9.84252 16.4495 18.2011}
	{Bone "piece5"}
	{Matrix34
		-0.707107	0	-0.707106
		-0.707106	0	0.707107
		0	1	0
		0	-1.73342	0
	}
}
{Volume "piece6"
	{Box 9.84252 23.3272 6.89715}
	{Bone "piece6"}
	{Matrix34
		-0.707107	0	-0.707106
		-0.707106	0	0.707107
		0	1	0
		0	-3.18329	0
	}
}
{Volume "piece7"
	{Box 9.84252 17.179 18.2301}
	{Bone "piece7"}
	{Matrix34
		-0.707107	0	-0.707106
		-0.707106	0	0.707107
		0	1	0
		2.46958	-0.552515	-2.46958
	}
}
{Volume "piece8"
	{Box 9.84252 8.34149 20.4436}
	{Bone "piece8"}
	{Matrix34
		0	0	-1
		-1	0	0
		0	1	0
		-0.637881	-0.841843	0
	}
}
{Volume "piece9"
	{Box 9.84252 12.8392 12.8813}
	{Bone "piece9"}
	{Matrix34
		0	0	-1
		-1	0	0
		0	1	0
		-1.85199	0.162434	0
	}
}
