;Exported by: sasha
;Date:        Fri Jan 11 17:04:21 2008
;File:        D:\-Project-\-3DWork-\DOT_Afrik\Dot_desert_1_V2_X_V2.max
{Skeleton
	{bone "basis_x"
		{parameters "Land;Ground;"}
		{Orientation
			1	0	0
			0	-1	0
			0	0	1
		}
		{VolumeView "basis_x.ply" {Ground}}
		{bone "fx_sand2"
			{Position 11.4596	25.763	23.6699}
		}
		{bone "fx_sand2a"
			{Position 11.4596	-26.8466	23.6699}
		}
		{bone "fx_stone1"
			{Position 11.4596	-0.467816	23.4585}
		}
		{bone "fx_wood2"
			{Position 7.1553	-6.74905	23.8671}
		}
		{bone "piece00"
			{Position 2.84177	31.3951	31.5238}
			{VolumeView "piece00.ply"}
		}
		{bone "piece01"
			{Position 24.7491	30.2021	30.5709}
			{VolumeView "piece01.ply"}
		}
		{bone "piece02"
			{Position 17.2984	15.9604	26.1275}
			{VolumeView "piece02.ply"}
		}
		{bone "piece03"
			{Position 26.961	1.84997	32.4633}
			{VolumeView "piece03.ply"}
			{bone "sub_piece03"
				{Position 8.24844	3.82607	0}
				{VolumeView "sub_piece03.ply"}
			}
		}
		{bone "piece04"
			{Position 6.88049	-1.97983	34.9343}
			{VolumeView "piece04.ply"}
		}
		{bone "piece05"
			{Position -5.37457	11.0344	26.1275}
			{VolumeView "piece05.ply"}
		}
		{bone "piece06"
			{Position -10.8232	-8.73208	31.0476}
			{VolumeView "piece06.ply"}
		}
		{bone "piece07"
			{Position 1.10654	-19.5773	32.6477}
			{VolumeView "piece07.ply"}
		}
		{bone "piece08"
			{Position 22.7969	-15.673	26.1275}
			{VolumeView "piece08.ply"}
			{bone "sub_piece08"
				{Position 7.31279	-3.72763	0}
				{VolumeView "sub_piece08.ply"}
			}
		}
		{bone "piece09"
			{Position 11.5515	-32.8209	29.0356}
			{VolumeView "piece09.ply"}
		}
		{bone "part"
			{VolumeView "part.ply"}
		}
		{bone "piece10"
			{Position 26.1974	0.634488	23.2303}
			{VolumeView "piece10.ply"}
		}
		{bone "piece11"
			{Position -2.60439	-4.10422	16.5541}
			{VolumeView "piece11.ply"}
		}
		{bone "piece12"
			{Position 3.45405	-20.2489	21.8226}
			{VolumeView "piece12.ply"}
		}
		{bone "piece13"
			{Position 4.40295	19.2797	15.4658}
			{VolumeView "piece13.ply"}
		}
	}
}
{Area "cut"
	{Polygon2
		{Radius 0}
		{Vertex -8.33551 -23.051}
		{Vertex 39.7204 -23.0509}
		{Vertex 39.7204 23.0335}
		{Vertex -8.33552 23.0335}
		{Vertex -20.6556 13.995}
		{Vertex -20.6652 -15.0907}
	}
	{Rotate}
}
{Volume "piece00"
	{Box 12.7973 14.0988 3.93701}
	{Bone "piece00"}
	{Position 0	0	0}
}
{Volume "piece01"
	{Box 11.9297 8.24235 3.93701}
	{Bone "piece01"}
	{Position 0	0	0}
}
{Volume "piece02"
	{Box 11.3497 9.35583 3.93701}
	{Bone "piece02"}
	{Position 0	0	0}
}
{Volume "piece03"
	{Box 13.4969 12.1166 3.93701}
	{Bone "piece03"}
	{Position 0	0	0}
}
{Volume "piece04"
	{Box 11.4959 8.02544 3.93701}
	{Bone "piece04"}
	{Position 0	0	0}
}
{Volume "piece05"
	{Box 11.7128 11.4959 3.93701}
	{Bone "piece05"}
	{Position 0	0	0}
}
{Volume "piece06"
	{Box 11.0621 9.76067 3.93701}
	{Bone "piece06"}
	{Position 0	0	0}
}
{Volume "piece07"
	{Box 9.76068 8.89306 3.93701}
	{Bone "piece07"}
	{Position 0	0	0}
}
{Volume "piece08"
	{Box 14.9664 9.32687 3.93701}
	{Bone "piece08"}
	{Position 0	0	0}
}
{Volume "piece09"
	{Box 14.7239 12.5767 3.93701}
	{Bone "piece09"}
	{Position 0	0	0}
}
{Volume "piece10"
	{Cylinder 1.17536 35.1236}
	{Bone "piece10"}
	{Matrix34
		0.073787	0	-0.997274
		0.165377	0.986154	0.0122361
		0.983466	-0.165829	0.0727654
		-0.0453393	-0.0881069	-0.136583
	}
}
{Volume "piece11"
	{Cylinder 1.79875 23.1057}
	{Bone "piece11"}
	{Matrix34
		0.0747494	0	-0.997202
		0	1	0
		0.997202	0	0.0747494
		-0.0165007	0	-0.0575578
	}
}
{Volume "piece12"
	{Cylinder 0.959855 23.1948}
	{Bone "piece12"}
	{Matrix34
		0.999628	-0.0271806	0.00242911
		0.00107357	-0.0497756	-0.99876
		0.0272678	0.99839	-0.0497279
		0.0209516	0.0808214	0.10808
	}
}
{Volume "piece13"
	{Cylinder 1.11145 21.6336}
	{Bone "piece13"}
	{Matrix34
		0.978725	0.203812	-0.0236193
		0.0147582	0.0448878	0.998883
		0.204645	-0.97798	0.0409249
		-0.0761484	-0.0751826	0.0295355
	}
}
{Volume "sub_piece03"
	{Box 8.2822 10.1994 3.93701}
	{Bone "sub_piece03"}
	{Position 0	0	0}
}
{Volume "sub_piece08"
	{Box 10.6595 8.81902 3.93701}
	{Bone "sub_piece08"}
	{Position 0	0	0}
}
