;Exported by: ubrashaev
;Date:        Sun Feb 12 13:22:06 2006
;File:        D:\-Projects1_5-\-work-\3d\reihstag_buildings\house_reich1_x.max
{Skeleton
	{bone "c00"
		{Orientation
			1	0	0
			0	-1	0
			0	0	1
		}
		{bone "piece05"
			{Matrix34
				-0.998626	-0.0499923	-0.0157026
				-0.0157025	0.571394	-0.820526
				0.0499923	-0.819152	-0.571394
				-1.05341	0.801666	11.4183
			}
			{VolumeView "piece05.ply"}
		}
		{bone "piece04"
			{Matrix34
				-1	0	0
				0	-1	0
				0	0	1
				-1.33716	-12.4753	27.8522
			}
			{VolumeView "piece04.ply"}
		}
		{bone "piece01"
			{Matrix34
				-0.996195	0.0871554	0
				-0.0871554	-0.996195	0
				0	0	1
				-1.48108	12.334	28.9398
			}
			{VolumeView "piece01.ply"}
		}
		{bone "piece02"
			{Matrix34
				-0.173649	0.984808	0
				-0.984808	-0.173649	0
				0	0	1
				27.7322	14.926	65.555
			}
			{VolumeView "piece02.ply"}
		}
		{bone "piece00"
			{Matrix34
				0.0871559	0.996195	0
				-0.996195	0.0871559	0
				0	0	1
				-2.55725	-6.3858	65.555
			}
			{VolumeView "piece00.ply"}
		}
		{bone "piece03"
			{Matrix34
				-0.998626	-0.0483902	0.020105
				-0.0157018	-0.0897112	-0.995844
				0.0499927	-0.994792	0.0888281
				-1.05365	17.9512	45.1204
			}
			{VolumeView "piece03.ply"}
		}
	}
}
{Volume "piece00"
	{Box 21.8902 30.4884 3}
	{Bone "piece00"}
	{Position -2.93e-005	0.000102227	0}
}
{Volume "piece01"
	{Box 2.94177 20.7888 14.4596}
	{Bone "piece01"}
	{Position -0.000108711	-3.92695e-005	0}
}
{Volume "piece02"
	{Box 41.176 21.0063 3}
	{Bone "piece02"}
	{Position -1.96852e-005	0.000111302	0}
}
{Volume "piece03"
	{Box 2.94177 20.7889 14.4596}
	{Bone "piece03"}
	{Position 0	-1.9848e-005	1.03968e-005}
}
{Volume "piece04"
	{Box 2.94177 20.7889 14.4596}
	{Bone "piece04"}
	{Position 0	-1.9572e-005	0}
}
{Volume "piece05"
	{Box 2.94177 20.7889 14.4596}
	{Bone "piece05"}
	{Position 8.79784e-005	-5.84353e-005	1.36872e-005}
}
