;Exported by: kolesnikov
;Date:        Fri Jul 01 18:43:37 2005
;File:        D:\-Project-\-3DWork-\barricade_new_vik.max
{Skeleton
	{bone "barricade2_c_corner1_x"
		{Orientation
			1	0	0
			0	-1	0
			0	0	1
		}
		{bone "piece10"
			{Matrix34
				0.683741	0.729725	0
				-0.729725	0.683741	0
				0	0	1
				11.6859	-18.019	7.97809
			}
			{VolumeView "piece10.ply"}
		}
		{bone "piece1"
			{Matrix34
				0.999657	0.000913458	-0.0261612
				0	0.999391	0.0348996
				0.0261771	-0.0348876	0.999048
				10.1691	7.68225	14.2137
			}
			{VolumeView "piece1.ply"}
		}
		{bone "piece3"
			{Matrix34
				0.999657	0.000913458	-0.0261612
				0	0.999391	0.0348996
				0.0261771	-0.0348876	0.999048
				23.7184	-2.06287	14.2137
			}
			{VolumeView "piece3.ply"}
		}
		{bone "piece2"
			{Position 30.6766	-10.3755	9.87245}
			{VolumeView "piece2.ply"}
		}
		{bone "piece13"
			{Matrix34
				0	0	1
				0	1	0
				-1	0	0
				35.7067	6.22668	16.6721
			}
			{VolumeView "piece13.ply"}
		}
		{bone "piece11"
			{Matrix34
				0	0	1
				0	1	0
				-1	0	0
				49.3302	8.87183	16.6721
			}
			{VolumeView "piece11.ply"}
		}
		{bone "piece12"
			{Matrix34
				0	0	1
				0	1	0
				-1	0	0
				49.3302	-18.4768	16.6721
			}
			{VolumeView "piece12.ply"}
		}
		{bone "piece14"
			{Matrix34
				0.0102805	0.9983	0.0573667
				0.0581493	0.056676	-0.996698
				-0.998255	0.0135824	-0.0574678
				55.9618	-9.20288	3.69907
			}
			{VolumeView "piece14.ply"}
		}
		{bone "piece15"
			{Matrix34
				0.0102805	0.9983	0.0573667
				0.0581493	0.056676	-0.996698
				-0.998255	0.0135824	-0.0574678
				65.8611	2.44873	3.69907
			}
			{VolumeView "piece15.ply"}
		}
		{bone "fx_stone1"
			{Position 22.0475	12.4626	0}
		}
	}
}
{Volume "body3_vol41"
	{Box 7.2459 9.58165 3.72293}
	{Bone "piece15"}
	{Matrix34
		0.0102804	0.0581495	-0.998255
		0.9983	0.0566759	0.0135824
		0.0573666	-0.996698	-0.057468
		0.444919	0.249632	0.0356656
	}
}
{Volume "body3_vol42"
	{Box 7.2459 9.58165 3.72293}
	{Bone "piece14"}
	{Matrix34
		0.0102804	0.0581495	-0.998255
		0.9983	0.0566759	0.0135824
		0.0573666	-0.996698	-0.057468
		0.444924	0.249629	0.0356714
	}
}
{Volume "body3_vol38"
	{Box 13.743 0.469501 16.165}
	{Bone "piece12"}
	{Matrix34
		0	1	0
		0	0	1
		1	0	0
		-0.249115	-0.0388431	-0.0222307
	}
}
{Volume "body3_vol39"
	{Box 13.743 0.469501 16.165}
	{Bone "piece11"}
	{Matrix34
		0	1	0
		0	0	1
		1	0	0
		-0.801697	-0.0198	0.222671
	}
}
{Volume "body3_vol40"
	{Box 13.743 0.469501 16.165}
	{Bone "piece13"}
	{Matrix34
		0	1	0
		0	0	1
		1	0	0
		-0.801697	-0.0197992	0.222671
	}
}
{Volume "body3_vol32"
	{Polyhedron "body3_vol32.vol"}
	{Bone "piece2"}
	{Matrix34
		0.958266	0.285877	0
		-0.285877	0.958266	0
		0	0	1
		0.221924	-0.0228271	-0.578028
	}
}
{Volume "body3_vol33"
	{Box 2.33227 2.1845 15.4189}
	{Bone "piece3"}
	{Matrix34
		0.999657	0	0.0261773
		0.000913472	0.999391	-0.0348878
		-0.0261613	0.0348998	0.999048
		-0.0712333	0.240901	0.00669692
	}
}
{Volume "body3_vol31"
	{Box 2.33227 2.1845 15.4189}
	{Bone "piece1"}
	{Matrix34
		0.999657	0	0.0261773
		0.000913472	0.999391	-0.0348878
		-0.0261613	0.0348998	0.999048
		-0.0712385	0.240944	0.00669741
	}
}
{Volume "body3_vol43"
	{Box 10.6351 10.857 15.4189}
	{Bone "piece10"}
	{Matrix34
		0.683741	-0.729725	0
		0.729725	0.683741	0
		0	0	1
		-0.0356644	0.0128827	-0.062851
	}
}
