;Exported by: sana
;Date:        Tue Feb 28 19:46:29 2006
;File:        D:\-Project-\-3DWork-\Entourage\e-house3a\e_farm112a_new_x.max
{Skeleton
	{bone "e_farm_c4"
		{Orientation
			1	0	0
			0	-1	0
			0	0	1
		}
		{bone "exterior"
			{Position 0.393677	1.00397	72.2835}
		}
		{bone "piece0"
			{Position -23.2282	1.34753	28.4062}
			{VolumeView "piece0.ply"}
		}
		{bone "piece1"
			{Position -5.76593	5.78259	63.8453}
			{VolumeView "piece1.ply"}
		}
		{bone "piece2"
			{Position 12.7746	5.78259	84.6789}
			{VolumeView "piece2.ply"}
		}
		{bone "piece3"
			{Position -7.55603	5.19177	60.2537}
			{VolumeView "piece3.ply"}
		}
		{bone "piece4"
			{Position 13.735	4.23566	82.8165}
			{VolumeView "piece4.ply"}
		}
		{bone "piece5"
			{Position 16.454	-4.57489	75.1735}
			{VolumeView "piece5.ply"}
			{bone "sub_piece5"
				{Position 3.81934	0	-13.1256}
				{VolumeView "sub_piece5.ply"}
			}
		}
		{bone "piece6"
			{Position 35.3357	-4.57489	65.4906}
			{VolumeView "piece6.ply"}
		}
		{bone "piece7"
			{Position 8.86926	-4.57489	47.6311}
			{VolumeView "piece7.ply"}
			{bone "sub_piece7"
				{Position -2.85101	0	8.82213}
				{VolumeView "sub_piece7.ply"}
			}
		}
		{bone "piece8"
			{Position 29.0418	-4.57489	34.6669}
			{VolumeView "piece8.ply"}
			{bone "sub_piece8"
				{Position -0.053833	0	-12.5877}
				{VolumeView "sub_piece8.ply"}
			}
		}
		{bone "piece9"
			{Position 9.51477	-4.57489	9.54519}
			{VolumeView "piece9.ply"}
		}
		{bone "piece10"
			{Position -4.86707	1.28583	50.0124}
			{VolumeView "piece10.ply"}
			{bone "sub_piece10"
				{Position 0	3.75793	-12.9381}
				{VolumeView "sub_piece10.ply"}
			}
		}
		{bone "piece11"
			{Position -4.86707	1.66162	14.0433}
			{VolumeView "piece11.ply"}
		}
	}
}
{Volume "piece0"
	{Box 5.98234 5.11823 68.6545}
	{Bone "piece0"}
	{Matrix34
		0.873512	0	-0.486803
		0	1	0
		0.486803	0	0.873512
		0.0805885	-7.10963e-005	-0.0139178
	}
}
{Volume "piece10"
	{Box 7.75 15.2949 19.0067}
	{Bone "piece10"}
	{Matrix34
		1	0	0
		0	0.906511	0.422181
		0	-0.422181	0.906511
		0	-0.762471	0.332619
	}
}
{Volume "piece11"
	{Box 7.75 14.0805 14.7537}
	{Bone "piece11"}
	{Matrix34
		1	0	0
		0	0.911103	0.412178
		0	-0.412178	0.911103
		0	-0.393538	-0.942351
	}
}
{Volume "piece1"
	{Box 24.6601 31.0173 4.51215}
	{Bone "piece1"}
	{Matrix34
		0.674654	0	0.738134
		0	1	0
		-0.738134	0	0.674654
		-0.572175	-2.99548	0.0446907
	}
}
{Volume "piece2"
	{Box 23.8668 32.4599 4.27561}
	{Bone "piece2"}
	{Matrix34
		0.674599	0	0.738184
		0	1	0
		-0.738184	0	0.674599
		-3.16374	-2.28119	-3.15039
	}
}
{Volume "piece3"
	{Box 3.40955 39.212 2.95276}
	{Bone "piece3"}
	{Position 0	0	0}
}
{Volume "piece4"
	{Box 3.40955 37.2997 2.95276}
	{Bone "piece4"}
	{Position 0	0	1.13986e-005}
}
{Volume "piece5"
	{Box 17.8336 7.75 14.8642}
	{Bone "piece5"}
	{Matrix34
		0.746336	0	-0.665569
		0	1	0
		0.665569	0	0.746336
		-0.941347	0	-2.05201
	}
}
{Volume "piece6"
	{Box 11.7162 7.75 16.5092}
	{Bone "piece6"}
	{Position 0.800629	0	0.184258}
}
{Volume "piece7"
	{Box 16.1338 7.75 11.3063}
	{Bone "piece7"}
	{Position 0	0	-0.425509}
}
{Volume "piece8"
	{Box 14.0466 7.75 19.1892}
	{Bone "piece8"}
	{Position 0	0	0.239554}
}
{Volume "piece9"
	{Box 17.7519 7.75 11.5226}
	{Bone "piece9"}
	{Position 0	0	0.878913}
}
{Volume "sub_piece10"
	{Box 7.75 10.299 13.4836}
	{Bone "sub_piece10"}
	{Position -6.50132e-005	0.980011	-0.666789}
}
{Volume "sub_piece5"
	{Box 14.1337 7.75 9.36008}
	{Bone "sub_piece5"}
	{Position 0.106934	0	0}
}
{Volume "sub_piece7"
	{Box 8.79848 7.75 9.00074}
	{Bone "sub_piece7"}
	{Position 0	0	0.250613}
}
{Volume "sub_piece8"
	{Box 11.8464 7.75 11.8518}
	{Bone "sub_piece8"}
	{Position -0.703613	0	-1.00888}
}
