;Exported by: shevchenko
;Date:        Thu Sep 08 14:48:03 2005
;File:        D:\-Projects1_5-\-3DWork-\e_farm_121_lm_corner_chasti_02_x.max
{Skeleton
	{animation
		{sequence "crush" {speed 0.4}}
	}
	{bone "122_f1c4b"
		{parameters "CommonMesh;"}
		{Orientation
			1	0	0
			0	-1	0
			0	0	1
		}
		{VolumeView "122_f1c4b.ply"}
		{bone "exterior"
			{Position -2.50563	0.795883	64.2179}
		}
		{bone "piece0"
			{Matrix34
				0	-1	0
				0	0	1
				-1	0	0
				-15.3058	-2.55144	40.3543
			}
			{VolumeView "piece0.ply"}
		}
		{bone "piece1"
			{Matrix34
				0	-1	0
				0	0	1
				-1	0	0
				-15.3058	-18.2995	37.4016
			}
			{VolumeView "piece1.ply"}
		}
		{bone "piece2"
			{Matrix34
				0	-1	0
				0	0	1
				-1	0	0
				-15.3058	-15.3467	12.7953
			}
			{VolumeView "piece2.ply"}
		}
		{bone "piece3"
			{Matrix34
				1	0	0
				0	0	1
				0	-1	0
				-3.49475	-20.268	12.7953
			}
			{VolumeView "piece3.ply"}
		}
		{bone "piece5"
			{Matrix34
				1	0	0
				0	0	1
				0	-1	0
				8.31627	-20.268	30.5118
			}
			{VolumeView "piece5.ply"}
		}
		{bone "piece4"
			{Matrix34
				1	0	0
				0	0	1
				0	-1	0
				-3.49475	-20.268	38.3858
			}
			{VolumeView "piece4.ply"}
		}
		{bone "piece7"
			{Matrix34
				1	0	0
				0	0	1
				0	-1	0
				3.39501	-20.268	57.0866
			}
			{VolumeView "piece7.ply"}
		}
	}
}
{Volume "piece7"
	{Box 13.9764 5.90552 18.8976}
	{Bone "piece7"}
	{Matrix34
		0.819152	-0.573576	0
		0	0	-1
		0.573576	0.819152	0
		-0.269272	0.158358	-1.30274e-005
	}
}
{Volume "piece4"
	{Box 10.3346 5.90551 12.815}
	{Bone "piece4"}
	{Matrix34
		1	0	0
		0	0	-1
		0	1	0
		-0.341791	0.0173512	0
	}
}
{Volume "piece5"
	{Box 12.126 5.90551 26.2795}
	{Bone "piece5"}
	{Matrix34
		0.906308	-0.422618	0
		0	0	-1
		0.422618	0.906308	0
		-0.175951	0.216858	0
	}
}
{Volume "piece3"
	{Box 10.8858 5.90551 14.3504}
	{Bone "piece3"}
	{Matrix34
		0.984808	0.173648	0
		0	0	-1
		-0.173648	0.984808	0
		-0.931877	0.274021	0
	}
}
{Volume "piece2"
	{Box 5.90552 12.7559 17.5394}
	{Bone "piece2"}
	{Matrix34
		0	0	-1
		-1	0	0
		0	1	0
		-0.0232417	-0.958578	0
	}
}
{Volume "piece1"
	{Box 5.90551 9.05512 21.0236}
	{Bone "piece1"}
	{Matrix34
		0	0	-1
		-1	0	0
		0	1	0
		0.518218	-0.362797	0
	}
}
{Volume "piece0"
	{Box 5.90552 15.4134 12.0472}
	{Bone "piece0"}
	{Matrix34
		0	0	-1
		-0.707107	0.707106	0
		0.707106	0.707107	0
		0.266595	0.639855	0
	}
}
