;Exported by: klimenko
;Date:        Tue Jan 17 12:12:23 2006
;File:        D:\-Project-\-3DWork-\entourage\addition.max
{Skeleton
	{bone "stove"
		{Orientation
			1	0	0
			0	-1	0
			0	0	1
		}
		{VolumeView "stove.ply"}
		{bone "piece4"
			{Position -4.32503	5.03674	68.3238}
			{VolumeView "piece4.ply"}
		}
		{bone "sub_piece2"
			{Position -1.2878	-3.94518	49.9997}
			{VolumeView "sub_piece2.ply"}
		}
		{bone "sub_piece4"
			{Position 8.8727	6.65703	55.9817}
			{VolumeView "sub_piece4.ply"}
		}
		{bone "sub_piece3"
			{Position 12.482	2.07426	33.6724}
			{VolumeView "sub_piece3.ply"}
		}
		{bone "piece3"
			{Position -9.34954	5.99468	40.0955}
			{VolumeView "piece3.ply"}
		}
		{bone "piece2"
			{Matrix34
				0.99792	0.0644647	0
				-0.0644647	0.99792	0
				0	0	1
				0.450995	2.55761	102.019
			}
			{VolumeView "piece2.ply"}
		}
		{bone "sub_piece1"
			{Position 4.61159	6.76069	21.9265}
			{VolumeView "sub_piece1.ply"}
		}
		{bone "piece1"
			{Position 1.91948	-6.25053	18.896}
			{VolumeView "piece1.ply"}
		}
	}
}
{Volume "piece1"
	{Box 24.2036 1.69357 15.7421}
	{Bone "piece1"}
	{Position 0	0	0}
}
{Volume "piece2"
	{Box 14.3776 8.76902 14.955}
	{Bone "piece2"}
	{Matrix34
		0.99861	-0.0527138	0
		0.0527138	0.99861	0
		0	0	1
		0	0	-1.80138
	}
}
{Volume "piece3"
	{Box 7.84368 6.55126 26.3808}
	{Bone "piece3"}
	{Position -2.63259	2.89263	-0.192039}
}
{Volume "piece4"
	{Box 12.8379 6.51147 20.0865}
	{Bone "piece4"}
	{Matrix34
		0.946317	0.00160882	-0.323238
		0.00160882	0.999952	0.009687
		0.323238	-0.009687	0.946268
		0	0	-0.334896
	}
}
{Volume "stove"
	{Box 33.5816 17.4315 10.3167}
	{Bone "stove"}
	{Position 1.16926	3.3949	5.186}
}
{Volume "sub_piece1"
	{Box 21.2498 5.99117 18.614}
	{Bone "sub_piece1"}
	{Matrix34
		0.999056	-0.0434388	0
		0.0434388	0.999056	0
		0	0	1
		2.85489	1.77662	1.71526
	}
}
{Volume "sub_piece2"
	{Box 15.2817 6.57029 26.4791}
	{Bone "sub_piece2"}
	{Position 0.0745808	2.18324	1.30478}
}
{Volume "sub_piece3"
	{Box 5.10661 13.8284 15.2837}
	{Bone "sub_piece3"}
	{Position 3.0735	-0.866463	0.808683}
}
{Volume "sub_piece4"
	{Box 13.8932 6.52738 18.2197}
	{Bone "sub_piece4"}
	{Matrix34
		0.705185	0.00883519	0.708968
		0.00883503	0.999735	-0.0212466
		-0.708968	0.0212466	0.704921
		1.18773	1.35948	-2.75704
	}
}
