;Exported by: sana
;Date:        Wed Jul 26 14:24:16 2006
;File:        D:\-Project-\-3DWork-\Entourage\searchlight2.max
{Skeleton
	{bone "searchlight_round_x"
		{Orientation
			1	0	0
			0	-1	0
			0	0	1
		}
		{VolumeView "searchlight_round_x.ply"}
		{bone "piece0"
			{Position -6.54726	3.77011	3.56631}
			{VolumeView "piece0.ply"}
		}
		{bone "piece1"
			{Matrix34
				-0.307563	0.0229401	0.951251
				0.453482	-0.87534	0.167731
				0.836516	0.482963	0.258819
				-8.24576	-2.00235	105.595
			}
			{VolumeView "piece1.ply"}
		}
		{bone "piece2"
			{Matrix34
				0.173648	0.254887	0.951251
				-0.984808	0.0449436	0.167731
				0	-0.965926	0.258819
				-0.854523	4.1871	109.862
			}
			{VolumeView "piece1.ply"}
		}
		{bone "piece3"
			{Matrix34
				-0.376341	-0.170084	-0.910735
				0.371036	-0.928402	0.020061
				-0.84894	-0.330366	0.412503
				5.93834	-0.936981	100.19
			}
			{VolumeView "piece1.ply"}
		}
	}
}
{Volume "body0"
	{Box 19.1117 19.0038 3.84904}
	{Bone "searchlight_round_x"}
	{Position -0.783585	-1.80721	1.49661}
}
{Volume "piece0"
	{Box 10.921 11.2449 107.395}
	{Bone "piece0"}
	{Position 5.76367	-5.67828	61.9356}
}
{Volume "piece1"
	{Box 6.98943 7.8624 6.55195}
	{Bone "piece1"}
	{Matrix34
		-0.269052	0.0410587	0.96225
		0.150772	-0.984977	0.0841861
		0.951251	0.167731	0.258818
		-0.664102	-0.0256263	-2.8028
	}
}
{Volume "piece2"
	{Box 6.98943 6.92233 6.55195}
	{Bone "piece2"}
	{Matrix34
		-0.254887	-0.0449438	0.965925
		0.173649	-0.984807	0
		0.951251	0.167732	0.258819
		-0.690053	-0.148776	-2.63813
	}
}
{Volume "piece3"
	{Box 6.98943 6.92233 6.55195}
	{Bone "piece3"}
	{Matrix34
		-0.411817	0.0311278	-0.910735
		-0.0311095	-0.999314	-0.020088
		-0.910735	0.0200612	0.412502
		0.137774	-0.366424	-2.64661
	}
}
