;Exported by: sasha
;Date:        Tue Oct 28 16:20:03 2008
;File:        D:\-Projects-\-3DWork-\-Vehicles-\japan\Chi-Ha\chi-ha_xx.max
{Skeleton
	{bone revolute "basis"
		{parameters "WheelRadius=0.6;"}
		{Orientation
			1	0	0
			0	-1	0
			0	0	1
		}
		{bone "body"
			{parameters "ID=body;"}
			{Position 6.15794	-0.505944	12.8144}
			{VolumeView "body.ply"}
			{bone revolute "wheell01"
				{parameters "ID=trackleft;Radius=0.75;"}
				{Matrix34
					-1	0	0
					0	0	1
					0	1	0
					41.6243	19.4188	-0.482832
				}
				{VolumeView "wheell01.ply"}
			}
			{bone revolute "wheell09"
				{parameters "ID=trackleft;Radius=0.25;"}
				{Matrix34
					-1	0	0
					0	0	1
					0	1	0
					20.1857	19.4285	1.86912
				}
				{VolumeView "wheell09.ply"}
			}
			{bone revolute "wheell10"
				{parameters "ID=trackleft;Radius=0.15;"}
				{Matrix34
					-1	0	0
					0	0	1
					0	1	0
					-5.12257	18.5956	2.68819
				}
				{VolumeView "wheell10.ply"}
			}
			{bone revolute "wheell11"
				{parameters "ID=trackleft;Radius=0.25;"}
				{Matrix34
					-1	0	0
					0	0	1
					0	1	0
					-31.4678	19.4285	1.56257
				}
				{VolumeView "wheell09.ply"}
			}
			{bone revolute "wheelr01"
				{parameters "ID=trackright;Radius=0.75;"}
				{Matrix34
					-1	0	0
					0	0	1
					0	1	0
					41.6243	-19.5122	-0.48283
				}
				{VolumeView "wheelr01.ply"}
			}
			{bone revolute "wheelr09"
				{parameters "ID=trackright;Radius=0.25;"}
				{Matrix34
					-1	0	0
					0	0	1
					0	1	0
					20.1857	-19.522	1.86912
				}
				{VolumeView "wheelr09.ply"}
			}
			{bone revolute "wheelr10"
				{parameters "ID=trackright;Radius=0.15;"}
				{Matrix34
					-1	0	0
					0	0	1
					0	1	0
					-5.12257	-18.6891	2.68819
				}
				{VolumeView "wheelr10.ply"}
			}
			{bone revolute "wheelr11"
				{parameters "ID=trackright;Radius=0.25;"}
				{Matrix34
					-1	0	0
					0	0	1
					0	1	0
					-31.4772	-19.522	1.55382
				}
				{VolumeView "wheelr09.ply"}
			}
			{bone revolute "wheelr08"
				{parameters "ID=trackright;Radius=0.55;"}
				{Matrix34
					-1	0	0
					0	0	1
					0	1	0
					-53.9594	-18.2863	-3.92799
				}
				{VolumeView "wheelr08.ply"}
			}
			{bone "engine"
				{parameters "ID=engine;"}
				{Position -29.4788	0.0317888	7.85315}
				{VolumeView "engine.ply"}
				{bone "part2"
					{Position -0.194305	-9.51023	5.62643}
					{VolumeView "part2.ply"}
				}
				{bone "part3"
					{Position 1.44198	-11.1381	3.35159}
					{VolumeView "part3.ply"}
				}
				{bone "part4"
					{Position 1.43488	11.1147	2.93242}
					{VolumeView "part4.ply"}
				}
			}
			{bone socket "mgun"
				{parameters "ID=body;"}
				{limits 17}
				{terminator}
				{Matrix34
					0	0	-1
					0	1	0
					1	0	0
					18.5427	8.32267	8.4205
				}
				{VolumeView "mgun.ply"}
			}
			{bone revolute "turret"
				{parameters "ID=turret;"}
				{speed 0.01}
				{Matrix34
					0.871845	0.489641	0.0117158
					-0.489772	0.871433	0.026987
					0.00300441	-0.0292665	0.999567
					-0.886264	0.465783	20.1064
				}
				{VolumeView "turret.ply"}
				{bone "part5"
					{parameters "ID=turret;"}
					{Matrix34
						0.871845	-0.489772	0.00300455
						0.489642	0.871432	-0.0292663
						0.0117156	0.0269869	0.999567
						-2.12431	-0.694739	8.43196
					}
					{VolumeView "part5.ply"}
				}
				{bone revolute "mgun3"
					{parameters "ID=turret;"}
					{limits -15 15}
					{speed 0.013}
					{Position -17.1938	3.59818	-2.78804}
					{VolumeView "mgun3.ply"}
				}
				{bone revolute "gun_rot"
					{parameters "ID=gun;"}
					{limits -10 15}
					{Matrix34
						0.968301	0	-0.249784
						0.249784	0	0.968301
						0	-1	0
						12.4021	-0.0626866	-3.40476
					}
					{VolumeView "gun_rot.ply"}
					{bone "gun"
						{parameters "ID=gun;"}
						{Matrix34
							1	0	0
							0	0	-1
							0	1	0
							-0.447055	0.666424	0.855667
						}
						{VolumeView "gun.ply"}
					}
				}
			}
			{bone "part1"
				{parameters "ID=body;"}
				{Position 27.5711	-19.6936	5.90283}
				{VolumeView "part1.ply"}
			}
			{bone revolute "part6"
				{parameters "ID=trackright;"}
				{Position -25.178	-19.5371	-6.32959}
				{VolumeView "part6.ply"}
			}
		}
		{bone "wheelsl"
			{parameters "ID=trackleft;"}
			{Position 0.433623	18.1428	9.71582}
			{VolumeView "wheelsl.ply"}
			{bone revolute "wheell02"
				{parameters "ID=trackleft;"}
				{Matrix34
					-1	0	0
					0	0	1
					0	1	0
					33.6439	0.794966	-3.23104
				}
				{VolumeView "wheell02.ply"}
			}
			{bone revolute "wheell04"
				{parameters "ID=trackleft;"}
				{Matrix34
					-1	0	0
					0	0	1
					0	1	0
					6.41867	0.794968	-3.23104
				}
				{VolumeView "wheell02.ply"}
			}
			{bone revolute "wheell07"
				{parameters "ID=trackleft;"}
				{Matrix34
					-1	0	0
					0	0	1
					0	1	0
					-33.537	0.794968	-3.23104
				}
				{VolumeView "wheell02.ply"}
			}
		}
		{bone "wheelsr"
			{parameters "ID=trackright;"}
			{Position 0.433623	-19.0863	9.71582}
			{VolumeView "wheelsr.ply"}
			{bone revolute "wheelr03"
				{parameters "ID=trackright;"}
				{Matrix34
					-1	0	0
					0	0	1
					0	1	0
					19.5154	-0.956797	-3.23104
				}
				{VolumeView "wheelr03.ply"}
			}
			{bone revolute "wheelr05"
				{parameters "ID=trackright;"}
				{Matrix34
					-1	0	0
					0	0	1
					0	1	0
					-6.6714	-0.956797	-3.23104
				}
				{VolumeView "wheelr03.ply"}
			}
		}
	}
}
{Volume "body01"
	{Polyhedron "body01.vol"}
	{Bone "body"}
	{Position 16.8913	-0.908361	-10.2887}
}
{Volume "body02"
	{Box 34.5425 35.3519 5.85499}
	{Bone "body"}
	{Position 3.5349	-0.214017	9.52756}
}
{Volume "body03"
	{Cylinder 7.72669 6.93229}
	{Bone "body"}
	{Position 18.0666	-8.31577	8.98239}
}
{Volume "engine01"
	{Box 38.8707 23.4546 5.85499}
	{Bone "engine"}
	{Position -3.39635	-0.245809	1.67441}
}
{Volume "gun1"
	{Box 9.67588 1.84835 1.71921}
	{Bone "gun_rot"}
	{Position 4.67015	-1.04268	0.881071}
}
{Volume "gun2"
	{Cylinder 0.925408 16.103}
	{Bone "gun_rot"}
	{Matrix34
		0	-1	0
		0	0	-1
		1	0	0
		7.21783	0.496859	0.864555
	}
}
{Volume "part1"
	{Box 26.7436 10.4596 2.01098}
	{Bone "part1"}
	{Matrix34
		0.991776	-0.117597	-0.0505098
		0.117445	0.993061	-0.00598139
		0.0508627	0	0.998706
		-0.0576669	0	0.615459
	}
}
{Volume "part2"
	{Box 23.1002 9.40501 1.37294}
	{Bone "part2"}
	{Matrix34
		0.997582	-0.0050109	0.0693189
		-0.0339323	-0.905556	0.422866
		0.0606533	-0.424196	-0.903537
		-0.0599172	-0.0364678	0.0322099
	}
}
{Volume "part3"
	{Box 30.8676 6.93243 2.25782}
	{Bone "part3"}
	{Matrix34
		0.999891	0.0147908	0
		-0.0147908	0.999891	0
		0	0	1
		0	-0.961847	0
	}
}
{Volume "part4"
	{Box 30.8579 8.26059 2.25782}
	{Bone "part4"}
	{Matrix34
		0.996641	-0.0763839	0.0295453
		0.0793866	0.989681	-0.119283
		-0.0201291	0.121228	0.992421
		0	0.341569	-0.420061
	}
}
{Volume "part5"
	{Cylinder 6.79328 0.44931}
	{Bone "part5"}
	{Matrix34
		0.871845	0.489641	0.0117161
		-0.395634	0.718156	-0.572474
		-0.288721	0.494473	0.819839
		-0.0232	0.0385494	0.0646881
	}
}
{Volume "part6"
	{Cylinder 5.98861 5.75856}
	{Bone "part6"}
	{Matrix34
		0.852134	-0.395528	-0.342673
		0.396081	0.0594832	0.916287
		-0.342034	-0.916526	0.207349
		0	0	0
	}
}
{Volume "trackleft"
	{Box 109.219 22.528 6.14317}
	{Bone "wheelsl"}
	{Matrix34
		1	0	0
		0	0	1
		0	-1	0
		-0.493019	0.778588	1.18747
	}
}
{Volume "trackright"
	{Box 109.219 6.14317 22.528}
	{Bone "wheelsr"}
	{Position -0.493013	-0.944311	1.18747}
}
{Volume "turret1"
	{Cylinder 11.3093 9.0207}
	{Bone "turret"}
	{Position 0.016946	-0.10766	-2.99751}
}
{Volume "turret2"
	{Polyhedron "turret2.vol"}
	{Bone "turret"}
	{Position -13.9884	0.681476	-7.25975}
}
{Volume "turret3"
	{Cylinder 6.60365 3.38317}
	{Bone "turret"}
	{Position -2.10932	-2.51155	2.86355}
}
