;Exported by: sana
;Date:        Thu Jun 21 14:44:47 2007
;File:        D:\-Project-\-3DWork-\Entourage\Новая папка\fire_build_gals04.max
{Skeleton
	{bone "station_corner1"
		{Orientation
			1	0	0
			0	-1	0
			0	0	1
		}
		{VolumeView "station_corner1.ply"}
		{bone "exterior"
			{Position -0.248596	-1.97526	95.9696}
			{VolumeView "exterior.ply"}
		}
		{bone "beam"
			{Position 9.12341	9.35562	-0.538173}
			{visibility 0}
		}
	}
}
{Obstacle "body1"
	{Obb2
		{Center 26.5062 10.4764}
		{Extent 4.86518 51.8557}
		{Axis 1 0}
	}
	{Rotate}
	{Tags  "body"}
}
{Obstacle "body2"
	{Obb2
		{Center 13.5555 -32.2578}
		{Extent 9.60038 5.61443}
		{Axis 1 0}
	}
	{Rotate}
	{Tags  "body"}
}
{Obstacle "door3"
	{Obb2
		{Center 9.53185 -49.1518}
		{Extent 2.05824 19.6356}
		{Axis 0.906401 0.422418}
	}
	{Rotate}
}
{Area "interior"
	{Obb2
		{Center -3.83614 7.22803}
		{Extent 29.6849 38.021}
		{Axis -1 0}
	}
	{Rotate}
}
{Volume "body1"
	{Box 9.73035 103.711 79.7151}
	{Bone "station_corner1"}
	{Position 26.5062	-10.4764	39.8576}
}
{Volume "body2"
	{Box 19.2008 11.2289 79.8021}
	{Bone "station_corner1"}
	{Position 13.5555	32.2578	39.9011}
}
{Volume "body3"
	{Box 38.6008 9.97665 16.3526}
	{Bone "station_corner1"}
	{Position -13.5384	32.3945	71.054}
}
{Volume "body4"
	{Box 9.73035 95.4145 39.0205}
	{Bone "station_corner1"}
	{Matrix34
		1	0	0
		0	0.92443	-0.381351
		0	0.381351	0.92443
		26.5062	-10.3646	79.4063
	}
}
{Volume "door3"
	{Box 3.93949 39.2538 63.7698}
	{Bone "station_corner1"}
	{Matrix34
		0.908297	-0.418326	0
		0.418326	0.908297	0
		0	0	1
		9.53185	49.1518	31.8849
	}
}
{Volume "roof1"
	{Box 56.7299 25.7372 4.83951}
	{Bone "exterior"}
	{Matrix34
		1	0	0
		0	0.935206	-0.354104
		0	0.354104	0.935206
		-4.27982	31.6008	-14.0088
	}
}
{Volume "roof2"
	{Box 32.336 57.3939 4.83951}
	{Bone "exterior"}
	{Matrix34
		1	0	0
		0	0.935206	-0.354104
		0	0.354104	0.935206
		8.82922	-5.52919	0.230654
	}
}
