;Exported by: klimenko
;Date:        Fri Mar 30 13:07:36 2007
;File:        D:\-Project-\-3DWork-\idustrial\tube_x.max
{Skeleton
	{animation
		{sequence "crush2" {speed 0.6}}
	}
	{bone "barrels_1"
		{Orientation
			1	0	0
			0	-1	0
			0	0	1
		}
		{VolumeView "barrels_1.ply"}
		{bone "fx_fire3"
			{Matrix34
				0.999881	-0.0154574	0
				0.0154574	0.999881	0
				0	0	1
				-49.2048	31.3062	18.3575
			}
		}
		{bone "fx_fire2a"
			{Matrix34
				0.999881	-0.0154574	0
				0.0154574	0.999881	0
				0	0	1
				59.5818	-21.3849	18.3575
			}
		}
		{bone "fx_fire2"
			{Matrix34
				0.999881	-0.0154574	0
				0.0154574	0.999881	0
				0	0	1
				58.0145	22.0975	18.3575
			}
		}
		{bone "fx_fire2b"
			{Matrix34
				0.999881	-0.0154574	0
				0.0154574	0.999881	0
				0	0	1
				11.077	2.14126	18.3575
			}
		}
		{bone "fx_fire2d"
			{Matrix34
				0.999881	-0.0154574	0
				0.0154574	0.999881	0
				0	0	1
				-65.9042	3.33138	18.3575
			}
		}
		{bone "fx_fire2c"
			{Matrix34
				0.999881	-0.0154574	0
				0.0154574	0.999881	0
				0	0	1
				-28.1311	-23.1069	18.3575
			}
		}
		{bone "fx_smoke2a"
			{Matrix34
				0.999881	-0.0154574	0
				0.0154574	0.999881	0
				0	0	1
				-24.1671	18.4118	18.3575
			}
		}
		{bone "fx_smoke2"
			{Matrix34
				0.999881	-0.0154574	0
				0.0154574	0.999881	0
				0	0	1
				68.7671	-2.37602	18.3575
			}
		}
		{bone "fx_exp2"
			{Matrix34
				0.999881	-0.0154574	0
				0.0154574	0.999881	0
				0	0	1
				-84.2437	31.3573	-4.70985
			}
		}
		{bone "fx_exp2a"
			{Matrix34
				0.999881	-0.0154574	0
				0.0154574	0.999881	0
				0	0	1
				-2.82133	-51.6557	-4.70985
			}
		}
		{bone "fx_exp2b"
			{Matrix34
				0.999881	-0.0154574	0
				0.0154574	0.999881	0
				0	0	1
				68.2966	37.6336	-4.70985
			}
		}
		{bone "cylinder22"
			{parameters "CommonMesh;"}
			{Matrix34
				0.0111815	-0.995731	-0.0916256
				0.992694	4.45733e-005	0.120659
				-0.12014	-0.0923053	0.988456
				-18.5511	20.8167	120.505
			}
			{VolumeView "cylinder22.ply"}
		}
		{bone "object02"
			{parameters "CommonMesh;"}
			{Matrix34
				0	-1	0
				1	0	0
				0	0	1
				36.2909	-27.4313	65.8709
			}
			{VolumeView "object02.ply"}
		}
		{bone "object11"
			{parameters "CommonMesh;"}
			{Matrix34
				0	-1	0
				1	0	0
				0	0	1
				18.3786	24.4165	59.6459
			}
			{VolumeView "object11.ply"}
		}
		{bone "object12"
			{parameters "CommonMesh;"}
			{Matrix34
				0	-1	0
				1	0	0
				0	0	1
				64.7521	8.94469	62.7429
			}
			{VolumeView "object12.ply"}
		}
		{bone "object13"
			{parameters "CommonMesh;"}
			{Matrix34
				0	-1	0
				1	0	0
				0	0	1
				21.13	-25.4659	112.978
			}
			{VolumeView "object13.ply"}
		}
		{bone "object14"
			{parameters "CommonMesh;"}
			{Matrix34
				0	-1	0
				1	0	0
				0	0	1
				30.1585	24.3636	108.927
			}
			{VolumeView "object14.ply"}
		}
		{bone "object15"
			{parameters "CommonMesh;"}
			{Matrix34
				0.114886	-0.025595	-0.993049
				-0.0257995	0.999254	-0.0287396
				0.993044	0.028922	0.11414
				50.8205	3.90869	96.1973
			}
			{VolumeView "object15.ply"}
		}
		{bone "object16"
			{parameters "CommonMesh;"}
			{Matrix34
				5.8862e-005	-0.996196	0.0871453
				0.999999	-5.87285e-005	-0.00134671
				0.00134667	0.0871453	0.996195
				-28.576	24.1069	52.2287
			}
			{VolumeView "object16.ply"}
		}
		{bone "object17"
			{parameters "CommonMesh;"}
			{Matrix34
				0.14722	-0.988828	0.0233376
				0.985603	0.144675	-0.0875005
				0.0831466	0.0358834	0.995891
				-26.1068	-22.5935	53.4956
			}
			{VolumeView "object17.ply"}
		}
		{bone "object18"
			{parameters "CommonMesh;"}
			{Matrix34
				-5.91722e-005	-0.999999	0.00134706
				0.996196	5.84447e-005	0.0871453
				-0.0871453	0.0013471	0.996195
				-71.3236	-1.01109	51.0925
			}
			{VolumeView "object18.ply"}
		}
		{bone "object19"
			{parameters "CommonMesh;"}
			{Matrix34
				0	-1	0
				1	0	0
				0	0	1
				-30.6018	23.7782	86.7831
			}
			{VolumeView "object19.ply"}
		}
		{bone "object20"
			{parameters "CommonMesh;"}
			{Matrix34
				0	-1	0
				1	0	0
				0	0	1
				-38.2074	-23.4348	81.6804
			}
			{VolumeView "object20.ply"}
		}
		{bone "object21"
			{parameters "CommonMesh;"}
			{Matrix34
				0	-1	0
				1	0	0
				0	0	1
				-68.5325	6.45013	84.5926
			}
			{VolumeView "object21.ply"}
		}
		{bone "object22"
			{parameters "CommonMesh;"}
			{Matrix34
				0.132032	-0.988577	-0.0726813
				0.991245	0.131593	0.0108238
				-0.00113583	-0.0734741	0.997296
				-32.7756	-23.1977	116.916
			}
			{VolumeView "object22.ply"}
		}
		{bone "object23"
			{parameters "CommonMesh;"}
			{Matrix34
				-6.06302e-005	-0.999999	-0.00136634
				0.996086	6.04094e-005	-0.0883849
				0.0883849	-0.00136636	0.996085
				-60.5568	8.22092	114.156
			}
			{VolumeView "object23.ply"}
		}
		{bone "object24"
			{parameters "CommonMesh;"}
			{Matrix34
				0.999881	-0.0154574	0
				0.0154574	0.999881	0
				0	0	1
				-33.8667	-8.60822	139.433
			}
			{VolumeView "object24.ply"}
		}
		{bone "fx_exp3"
			{Matrix34
				0.999881	-0.0154574	0
				0.0154574	0.999881	0
				0	0	1
				6.31913	12.5075	-4.70985
			}
		}
	}
}
{Volume "barrels_1"
	{Box 82.4918 165.621 14.7421}
	{Bone "barrels_1"}
	{Matrix34
		0	-1	0
		1	0	0
		0	0	1
		0	-1.24481e-005	3.01451
	}
}
