;Exported by: Mauzer
;Date:        Wed Aug 24 12:52:09 2011
;File:        E:\Autodesk\Low poly\freelance\DMS\Weapons\Flamethrower M2\Flamethrower M2+.max
{Skeleton
	{bone "flamethrower_m2_b"
		{Orientation
			1	0	0
			0	-1	0
			0	0	1
		}
		{LODView
			{VolumeView "flamethrower_m2_b.ply"}
			{VolumeView "flamethrower_m2_b_lod1.ply"}
		}
		{bone "handle"
			{Matrix34
				-0.996597	-0.0782911	-0.0257672
				0.0790165	-0.996467	-0.028452
				-0.0234487	-0.0303912	0.999263
				12.0283	3.22282	0.505753
			}
		}
	}
}
{Volume "body"
	{Polyhedron "body.vol"}
	{Bone "flamethrower_m2_b"}
	{Matrix34
		0.0784592	-0.996917	0
		0.996917	0.0784592	0
		0	0	1
		6.14306	2.64507	-0.656173
	}
}
{Volume "select"
	{Box 16.5383 13.757 7.71118}
	{Bone "flamethrower_m2_b"}
	{Matrix34
		-0.996917	-0.0784583	0
		0.0784583	-0.996917	0
		0	0	1
		6.1381	2.71784	1.32082
	}
}
{Extender "preview"
	{"Stuff"
		{camera
			{origin 12.5409	-2.96504	24.6323}
			{lookat 5.63285	-2.48547	0.701827}
			{fov 22.6199}
			{horizon 179.31}
		}
		{lights
			{"0"
				{type directional}
				{direction -0.385895	0.00951659	-0.317795}
			}
			{"1"
				{type directional}
				{direction 0.465016	-0.0812325	-0.164806}
			}
			{"2"
				{type directional}
				{direction -0.32482	0.203069	0.321333}
			}
		}
	}
	{"Stuff_primary"
		{camera
			{origin 27.5786	-4.03579	73.8707}
			{lookat 6.39308	-2.56512	0.480776}
			{fov 22.6199}
			{horizon 179.31}
		}
		{lights
			{"0"
				{type directional}
				{direction -0.385895	0.00951659	-0.317795}
			}
			{"1"
				{type directional}
				{direction 0.465016	-0.0812325	-0.164806}
			}
			{"2"
				{type directional}
				{direction -0.32482	0.203069	0.321333}
			}
		}
	}
}
