;Exported by: sana
;Date:        Mon Apr 17 12:23:04 2006
;File:        D:\-Project-\-3DWork-\Entourage\rock_fences.max
{Skeleton
	{bone "rock_fence_4_c1"
		{Orientation
			1	0	0
			0	-1	0
			0	0	1
		}
		{VolumeView "rock_fence_4_c1.ply"}
		{bone "piece1"
			{Position -0.0301513	4.73799	9.79007}
			{VolumeView "piece1.ply"}
		}
		{bone "piece2"
			{Position -0.0301514	-11.9598	12.3814}
			{VolumeView "piece2.ply"}
		}
		{bone "piece3"
			{Position -0.0137634	16.7561	14.939}
			{VolumeView "piece3.ply"}
		}
	}
}
{Volume "piece1"
	{Box 5.00002 11.6862 5.49313}
	{Bone "piece1"}
	{Matrix34
		1	0	0
		0	0.975102	0.221755
		0	-0.221755	0.975102
		0	0.248785	0.69601
	}
}
{Volume "piece2"
	{Box 5.40322 13.0097 7.70199}
	{Bone "piece2"}
	{Matrix34
		1	0	0
		0	0.939693	-0.34202
		0	0.34202	0.939693
		-0.00726318	0.461779	-0.480644
	}
}
{Volume "piece3"
	{Box 5.24596 8.18675 6.86824}
	{Bone "piece3"}
	{Matrix34
		1	0	0
		0	0.987401	0.15824
		0	-0.15824	0.987401
		0	-0.465416	-0.185653
	}
}
