;Exported by: sana
;Date:        Mon Apr 30 14:13:22 2007
;File:        D:\-Project-\-3DWork-\Entourage\School_Ru\School_ru_cut3a_x01.max
{Skeleton
	{bone "school_ru_inn_l_1_3_x"
		{Orientation
			1	0	0
			0	-1	0
			0	0	1
		}
		{bone "piece02"
			{Position 9.6955	-13.3307	12.6226}
			{VolumeView "piece02.ply"}
			{bone "sub_piece02"
				{Position 0	-0.58049	-10.334}
				{VolumeView "sub_piece02.ply"}
			}
		}
		{bone "piece01"
			{Position -0.549316	-5.308	13.7839}
			{VolumeView "piece01.ply"}
			{bone "sub_piece01"
				{Position -7.78088	0	-6.57874}
				{VolumeView "sub_piece01.ply"}
			}
		}
		{bone "piece04"
			{Position -1.68402	-5.308	-15.6041}
			{VolumeView "piece04.ply"}
			{bone "sub_piece04"
				{Position -6.87949	0	1.49264}
				{VolumeView "sub_piece04.ply"}
			}
		}
		{bone "piece03"
			{Position 9.6955	1.86305	-5.16685}
			{VolumeView "piece03.ply"}
		}
	}
}
{Volume "piece01"
	{Box 10.0095 2.95276 16.7297}
	{Bone "piece01"}
	{Matrix34
		0.952286	0	-0.305208
		0	1	0
		0.305208	0	0.952286
		0.00681199	0	-0.315428
	}
}
{Volume "piece02"
	{Box 3.50085 10.1458 15.3175}
	{Bone "piece02"}
	{Position 0	0	-0.272325}
}
{Volume "piece03"
	{Box 3.50085 8.0481 14.0346}
	{Bone "piece03"}
	{Matrix34
		1	0	0
		0	0.963075	-0.269233
		0	0.269233	0.963075
		0	0.305121	-0.466063
	}
}
{Volume "piece04"
	{Box 10.3435 2.95276 14.6824}
	{Bone "piece04"}
	{Matrix34
		0.881701	0	0.471808
		0	1	0
		-0.471808	0	0.881701
		-0.19802	0	0.690529
	}
}
{Volume "sub_piece01"
	{Box 6.23145 2.95276 10.3074}
	{Bone "sub_piece01"}
}
{Volume "sub_piece02"
	{Box 3.50085 8.98479 6.31623}
	{Bone "sub_piece02"}
	{Position 0	0	0.331607}
}
{Volume "sub_piece04"
	{Box 5.76483 2.95276 9.36417}
	{Bone "sub_piece04"}
}
