;Exported by: sasha
;Date:        Tue Dec 25 10:00:14 2007
;File:        D:\-Project-\-3DWork-\a_house 303\a_house_303.max
{Skeleton
	{bone "303_dc1"
		{Orientation
			1	0	0
			0	-1	0
			0	0	1
		}
		{VolumeView "303_dc1.ply"}
	}
}
{Obstacle "body1"
	{Obb2
		{Center 16.0367 2.89399}
		{Extent 7.94761 18.1791}
		{Axis 1 0}
	}
	{Rotate}
	{Tags  "body"}
}
{Obstacle "body3"
	{Obb2
		{Center 2.74909 14.1528}
		{Extent 17.7137 9.4494}
		{Axis 1 0}
	}
	{Rotate}
	{Tags  "body"}
}
{Volume "body1"
	{Box 12.7945 36.3582 16.2585}
	{Bone "303_dc1"}
	{Matrix34
		0.978148	0	0.207911
		0	1	0
		-0.207911	0	0.978148
		16.0367	-2.89399	6.14558
	}
}
{Volume "body2"
	{Box 9.40658 25.0452 27.4769}
	{Bone "303_dc1"}
	{Matrix34
		0.989134	0	0.147014
		0	1	0
		-0.147014	0	0.989134
		10.9796	-1.07346	27.3998
	}
}
{Volume "body3"
	{Box 15.8651 35.4274 16.2585}
	{Bone "303_dc1"}
	{Matrix34
		0	0.978148	-0.207912
		-1	0	0
		0	0.207912	0.978148
		2.74909	-14.1528	6.70742
	}
}
{Volume "body4"
	{Box 11.1938 28.301 23.0806}
	{Bone "303_dc1"}
	{Matrix34
		0	0.995614	-0.0935579
		-1	0	0
		0	0.0935579	0.995614
		-0.639975	-10.1016	25.3003
	}
}
