;Exported by: golanov
;Date:        Thu Mar 16 18:55:55 2006
;File:        D:\-Projects-\-3DWork-\Constructions\Africa\af_house_x.max
{Skeleton
	{bone "af_h_dwnw4_x"
		{Orientation
			1	0	0
			0	-1	0
			0	0	1
		}
		{bone "piece0"
			{Position 17.0576	-11.7739	-13.5036}
			{VolumeView "piece0.ply"}
			{bone "sub_piece0"
				{Matrix34
					0.34202	0.939693	0
					-0.939693	0.34202	0
					0	0	1
					-9.5963	-7.69833	-11.324
				}
				{VolumeView "sub_piece0.ply"}
			}
		}
		{bone "piece1"
			{Position 16.5541	-11.7738	25.3693}
			{VolumeView "piece1.ply"}
		}
		{bone "sub_piece1"
			{Position 18.6287	-11.7739	11.2559}
			{VolumeView "sub_piece1.ply"}
		}
		{bone "piece2"
			{Position -12.9735	-11.7738	27.8299}
			{VolumeView "piece2.ply"}
		}
		{bone "sub_piece2"
			{Position -22.0002	-11.7739	3.05061}
			{VolumeView "sub_piece2.ply"}
		}
		{bone "sub_piece3"
			{Position 15.7907	-1.36815	22.6076}
			{VolumeView "sub_piece3.ply"}
		}
		{bone "piece3"
			{Position -6.21625	3.1343	33.2985}
			{VolumeView "piece3.ply"}
		}
	}
}
{Volume "piece0"
	{Box 9.05094 6.288 20.0896}
	{Bone "piece0"}
	{Position -1.26716	0	1.38545}
}
{Volume "piece1"
	{Box 13.2628 6.288 11.437}
	{Bone "piece1"}
	{Position -0.284835	0	-1.17124}
}
{Volume "piece2"
	{Box 12.3032 6.288 8.85826}
	{Bone "piece2"}
	{Position 0	0	1.52588e-005}
}
{Volume "piece3"
	{Box 21.7072 2.29322 10.3131}
	{Bone "piece3"}
	{Matrix34
		0.86273	0.253406	0.437587
		0.0754791	0.791141	-0.606959
		-0.5	0.55667	0.663414
		1.18346	-1.02658	-1.73877
	}
}
{Volume "sub_piece0"
	{Box 17.2244 1.47638 39.3701}
	{Bone "sub_piece0"}
	{Position 0	0	0}
}
{Volume "sub_piece1"
	{Box 16.4524 6.288 11.768}
	{Bone "sub_piece1"}
}
{Volume "sub_piece2"
	{Box 11.0306 6.28801 21.909}
	{Bone "sub_piece2"}
	{Position 0	0	4.57324}
}
{Volume "sub_piece3"
	{Box 18.6993 2.13642 10.3774}
	{Bone "sub_piece3"}
	{Matrix34
		0.908549	0.399838	0.121112
		-0.268023	0.780221	-0.565171
		-0.320471	0.481025	0.816035
		-0.850243	-0.449661	-0.0688474
	}
}
