;Exported by: sana
;Date:        Fri Apr 28 18:26:53 2006
;File:        D:\-Project-\-3DWork-\Entourage\fence\barricade_cobble_copy.max
{Skeleton
	{bone "barricade_cobl2_c4"
		{Orientation
			1	0	0
			0	-1	0
			0	0	1
		}
		{VolumeView "barricade_cobl2_c4.ply"}
		{bone "fix03"
			{Position 38.9446	1.35419	6.92059}
		}
	}
}
{Obstacle "obstacle18"
	{Obb2
		{Center 17.6862 38.3824}
		{Extent 9.3622 14.1194}
		{Axis -0.315901 -0.948792}
	}
	{Rotate}
}
{Volume "body65"
	{Box 13.3879 15.1299 7.62945}
	{Bone "barricade_cobl2_c4"}
	{Matrix34
		-0.913045	-0.407857	-0.00132895
		0.407849	-0.91304	0.00403642
		-0.00285968	0.00314348	0.999991
		41.0331	-2.26452	12.5706
	}
}
{Volume "body66"
	{Box 28.657 18.8057 16.6461}
	{Bone "barricade_cobl2_c4"}
	{Matrix34
		0.946173	0.323629	0.00450752
		-0.323626	0.946184	-0.00145959
		-0.00473731	-7.77442e-005	0.999989
		22.3608	-36.3542	8.64351
	}
}
{Volume "body67"
	{Box 21.7708 6.95059 7.6572}
	{Bone "barricade_cobl2_c4"}
	{Matrix34
		0.88239	0.402147	-0.244265
		-0.368133	0.91337	0.173878
		0.293029	-0.0635064	0.953992
		21.5892	-32.8023	17.0199
	}
}
{Volume "body69"
	{Box 3.36171 2.7816 13.733}
	{Bone "barricade_cobl2_c4"}
	{Matrix34
		-0.989187	0.0122324	-0.146151
		0.0868627	-0.754071	-0.651023
		-0.118172	-0.656679	0.744854
		44.6363	-22.5948	14.9827
	}
}
