;Exported by: sergey
;Date:        Tue Oct 15 00:43:33 2013
;File:        D:\Documents\3dsmax\scenes\le.gl.Einheits-Pkw\Stoewer r200 Kfz.2-40_x.max
{Skeleton
	{bone "basis"
		{Orientation
			1	0	0
			0	-1	0
			0	0	1
		}
		{bone "body"
			{parameters "ID=body;"}
			{animation
				{sequence "break" {file "body_b.anm"} {speed 0.8}}
			}
			{Position 0	0	8.80787}
			{VolumeView "body.ply"}
			{bone "wheel_hand"
				{parameters "ID=body;"}
				{Matrix34
					0.978275	0	-0.207311
					0.207311	0	0.978275
					0	-1	0
					13.769	7.61143	14.4456
				}
				{VolumeView "wheel_hand.ply"}
			}
			{bone "engine"
				{parameters "ID=engine;"}
				{animation
					{sequence "break" {file "engine_b.anm"} {speed 0.8}}
				}
				{Position 21.4672	0.159913	7.52314}
				{VolumeView "engine.ply"}
				{bone "fxfire1"
					{Matrix34
						-0.00396029	0	0.999992
						-0.999992	0	-0.00396029
						0	-1	0
						8.96971	-0.159912	2.69719
					}
				}
				{bone "kapot"
					{parameters "ID=engine;"}
					{Position -21.011	-0.0818754	1.67859}
					{VolumeView "kapot.ply"}
				}
				{bone revolute "engine_door_r"
					{parameters "ID=engine;"}
					{Matrix34
						-0.207043	0.978022	0.0246128
						0.000451944	-0.0250623	0.999686
						0.978332	0.206989	0.00474696
						-2.5514	-5.88032	7.69011
					}
					{VolumeView "engine_door_r.ply"}
				}
				{bone revolute "engine_door_l"
					{parameters "ID=engine;"}
					{Matrix34
						0.199977	0.979801	0
						0	0	1
						0.979801	-0.199977	0
						-2.56025	5.67626	7.66934
					}
					{VolumeView "engine_door_l.ply"}
				}
			}
			{bone "fuel"
				{Matrix34
					1	0	0
					0	0	1
					0	-1	0
					-31.6449	10.719	1.18535
				}
				{bone "fxfire2"
					{Position -1.59772	2.59188	10.719}
				}
			}
			{bone "headlightr1"
				{Position 17.3131	-16.1388	21.0141}
				{VolumeView "headlightr1.ply"}
			}
			{bone "shield"
				{parameters "ID=shield;"}
				{Position -11.5792	0.0444069	22.0623}
				{VolumeView "shield.ply"}
				{bone "detail7"
					{Position 0	0	0}
					{bone revolute "sh_doorright"
						{parameters "ID=shield;"}
						{Matrix34
							-1	0	0
							0	-1	0
							0	0	1
							26.7562	-14.8572	-17.9948
						}
						{VolumeView "sh_doorright.ply"}
						{bone revolute "sh_doorleft"
							{parameters "ID=shield;"}
							{Matrix34
								1	1.03476e-005	0
								1.02674e-005	1	0
								0	0	1
								-0.00147915	-29.7603	-0.00145912
							}
							{VolumeView "sh_doorleft.ply"}
							{bone "glass_left1"
								{parameters "ID=shield;"}
								{Position 0	0	0}
								{VolumeView "glass_left1.ply"}
							}
						}
						{bone "glass_right1"
							{parameters "ID=glass_right1;"}
							{Position 0	0	0}
							{VolumeView "glass_right1.ply"}
						}
					}
					{bone revolute "sh_doorleft1"
						{parameters "ID=shield;"}
						{Matrix34
							-1	0	0
							0	-1	0
							0	0	1
							9.18992	14.903	-17.9963
						}
						{VolumeView "sh_doorleft1.ply"}
						{bone "glass_left2"
							{parameters "ID=shield;"}
							{Position 0	0	0}
							{VolumeView "glass_left2.ply"}
						}
					}
					{bone revolute "sh_doorright1"
						{parameters "ID=shield;"}
						{Matrix34
							-1	0	0
							0	-1	0
							0	0	1
							9.19327	-14.8572	-17.9948
						}
						{VolumeView "sh_doorright1.ply"}
						{bone "glass_right2"
							{parameters "ID=glass_right2;"}
							{Position 0	0	0}
							{VolumeView "glass_right2.ply"}
						}
					}
				}
				{bone "kfz2_shield"
					{parameters "ID=shield;"}
					{Position 0	0	0}
					{VolumeView "kfz2_shield.ply"}
				}
			}
			{bone revolute "doorleft"
				{parameters "ID=body;"}
				{Matrix34
					-1	0	0
					0	-1	0
					0	0	1
					15.1787	14.9589	4.07918
				}
				{VolumeView "doorleft.ply"}
			}
			{bone revolute "doorleft1"
				{parameters "ID=body;"}
				{Matrix34
					-1	0	0
					0	-1	0
					0	0	1
					-2.38921	14.9589	4.07918
				}
				{VolumeView "doorleft1.ply"}
			}
			{bone revolute "doorright"
				{parameters "ID=body;"}
				{Matrix34
					-1	0	0
					0	-1	0
					0	0	1
					15.177	-14.8241	4.08068
				}
				{VolumeView "doorright.ply"}
			}
			{bone "dekor"
				{Matrix34
					0	-1	0
					0	0	1
					-1	0	0
					-38.0177	-11.6469	8.31018
				}
				{VolumeView "dekor.ply"}
			}
			{bone revolute "window"
				{parameters "ID=body;"}
				{Matrix34
					1	0	0
					0	0	1
					0	-1	0
					16.2946	0.0122261	16.0512
				}
				{VolumeView "window.ply"}
				{bone "glass_front1"
					{parameters "ID=glass;"}
					{Matrix34
						0	0	-1
						-0.285213	0.958464	0
						0.958464	0.285213	0
						-1.62219	5.41152	7.34766
					}
					{VolumeView "glass_front1.ply"}
				}
				{bone "glass_front2"
					{parameters "ID=glass;"}
					{Matrix34
						0	0	-1
						-0.285213	0.958464	0
						0.958464	0.285213	0
						-1.6222	5.41152	-7.2604
					}
					{VolumeView "glass_front2.ply"}
				}
			}
			{bone "headlightr"
				{parameters "ID=body;"}
				{Matrix34
					1	0	0
					0	0	-1
					0	1	0
					30.4353	-12.0271	12.9452
				}
				{VolumeView "headlightr.ply"}
			}
			{bone "headlightl"
				{parameters "ID=body;"}
				{Matrix34
					1	0	0
					0	0	-1
					0	1	0
					30.4353	12.0577	12.9452
				}
				{VolumeView "headlightl.ply"}
			}
			{bone "detail6"
				{Matrix34
					0.393033	0.918041	-0.0522104
					-0.413322	0.227102	0.881811
					0.821395	-0.325001	0.468705
					19.3048	14.1817	8.27728
				}
				{VolumeView "detail6.ply"}
			}
			{bone "detail1"
				{Matrix34
					-0.000505575	0.00680604	-0.999977
					-0.321062	0.947035	0.00660801
					0.947058	0.321057	0.00170637
					17.1609	-14.3099	11.7622
				}
				{VolumeView "detail1.ply"}
			}
			{bone "detail9"
				{Position 0.456267	0.0780363	9.20173}
				{VolumeView "detail9.ply"}
			}
			{bone "kfz2"
				{parameters "ID=body;"}
				{Position 0.456267	0.0780363	9.20173}
				{VolumeView "kfz2.ply"}
				{bone "kfz2_cover_bagazhnik"
					{Position -31.3048	-0.172686	6.45734}
					{VolumeView "kfz2_cover_bagazhnik.ply"}
				}
			}
			{bone "kfz2_seats"
				{parameters "ID=body;"}
				{Matrix34
					1	0	0
					0	0	1
					0	-1	0
					2.32242	-2.19214	4.53261
				}
				{VolumeView "kfz2_seats.ply"}
			}
		}
		{bone "support2"
			{Matrix34
				1	0	0
				0	0	1
				0	-1	0
				-23.4938	0	0
			}
			{bone "pivot_back"
				{Matrix34
					-1	0	0
					0	1	0
					0	0	-1
					0.226406	8.25355	0.00135767
				}
				{VolumeView "pivot_back.ply"}
				{bone revolute "steer_l1"
					{Matrix34
						0.999963	0.00847504	0.00161424
						0.00161429	0	-0.999999
						-0.00847503	0.999964	-1.19964e-005
						-0.116867	0.509039	11.1792
					}
					{bone revolute "wheell2"
						{parameters "ID=wheelleft2;"}
						{Matrix34
							0.999963	0.00161373	-0.00847481
							0.00847482	0	0.999964
							0.00161369	-0.999999	-1.14441e-005
							0.114861	-2.16589	-0.649845
						}
						{VolumeView "wheell2.ply"}
					}
				}
				{bone revolute "steer_r1"
					{Matrix34
						0.999964	-0.00106966	-0.00844573
						-0.00844578	-4.73079e-005	-0.999964
						0.00106922	0.999999	-5.63403e-005
						0.00708199	0.122544	-11.1965
					}
					{bone revolute "wheelr2"
						{parameters "ID=wheelright2;"}
						{Matrix34
							0.999964	-0.00844651	0.00106951
							-0.00106995	-4.68492e-005	0.999999
							-0.00844645	-0.999964	-5.59091e-005
							0.0092926	1.90582	-0.262272
						}
						{VolumeView "wheelr2.ply"}
					}
				}
			}
		}
		{bone "support1"
			{Matrix34
				1	0	0
				0	0	1
				0	-1	0
				27.6339	0	0
			}
			{bone "pivot_front"
				{Matrix34
					-1	0	0
					0	1	0
					0	0	-1
					0.0132446	8.38919	0.00277913
				}
				{VolumeView "pivot_front.ply"}
				{bone revolute "steer_l"
					{Matrix34
						-0.99997	-0.00752226	0.00161472
						-0.00161477	0	-0.999999
						0.00752225	-0.999972	-1.19964e-005
						0.00816154	-0.00865746	11.9249
					}
					{bone revolute "wheell1"
						{parameters "ID=wheelleft2;"}
						{Matrix34
							-0.99997	-0.00161563	0.00752203
							-0.00752204	0	-0.999972
							0.00161494	-0.999999	-1.25989e-005
							-0.0899448	-1.31599	0.26748
						}
						{VolumeView "wheell1.ply"}
					}
				}
				{bone revolute "steer_r"
					{Matrix34
						-0.999942	0.00668259	-0.00844573
						0.00844591	0	-0.999964
						-0.00668235	-0.999978	-5.63403e-005
						0.00386238	-0.0130987	-12.7878
					}
					{bone revolute "wheelr1"
						{parameters "ID=wheelright2;"}
						{Matrix34
							-0.999942	0.00844478	-0.00668264
							0.00668288	0	-0.999978
							-0.00844546	-0.999964	-5.68637e-005
							-0.0977478	0.281864	0.261723
						}
						{VolumeView "wheelr1.ply"}
					}
				}
			}
		}
	}
}
{Volume "glass_front2"
	{Box 14.9704 10.539 0.29937}
	{Bone "glass_front2"}
	{Position 0.109465	0.0353164	0.0310175}
}
