;Exported by: shevchenko
;Date:        Sat Oct 07 09:54:50 2006
;File:        D:\-Projects1_5-\-3DWork-\e_farm_121_lm_cornerLast.max
{Skeleton
	{bone "122_roof1"
		{Orientation
			1	0	0
			0	-1	0
			0	0	1
		}
		{bone "exterior"
			{VolumeView "exterior.ply"}
		}
		{bone "fix55"
			{Position -21.612	64.8822	4.10554}
		}
		{bone "fix56"
			{Position -17.0551	-67.0076	8.54165}
		}
		{bone "beam_roof2"
			{Position -5.14705	-1.06268	-1.45264}
			{VolumeView "beam_roof2.ply"}
		}
	}
}
{Area "interior"
	{Obb2
		{Center 2.36223 -1.89008}
		{Extent 34.4488 56.1024}
		{Axis -1 0}
	}
	{Rotate}
}
{Volume "roof1"
	{Box 104.717 1.9685 49.5101}
	{Bone "exterior"}
	{Matrix34
		0	-1	0
		0.707107	0	0.707107
		-0.707107	0	0.707107
		15.7607	0.726386	0.354154
	}
}
{Volume "roof2"
	{Box 67.6938 1.9685 23.3693}
	{Bone "exterior"}
	{Matrix34
		0	1	0
		-0.707107	0	0.707107
		0.707107	0	0.707107
		-22.9573	-3.47945	21.8237
	}
}
{Volume "roof3"
	{Box 64.663 1.9685 17.3285}
	{Bone "exterior"}
	{Matrix34
		0	-1	0
		0.707107	0	0.707107
		-0.707107	0	0.707107
		-7.85085	-3.57163	23.9657
	}
}
