;Exported by: shevchenko
;Date:        Fri Jul 21 17:26:45 2006
;File:        D:\-Projects1_5-\-3DWork-\bsh\bsh_c90_1_alternative_x.max
{Skeleton
	{bone "bsh90_c6_2t"
		{Orientation
			1	0	0
			0	-1	0
			0	0	1
		}
		{bone "piece0"
			{Matrix34
				-0.707106	0.707107	0
				0	0	1
				0.707107	0.707106	0
				33.1848	13.7958	4.99467
			}
			{VolumeView "piece0.ply"}
		}
		{bone "piece1"
			{Matrix34
				-0.707106	0.707107	0
				0	0	1
				0.707107	0.707106	0
				18.4441	28.5365	7.14833
			}
			{VolumeView "piece1.ply"}
		}
		{bone "piece2"
			{Matrix34
				-0.0871557	-0.996195	0
				0	0	1
				-0.996195	0.0871557	0
				0.948769	70.7112	9.9355
			}
			{VolumeView "piece2.ply"}
		}
		{bone "piece3"
			{Matrix34
				-0.573576	-0.819152	0
				0	0	1
				-0.819152	0.573576	0
				11.7364	52.0189	10.2397
			}
			{VolumeView "piece3.ply"}
		}
		{bone "piece4"
			{Matrix34
				-0.707106	0.707107	0
				0	0	1
				0.707107	0.707106	0
				40.8583	6.1223	20.4898
			}
			{VolumeView "piece4.ply"}
		}
		{bone "piece5"
			{Matrix34
				-0.707106	0.707107	0
				0	0	1
				0.707107	0.707106	0
				21.4755	25.5052	21.8138
			}
			{VolumeView "piece5.ply"}
		}
		{bone "piece6"
			{Matrix34
				-0.0871557	-0.996195	0
				0	0	1
				-0.996195	0.0871557	0
				-1.85688	74.0175	35.6493
			}
			{VolumeView "piece6.ply"}
		}
		{bone "piece7"
			{Matrix34
				-0.573576	-0.819152	0
				0	0	1
				-0.819152	0.573576	0
				11.0515	55.804	37.7899
			}
			{VolumeView "piece7.ply"}
		}
		{bone "piece8"
			{Matrix34
				-0.707106	0.707107	0
				0	0	1
				0.707107	0.707106	0
				42.3053	4.67532	37.1172
			}
			{VolumeView "piece8.ply"}
		}
		{bone "piece9"
			{Matrix34
				-0.707106	0.707107	0
				0	0	1
				0.707107	0.707106	0
				32.0167	14.9639	31.6938
			}
			{VolumeView "piece9.ply"}
		}
		{bone "piece10"
			{Matrix34
				-0.707106	0.707107	0
				0	0	1
				0.707107	0.707106	0
				19.9013	27.0793	38.3389
			}
			{VolumeView "piece10.ply"}
		}
	}
}
{Volume "piece0"
	{Box 19.4136 9.84253 15.1763}
	{Bone "piece0"}
	{Matrix34
		-0.866025	-0.5	0
		0	0	1
		-0.5	0.866025	0
		-0.819608	0.669074	0
	}
}
{Volume "piece10"
	{Box 21.4043 9.84253 13.6677}
	{Bone "piece10"}
	{Matrix34
		-0.965926	-0.258819	0
		0	0	1
		-0.258819	0.965926	0
		0.0945659	-0.149377	1.58633e-005
	}
}
{Volume "piece1"
	{Box 16.9084 9.84253 18.9041}
	{Bone "piece1"}
	{Matrix34
		-1	0	0
		0	0	1
		0	1	0
		0.962267	-0.329554	0
	}
}
{Volume "piece2"
	{Box 19.8639 9.84252 14.6344}
	{Bone "piece2"}
	{Matrix34
		-0.707107	0	0.707107
		0.707107	0	0.707107
		0	1	0
		0	-4.16157	0
	}
}
{Volume "piece3"
	{Box 14.2048 9.84252 20.2112}
	{Bone "piece3"}
	{Matrix34
		-0.704416	0.0871558	0.704416
		0.707107	0	0.707106
		0.0616284	0.996195	-0.0616285
		-0.253927	-2.3409	0.25391
	}
}
{Volume "piece4"
	{Box 18.5398 9.84254 15.1569}
	{Bone "piece4"}
	{Matrix34
		-0.707107	0.707107	0
		0	0	1
		0.707107	0.707107	0
		-1.29845	0.752842	1.85149e-005
	}
}
{Volume "piece5"
	{Box 24.8467 9.84253 12.5488}
	{Bone "piece5"}
	{Matrix34
		-0.906308	-0.422618	0
		0	0	1
		-0.422618	0.906308	0
		0.834926	0.240473	0
	}
}
{Volume "piece6"
	{Box 8.07239 9.84252 22.7992}
	{Bone "piece6"}
	{Matrix34
		-0.707107	0	0.707107
		0.707107	0	0.707107
		0	1	0
		-1.99893	0.29781	1.99891
	}
}
{Volume "piece7"
	{Box 18.0511 9.84252 13.9577}
	{Bone "piece7"}
	{Matrix34
		-0.579228	0.573577	0.579228
		0.707107	0	0.707106
		0.405579	0.819152	-0.40558
		-0.229636	3.03008	0.229639
	}
}
{Volume "piece8"
	{Box 14.5441 9.84252 11.1072}
	{Bone "piece8"}
	{Matrix34
		-1	0	0
		0	0	1
		0	1	0
		0	-0.183182	0
	}
}
{Volume "piece9"
	{Box 13.3999 9.84253 16.8827}
	{Bone "piece9"}
	{Matrix34
		-0.906308	-0.422618	0
		0	0	1
		-0.422618	0.906308	0
		-0.653137	-0.297435	0
	}
}
