;Exported by: kenny
;Date:        Tue May 13 12:23:30 2008
;File:        D:\-Projects-\-3D-\africa\bak_x.max
{Skeleton
	{bone "fuel_x"
		{Orientation
			1	0	0
			0	-1	0
			0	0	1
		}
		{bone "body_x"
			{Orientation
				1	0	0
				0	0.996195	-0.0871557
				0	0.0871557	0.996195
			}
			{VolumeView "body_x.ply"}
		}
		{bone "fx_exp1"
			{Position -0.12909	9.23445	27.7676}
		}
		{bone "fx_exp02"
			{Position -0.12909	-19.5154	27.7676}
		}
		{bone "fx_fire1"
			{Position -13.3948	26.5526	10.0829}
		}
		{bone "fx_fire2"
			{Position 0.539078	-27.4967	10.0829}
		}
		{bone "fx_fire2a"
			{Position 11.3448	17.8805	10.0829}
		}
		{bone "fx_smoke1"
			{Position -2.82661	18.523	4.72843}
		}
		{bone "piece03"
			{Position 17.4108	31.0334	40.6766}
			{VolumeView "piece03.ply"}
			{bone "sub_piece03"
				{VolumeView "sub_piece03.ply"}
			}
		}
		{bone "piece02"
			{Position 19.4328	-8.62431	42.3535}
			{VolumeView "piece02.ply"}
			{bone "sub_piece02"
				{VolumeView "sub_piece02.ply"}
			}
		}
		{bone "piece01"
			{Position -14.8072	9.81637	44.9279}
			{VolumeView "piece01.ply"}
			{bone "sub_piece01"
				{Position 0	0	0}
				{VolumeView "sub_piece01.ply"}
			}
		}
	}
}
{Volume "body"
	{Box 43.6963 85.5998 23.1203}
	{Bone "body_x"}
	{Position -0.111134	-2.58747	16.1011}
}
{Volume "piece01"
	{Box 1.55745 15.6611 12.0139}
	{Bone "piece01"}
	{Matrix34
		0.906308	0	-0.422618
		0	1	0
		0.422618	0	0.906308
		-4.57532	0	-0.897516
	}
}
{Volume "piece02"
	{Box 1.32749 18.0133 16.6551}
	{Bone "piece02"}
	{Matrix34
		0.965926	0	0.258819
		0	1	0
		-0.258819	0	0.965926
		3.61005	5.50398	-2.20981
	}
}
{Volume "piece03"
	{Box 1.34251 18.233 18.5841}
	{Bone "piece03"}
	{Matrix34
		0.984808	0	0.173648
		0	1	0
		-0.173648	0	0.984808
		5.9965	0.322662	-2.00873
	}
}
{Volume "sub_piece01"
	{Box 7.18766 14.376 0.786994}
	{Bone "sub_piece01"}
	{Matrix34
		0.866025	0	0.5
		0	1	0
		-0.5	0	0.866025
		1.5225	-0.0460968	6.54125
	}
}
{Volume "sub_piece02"
	{Box 1.46536 14.7347 16.4407}
	{Bone "sub_piece02"}
	{Matrix34
		0.866025	0	0.5
		0	1	0
		-0.5	0	0.866025
		0.931498	-8.60997	4.61473
	}
}
{Volume "sub_piece03"
	{Box 9.47726 8.83065 15.25}
	{Bone "sub_piece03"}
	{Position -1.00665	5.00381	1.428}
}
