;Exported by: shevchenko
;Date:        Tue Mar 14 11:55:04 2006
;File:        D:\-Projects1_5-\-3DWork-\euro1_corner2_lm_corner_x.max
{Skeleton
	{bone "101_f3c4"
		{Orientation
			1	0	0
			0	-1	0
			0	0	1
		}
		{bone "piece7"
			{Matrix34
				0	1	0
				0	0	1
				1	0	0
				47.912	22.1996	11.532
			}
			{VolumeView "piece7.ply"}
		}
		{bone "piece4"
			{Matrix34
				0	1	0
				0	0	1
				1	0	0
				47.912	-11.332	-23.5197
			}
			{VolumeView "piece4.ply"}
		}
		{bone "piece5"
			{Matrix34
				0	1	0
				0	0	1
				1	0	0
				47.912	5.1347	-5.01978
			}
			{VolumeView "piece5.ply"}
		}
		{bone "piece3"
			{Matrix34
				0	1	0
				0	0	1
				1	0	0
				47.912	28.6332	-27.0825
			}
			{VolumeView "piece3.ply"}
		}
		{bone "piece9"
			{Matrix34
				0	-1	0
				0	0	1
				-1	0	0
				14.2152	-15.7024	-33.4581
			}
			{VolumeView "piece9.ply"}
		}
		{bone "piece0"
			{Matrix34
				0	-1	0
				0	0	1
				-1	0	0
				18.3916	-26.3754	-37.3951
			}
			{VolumeView "piece0.ply"}
		}
		{bone "piece1"
			{Matrix34
				0	-1	0
				0	0	1
				-1	0	0
				36.1081	-20.906	-25.8406
			}
			{VolumeView "piece1.ply"}
		}
		{bone "piece6"
			{Matrix34
				0	-1	0
				0	0	1
				-1	0	0
				25.7155	22.6759	-33.4581
			}
			{VolumeView "piece6.ply"}
		}
		{bone "sub_piece2"
			{Matrix34
				0	-1	0
				0	0	1
				-1	0	0
				-13.0546	-31.4763	-1.72913
			}
			{VolumeView "sub_piece2.ply"}
		}
		{bone "piece12"
			{Matrix34
				0	-1	0
				0	0	1
				-1	0	0
				36.4781	-21.2842	-13.3109
			}
			{VolumeView "piece12.ply"}
		}
		{bone "piece10"
			{Matrix34
				0	-1	0
				0	0	1
				-1	0	0
				36.4781	8.3335	22.8609
			}
			{VolumeView "piece10.ply"}
		}
		{bone "sub_piece1"
			{Position 43.261	17.6403	31.1588}
			{VolumeView "sub_piece1.ply"}
		}
		{bone "piece8"
			{Matrix34
				0	-1	0
				0	0	1
				-1	0	0
				18.3844	1.72824	-48.7948
			}
			{VolumeView "piece8.ply"}
		}
		{bone "piece2"
			{Matrix34
				0	1	0
				0	0	1
				1	0	0
				47.912	5.32507	-36.2337
			}
			{VolumeView "piece2.ply"}
		}
		{bone "sub_piece0"
			{Position 18.3913	20.6127	35.9121}
			{VolumeView "sub_piece0.ply"}
		}
		{bone "piece11"
			{Matrix34
				0	-1	0
				0	0	1
				-1	0	0
				-10.8071	6.75522	20.7931
			}
			{VolumeView "piece11.ply"}
		}
	}
}
{Volume "piece0"
	{Box 5.90594 13.8139 14.0158}
	{Bone "piece0"}
	{Matrix34
		0	0	-1
		-1	0	0
		0	1	0
		-2.86474e-005	0.235852	0
	}
}
{Volume "piece10"
	{Box 25.9067 1.9685 46.1095}
	{Bone "piece10"}
	{Matrix34
		0	0	-1
		-0.793573	-0.608475	0
		-0.608475	0.793573	0
		4.34785	-3.54756	-2.39333
	}
}
{Volume "piece11"
	{Box 25.9067 1.9685 46.1095}
	{Bone "piece11"}
	{Matrix34
		0	0	-1
		-0.793573	-0.608475	0
		-0.608475	0.793573	0
		2.76957	-1.47975	2.28992
	}
}
{Volume "piece12"
	{Box 25.9067 1.9685 35.0432}
	{Bone "piece12"}
	{Matrix34
		0	0	-1
		-0.793573	-0.608475	0
		-0.608475	0.793573	0
		0.149413	1.271	-2.39333
	}
}
{Volume "piece1"
	{Box 29.528 5.90553 22.7265}
	{Bone "piece1"}
	{Matrix34
		0	0	-1
		-1	0	0
		0	1	0
		0	-3.10454	0
	}
}
{Volume "piece2"
	{Box 5.9055 17.3228 16.4567}
	{Bone "piece2"}
	{Matrix34
		0	0	1
		1	0	0
		0	1	0
		0	0.585715	-2.51815e-005
	}
}
{Volume "piece3"
	{Box 5.90552 13.7795 17.0079}
	{Bone "piece3"}
	{Matrix34
		0	0	1
		1	0	0
		0	1	0
		0	-0.264217	0
	}
}
{Volume "piece4"
	{Box 5.90552 13.5827 26.9468}
	{Bone "piece4"}
	{Matrix34
		0	0	1
		0.989106	-0.147208	0
		0.147208	0.989106	0
		-0.73671	-0.142999	0
	}
}
{Volume "piece5"
	{Box 5.90552 11.6535 16.7323}
	{Bone "piece5"}
	{Matrix34
		0	0	1
		1	0	0
		0	1	0
		0	0.979455	0
	}
}
{Volume "piece6"
	{Box 32.937 11.8644 3.93701}
	{Bone "piece6"}
	{Matrix34
		0	0	-1
		-1	0	0
		0	1	0
		-1.4944	0	0
	}
}
{Volume "piece7"
	{Box 5.90552 26.1024 14.3957}
	{Bone "piece7"}
	{Matrix34
		0	0	1
		0.97691	-0.213652	0
		0.213652	0.97691	0
		0.902458	0.741488	-1.05012e-005
	}
}
{Volume "piece8"
	{Box 5.61024 23.622 33.4341}
	{Bone "piece8"}
	{Matrix34
		0	-0.704459	-0.709745
		-1	0	0
		0	0.709745	-0.704459
		-2.13064e-005	1.30312	1.29604
	}
}
{Volume "piece9"
	{Box 32.2837 11.5595 3.93701}
	{Bone "piece9"}
	{Matrix34
		0	0	-1
		-1	0	0
		0	1	0
		-4.04678e-005	0	0
	}
}
{Volume "sub_piece0"
	{Box 3.40971 3.34646 55.6573}
	{Bone "sub_piece0"}
	{Matrix34
		1	0	0
		0	0.775906	-0.630848
		0	0.630848	0.775906
		0	-0.421792	-1.20404
	}
}
{Volume "sub_piece1"
	{Box 3.40961 3.34646 59.3141}
	{Bone "sub_piece1"}
	{Matrix34
		1	0	0
		0	0.798655	-0.601789
		0	0.601789	0.798655
		0	-0.169933	-0.955502
	}
}
{Volume "sub_piece2"
	{Box 1.9685 25.5963 32.9698}
	{Bone "sub_piece2"}
	{Matrix34
		0	0.766044	-0.642788
		-1	0	0
		0	0.642788	0.766044
		-9.65368	-4.50995	-6.98368
	}
}
