;Exported by: butyvsky
;Date:        Sat May 17 19:20:26 2008
;File:        D:\-Projects-\-3D Work-\Tank\A41_Centurion\Centurion_76.max
{Skeleton
	{animation
		{sequence "start" {speed 0.7}}
		{sequence "stop" {speed 0.7}}
		{sequence "fire" {speed 0.75}}
		{sequence "fire_mgun" {speed 0.8}}
		{sequence "hit" {speed 0.5}}
		{sequence "open" {speed 0.5} {resume}}
	}
	{bone "basis"
		{parameters "WheelRadius=0.45;"}
		{Orientation
			1	0	0
			0	-1	0
			0	0	1
		}
		{bone "body"
			{parameters "ID=body;"}
			;{animation
			;	{sequence "repair" {file "body_r.anm"} {speed 0.6}}
			;}
			{Matrix34
				0.999996	0.00277828	-0.00037088
				-0.00277829	0.999996	-2.77087e-005
				0.000370802	2.8739e-005	1
				-0.0590551	0.0434191	24.685
			}
			{VolumeView "body.ply"}
			{bone revolute "wheelr9"
				{parameters "ID=trackright;"}
				{Matrix34
					-1	0	0
					0	0	1
					0	1	0
					37.7673	-26.1263	-1.75412
				}
				{VolumeView "wheelr9.ply"}
			}
			{bone revolute "wheelr10"
				{parameters "ID=trackright;"}
				{Matrix34
					-1	0	0
					0	0	1
					0	1	0
					13.2673	-26.1263	-1.75412
				}
				{VolumeView "wheelr10.ply"}
			}
			{bone revolute "wheelr11"
				{parameters "ID=trackright;"}
				{Matrix34
					-1	0	0
					0	0	1
					0	1	0
					-9.58912	-26.1263	-1.75412
				}
				{VolumeView "wheelr11.ply"}
			}
			{bone revolute "wheelr12"
				{parameters "ID=trackright;"}
				{Matrix34
					-1	0	0
					0	0	1
					0	1	0
					-33.0201	-26.1263	-1.75412
				}
				{VolumeView "wheelr12.ply"}
			}
			{bone revolute "wheelr8"
				{parameters "ID=trackright;"}
				{Matrix34
					1	0	0
					0	0	-1
					0	1	0
					-57.8206	-25.8798	-7.45896
				}
				{VolumeView "wheelr8.ply"}
			}
			{bone revolute "wheell9"
				{parameters "ID=trackleft;"}
				{Matrix34
					-1	0	0
					0	0	1
					0	1	0
					37.7673	26.1851	-1.75412
				}
				{VolumeView "wheell9.ply"}
			}
			{bone revolute "wheell10"
				{parameters "ID=trackleft;"}
				{Matrix34
					-1	0	0
					0	0	1
					0	1	0
					13.2673	26.1851	-1.75412
				}
				{VolumeView "wheell10.ply"}
			}
			{bone revolute "wheell11"
				{parameters "ID=trackleft;"}
				{Matrix34
					-1	0	0
					0	0	1
					0	1	0
					-9.58912	26.1852	-1.75412
				}
				{VolumeView "wheell11.ply"}
			}
			{bone revolute "wheell12"
				{parameters "ID=trackleft;"}
				{Matrix34
					-1	0	0
					0	0	1
					0	1	0
					-33.0201	26.1852	-1.75412
				}
				{VolumeView "wheell12.ply"}
			}
			{bone revolute "turret"
				{parameters "ID=turret;"}
				;{animation
				;	{sequence "repair" {file "turret_r.anm"} {speed 0.6}}
				;}
				{speed 0.005}
				{Position 9.45812	-0.0219421	9.79126}
				{VolumeView "turret.ply"}
                {bone "visor11"
					{Matrix34
						-330.979925	-330.199368	0
						330.199368	0.979925	0
						0	0	1
						-0.682715	-19.52132	22.799
					}
				}
				{bone "visor12"
					{Matrix34
						-330.979925	0.199368	0
						-0.199368	-0.979925	0
						0	0	1
						-0.682715	-19.52132	22.799
					}
				}
				{bone "visor13"
					{Matrix34
						-330.979925	330.199368	0
						330.199368	0.979925	0
						0	0	1
						-0.682715	-19.52132	22.799
					}
				}
				{bone "visor14"
					{Matrix34
						0.979925	110.199368	0
						-0.199368	0.979925	0
						0	0	1
						-0.682715	-19.52132	22.799
					}
				}
				{bone "visor15"
					{Matrix34
						300.979925	330.199368	0
						-330.199368	0.979925	0
						0	0	1
						-0.682715	-19.52132	22.799
					}
				}
				{bone "visor16"
					{Matrix34
						0.979925	0.199368	0
						-0.199368	0.979925	0
						0	0	1
						-0.682715	-19.52132	22.799
					}
				}
				{bone "visor17"
					{Matrix34
						330.979925	-330.199368	0
						0.199368	0.979925	0
						0	0	1
						-0.682715	-19.52132	22.799
					}
				}
			    {bone "visor18"
					{Matrix34
						0.979925	-110.199368	0
						-0.199368	0.979925	0
						0	0	1
						-0.682715	-19.52132	22.799
					}
				}					
				{bone revolute "gun_rot"
					{parameters "ID=gun;"}
					{limits -15 15}
					{Matrix34
						1	0	0
						0	0	-1
						0	1	0
						26.0247	-0.0251293	8.67682
					}
					{VolumeView "gun_rot.ply"}
					{bone socket "mgun1"
						{limits 1}
						{speed2 80}
						{Matrix34
							0	0	1
							0	-1	0
							1	0	0
							3.36543	-0.827015	7.20458
						}
						{VolumeView "mgun1.ply"}
						{bone "foresight4"
							{Matrix34
								0	0	1
								1	0	0
								0	1	0
								-0.00283003	0.00779343	5.07136
							}
						}
					}
					{bone "gun"
						{parameters "ID=gun;"}
						;{animation
						;	{sequence "repair" {file "gun_r.anm"} {speed 0.55}}
						;}
						{Matrix34
							1	0	0
							0	0	1
							0	-1	0
							1.52199	-0.557228	0.0333715
						}
						{VolumeView "gun.ply"}
						{bone "foresight1"
							{Matrix34
								0.999983	-0.00236118	0.0054032
								0.00237155	0.999995	-0.00191388
								-0.00539866	0.00192666	0.999984
								71.3834	-0.00504065	0.664249
							}
						}
					}
				}
				{bone "antena1"
					{parameters "CommonMesh;"}
					{Position 3.50211	12.2697	20.7341}
					{VolumeView "antena1.ply"}
				}
				{bone "antena2"
					{parameters "CommonMesh;"}
					{Position -25.8085	7.50639	21.7138}
					{VolumeView "antena2.ply"}
				}
				{bone "fxfire3"
					{Matrix34
						0	0	1
						0	1	0
						-1	0	0
						-11.516	-8.61894	15.6612
					}
				}
				{bone "visor1"
					{Position 6.6946	-12.431	19.6159}
				}
				{bone "fxfire2"
					{Matrix34
						0	0	1
						0	1	0
						-1	0	0
						0.365964	2.00291	8.31967
					}
				}
				{bone revolute "turret_mgun"
					{parameters "ID=turret;"}
					{speed 0.03}
					{Position -11.4416	-8.44667	20.7179}
					{VolumeView "turret_mgun.ply"}
					{bone "cover"
						{parameters "ID=turret;"}
						{Matrix34
							0.819152	-0.573576	0
							-0.567154	-0.80998	0.149225
							-0.0855917	-0.122238	-0.988803
							-4.48945	-6.08147	0.809566
						}
						{VolumeView "cover.ply"}
					}
					{bone "gunner2"
						{Position -0.555506	0.0452585	-10.9518}
					}
					{bone revolute "mgun_rot"
						{limits -20 10}
						{speed 0.03}
						{Matrix34
							1	0	0
							0	0	1
							0	-1	0
							3.73641	0.0508394	7.69661
						}
						{bone revolute "mgun"
							{Position 0	0	0}
						}
					}
				}
				{bone "enumerator"
					{Matrix34
						0.992226	-0.124398	-0.00367555
						0.0319074	0.225732	0.973667
						-0.120293	-0.966214	0.227946
						-6.49326	-30.6268	9.72877
					}
					{VolumeView "enumerator.ply"}
				}
				{bone "enumerator01"
					{Matrix34
						-0.868049	0.4957	0.0277741
						-0.0760311	-0.188008	0.97922
						0.490622	0.8479	0.200889
						18.1992	18.6555	5.57723
					}
					{VolumeView "enumerator01.ply"}
				}
			}
			{bone revolute "wheell8"
				{parameters "ID=trackleft;"}
				{Matrix34
					1	0	0
					0	0	-1
					0	1	0
					-57.8206	25.7664	-7.45896
				}
				{VolumeView "wheell8.ply"}
			}
			{bone revolute "wheell1"
				{parameters "ID=trackleft;"}
				{Matrix34
					1	0	0
					0	0	-1
					0	1	0
					64.3566	26.9103	-6.86504
				}
				{VolumeView "wheell1.ply"}
			}
			{bone revolute "wheelr1"
				{parameters "ID=trackright;"}
				{Matrix34
					1	0	0
					0	0	-1
					0	1	0
					64.3505	-26.7609	-6.86504
				}
				{VolumeView "wheelr1.ply"}
			}
			{bone "shieldl3"
				{parameters "ID=shieldl6;"}
				{Position -39.0783	33.2325	-4.21056}
				{VolumeView "shieldl3.ply"}
			}
			{bone "shieldl1"
				{parameters "ID=shieldl4;"}
				{Position 44.8245	33.2325	-4.29948}
				{VolumeView "shieldl1.ply"}
			}
			{bone "shieldl2"
				{parameters "ID=shieldl5;"}
				{Position 2.31746	33.2325	-4.25923}
				{VolumeView "shieldl2.ply"}
			}
			{bone "shieldr1"
				{parameters "ID=shieldl1;"}
				{Position 44.827	-33.5299	-4.2995}
				{VolumeView "shieldr1.ply"}
			}
			{bone "shieldr2"
				{parameters "ID=shieldl2;"}
				{Position 2.36463	-33.5299	-4.25924}
				{VolumeView "shieldr2.ply"}
			}
			{bone "shieldr3"
				{parameters "ID=shieldl3;"}
				{Position -39.0808	-33.5299	-4.21056}
				{VolumeView "shieldr3.ply"}
			}
			{bone "fxshot"
				{Matrix34
					0	0	1
					0	1	0
					-1	0	0
					15.2745	-0.0102454	-3.33558
				}
			}
			{bone "fxfire1"
				{Matrix34
					0	0	1
					0	1	0
					-1	0	0
					-29.0642	-0.0102454	-2.73928
				}
			}
			{bone "fxsmoke2"
				{Matrix34
					-1	0	0
					0	-1	0
					0	0	1
					-64.9287	25.0099	8.02923
				}
			}
			{bone "fxsmoke1"
				{Matrix34
					-1	0	0
					0	-1	0
					0	0	1
					-64.9287	-23.3713	8.02922
				}
			}
			{bone "engine"
				{parameters "ID=engine;"}
				{Position -41.8626	-0.0376284	11.9672}
				{VolumeView "engine.ply"}
			}
			{bone "seat02"
				{Matrix34
					-0.15643	0.972234	0.174041
					-0.987587	-0.156494	-0.013442
					0.0141675	-0.173984	0.984647
					-40.9874	34.2443	-0.475847
				}
			}
			{bone "seat01"
				{Matrix34
					0.199991	0.967103	0.157209
					-0.978989	0.190719	0.072157
					0.0398006	-0.168337	0.984926
					-25.0775	31.8663	-0.289284
				}
			}
			{bone "seat03"
				{Matrix34
					-0.0174987	-0.999847	0.000421684
					0.99478	-0.0174525	-0.100538
					0.10053	-0.0013398	0.994933
					-47.85	-35.1637	-1.18961
				}
			}
			{bone "seat04"
				{Matrix34
					-0.0174526	-0.999847	-0.00134096
					0.999848	-0.0174527	5.55382e-005
					-7.8933e-005	-0.00133978	0.999999
					-26.6454	-35.097	-0.313818
				}
			}
			{bone "visor2"
				{Matrix34
					1	0	0
					0	1	0
					0	0	1
					45.5871	-7.3434	9.82018
				}
			}
		}
		{bone "wheelsl"
			{parameters "ID=trackleft;"}
			{Matrix34
				1	0	0
				0	0	1
				0	-1	0
				1.99149	20.3978	13.7004
			}
			{VolumeView "wheelsl.ply"}
			{bone "fxtracel1"
				{Matrix34
					-1	0	0
					0	0	1
					0	1	0
					33.0299	-11.8937	-5.71698
				}
			}
			{bone "fxtracel2"
				{Matrix34
					-0.984808	0.173648	0
					0	0	1
					0.173648	0.984808	0
					-14.1846	-11.8937	-5.71698
				}
			}
			{bone "fxtracel3"
				{Matrix34
					-1	0	0
					0	0	1
					0	1	0
					-49.0749	-12.8636	-5.71698
				}
			}
			{bone revolute "wheell2"
				{parameters "ID=trackleft;"}
				{Matrix34
					1	0	0
					0	-1	0
					0	0	-1
					44.1639	-4.02381	-5.75847
				}
				{VolumeView "wheell2.ply"}
			}
			{bone revolute "wheell3"
				{parameters "ID=trackleft;"}
				{Matrix34
					1	0	0
					0	-1	0
					0	0	-1
					26.7959	-4.02381	-5.75847
				}
				{VolumeView "wheell2.ply"}
			}
			{bone revolute "wheell4"
				{parameters "ID=trackleft;"}
				{Matrix34
					1	0	0
					0	-1	0
					0	0	-1
					8.80334	-4.02381	-5.75848
				}
				{VolumeView "wheell2.ply"}
			}
			{bone revolute "wheell5"
				{parameters "ID=trackleft;"}
				{Matrix34
					1	0	0
					0	-1	0
					0	0	-1
					-8.64726	-4.02381	-5.75848
				}
				{VolumeView "wheell2.ply"}
			}
			{bone revolute "wheell6"
				{parameters "ID=trackleft;"}
				{Matrix34
					1	0	0
					0	-1	0
					0	0	-1
					-26.5185	-4.02381	-5.75848
				}
				{VolumeView "wheell2.ply"}
			}
			{bone revolute "wheell7"
				{parameters "ID=trackleft;"}
				{Matrix34
					1	0	0
					0	-1	0
					0	0	-1
					-44.1631	-4.02381	-5.75848
				}
				{VolumeView "wheell2.ply"}
			}
			{bone "trackl"
				{parameters "ID=trackleft;"}
				{Position -0.42003	-0.190226	-5.65242}
				{VolumeView "trackl.ply"}
			}
		}
		{bone "wheelsr"
			{parameters "ID=trackright;"}
			{Matrix34
				1	0	0
				0	0	1
				0	1	0
				1.99149	-20.0209	13.7004
			}
			{VolumeView "wheelsr.ply"}
			{bone "fxtracer1"
				{Matrix34
					-1	0	0
					0	0	-1
					0	1	0
					33.0298	-11.8937	-6.04978
				}
			}
			{bone "fxtracer2"
				{Matrix34
					-0.984808	0.173648	0
					0	0	-1
					0.173648	0.984808	0
					-14.1846	-11.8937	-6.04976
				}
			}
			{bone "fxtracer3"
				{Matrix34
					-1	0	0
					0	0	-1
					0	1	0
					-49.0749	-12.8636	-6.04974
				}
			}
			{bone revolute "wheelr2"
				{parameters "ID=trackright;"}
				{Matrix34
					-1	0	0
					0	1	0
					0	0	1
					44.1639	-4.02381	-6.11254
				}
				{VolumeView "wheell2.ply"}
			}
			{bone revolute "wheelr3"
				{parameters "ID=trackright;"}
				{Matrix34
					-1	0	0
					0	1	0
					0	0	1
					26.7834	-4.02381	-6.11253
				}
				{VolumeView "wheell2.ply"}
			}
			{bone revolute "wheelr4"
				{parameters "ID=trackright;"}
				{Matrix34
					-1	0	0
					0	1	0
					0	0	1
					8.78816	-4.02381	-6.11252
				}
				{VolumeView "wheell2.ply"}
			}
			{bone revolute "wheelr5"
				{parameters "ID=trackright;"}
				{Matrix34
					-1	0	0
					0	1	0
					0	0	1
					-8.66507	-4.02381	-6.11251
				}
				{VolumeView "wheell2.ply"}
			}
			{bone revolute "wheelr6"
				{parameters "ID=trackright;"}
				{Matrix34
					-1	0	0
					0	1	0
					0	0	1
					-26.5402	-4.02381	-6.1125
				}
				{VolumeView "wheell2.ply"}
			}
			{bone revolute "wheelr7"
				{parameters "ID=trackright;"}
				{Matrix34
					-1	0	0
					0	1	0
					0	0	1
					-44.2013	-4.02381	-6.11249
				}
				{VolumeView "wheell2.ply"}
			}
			{bone "trackr"
				{parameters "ID=trackright;"}
				{Matrix34
					1	0	0
					0	1	0
					0	0	-1
					-0.42003	-0.190228	-6.09346
				}
				{VolumeView "trackr.ply"}
			}
		}
		{bone "emit2"
			{Matrix34
				0	1	0
				-1	0	0
				0	0	1
				0.0572453	-53.2623	0
			}
		}
		{bone "emit5"
			{Matrix34
				0.0871557	0.996195	0
				-0.996195	0.0871557	0
				0	0	1
				-55.5161	-56.0125	0
			}
		}
		{bone "emit6"
			{Matrix34
				0	1	0
				-1	0	0
				0	0	1
				-27.0517	-57.3964	0
			}
		}
		{bone "emit3"
			{Matrix34
				0.0871556	-0.996195	0
				0.996195	0.0871556	0
				0	0	1
				-30.9174	56.3952	0
			}
		}
		{bone "emit1"
			{Matrix34
				0	-1	0
				1	0	0
				0	0	1
				-0.448887	55.5126	0
			}
		}
		{bone "emit4"
			{Matrix34
				0.258819	-0.965926	0
				0.965926	0.258819	0
				0	0	1
				-62.1635	56.1651	0
			}
		}
	}
}
{Volume "body1"
	{Polyhedron "body1.vol"}
	{Bone "body"}
	{Position -47.7381	-0.844579	-15.4045}
}
{Volume "body"
	{Polyhedron "body.vol"}
	{Bone "body"}
	{Position 2.33796	-0.850782	-24.6937}
}
{Volume "crew"
	{Box 28.633 33.6324 15.78}
	{Bone "body"}
	{Position 19.8857	0.29275	-6.31679}
}
{Volume "engine"
	{Polyhedron "engine.vol"}
	{Bone "engine"}
	{Position -6.10641	-0.80695	-11.9743}
}
{Volume "gun"
	{Cylinder 1.91643 71.0184}
	{Bone "gun"}
	{Matrix34
		0	1	0
		-0.0100178	0	0.99995
		0.99995	0	0.0100178
		35.5037	-0.0412237	0.348708
	}
}
{Volume "inventory"
	{Box 28.633 33.6324 15.78}
	{Bone "body"}
	{Position -22.9743	0.29275	-3.86018}
}
{Volume "mantlet"
	{Polyhedron "mantlet.vol"}
	{Bone "gun_rot"}
	{Matrix34
		1	0	0
		0	-1	0
		0	0	-1
		-1.31311	-0.0280075	10.7628
	}
}
{Volume "ram"
	{Polyhedron "ram.vol"}
	{Bone "body"}
	{Matrix34
		-0.92957	0	0.368645
		0	-1	0
		0.368645	0	0.92957
		0.502801	-0.802769	-5.98339
	}
}
{Volume "shieldl1"
	{Polyhedron "shieldl1.vol"}
	{Bone "shieldl1"}
}
{Volume "shieldl2"
	{Box 35.7417 1.43867 17.339}
	{Bone "shieldl2"}
	{Position 0	0	0}
}
{Volume "shieldl3"
	{Polyhedron "shieldl3.vol"}
	{Bone "shieldl3"}
	{Position 0	0	0}
}
{Volume "shieldr1"
	{Polyhedron "shieldr1.vol"}
	{Bone "shieldr1"}
	{Position 0	0	0}
}
{Volume "shieldr2"
	{Box 35.2098 2.07752 17.339}
	{Bone "shieldr2"}
	{Position 0	0	0}
}
{Volume "shieldr3"
	{Polyhedron "shieldr3.vol"}
	{Bone "shieldr3"}
	{Position 0	0	0}
}
{Volume "trackleft"
	{Box 141.361 13.8202 27.6147}
	{Bone "wheelsl"}
	{Matrix34
		1	0	0
		0	0	-1
		0	1	0
		0.371615	0.106985	-5.75595
	}
}
{Volume "trackright"
	{Box 141.361 13.8202 27.6147}
	{Bone "wheelsr"}
	{Matrix34
		1	0	0
		0	0	1
		0	1	0
		0.371611	0.106985	-6.43114
	}
}
{Volume "turret"
	{Polyhedron "turret.vol"}
	{Bone "turret"}
	{Position 2.78215	-1.2459	0.0299797}
}
