;Exported by: kolesnikov
;Date:        Thu Sep 22 10:29:00 2005
;File:        D:\-Project-\-3DWork-\Constructions\12.max
{Skeleton
	{bone "dok_build1_ff4_x"
		{Orientation
			1	0	0
			0	-1	0
			0	0	1
		}
		{bone "piece3"
			{Matrix34
				1	0	0
				0	1	0
				0	0	1
				-40.9611	28.9255	59.0356
			}
			{VolumeView "piece3.ply"}
		}
		{bone "piece2"
			{Matrix34
				1	0	0
				0	1	0
				0	0	1
				-35.9244	-5.50198	61.0537
			}
			{VolumeView "piece2.ply"}
		}
		{bone "piece4"
			{Matrix34
				1	0	0
				0	1	0
				0	0	1
				3.76861	15.5891	59.3016
			}
			{VolumeView "piece4.ply"}
		}
		{bone "piece1"
			{Matrix34
				1	0	0
				0	1	0
				0	0	1
				36.3533	30.9568	58.598
			}
			{VolumeView "piece1.ply"}
		}
	}
}
{Volume "body264"
	{Box 21.9489 5.42991 23.8035}
	{Bone "piece1"}
	{Matrix34
		-0.939693	-0.34202	0
		0	0	1
		-0.34202	0.939693	0
		0.193418	2.37984	1.7405
	}
}
{Volume "body265"
	{Box 19.754 5.42991 20.233}
	{Bone "piece4"}
	{Matrix34
		-0.939693	-0.34202	0
		0	0	1
		-0.34202	0.939693	0
		0.570876	1.14918	1.03698
	}
}
{Volume "body267"
	{Box 23.444 5.42991 24.401}
	{Bone "piece2"}
	{Matrix34
		-0.642788	-0.766044	0
		0	0	1
		-0.766044	0.642788	0
		-1.79428	-1.27872	-0.715152
	}
}
{Volume "body266"
	{Box 27.2605 5.42991 27.1122}
	{Bone "piece3"}
	{Matrix34
		-0.25882	-0.965926	0
		0	0	1
		-0.965926	0.25882	0
		0.541777	0.295409	1.30292
	}
}
