;Exported by: ubrashaev
;Date:        Tue Apr 25 12:48:18 2006
;File:        D:\-Projects1_5-\-work-\3d\normandy\electro\electric.max
{Skeleton
	{bone "transformer"
		{Orientation
			1	0	0
			0	-1	0
			0	0	1
		}
		{bone "piece00"
			{Matrix34
				0.939016	0.158131	-0.305359
				-0.133427	0.985972	0.100285
				0.316934	-0.0534257	0.946942
				0.134216	-0.603943	79.6512
			}
			{VolumeView "piece00.ply"}
		}
		{bone "piece01"
			{Position -22.1821	-4.5374	17.1709}
			{VolumeView "piece01.ply"}
		}
		{bone "piece02"
			{Matrix34
				0.99604	-0.0375421	0.0805862
				0.0389349	0.999117	-0.0157826
				-0.0799225	0.0188578	0.996623
				0.134216	-0.603943	112.825
			}
			{VolumeView "piece02.ply"}
		}
		{bone "piece03"
			{Position 16.3145	-12.8294	23.5389}
			{VolumeView "piece03.ply"}
		}
		{bone "piece04"
			{Matrix34
				-0.160437	0.987046	0
				-0.987046	-0.160437	0
				0	0	1
				11.8407	18.7789	31.7285
			}
			{VolumeView "piece04.ply"}
		}
		{bone "piece05"
			{Matrix34
				0.410322	0.911941	0
				-0.911941	0.410322	0
				0	0	1
				19.2331	16.0452	13.3092
			}
			{VolumeView "piece05.ply"}
		}
		{bone "piece06"
			{Matrix34
				0.978655	0.187905	-0.0832259
				-0.191375	0.980864	-0.0358097
				0.0749044	0.0509726	0.995887
				-12.3693	-12.4511	47.9899
			}
			{VolumeView "piece06.ply"}
		}
		{bone "piece07"
			{Position -14.2905	14.5899	53.0607}
			{VolumeView "piece07.ply"}
		}
		{bone "piece08"
			{Matrix34
				0.941878	0.293287	-0.163857
				-0.312854	0.94345	-0.109659
				0.122429	0.154549	0.98037
				17.4699	-7.44278	52.3647
			}
			{VolumeView "piece08.ply"}
		}
	}
}
{Volume "piece00"
	{Box 19.0832 16.5265 27.2656}
	{Bone "piece00"}
	{Position -1.53016e-005	0	0}
}
{Volume "piece01"
	{Box 13.1207 37.726 34.3417}
	{Bone "piece01"}
	{Matrix34
		0.975488	0.220051	0
		-0.220051	0.975488	0
		0	0	1
		0	0	0
	}
}
{Volume "piece02"
	{Box 12.4041 12.5602 21.9171}
	{Bone "piece02"}
	{Position 1.41261e-005	0	-5.3975}
}
{Volume "piece03"
	{Box 8.16945 32.7008 21.7397}
	{Bone "piece03"}
	{Matrix34
		0.744263	-0.667887	0
		0.667887	0.744263	0
		0	0	1
		2.74045	-3.11844	0
	}
}
{Volume "piece04"
	{Box 7.22629 29.4397 17.3689}
	{Bone "piece04"}
	{Matrix34
		0.711149	-0.703042	0
		0.703042	0.711149	0
		0	0	1
		3.83935	-2.11832	0
	}
}
{Volume "piece05"
	{Box 5.29603 23.6603 16.8606}
	{Bone "piece05"}
	{Matrix34
		0.883527	-0.46838	0
		0.46838	0.883527	0
		0	0	1
		2.29277	-0.750767	0
	}
}
{Volume "piece06"
	{Box 35.1219 10.3718 25.2322}
	{Bone "piece06"}
	{Matrix34
		0.817864	-0.57322	0.0501799
		0.489271	0.64688	-0.584945
		0.302842	0.502957	0.809519
		0	0	0
	}
}
{Volume "piece07"
	{Box 25.6491 14.0063 35.3738}
	{Bone "piece07"}
	{Matrix34
		0.634069	0.771555	0.0515761
		-0.632666	0.479265	0.608308
		0.444625	-0.41834	0.792023
		2.3638	-3.03685	-1.77188
	}
}
{Volume "piece08"
	{Box 16.0579 30.7845 35.3738}
	{Bone "piece08"}
	{Matrix34
		0.600157	-0.750105	0.277767
		0.744503	0.650806	0.148882
		-0.292449	0.117446	0.949042
		-2.14246	0.0579598	-2.22212
	}
}
