;Exported by: sana
;Date:        Tue Jul 24 12:20:25 2007
;File:        D:\-Project-\-3DWork-\Entourage\School_Ru\School_ru_cut3a_x01.max
{Skeleton
	{bone "school_ru_wall2_24_x"
		{Orientation
			1	0	0
			0	-1	0
			0	0	1
		}
		{bone "piece04"
			{Position 18.3569	0.0567932	12.4647}
			{VolumeView "piece04.ply"}
			{bone "sub_piece04"
				{Position -0.401062	0	-5.80971}
				{VolumeView "sub_piece04.ply"}
			}
		}
		{bone "piece03"
			{Position 9.5473	0.0567932	-7.22092}
			{VolumeView "piece03.ply"}
		}
		{bone "piece05"
			{Position -15.2022	0.0568085	9.76398}
			{VolumeView "piece05.ply"}
			{bone "sub_piece05"
				{Position -5.04929	0	-9.35129}
				{VolumeView "sub_piece05.ply"}
			}
		}
		{bone "piece07"
			{Matrix34
				0.945609	0.325304	0
				-0.325304	0.945609	0
				0	0	1
				-17.0184	-57.9783	17.3087
			}
			{VolumeView "piece07.ply"}
		}
		{bone "piece01"
			{Position 0.281372	-43.3167	31.8583}
			{VolumeView "piece01.ply"}
		}
		{bone "piece06"
			{Matrix34
				0.961324	-0.275421	0
				0.275421	0.961324	0
				0	0	1
				0.997772	-10.836	17.3344
			}
			{VolumeView "piece06.ply"}
		}
		{bone "piece08"
			{Position -12.3775	-5.50456	21.3464}
			{VolumeView "piece08.ply"}
		}
		{bone "piece02"
			{Position -34.0143	-49.8683	33.5079}
			{VolumeView "piece02.ply"}
		}
	}
}
{Volume "piece01"
	{Box 37.1444 59.6482 2.26552}
	{Bone "piece01"}
	{Matrix34
		1	0	0
		0	0.968978	-0.247149
		0	0.247149	0.968978
		0	-1.13166	0.485469
	}
}
{Volume "piece02"
	{Box 45.5825 63.0375 1.60175}
	{Bone "piece02"}
	{Matrix34
		0.99121	0.12779	-0.034237
		-0.132297	0.957443	-0.256515
		0	0.25879	0.965934
		-1.19887	-0.832469	0.173388
	}
}
{Volume "piece03"
	{Box 16.212 4.19437 10.9044}
	{Bone "piece03"}
	{Position 0	0	0}
}
{Volume "piece04"
	{Box 17.3852 4.19434 6.70352}
	{Bone "piece04"}
}
{Volume "piece05"
	{Box 15.6892 4.19434 12.105}
	{Bone "piece05"}
	{Position 3.05176e-005	0	0}
}
{Volume "piece06"
	{Box 66.0585 3.26791 3.09739}
	{Bone "piece06"}
	{Position -0.0500488	6.10352e-005	0}
}
{Volume "piece07"
	{Box 50.5854 3.06063 2.90092}
	{Bone "piece07"}
	{Position -0.64563	1.52588e-005	0}
}
{Volume "piece08"
	{Box 59.3691 27.6214 2.38581}
	{Bone "piece08"}
	{Matrix34
		1	0	0
		0	0.949616	-0.313415
		0	0.313415	0.949616
		0	1.10597	-0.644743
	}
}
{Volume "sub_piece04"
	{Box 11.5466 4.19434 9.67666}
	{Bone "sub_piece04"}
	{Position 0	0	0}
}
{Volume "sub_piece05"
	{Box 13.9246 4.19434 12.1291}
	{Bone "sub_piece05"}
	{Position 0	0	0}
}
