;Exported by: shevchenko
;Date:        Fri Jul 21 17:26:42 2006
;File:        D:\-Projects1_5-\-3DWork-\bsh\bsh_c90_1_alternative_x.max
{Skeleton
	{bone "bsh90_c7_4t"
		{Orientation
			1	0	0
			0	-1	0
			0	0	1
		}
		{bone "piece0"
			{Matrix34
				-0.821394	0.383022	-0.422618
				-0.383022	0.178606	0.906308
				0.422619	0.906308	0
				11.3107	13.1127	-81.4529
			}
			{VolumeView "piece0.ply"}
		}
		{bone "piece1"
			{Matrix34
				0.906308	-0.422618	0
				0	0	1
				-0.422618	-0.906308	0
				-3.6254	16.9153	-83.4763
			}
			{VolumeView "piece1.ply"}
		}
		{bone "piece2"
			{Matrix34
				0.939693	0.34202	0
				0	0	1
				0.34202	-0.939693	0
				-23.2302	0.266968	-77.4501
			}
			{VolumeView "piece2.ply"}
		}
		{bone "piece3"
			{Matrix34
				-0.939692	0.34202	0
				0	0	1
				0.34202	0.939692	0
				12.6939	12.3199	-57.014
			}
			{VolumeView "piece3.ply"}
		}
		{bone "piece4"
			{Matrix34
				0.939693	-0.34202	0
				0	0	1
				-0.34202	-0.939693	0
				-2.68713	17.3579	-63.3376
			}
			{VolumeView "piece4.ply"}
		}
		{bone "piece5"
			{Matrix34
				0.984808	-0.173648	0
				0	0	1
				-0.173648	-0.984808	0
				-10.0345	13.8904	-46.1978
			}
			{VolumeView "piece5.ply"}
		}
		{bone "piece6"
			{Matrix34
				0	-1	0
				0	0	1
				-1	0	0
				17.776	6.25967	-28.7706
			}
			{VolumeView "piece6.ply"}
		}
		{bone "piece7"
			{Matrix34
				0.939693	0.34202	0
				0	0	1
				0.34202	-0.939693	0
				-25.3499	-4.33209	-52.1808
			}
			{VolumeView "piece7.ply"}
		}
		{bone "piece8"
			{Matrix34
				0	-1	0
				0	0	1
				-1	0	0
				-15.2361	5.82224	-28.3517
			}
			{VolumeView "piece8.ply"}
		}
		{bone "piece9"
			{Matrix34
				0	-1	0
				0	0	1
				-1	0	0
				12.3716	1.38455	-5.28766
			}
			{VolumeView "piece9.ply"}
		}
		{bone "piece10"
			{Matrix34
				0	-1	0
				0	0	1
				-1	0	0
				-10.5751	-0.0547791	-4.79431
			}
			{VolumeView "piece10.ply"}
		}
	}
}
{Volume "piece0"
	{Box 24.8324 9.84253 14.6188}
	{Bone "piece0"}
	{Matrix34
		-0.939693	-0.34202	0
		0	0	1
		-0.34202	0.939693	0
		-0.885424	0.308835	0
	}
}
{Volume "piece10"
	{Box 14.5236 4.12074 24.4099}
	{Bone "piece10"}
	{Matrix34
		-0.707107	0	-0.707107
		-0.640857	0.422618	0.640857
		0.298836	0.906308	-0.298836
		0.416618	-1.07045	-1.63264
	}
}
{Volume "piece1"
	{Box 9.84252 22.6265 9.16601}
	{Bone "piece1"}
	{Matrix34
		-0.707107	0	-0.707106
		-0.579228	0.573576	0.579228
		0.40558	0.819152	-0.40558
		-0.598857	-0.164103	0.598835
	}
}
{Volume "piece2"
	{Box 9.84252 24.4934 13.9058}
	{Bone "piece2"}
	{Matrix34
		-0.707107	0	-0.707106
		-0.40558	0.819152	0.40558
		0.579228	0.573577	-0.579228
		-1.57474	-1.12331	1.57471
	}
}
{Volume "piece3"
	{Box 21.0371 9.84254 24.0013}
	{Bone "piece3"}
	{Matrix34
		-1	0	0
		0	0	1
		0	1	0
		1.33432	1.11313	3.86897e-005
	}
}
{Volume "piece4"
	{Box 9.84252 7.73606 19.5246}
	{Bone "piece4"}
	{Matrix34
		-0.707107	0	-0.707106
		-0.707106	0	0.707107
		0	1	0
		-0.421954	-0.540278	0.42193
	}
}
{Volume "piece5"
	{Box 9.84252 14.7025 7.34259}
	{Bone "piece5"}
	{Matrix34
		-0.707107	0	-0.707106
		-0.640856	0.422618	0.640857
		0.298835	0.906308	-0.298837
		2.53515	0.487932	-2.53513
	}
}
{Volume "piece6"
	{Box 20.748 4.12074 24.4099}
	{Bone "piece6"}
	{Matrix34
		0.819152	0	-0.573577
		-0.519837	0.422618	-0.742404
		0.242404	0.906308	0.346189
		1.17275	-0.205823	-3.51863
	}
}
{Volume "piece7"
	{Box 9.84252 7.19363 21.8867}
	{Bone "piece7"}
	{Matrix34
		-0.707107	0	-0.707106
		-0.707106	0	0.707107
		0	1	0
		-1.04435	0.571456	0.963784
	}
}
{Volume "piece8"
	{Box 20.748 4.12074 24.4099}
	{Bone "piece8"}
	{Matrix34
		-0.707107	0	-0.707107
		-0.640857	0.422618	0.640857
		0.298836	0.906308	-0.298836
		-1.12903	-0.624676	1.12903
	}
}
{Volume "piece9"
	{Box 14.1087 4.12074 24.4099}
	{Bone "piece9"}
	{Matrix34
		0.819152	0	-0.573577
		-0.519837	0.422618	-0.742404
		0.242404	0.906308	0.346189
		-0.0122101	-1.4815	1.13471
	}
}
