;Exported by: sk
;Date:        Wed Aug 01 18:04:24 2007
;File:        D:\-Projects1_5-\-3DWork-\-Model-\Germany\Luftvaffe\DO24T\Do24T_new_x.max
{Skeleton
	{bone "basis"
		{Orientation
			1	0	0
			0	-1	0
			0	0	1
		}
		{bone "body_anim"
			{bone "body"
				{parameters "ID=body;"}
				{Position -43.1974	0.4161	-0.311737}
				{VolumeView "body.ply"}
				{bone "door1"
					{parameters "ID=body;"}
					{Matrix34
						0	-1	0
						0.999432	0	0.0337112
						-0.0337112	0	0.999432
						146.987	6.92953	-9.94295
					}
					{VolumeView "door1.ply"}
				}
				{bone "door2"
					{parameters "ID=body;"}
					{Matrix34
						0	-1	0
						0.999432	0	0.0337112
						-0.0337112	0	0.999432
						146.987	-7.92324	-9.9675
					}
					{VolumeView "door2.ply"}
				}
				{bone "propeller1"
					{parameters "ID=propeller;"}
					{Matrix34
						0	-1	0
						1	0	0
						0	0	1
						131.76	-0.0311122	25.6345
					}
					{VolumeView "propeller1.ply"}
				}
				{bone "foresight3"
					{Matrix34
						1	0	0
						0	0	1
						0	-1	0
						183.292	-0.416031	-5.5303
					}
				}
				{bone revolute "visor"
					{limits -5 5}
					{Position 89.2533	-0.416077	-46.1859}
				}
				{bone "propeller"
					{parameters "ID=propeller;"}
					{Matrix34
						0	-1	0
						1	0	0
						0	0	1
						131.76	-70.3424	22.518
					}
					{VolumeView "propeller.ply"}
				}
				{bone "wingr1"
					{parameters "ID=wingRight;"}
					{Matrix34
						0	-1	0
						1	0	0
						0	0	1
						53.4447	-165.331	25.2756
					}
					{VolumeView "wingr1.ply"}
					{bone "wingr2"
						{parameters "ID=WingR2;"}
						{Position 73.2383	-15.9671	5.3472}
						{VolumeView "wingr2.ply"}
					}
					{bone revolute "flap2"
						{parameters "ID=wingRight;"}
						{limits -30 30}
						{speed 0.01}
						{Matrix34
							0.00296418	0.999996	0.000176581
							0.0596494	0	-0.998219
							-0.998215	0.00296943	-0.0596492
							1.83351	-35.8077	1.3934
						}
						{VolumeView "flap2.ply"}
					}
				}
				{bone "wingl1"
					{parameters "ID=WingLeft;"}
					{Matrix34
						0	-1	0
						1	0	0
						0	0	1
						64.4481	69.4408	-0.9245
					}
					{VolumeView "wingl1.ply"}
					{bone "wingl2"
						{parameters "ID=WingL2;"}
						{Position -88.0468	-12.965	26.6851}
						{VolumeView "wingl2.ply"}
						{bone "wingl3"
							{parameters "ID=WingL3;"}
							{Position -70.6095	-11.4692	3.78003}
							{VolumeView "wingl3.ply"}
						}
						{bone revolute "flap1"
							{parameters "ID=wingL2;"}
							{limits -30 30}
							{speed 0.01}
							{Matrix34
								0	1	0
								-0.0527022	0	-0.99861
								-0.99861	0	0.0527022
								-9.64847	-36.5542	1.18974
							}
							{VolumeView "flap1.ply"}
						}
					}
					{bone "propeller2"
						{parameters "ID=propeller;"}
						{Matrix34
							-0.939693	0	-0.34202
							0	1	0
							0.34202	0	-0.939693
							-0.855797	67.3118	23.4425
						}
						{VolumeView "propeller2.ply"}
					}
				}
				{bone "body_back"
					{parameters "ID=body;"}
					{Matrix34
						0	-1	0
						0.999906	0	-0.0136829
						0.0136829	0	0.999906
						-142.698	14.3878	-5.62425
					}
					{VolumeView "body_back.ply"}
					{bone "part1"
						{parameters "ID=body_back;"}
						{Matrix34
							1	0	0
							0	0.999906	0.013683
							0	-0.013683	0.999906
							-37.6255	-20.4605	30.9539
						}
						{VolumeView "part1.ply"}
						{bone revolute "elevator1"
							{parameters "ID=body_back;"}
							{limits -30 30}
							{speed 0.01}
							{Matrix34
								0	0	1
								0	1	0
								-1	0	0
								14.2697	-12.8452	-9.85432
							}
							{VolumeView "elevator1.ply"}
						}
						{bone revolute "rudder1"
							{parameters "ID=body_back;"}
							{limits -30 30}
							{speed 0.01}
							{Position -24.1735	-14.6509	3.47606}
							{VolumeView "rudder1.ply"}
						}
					}
					{bone "part2"
						{parameters "ID=body_back;"}
						{Matrix34
							1	0	0
							0	0.999906	0.013683
							0	-0.013683	0.999906
							55.577	-18.5659	30.9721
						}
						{VolumeView "part2.ply"}
						{bone revolute "rudder2"
							{parameters "ID=body_back;"}
							{limits -30 30}
							{speed 0.01}
							{Position 35.0493	-17.0807	3.51263}
							{VolumeView "rudder2.ply"}
						}
						{bone revolute "elevator2"
							{parameters "ID=body_back;"}
							{limits -30 30}
							{speed 0.01}
							{Matrix34
								0	0	1
								0	1	0
								-1	0	0
								-3.04764	-14.7652	-9.8466
							}
							{VolumeView "elevator2.ply"}
						}
					}
				}
			}
			{bone "fx_bulb_norm_front1"
				{Matrix34
					0.422361	0.906308	0.014749
					-0.905756	0.422618	-0.0316299
					-0.0348996	0	0.999391
					150.766	9.27406	-35.8338
				}
			}
			{bone "fx_bulb_norm_front2"
				{Matrix34
					0.499697	-0.866025	0.0174499
					0.865497	0.500001	0.0302238
					-0.0348996	0	0.999391
					150.397	-9.94171	-35.85
				}
			}
			{bone "fx_bulb_small_center1"
				{Matrix34
					-0.0871025	0.996195	-0.00304164
					-0.995588	-0.0871556	-0.0347667
					-0.0348995	0	0.999391
					-95.2908	11.2991	-35.7152
				}
			}
			{bone "fx_bulb_small_center2"
				{Matrix34
					-0.0871008	-0.996195	-0.00303935
					-0.995588	0.0871539	-0.0347689
					-0.0349015	0	0.999391
					-95.3022	-13.3131	-35.7413
				}
			}
			{bone "fx_bulb_small_center3"
				{Matrix34
					0	1	0
					-1	0	0
					0	0	1
					36.4191	61.6414	-35.996
				}
			}
			{bone "fx_bulb_small_center4"
				{Matrix34
					0	-1	0
					1	0	0
					0	0	1
					36.2984	-61.008	-35.996
				}
			}
			{bone "pivot_back"
				{Position -197.604	0.429901	-50.7204}
				{bone "support3"
					{Position 101.489	-0.429886	4.2228}
				}
			}
			{bone "pivot_front"
				{Position 105.614	0.429855	-50.7204}
				{bone "support1"
					{Matrix34
						1	0	0
						0	-1	0
						0	0	1
						-33.7618	78.1919	4.22279
					}
				}
				{bone "support2"
					{Position -33.7618	-79.5384	4.2228}
				}
			}
			{bone "scissor"
				{Matrix34
					0.999997	0	0.00247812
					0	1	0
					-0.00247812	0	0.999997
					40.7195	0.0730934	-35.3284
				}
				{VolumeView "scissor.ply"
					{Layer waterscissor}
				}
			}
		}
		{bone "volume_holder"
			{Position 11.45	0	0}
		}
	}
}
