;Exported by: sana
;Date:        Fri Feb 02 14:44:19 2007
;File:        D:\-Project-\-3DWork-\Entourage\house_ru_140\house_ru_140_cut_x.max
{Skeleton
	{bone "h_w_4_cut6_x"
		{Orientation
			1	0	0
			0	-1	0
			0	0	1
		}
		{bone "piece01"
			{Position 0.962158	14.5669	16.9077}
			{VolumeView "piece01.ply"}
		}
		{bone "piece02"
			{Position -4.55971	4.20935	18.6388}
			{VolumeView "piece02.ply"}
		}
		{bone "piece03"
			{Position -12.691	-20.7687	4.18764}
			{VolumeView "piece03.ply"}
		}
		{bone "piece04"
			{Matrix34
				0	1	0
				-1	0	0
				0	0	1
				-12.5942	-29.2713	-1.88821
			}
			{VolumeView "piece04.ply"}
		}
		{bone "piece05"
			{Matrix34
				0	0.985989	-0.166813
				-1	0	0
				0	0.166813	0.985989
				5.29889	7.57729	-0.467102
			}
			{VolumeView "piece05.ply"}
		}
		{bone "piece06"
			{Matrix34
				0	0.983007	0.183571
				-1	0	0
				0	-0.183571	0.983007
				5.43246	-12.4832	11.1554
			}
			{VolumeView "piece06.ply"}
		}
		{bone "piece07"
			{Matrix34
				0	0.994162	-0.107899
				-1	0	0
				0	0.107899	0.994162
				5.29886	-19.0845	-2.16135
			}
			{VolumeView "piece07.ply"}
		}
		{bone "piece08"
			{Matrix34
				0	0.997113	0.0759342
				-1	0	0
				0	-0.0759342	0.997113
				5.29887	0.189995	-8.86772
			}
			{VolumeView "piece08.ply"}
		}
		{bone "fx_wood1"
			{Matrix34
				0.475623	0	0.879649
				-0.879649	0	0.475623
				0	-1	0
				2.51096	0	-6.68907
			}
		}
	}
}
{Volume "piece01"
	{Box 35.295 36.0298 2.93927}
	{Bone "piece01"}
	{Matrix34
		1	0	0
		0	0.847168	-0.531325
		0	0.531325	0.847168
		2.35841	0.492151	-0.10768
	}
}
{Volume "piece02"
	{Box 20.737 1.75385 1.65363}
	{Bone "piece02"}
	{Position 0	0	0.0569156}
}
{Volume "piece03"
	{Box 24.557 2.61129 2.55711}
	{Bone "piece03"}
	{Position 0	0	-0.0413702}
}
{Volume "piece04"
	{Box 1.96851 14.654 9.6018}
	{Bone "piece04"}
	{Position 0	-0.621429	0}
}
{Volume "piece05"
	{Box 27.2809 3.93701 7.46172}
	{Bone "piece05"}
}
{Volume "piece06"
	{Box 25.4192 3.93701 6.90194}
	{Bone "piece06"}
	{Position 0	0	0}
}
{Volume "piece07"
	{Box 29.553 3.93701 5.95771}
	{Bone "piece07"}
	{Position 1.14441e-005	0	0}
}
{Volume "piece08"
	{Box 30.9799 3.93701 6.37904}
	{Bone "piece08"}
	{Position 0	0	0}
}
