;Exported by: sergey
;Date:        Sat Sep 28 23:49:01 2013
;File:        D:\Documents\3dsmax\scenes\Krupp_L2H143_Kfz_70\krupp_l2h143_kfz70_x.max
{Skeleton
	{bone "basis"
		{Orientation
			1	0	0
			0	-1	0
			0	0	1
		}
		{bone "body"
			{Position 0.191404	0	10.2275}
			{VolumeView "body.ply"}
			{bone "cabin"
				{parameters "ID=body;"}
				{Matrix34
					1	0	0
					0	0	1
					0	-1	0
					1.42181	13.7529	11.1797
				}
				{VolumeView "cabin.ply"}
				{bone revolute "rama_window"
					{Matrix34
						0.999429	0.0337866	0
						-0.0337866	0.999429	0
						0	0	1
						19.1267	4.88639	13.7444
					}
					{VolumeView "rama_window.ply"}
					{bone "glass"
						{parameters "ID=glass;"}
						{Matrix34
							0	0	-1
							-0.295071	0.955475	0
							0.955475	0.295072	0
							-1.5767	3.34532	0.056814
						}
						{VolumeView "glass.ply"}
					}
				}
				{bone "headlightr"
					{parameters "ID=body;"}
					{Matrix34
						1	0	0
						0	0	-1
						0	1	0
						40.8397	-5.44464	22.9348
					}
					{VolumeView "headlightr.ply"}
				}
				{bone "headlightl"
					{parameters "ID=body;"}
					{Matrix34
						1	0	0
						0	0	-1
						0	1	0
						40.8397	-5.44464	4.15682
					}
					{VolumeView "headlightl.ply"}
				}
				{bone revolute "kapot"
					{Matrix34
						-0.682305	-0.731067	0
						-0.731067	0.682305	0
						0	0	-1
						26.3026	0.781384	13.752
					}
					{VolumeView "kapot.ply"}
				}
			}
			{bone "bodyback_kfz70"
				{Matrix34
					1	0	0
					0	0	1
					0	-1	0
					-25.7772	-0.00430584	11.1535
				}
				{VolumeView "bodyback_kfz70.ply"}
				{bone "shield"
					{parameters "ID=shield;"}
					{Matrix34
						-1	0	0
						0	1	0
						0	0	-1
						9.55532	15.0772	-0.00430679
					}
					{VolumeView "shield.ply"}
				}
			}
			{bone "zapaska_l"
				{Matrix34
					1	0	0
					0	0	-1
					0	1	0
					5.66243	16.3491	4.10562
				}
				{VolumeView "zapaska_l.ply"}
			}
			{bone "zapaska_r"
				{Matrix34
					1	0	0
					0	0	1
					0	-1	0
					5.66244	-16.3628	4.10562
				}
				{VolumeView "zapaska_r.ply"}
			}
			{bone "engine"
				{parameters "ID=engine;"}
				{Matrix34
					-1	0	0
					0	0	1
					0	1	0
					33.0241	0	3.51385
				}
				{VolumeView "engine.ply"}
			}
			{bone "detail2"
				{Matrix34
					-0.949657	-0.0161616	-0.312876
					-0.0189001	0.999805	0.00572127
					0.312722	0.0113466	-0.949777
					-43.1185	-18.8852	12.9723
				}
				{VolumeView "detail2.ply"}
			}
			{bone "detail1"
				{Matrix34
					-0.999996	-0.00102275	-0.00269482
					0.000943685	-0.999574	0.0291621
					-0.0027235	0.0291594	0.999571
					-5.40135	19.0622	13.0745
				}
				{VolumeView "detail1.ply"}
			}
			{bone "detail4"
				{parameters "ID=body;"}
				{Matrix34
					0	0.986467	0.163959
					0	-0.163959	0.986467
					-1	0	0
					-50.9634	14.7965	9.72388
				}
				{VolumeView "detail4.ply"}
			}
			{bone "steerrudder"
				{parameters "ID=body;"}
				{Matrix34
					0.978275	0	-0.207311
					0.207311	0	0.978275
					0	-1	0
					18.9378	7.68637	14.1048
				}
				{VolumeView "steerrudder.ply"}
			}
		}
		{bone "support1"
			{Matrix34
				1	0	0
				0	0	1
				0	-1	0
				33.8727	0	0
			}
			{bone "pivot_front"
				{parameters "ID=body;"}
				{Matrix34
					1	0	0
					0	0	-1
					0	1	0
					0.0500336	7.24819	0
				}
				{VolumeView "pivot_front.ply"}
				{bone revolute "steer_l"
					{Matrix34
						-1	0	0
						0	1	0
						0	0	-1
						-0.0433273	14.6681	0.174814
					}
					{VolumeView "steer_l.ply"}
					{bone revolute "wheell1"
						{parameters "ID=wheelleft1;"}
						{Matrix34
							-1	0	0
							0	0	1
							0	1	0
							0	0.924618	0
						}
						{VolumeView "wheell1.ply"}
					}
				}
				{bone revolute "steer_r"
					{Matrix34
						-1	0	0
						0	1	0
						0	0	-1
						-0.0433273	-14.7557	0.17481
					}
					{VolumeView "steer_r.ply"}
					{bone revolute "wheelr1"
						{parameters "ID=wheelright1;"}
						{Matrix34
							1	0	0
							0	0	-1
							0	1	0
							0	-0.916943	0
						}
						{VolumeView "wheelr1.ply"}
					}
				}
			}
		}
		{bone "support2"
			{Matrix34
				1	0	0
				0	0	1
				0	-1	0
				-24.6736	0	0
			}
			{bone "pivot_back"
				{Matrix34
					1	0	0
					0	0	-1
					0	1	0
					-0.133629	10.8797	0
				}
				{VolumeView "pivot_back.ply"}
				{bone revolute "wheell2"
					{parameters "ID=wheelleft2;"}
					{Matrix34
						1	0	0
						0	0	-1
						0	1	0
						8.56949	15.5928	-3.45668
					}
					{VolumeView "wheell2.ply"}
				}
				{bone revolute "wheell3"
					{parameters "ID=wheelleft3;"}
					{Matrix34
						1	0	0
						0	0	-1
						0	1	0
						-8.39368	15.5928	-3.45668
					}
					{VolumeView "wheell3.ply"}
				}
				{bone revolute "wheelr3"
					{parameters "ID=wheelright1;"}
					{Matrix34
						-1	0	0
						0	0	1
						0	1	0
						-8.38804	-15.5139	-3.45668
					}
					{VolumeView "wheelr3.ply"}
				}
				{bone revolute "wheelr2"
					{parameters "ID=wheelright1;"}
					{Matrix34
						-1	0	0
						0	0	1
						0	1	0
						8.58363	-15.5139	-3.45668
					}
					{VolumeView "wheelr2.ply"}
				}
			}
		}
	}
}
