;Exported by: shevchenko
;Date:        Wed Jul 19 15:58:30 2006
;File:        D:\-Projects1_5-\-3DWork-\bsh\bsh_c90_1.max
{Skeleton
	{bone "bsh90_c6_3"
		{Orientation
			1	0	0
			0	-1	0
			0	0	1
		}
		{VolumeView "bsh90_c6_3.ply"}
		{bone "window1"
			{Matrix34
				-0.707105	-0.707108	0
				0	0	-1
				0.707108	-0.707105	0
				-23.0739	16.7226	7.63464
			}
			{VolumeView "../common/window1.ply"}
		}
		{bone "window1_x"
			{Matrix34
				-0.707105	-0.707108	0
				0	0	-1
				0.707108	-0.707105	0
				-23.0739	16.7225	7.63464
			}
			{visibility 0}
			{VolumeView "../common/window1_x.ply"}
		}
		{bone "attach1"
			{Matrix34
				-0.707107	0.707107	0
				-0.707107	-0.707107	0
				0	0	1
				-7.99056	1.71317	-19.7558
			}
		}
		{bone "fix41"
			{Matrix34
				0.707107	-0.707107	0
				0.707107	0.707107	0
				0	0	1
				-33.5264	6.65701	-34.3548
			}
		}
	}
}
{Volume "body1"
	{Box 9.84252 50.1777 50.9748}
	{Bone "bsh90_c6_3"}
	{Matrix34
		0	-1	0
		1	0	0
		0	0	1
		12.4649	28.5168	0.328279
	}
}
{Volume "body2"
	{Box 9.84252 36.6297 48.4261}
	{Bone "bsh90_c6_3"}
	{Matrix34
		0.707105	-0.707108	0
		0.707108	0.707105	0
		0	0	1
		-22.0577	16.9541	2.60338
	}
}
{Volume "body3"
	{Box 9.84252 15.3845 9.20095}
	{Bone "bsh90_c6_3"}
	{Matrix34
		0.707105	-0.707108	0
		0.353554	0.353553	0.866025
		-0.612374	-0.612371	0.5
		-35.0843	3.92748	-20.6104
	}
}
{Volume "floor1"
	{Box 46.4262 34.2122 3.93701}
	{Bone "bsh90_c6_3"}
	{Matrix34
		0	1	0
		1	0	0
		0	0	-1
		14.7429	0.57083	-21.8526
	}
}
{Volume "floor2"
	{Box 35.0747 46.2054 3.93701}
	{Bone "bsh90_c6_3"}
	{Matrix34
		0.707107	0.707107	0
		0.707107	-0.707107	0
		0	0	-1
		-5.34586	-5.64526	-21.8526
	}
}
{Volume "hole1"
	{Box 17.7165 29.5276 19.685}
	{Bone "bsh90_c6_3"}
	{Matrix34
		-0.707106	-0.707107	0
		0	0	-1
		0.707107	-0.707106	0
		-23.4219	17.0705	7.63464
	}
}
{Volume "window1"
	{Box 17.7165 29.5276 0.984253}
	{Bone "window1"}
	{Position 0	1.7821e-005	0}
}
