;Exported by: sana
;Date:        Mon Jul 03 10:28:38 2006
;File:        D:\-Project-\-3DWork-\Entourage\e-house3a\farm_construction_x04.max
{Skeleton
	{bone "ch_farm_corner12"
		{Orientation
			1	0	0
			0	-1	0
			0	0	1
		}
		{bone "piece01"
			{Position -8.39172	24.6765	64.4692}
		}
		{bone "piece02"
			{Position -21.6063	-2.5047	71.8865}
			{VolumeView "piece02.ply"}
		}
		{bone "piece03"
			{Position -21.5088	-5.66864	57.1196}
			{VolumeView "piece03.ply"}
		}
		{bone "piece04"
			{Position -8.04333	-2.67059	52.674}
			{VolumeView "piece04.ply"}
		}
		{bone "piece05"
			{Position -32.4904	33.9053	47.7707}
			{VolumeView "piece05.ply"}
			{bone "sub_piece05"
				{Position 9.11914	0	-3.72323}
				{VolumeView "sub_piece05.ply"}
			}
		}
		{bone "piece06"
			{Position -11.662	33.9053	24.5254}
			{VolumeView "piece06.ply"}
			{bone "sub_piece06"
				{Position 3.50769	0	10.4443}
				{VolumeView "sub_piece06.ply"}
			}
		}
		{bone "piece07"
			{Position 4.41833	33.9053	51.1162}
			{VolumeView "piece07.ply"}
			{bone "sub_piece07"
				{Position -2.37415	0	-9.49693}
				{VolumeView "sub_piece07.ply"}
			}
		}
		{bone "piece08"
			{Position 26.7576	33.9053	36.5585}
			{VolumeView "piece08.ply"}
			{bone "sub_piece08"
				{Position -14.9469	0	-2.37424}
				{VolumeView "sub_piece08.ply"}
			}
		}
	}
}
{Volume "piece01"
	{Box 83.101 35.2719 2.75591}
	{Bone "piece01"}
	{Matrix34
		1	0	0
		0	0.930792	-0.365549
		0	0.365549	0.930792
		0	7.21879	-1.75734
	}
}
{Volume "piece02"
	{Box 1.96851 68.2261 3.14961}
	{Bone "piece02"}
	{Matrix34
		1	0	0
		0	0.919923	-0.392099
		0	0.392099	0.919923
		0	-4.31144	2.12087
	}
}
{Volume "piece03"
	{Box 2.95276 64.3989 2.95275}
	{Bone "piece03"}
	{Position 0	0	0}
}
{Volume "piece04"
	{Box 75.0078 2.95276 2.95276}
	{Bone "piece04"}
}
{Volume "piece05"
	{Box 14.8994 7.87402 18.3463}
	{Bone "piece05"}
	{Position 1.54608	0	0}
}
{Volume "piece06"
	{Box 23.3984 7.87402 10.5729}
	{Bone "piece06"}
	{Matrix34
		0.998297	0	0.0583333
		0	1	0
		-0.0583333	0	0.998297
		0.557216	0	-0.150718
	}
}
{Volume "piece07"
	{Box 21.9077 7.87402 12.087}
	{Bone "piece07"}
	{Position 0	0	0}
}
{Volume "piece08"
	{Box 16.9844 7.87402 20.3062}
	{Bone "piece08"}
	{Matrix34
		0.813398	0	-0.581708
		0	1	0
		0.581708	0	0.813398
		-2.47574	0	1.4127
	}
}
{Volume "sub_piece05"
	{Box 8.48506 7.87402 13.7058}
	{Bone "sub_piece05"}
	{Matrix34
		0.88781	0	-0.46021
		0	1	0
		0.46021	0	0.88781
		0.869885	0	-0.939092
	}
}
{Volume "sub_piece06"
	{Box 16.8354 7.87402 10.3001}
	{Bone "sub_piece06"}
	{Position 0	0	0}
}
{Volume "sub_piece07"
	{Box 13.3648 7.87402 8.2019}
	{Bone "sub_piece07"}
	{Matrix34
		0.995641	0	-0.0932663
		0	1	0
		0.0932663	0	0.995641
		0.210621	0	0.0104246
	}
}
{Volume "sub_piece08"
	{Box 10.3603 7.87402 14.8929}
	{Bone "sub_piece08"}
	{Position 0	0	0}
}
