;Exported by: sana
;Date:        Mon May 28 12:09:59 2007
;File:        D:\-Project-\-3DWork-\Entourage\ruins_ru\ruin_ru_141_x.max
{Skeleton
	{bone "ruin_ru_140_6_x"
		{Orientation
			1	0	0
			0	-1	0
			0	0	1
		}
		{bone "wall"
			{Position 8.8237	1.22985	0}
			{VolumeView "wall.ply"}
		}
		{bone "piece04"
			{Position 25.512	5.09892	25.817}
			{VolumeView "piece04.ply"}
			{bone "sub_piece04"
				{Position -0.00100708	10.3639	4.2924}
				{VolumeView "sub_piece04.ply"}
			}
		}
		{bone "piece06"
			{Position 25.5174	-10.9529	20.7881}
			{VolumeView "piece06.ply"}
			{bone "sub_piece06"
				{Position 0.00112915	-5.96216	-6.09304}
				{VolumeView "sub_piece06.ply"}
			}
		}
		{bone "piece05"
			{Position 25.5027	14.455	46.2339}
			{VolumeView "piece05.ply"}
		}
		{bone "piece01"
			{Position 10.1399	26.3554	29.8071}
			{VolumeView "piece01.ply"}
			{bone "sub_piece01"
				{Position 4.2612	0.0129833	-5.68292}
				{VolumeView "sub_piece01.ply"}
			}
		}
		{bone "piece03"
			{Position -10.9961	26.3546	42.0665}
			{VolumeView "piece03.ply"}
			{bone "sub_piece03"
				{Position -0.145142	-0.0020752	-9.04096}
				{VolumeView "sub_piece03.ply"}
			}
		}
		{bone "piece02"
			{Position -6.52838	26.3571	17.0514}
			{VolumeView "piece02.ply"}
		}
	}
}
{Volume "piece01"
	{Box 10.5874 3.94501 13.7015}
	{Bone "piece01"}
	{Position 0	0	0.269914}
}
{Volume "piece02"
	{Box 14.5421 3.94836 10.3604}
	{Bone "piece02"}
	{Matrix34
		0.932423	0	0.361368
		0	1	0
		-0.361368	0	0.932423
		-0.545363	0	0.584808
	}
}
{Volume "piece03"
	{Box 12.7553 3.94328 11.9524}
	{Bone "piece03"}
	{Matrix34
		0.991511	0	0.130024
		0	1	0
		-0.130024	0	0.991511
		0.453604	0	-0.467855
	}
}
{Volume "piece04"
	{Box 3.97296 18.2547 10.6041}
	{Bone "piece04"}
	{Matrix34
		1	0	0
		0	0.988107	-0.153768
		0	0.153768	0.988107
		0	-0.256646	-0.528424
	}
}
{Volume "piece05"
	{Box 3.96266 13.869 5.95732}
	{Bone "piece05"}
	{Position 0	0	0}
}
{Volume "piece06"
	{Box 3.96556 9.23921 13.1281}
	{Bone "piece06"}
	{Matrix34
		1	0	0
		0	0.729995	0.683453
		0	-0.683453	0.729995
		0	0.132997	-1.05775
	}
}
{Volume "sub_piece01"
	{Box 10.7594 3.92657 7.46276}
	{Bone "sub_piece01"}
	{Matrix34
		0.801167	0	0.598441
		0	1	0
		-0.598441	0	0.801167
		0.920752	0	-0.104958
	}
}
{Volume "sub_piece03"
	{Box 10.5543 3.93913 6.51019}
	{Bone "sub_piece03"}
	{Position 0	0	0.301351}
}
{Volume "sub_piece04"
	{Box 3.97801 8.46436 10.9025}
	{Bone "sub_piece04"}
	{Position 0	0.461056	0}
}
{Volume "sub_piece06"
	{Box 3.96219 8.0631 12.2324}
	{Bone "sub_piece06"}
	{Matrix34
		1	0	0
		0	0.91919	0.393815
		0	-0.393815	0.91919
		-3.05176e-005	0.130744	0.558119
	}
}
