;Exported by: shevchenko
;Date:        Wed Jul 19 12:19:13 2006
;File:        D:\-Projects1_5-\-3DWork-\bsh\bsh_c90_1_alternative.max
{Skeleton
	{bone "bsh90_c5_3t"
		{Orientation
			1	0	0
			0	-1	0
			0	0	1
		}
		{VolumeView "bsh90_c5_3t.ply"}
		{bone "attach2"
			{Matrix34
				-1	0	0
				0	-1	0
				0	0	1
				-6.2709	-10.2881	-20.9678
			}
		}
		{bone "fix38"
			{Position -28.4971	-39.3943	-12.1889}
		}
		{bone "fix39"
			{Matrix34
				0.707107	-0.707107	0
				0.707107	0.707107	0
				0	0	1
				7.85767	46.434	-17.471
			}
		}
		{bone "fix40"
			{Matrix34
				0.707107	-0.707107	0
				0.707107	0.707107	0
				0	0	1
				-32.9972	18.4526	-32.5968
			}
		}
		{bone "window2"
			{Matrix34
				0	-1	0
				0	0	-1
				1	0	0
				-27.5984	-10.1635	6.57481
			}
			{VolumeView "window2.ply"}
		}
		{bone "window2_x"
			{Matrix34
				0	-1	0
				0	0	-1
				1	0	0
				-27.5984	-10.1635	6.57481
			}
			{visibility 0}
			{VolumeView "window2_x.ply"}
		}
		{bone "window1_x"
			{Matrix34
				0.173649	-0.984808	0
				0	0	-1
				0.984808	0.173649	0
				-46.7224	40.6047	6.57481
			}
			{visibility 0}
			{VolumeView "window1_x.ply"}
		}
		{bone "window1"
			{Matrix34
				0.17365	-0.984807	0
				0	0	-1
				0.984807	0.17365	0
				-46.7224	40.6047	6.57469
			}
			{VolumeView "window1.ply"}
		}
		{bone "attach1"
			{Matrix34
				-0.984808	-0.173649	0
				0.173649	-0.984808	0
				0	0	1
				-26.9872	44.066	-20.93
			}
		}
	}
}
{Volume "body1"
	{Box 23.622 7.87402 43.3071}
	{Bone "bsh90_c5_3t"}
	{Matrix34
		-0.67559	0.737276	0
		-0.737276	-0.67559	0
		0	0	1
		-32.0696	28.7216	52.8346
	}
}
{Volume "body2"
	{Box 9.84252 45.1314 51.3754}
	{Bone "bsh90_c5_3t"}
	{Matrix34
		1	0	0
		0	1	0
		0	0	1
		-27.0962	-10.4519	1.75278
	}
}
{Volume "body3"
	{Box 23.622 9.84252 52.4778}
	{Bone "bsh90_c5_3t"}
	{Matrix34
		-0.173649	0.984807	0
		-0.984807	-0.173649	0
		0	0	1
		-45.6556	40.7928	5.00741
	}
}
{Volume "body4"
	{Box 25.5906 9.84252 51.8701}
	{Bone "bsh90_c5_3t"}
	{Matrix34
		-0.707107	0.707106	0
		-0.707106	-0.707107	0
		0	0	1
		-36.3508	22.8064	5.38382
	}
}
{Volume "body5"
	{Box 9.6063 9.84252 48.1846}
	{Bone "bsh90_c5_3t"}
	{Matrix34
		0.300705	0.953717	0
		-0.953717	0.300705	0
		0	0	1
		-46.2497	54.6904	6.94843
	}
}
{Volume "body6"
	{Box 23.622 7.87402 43.3071}
	{Bone "bsh90_c5_3t"}
	{Matrix34
		-0.991444	0.130525	0
		-0.130525	-0.991444	0
		0	0	1
		-14.642	20.1202	52.8346
	}
}
{Volume "body7"
	{Box 14.9008 7.87402 43.3071}
	{Bone "bsh90_c5_3t"}
	{Matrix34
		-0.130527	0.991444	0
		-0.991444	-0.130527	0
		0	0	1
		-39.1853	42.7053	52.8346
	}
}
{Volume "floor1"
	{Box 32.9703 46.2054 3.93701}
	{Bone "bsh90_c5_3t"}
	{Matrix34
		0.707107	0.707107	0
		0.707107	-0.707107	0
		0	0	-1
		4.85844	2.95192	-22.9124
	}
}
{Volume "floor2"
	{Box 35.011 41.5948 3.93701}
	{Bone "bsh90_c5_3t"}
	{Matrix34
		0	1	0
		1	0	0
		0	0	-1
		-1.42934	-10.0155	-22.9124
	}
}
{Volume "floor3"
	{Box 29.6732 52.2121 3.93701}
	{Bone "bsh90_c5_3t"}
	{Matrix34
		0.866025	0.5	0
		0.5	-0.866025	0
		0	0	-1
		-24.3011	40.0129	-22.9124
	}
}
{Volume "floor4"
	{Box 18.3974 31.3273 3.93701}
	{Bone "bsh90_c5_3t"}
	{Matrix34
		0.0871558	0.996195	0
		0.996195	-0.0871558	0
		0	0	-1
		-17.7661	33.8553	26.4012
	}
}
{Volume "hole1"
	{Box 17.7165 29.5276 19.685}
	{Bone "bsh90_c5_3t"}
	{Matrix34
		0.173649	-0.984807	0
		0	0	-1
		0.984807	0.173649	0
		-47.2071	40.5192	6.5747
	}
}
{Volume "hole2"
	{Box 17.7165 29.5276 19.685}
	{Bone "bsh90_c5_3t"}
	{Matrix34
		0	-1	0
		0	0	-1
		1	0	0
		-28.0905	-10.1635	6.57481
	}
}
{Volume "roof1"
	{Box 37.0136 4.53999 49.6617}
	{Bone "bsh90_c5_3t"}
	{Matrix34
		-0.984039	-0.176516	-0.0225576
		0.158397	-0.926608	0.341039
		-0.081101	0.332022	0.939779
		-11.4363	26.8908	97.8453
	}
}
{Volume "roof2"
	{Box 25.0407 4.53999 30.7979}
	{Bone "bsh90_c5_3t"}
	{Matrix34
		-0.57585	0.817243	-0.0225576
		-0.772851	-0.535157	0.341039
		0.26664	0.213821	0.939779
		-33.2769	30.4083	88.8937
	}
}
{Volume "window1"
	{Box 17.7165 29.5276 0.984253}
	{Bone "window1"}
	{Position 0	-1.24777e-005	0}
}
{Volume "window2"
	{Box 17.7165 29.5276 0.984253}
	{Bone "window2"}
}
