;Exported by: ubrashaev
;Date:        Sun Dec 18 15:10:04 2005
;File:        D:\-Projects1_5-\-work-\3d\-entourage\eg_spline2b.max
{Skeleton
	{bone "basis"
		{Orientation
			1	0	0
			0	-1	0
			0	0	1
		}
		{bone "body"
			{Matrix34
				-0.436108	0.896563	0.0773591
				-0.879065	-0.442825	0.176497
				0.192497	0.00896809	0.981257
				-5.5369	-7.1053	31.388
			}
			{VolumeView "body.ply"}
		}
	}
}
{Obstacle "cover"
	{Obb2
		{Center 7.34498 4.11962}
		{Extent 14.9351 2.4884}
		{Axis 0.913632 0.406543}
	}
	{Rotate}
}
{Obstacle "cover1"
	{Obb2
		{Center -15.3003 1.84583}
		{Extent 2.4889 12.3854}
		{Axis 0.602189 0.798353}
	}
	{Rotate}
}
{Obstacle "cover2"
	{Obb2
		{Center -9.86794 -10.8998}
		{Extent 14.145 2.48142}
		{Axis 0.225615 0.974217}
	}
	{Rotate}
}
{Volume "body1"
	{Box 7.5189 5.4009 65.5}
	{Bone "body"}
	{Matrix34
		0.657948	-0.0509855	0.751335
		0.251454	0.955317	-0.155372
		-0.709841	0.291153	0.64137
		6.57292	-3.4565	-10.0506
	}
}
{Volume "body2"
	{Box 7.5189 5.4009 71.5}
	{Bone "body"}
	{Matrix34
		-0.419611	-0.212605	0.882455
		0.629584	-0.76849	0.114222
		0.653873	0.603508	0.456319
		3.30448	-9.02522	-8.77327
	}
}
{Volume "body3"
	{Box 7.5189 5.4009 65.5}
	{Bone "body"}
	{Matrix34
		-0.123053	0.630467	0.7664
		-0.970847	-0.236551	0.0387158
		0.205702	-0.739293	0.641196
		11.2891	-11.0425	-13.5912
	}
}
{Volume "cover"
	{Box 25.5906 4.92126 15.748}
	{Bone "basis"}
	{Matrix34
		0.720543	-0.319018	-0.615667
		0.404842	0.914387	0
		0.562958	-0.249248	0.788006
		7.34498	-4.11962	6.20478
	}
}
{Volume "cover1"
	{Box 19.685 4.92126 15.748}
	{Bone "basis"}
	{Matrix34
		0.704834	0.534179	0.466756
		-0.604011	0.796976	0
		-0.371993	-0.281926	0.884386
		-15.3003	-1.84583	3.51544
	}
}
{Volume "cover2"
	{Box 23.622 4.92126 15.748}
	{Bone "basis"}
	{Matrix34
		-0.17726	0.760328	-0.624884
		-0.973884	-0.227047	0
		-0.141878	0.608565	0.780717
		-9.86794	10.8998	6.14738
	}
}
