;Exported by: sana
;Date:        Fri Apr 27 14:26:46 2007
;File:        D:\-Project-\-3DWork-\Entourage\School_Ru\School_ru_cut3a_x.max
{Skeleton
	{bone "school_ru_inn_r_1_6_x"
		{Orientation
			1	0	0
			0	-1	0
			0	0	1
		}
		{bone "piece06"
			{Position 0.864868	10.9814	20.0567}
			{VolumeView "piece06.ply"}
			{bone "sub_piece06"
				{Position -12.4583	0	2.35452}
				{VolumeView "sub_piece06.ply"}
			}
		}
		{bone "piece02"
			{Position 9.62048	10.9814	-3.75349}
			{VolumeView "piece02.ply"}
			{bone "sub_piece02"
				{Position 2.91937	0	10.0806}
				{VolumeView "sub_piece02.ply"}
			}
		}
		{bone "piece01"
			{Position -10.5978	10.9814	-8.01159}
			{VolumeView "piece01.ply"}
		}
		{bone "piece05"
			{Position -19.9955	8.13287	4.35792}
			{VolumeView "piece05.ply"}
		}
		{bone "piece07"
			{Position -14.8915	-2.75765	5.65538}
			{VolumeView "piece07.ply"}
			{bone "sub_piece07"
				{Position -0.914795	1.99386	5.28185}
				{VolumeView "sub_piece07.ply"}
			}
		}
		{bone "piece03"
			{Position -11.3047	-10.33	9.79887}
			{VolumeView "piece03.ply"}
		}
		{bone "piece04"
			{Position -12.9317	-7.41701	-7.82552}
			{VolumeView "piece04.ply"}
		}
	}
}
{Volume "piece01"
	{Box 16.3328 2.95276 11.723}
	{Bone "piece01"}
	{Matrix34
		0.889739	0	-0.456469
		0	1	0
		0.456469	0	0.889739
		-0.0609584	0	0.0727913
	}
}
{Volume "piece02"
	{Box 12.9956 2.95276 15.2959}
	{Bone "piece02"}
	{Matrix34
		0.974777	0	0.223182
		0	1	0
		-0.223182	0	0.974777
		-0.147772	0	0.716424
	}
}
{Volume "piece03"
	{Box 1.12757 4.25624 16.66}
	{Bone "piece03"}
	{Orientation
		0.903747	0.428067	0
		-0.428067	0.903747	0
		0	0	1
	}
}
{Volume "piece04"
	{Box 1.32521 4.99809 20.6761}
	{Bone "piece04"}
	{Matrix34
		0.930494	0.366307	0
		-0.366307	0.930494	0
		0	0	1
		0	1.52588e-005	0
	}
}
{Volume "piece05"
	{Box 1.37552 6.03568 27.5419}
	{Bone "piece05"}
	{Matrix34
		0.910608	0.413272	0
		-0.413272	0.910608	0
		0	0	1
		0	0	0
	}
}
{Volume "piece06"
	{Box 13.5863 2.95276 11.6173}
	{Bone "piece06"}
	{Matrix34
		0.990194	0	0.139699
		0	1	0
		-0.139699	0	0.990194
		0.0338405	0	-0.239645
	}
}
{Volume "piece07"
	{Box 1.19542 3.46713 17.3061}
	{Bone "piece07"}
	{Matrix34
		0.911872	0.410476	0
		-0.407807	0.905943	0.113849
		0.0467324	-0.103816	0.993498
		-0.0168507	0.0374339	-0.358202
	}
}
{Volume "sub_piece02"
	{Box 12.151 2.95276 7.93938}
	{Bone "sub_piece02"}
	{Matrix34
		0.965064	0	-0.262015
		0	1	0
		0.262015	0	0.965064
		0.16889	0	0.348381
	}
}
{Volume "sub_piece06"
	{Box 9.53855 2.95276 9.21311}
	{Bone "sub_piece06"}
	{Matrix34
		0.93938	0	-0.342877
		0	1	0
		0.342877	0	0.93938
		0.943185	0	-0.127365
	}
}
{Volume "sub_piece07"
	{Box 1.28683 3.90244 14.3833}
	{Bone "sub_piece07"}
	{Orientation
		0.902654	0.430366	0
		-0.430366	0.902654	0
		0	0	1
	}
}
