;Exported by: shevchenko
;Date:        Tue Mar 14 11:55:08 2006
;File:        D:\-Projects1_5-\-3DWork-\euro1_corner2_lm_corner_x.max
{Skeleton
	{bone "101_f3w1"
		{Orientation
			1	0	0
			0	-1	0
			0	0	1
		}
		{bone "piece0"
			{Matrix34
				0	-1	0
				0	0	1
				-1	0	0
				-18.077	29.1609	20.8776
			}
			{VolumeView "piece0.ply"}
		}
		{bone "piece1"
			{Matrix34
				0	-1	0
				0	0	1
				-1	0	0
				5.78737	28.4815	-2.71979
			}
			{VolumeView "piece1.ply"}
		}
		{bone "piece2"
			{Matrix34
				0	-1	0
				0	0	1
				-1	0	0
				4.68243	-29.5274	-2.07324
			}
			{VolumeView "piece2.ply"}
		}
		{bone "piece3"
			{Matrix34
				0	-1	0
				0	0	1
				-1	0	0
				29.1032	-18.9602	-25.7624
			}
			{VolumeView "piece3.ply"}
		}
		{bone "piece4"
			{Matrix34
				-1	0	0
				0	0	1
				0	1	0
				-20.3509	30.6786	11.9281
			}
			{VolumeView "piece4.ply"}
		}
		{bone "piece5"
			{Matrix34
				-1	0	0
				0	0	1
				0	1	0
				5.7276	30.6787	-13.8862
			}
			{VolumeView "piece5.ply"}
		}
		{bone "piece6"
			{Matrix34
				-1	0	0
				0	0	1
				0	1	0
				-3.18768	30.6786	-32.2899
			}
			{VolumeView "piece6.ply"}
		}
		{bone "piece7"
			{Matrix34
				0	-1	0
				0	0	1
				-1	0	0
				-19.981	-1.85377	30.9718
			}
			{VolumeView "piece7.ply"}
		}
		{bone "piece8"
			{Matrix34
				1	0	0
				0	0	1
				0	-1	0
				-20.0456	-2.33352	-3.8551
			}
			{VolumeView "piece8.ply"}
		}
		{bone "piece9"
			{Matrix34
				0.422618	0	-0.906308
				0.906308	0	0.422618
				0	-1	0
				-19.811	-2.33352	-30.4528
			}
			{VolumeView "piece9.ply"}
		}
		{bone "piece10"
			{Matrix34
				0	1	0
				0	0	1
				1	0	0
				18.3555	29.5993	-31.938
			}
			{VolumeView "piece10.ply"}
		}
		{bone "piece11"
			{Matrix34
				0	1	0
				0	0	1
				1	0	0
				18.3555	9.56081	-32.8614
			}
			{VolumeView "piece11.ply"}
		}
		{bone "piece12"
			{Matrix34
				0	1	0
				0	0	1
				1	0	0
				18.3555	-28.9384	-28.8884
			}
			{VolumeView "piece12.ply"}
		}
		{bone "sub_piece0"
			{Matrix34
				0	1	0
				0	0	1
				1	0	0
				-13.197	8.19814	-40.7055
			}
			{VolumeView "sub_piece0.ply"}
		}
		{bone "sub_piece1"
			{Matrix34
				0	-1	0
				0	0	1
				-1	0	0
				23.2809	0.408928	-36.7685
			}
			{VolumeView "sub_piece1.ply"}
		}
		{bone "sub_piece2"
			{Matrix34
				0	1	0
				0	0	1
				1	0	0
				18.3555	-7.71597	-33.7138
			}
			{VolumeView "sub_piece2.ply"}
		}
		{bone "sub_piece3"
			{Matrix34
				0	1	0
				0	0	1
				1	0	0
				-16.4131	-23.7363	-40.7056
			}
			{VolumeView "sub_piece3.ply"}
		}
	}
}
{Volume "piece0"
	{Box 1.9685 33.0238 32.5968}
	{Bone "piece0"}
	{Matrix34
		0	-0.707107	0.707107
		1	0	0
		0	0.707107	0.707107
		8.24078	-0.489732	-2.83579
	}
}
{Volume "piece10"
	{Box 5.90552 20.0063 13.2283}
	{Bone "piece10"}
	{Matrix34
		0	0	1
		0.841669	-0.539994	0
		0.539994	0.841669	0
		-1.08319	-0.108296	0
	}
}
{Volume "piece11"
	{Box 5.90552 13.7795 18.4368}
	{Bone "piece11"}
	{Matrix34
		0	0	1
		1	0	0
		0	1	0
		0	-0.349216	0
	}
}
{Volume "piece12"
	{Box 5.90551 13.7795 17.2441}
	{Bone "piece12"}
	{Matrix34
		0	0	1
		1	0	0
		0	1	0
		0	0.218911	0
	}
}
{Volume "piece1"
	{Box 1.9685 33.0238 32.5968}
	{Bone "piece1"}
	{Matrix34
		0	-0.707107	0.707107
		1	0	0
		0	0.707107	0.707107
		1.93343	-0.903977	-2.98311
	}
}
{Volume "piece2"
	{Box 1.9685 25.4283 39.7681}
	{Bone "piece2"}
	{Matrix34
		0	-0.707107	0.707107
		1	0	0
		0	0.707107	0.707107
		-2.24756	1.09648	-1.44102
	}
}
{Volume "piece3"
	{Box 1.9685 29.7214 27.0553}
	{Bone "piece3"}
	{Matrix34
		0	-0.707107	0.707107
		1	0	0
		0	0.707107	0.707107
		-3.64203	0.248194	-1.55768
	}
}
{Volume "piece4"
	{Box 12.9828 5.90553 18.8976}
	{Bone "piece4"}
	{Matrix34
		-0.671299	-0.741186	0
		0	0	1
		-0.741186	0.671299	0
		-0.983764	0.355345	0
	}
}
{Volume "piece5"
	{Box 13.1102 5.90552 22.665}
	{Bone "piece5"}
	{Matrix34
		-0.996195	-0.0871559	0
		0	0	1
		-0.0871559	0.996195	0
		-1.35988	0.138944	0
	}
}
{Volume "piece6"
	{Box 12.5984 5.90552 16.9291}
	{Bone "piece6"}
	{Matrix34
		-1	0	0
		0	0	1
		0	1	0
		0	0.734961	0
	}
}
{Volume "piece7"
	{Box 19.685 9.84253 39.0886}
	{Bone "piece7"}
	{Matrix34
		0	0	-1
		-1	0	0
		0	1	0
		0	2.01126	0
	}
}
{Volume "piece8"
	{Box 15.748 7.87402 11.1811}
	{Bone "piece8"}
	{Matrix34
		0.642788	-0.766044	0
		0	0	-1
		0.766044	0.642788	0
		-0.549024	0.309847	0
	}
}
{Volume "piece9"
	{Box 10.1122 7.87402 21.2412}
	{Bone "piece9"}
	{Matrix34
		0.113155	0.993577	0
		0	0	-1
		-0.993577	0.113155	0
		-0.439858	-1.10057	0
	}
}
{Volume "sub_piece0"
	{Box 44.3303 14.212 3.93701}
	{Bone "sub_piece0"}
	{Matrix34
		0	0	1
		1	0	0
		0	1	0
		2.00294e-005	0	6.11277
	}
}
{Volume "sub_piece1"
	{Box 3.93703 71.9399 3.93703}
	{Bone "sub_piece1"}
	{Matrix34
		0	0	-1
		-1	0	0
		0	1	0
		-1.00505e-005	0	0
	}
}
{Volume "sub_piece2"
	{Box 5.90552 13.189 27.2602}
	{Bone "sub_piece2"}
	{Matrix34
		0	0	1
		0.964504	-0.264067	0
		0.264067	0.964504	0
		-1.09962	-1.11548	0
	}
}
{Volume "sub_piece3"
	{Box 44.7593 15.0885 3.93701}
	{Bone "sub_piece3"}
	{Matrix34
		0	0	1
		1	0	0
		0	1	0
		0	0	7.91706
	}
}
