;Exported by: visa
;Date:        Wed Aug 21 13:57:49 2013
;File:        D:\max\t44\crash\t44_100crash.max
{Skeleton
	{bone "basis"
		{Orientation
			1	0	0
			0	-1	0
			0	0	1
		}
		{bone "body"
			{parameters "ID=body;"}
			{Position 0.74617	0.909798	9.48319}
			{VolumeView "body.ply"}
			{bone "turret"
				{Matrix34
					0.492423	0.870137	0.0195043
					-0.870356	0.4923	0.011035
					0	-0.0224095	0.999749
					-3.74301	-0.527752	20.447
				}
				{VolumeView "turret.ply"}
				{bone "part2"
					{parameters "ID=turret;"}
					{Matrix34
						0.999993	0.000680149	0.0037856
						-0.000716649	0.999953	0.00964987
						-0.00377886	-0.0096525	0.999946
						-12.7176	-7.76187	6.7477
					}
					{VolumeView "part2.ply"}
					{bone revolute "part1"
						{parameters "ID=turret;"}
						{speed 0.025}
						{Matrix34
							0.746376	-0.665525	0
							0.665525	0.746375	0
							0	0	1
							-6.70118	4.7321	2.53733
						}
						{VolumeView "part1.ply"}
					}
				}
				{bone revolute "gun_rot"
					{parameters "ID=turret;"}
					{limits -5 25}
					{speed 0.008}
					{Matrix34
						0.831418	0.084895	0.549124
						-0.548798	-0.0292319	0.835444
						0.086977	-0.995961	0.0222863
						21.9865	-0.0986781	-2.30736
					}
					{VolumeView "gun_rot.ply"}
					{bone "gun"
						{parameters "ID=gun;"}
						{Matrix34
							0.954181	-0.29923	0
							0	0	-1
							0.294114	0.95577	0
							0.72205	2.44238	-0.156283
						}
						{VolumeView "gun.ply"}
					}
				}
			}
			{bone "wheelr0"
				{parameters "ID=body;"}
				{Position 47.1892	-26.8201	-1.72779}
				{VolumeView "wheelr0.ply"}
			}
			{bone "wheell0"
				{parameters "ID=body;"}
				{Position 47.1892	25.0492	-1.72779}
				{VolumeView "wheell0.ply"}
			}
			{bone "wheell1"
				{parameters "ID=body;"}
				{Position -54.5471	23.5615	1.45457}
				{VolumeView "wheell1.ply"}
			}
		}
		{bone "wheelr5"
			{parameters "ID=body;"}
			{Position -21.8839	-25.7446	7.75036}
			{VolumeView "wheelr5.ply"}
		}
		{bone "wheelr4"
			{parameters "ID=body;"}
			{Position -5.00577	-25.7446	7.75036}
			{VolumeView "wheelr4.ply"}
		}
		{bone "wheelr3"
			{parameters "ID=body;"}
			{Position 11.7584	-25.7446	7.75035}
			{VolumeView "wheelr3.ply"}
		}
		{bone "wheelr2"
			{parameters "ID=body;"}
			{Position 33.9524	-25.7446	7.58434}
			{VolumeView "wheelr2.ply"}
		}
		{bone "wheelr6"
			{parameters "ID=body;"}
			{Position -38.5408	-25.7446	7.75036}
			{VolumeView "wheelr6.ply"}
		}
		{bone "wheell2"
			{parameters "ID=body;"}
			{Position 32.3519	25.7934	7.58434}
			{VolumeView "wheell2.ply"}
		}
		{bone "wheell3"
			{parameters "ID=body;"}
			{Position 10.5486	25.7934	7.75036}
			{VolumeView "wheell3.ply"}
		}
		{bone "wheell4"
			{parameters "ID=body;"}
			{Position -6.60626	25.7934	7.75035}
			{VolumeView "wheell4.ply"}
		}
		{bone "wheell5"
			{parameters "ID=body;"}
			{Position -23.4844	25.7934	7.75036}
			{VolumeView "wheell5.ply"}
		}
		{bone "wheell6"
			{parameters "ID=body;"}
			{Position -40.1412	25.7934	7.75036}
			{VolumeView "wheell6.ply"}
		}
	}
}
