;Exported by: sana
;Date:        Mon Jan 16 09:45:27 2006
;File:        D:\-Project-\-3DWork-\Entourage\house_euro_105c\house_euro_105c_x.max
{Skeleton
	{bone "105c_corn13"
		{Orientation
			1	0	0
			0	-1	0
			0	0	1
		}
		{bone "piece0"
			{Position 19.6526	19.0545	109.446}
			{VolumeView "piece0.ply"}
			{bone "sub_piece0"
				{Position -16.8754	0	0}
				{VolumeView "sub_piece0.ply"}
			}
		}
		{bone "piece1"
			{Position -8.29454	19.0545	93.1059}
			{VolumeView "piece1.ply"}
			{bone "sub_piece1"
				{Position -2.32148	0	-18.8398}
				{VolumeView "sub_piece1.ply"}
			}
		}
		{bone "piece2"
			{Position 9.20589	19.0545	52.6585}
			{VolumeView "piece2.ply"}
			{bone "sub_piece2"
				{Position 1.16074	0	16.2504}
				{VolumeView "sub_piece2.ply"}
			}
		}
		{bone "piece3"
			{Position -27.1982	-17.4395	136.502}
			{VolumeView "piece3.ply"}
			{bone "sub_piece3"
				{Position 0	7.05678	-13.2315}
				{VolumeView "sub_piece3.ply"}
			}
		}
		{bone "piece4"
			{Position -27.1982	18.6383	117.713}
			{VolumeView "piece4.ply"}
			{bone "sub_piece4"
				{Position 0	-8.82097	-15.1721}
				{VolumeView "sub_piece4.ply"}
			}
		}
		{bone "piece5"
			{Position -27.1982	-25.2902	90.9859}
			{VolumeView "piece5.ply"}
		}
		{bone "piece6"
			{Position -27.1982	10.523	73.9614}
			{VolumeView "piece6.ply"}
		}
	}
}
{Volume "piece0"
	{Box 25.5363 9.5 16.6076}
	{Bone "piece0"}
	{Position 0	0	0}
}
{Volume "piece1"
	{Box 28.9293 9.5 30.715}
	{Bone "piece1"}
	{Position 0	0	0}
}
{Volume "piece2"
	{Box 26.5721 9.5 19.6398}
	{Bone "piece2"}
	{Matrix34
		0.974784	0	-0.223148
		0	1	0
		0.223148	0	0.974784
		-0.139869	0	-0.611004
	}
}
{Volume "piece3"
	{Box 9.50001 21.6308 30.1183}
	{Bone "piece3"}
	{Matrix34
		1	0	0
		0	0.834968	-0.550299
		0	0.550299	0.834968
		0	0.749812	-0.52806
	}
}
{Volume "piece4"
	{Box 9.50001 21.8478 34.7564}
	{Bone "piece4"}
	{Matrix34
		1	0	0
		0	0.790632	0.612291
		0	-0.612291	0.790632
		0	0.195448	0.360301
	}
}
{Volume "piece5"
	{Box 9.50001 16.2306 26.1101}
	{Bone "piece5"}
	{Position 0	0	0}
}
{Volume "piece6"
	{Box 9.50001 20.447 22.1812}
	{Bone "piece6"}
	{Matrix34
		1	0	0
		0	0.996525	-0.0832985
		0	0.0832985	0.996525
		0	-0.00932391	-0.111639
	}
}
{Volume "sub_piece0"
	{Box 13.2968 9.5 18.6612}
	{Bone "sub_piece0"}
	{Matrix34
		0.943409	0	0.331631
		0	1	0
		-0.331631	0	0.943409
		-0.527963	0	0.233238
	}
}
{Volume "sub_piece1"
	{Box 23.9292 9.5 15.3036}
	{Bone "sub_piece1"}
	{Matrix34
		0.950844	0	0.309671
		0	1	0
		-0.309671	0	0.950844
		1.2031	0	-1.33483
	}
}
{Volume "sub_piece2"
	{Box 13.036 9.5 16.6076}
	{Bone "sub_piece2"}
	{Position 0	0	0}
}
{Volume "sub_piece3"
	{Box 9.50001 23.4638 17.4338}
	{Bone "sub_piece3"}
	{Matrix34
		1	0	0
		0	0.843011	0.537897
		0	-0.537897	0.843011
		0	3.10617	-3.10499
	}
}
{Volume "sub_piece4"
	{Box 9.50001 16.4564 24.8328}
	{Bone "sub_piece4"}
	{Matrix34
		1	0	0
		0	0.933865	0.357626
		0	-0.357626	0.933865
		0	-1.00566	0.633187
	}
}
