;Exported by: kenny
;Date:        Thu Feb 14 11:33:16 2008
;File:        D:\-Projects-\fence\my\crete_fence_2_updated.max
{Skeleton
	{bone "fence_crete_wall_5"
		{Orientation
			1	0	0
			0	-1	0
			0	0	1
		}
		{bone "body"
			{Position -6.56091	-4.00934	10.2311}
			{VolumeView "body.ply"}
			{bone "climb15"
				{Matrix34
					-1	0	0
					0	-1	0
					0	0	1
					22.3651	-18.9998	-10.2311
				}
				{visibility 0}
			}
			{bone "climb16"
				{Position -10.1201	-18.9998	-10.2311}
				{visibility 0}
			}
		}
	}
}
{Obstacle "rectangle09"
	{Obb2
		{Center -14.2561 42.9037}
		{Extent 3.93773 4.19099}
		{Axis -1 0}
	}
	{Rotate}
}
{Obstacle "rectangle10"
	{Obb2
		{Center 0.047617 43.3127}
		{Extent 5.15137 4.65304}
		{Axis -1 0}
	}
	{Rotate}
}
{Obstacle "rectangle11"
	{Obb2
		{Center 0.231345 22.3542}
		{Extent 3.75458 16.2071}
		{Axis -1 0}
	}
	{Rotate}
}
{Obstacle "rectangle12"
	{Obb2
		{Center 0.231345 -33.8971}
		{Extent 3.75458 6.36612}
		{Axis -1 0}
	}
	{Rotate}
}
{Volume "body1"
	{Box 9.31673 8.10736 17.5141}
	{Bone "body"}
	{Position 6.5609	-39.3726	-1.47405}
}
{Volume "body2"
	{Box 3.9723 10.639 7.30423}
	{Bone "body"}
	{Matrix34
		-0.500002	0	0.866025
		0.862729	-0.0871558	0.498099
		0.0754792	0.996195	0.0435778
		0.622933	12.2418	-5.93644
	}
}
{Volume "body3"
	{Box 4.12939 7.96703 4.91115}
	{Bone "body"}
	{Matrix34
		0.0789901	0.0368338	0.996195
		-0.422619	0.906308	0
		-0.902859	-0.421011	0.0871561
		-0.360621	-21.9191	-8.04365
	}
}
{Volume "body4"
	{Box 9.43249 7.64816 6.66032}
	{Bone "body"}
	{Matrix34
		0.00205143	-0.0201336	-0.999795
		-0.0636314	-0.997774	0.0199622
		-0.997971	0.0635774	-0.00332797
		-7.69867	-39.0321	-5.59632
	}
}
{Volume "body"
	{Box 5.77743 78.7891 5.07251}
	{Bone "body"}
	{Position 6.56091	4.00934	-7.69485}
}
