;Exported by: sk
;Date:        Wed Nov 23 11:40:02 2005
;File:        D:\-Projects1_5-\-3DWork-\-Model-\Americos\Planer\P51\P-51_x.max
{Skeleton
	{bone "basis"
		{Orientation
			1	0	0
			0	-1	0
			0	0	1
		}
		{bone "body"
			{parameters "ID=body;"}
			{Matrix34
				0.999925	0.012217	0
				-0.012217	0.999925	0
				0	0	1
				0.406013	-0.388791	21.1041
			}
			{VolumeView "body.ply"}
			{bone "body_back"
				{Position -51.8232	0	-1.31247}
				{bone "elevator2"
					{parameters "IKSpeed2=5;ID=body_back;"}
					{Matrix34
						0.999334	0.0364866	0
						0	0	1
						0.0364866	-0.999334	0
						-12.9864	-15.9851	1.4689
					}
					{VolumeView "elevator2.ply"}
				}
				{bone "elevator1"
					{parameters "IKSpeed2=5;ID=body_back;"}
					{Matrix34
						0.994667	-0.103135	0
						0	0	1
						-0.103135	-0.994667	0
						-12.4029	20.3105	1.4689
					}
					{VolumeView "elevator1.ply"}
				}
				{bone "rudder"
					{parameters "IKSpeed2=5;ID=body_back;"}
					{Position -27.2234	1.3357	9.83453}
					{VolumeView "rudder.ply"}
				}
			}
			{bone "engine"
				{Matrix34
					1	0	0
					0	0	1
					0	-1	0
					78.2884	0.0180001	-5.25238
				}
			}
			{bone "cabine"
				{parameters "ID=Body;"}
				{Matrix34
					0.999925	-0.0122172	0
					0.0122172	0.999925	0
					0	0	1
					27.8315	0.0490627	8.24704
				}
				{VolumeView "cabine.ply"}
			}
			{bone "propeller"
				{parameters "ID=propeller;"}
				{Matrix34
					-0.0122174	-0.999925	0
					0.999925	-0.0122174	0
					0	0	1
					97.809	-0.806193	-2.75849
				}
				{VolumeView "propeller.ply"}
			}
		}
		{bone "pivot_front"
			{Position 87.6992	0	-26.8891}
			{bone "wingr1"
				{parameters "ID=wingRight;"}
				{Matrix34
					0.999925	0.012217	0
					-0.012217	0.999925	0
					0	0	1
					-55.897	-47.9921	30.9549
				}
				{VolumeView "wingr1.ply"}
				{bone "flap2"
					{parameters "IKSpeed2=5;ID=wingRight;"}
					{Matrix34
						0.994924	0.100625	0
						0	0	1
						0.100625	-0.994924	0
						-16.3664	10.9297	1.83533
					}
					{VolumeView "flap2.ply"}
				}
				{bone "wingr2"
					{parameters "ID=wingR2;"}
					{Position -1.64461	-40.0567	1.30787}
					{VolumeView "wingr2.ply"}
					{bone "aileron2"
						{parameters "IKSpeed2=5;ID=WingR2;"}
						{Matrix34
							0.998275	0.0587114	0
							0	0	1
							0.0587114	-0.998275	0
							-10.6587	1.38308	0.728197
						}
						{VolumeView "aileron2.ply"}
					}
				}
				{bone "detail02"
					{parameters "ID=wingRight;"}
					{Position -1.23869	-9.81321	-9.60111}
					{VolumeView "detail02.ply"}
				}
				{bone "retract_wheelr"
					{parameters "CommonMesh;ID=Body;"}
					{Position 9.06709	2.90872	0.860167}
					{VolumeView "retract_wheelr.ply"}
					{bone "wheelr"
						{parameters "ID=retract_wheelR;Radius=0.3;support;"}
						{Matrix34
							0	0	1
							1	0	0
							0	1	0
							1.71389	0.0607742	-26.8024
						}
						{VolumeView "wheelr.ply"}
					}
				}
			}
			{bone "wingl1"
				{parameters "ID=wingLeft;"}
				{Matrix34
					0.999925	0.012217	0
					-0.012217	0.999925	0
					0	0	1
					-55.5898	49.5855	30.9766
				}
				{VolumeView "wingl1.ply"}
				{bone "flap1"
					{parameters "IKSpeed2=5;ID=wingLeft;"}
					{Matrix34
						0.991974	-0.126442	0
						0	0	1
						-0.126442	-0.991974	0
						-17.1527	-11.7918	1.81362
					}
					{VolumeView "flap1.ply"}
				}
				{bone "wingl2"
					{parameters "ID=wingL2;"}
					{Position -0.981442	30.1507	1.28616}
					{VolumeView "wingl2.ply"}
					{bone "aileron1"
						{parameters "IKSpeed2=5;ID=wingL2;"}
						{Matrix34
							0.996367	-0.0851581	0
							0	0	1
							-0.0851581	-0.996367	0
							-10.8821	7.34195	0.728202
						}
						{VolumeView "aileron1.ply"}
					}
				}
				{bone "detail01"
					{parameters "ID=wingLeft;"}
					{Position -1.3258	8.20361	-9.62282}
					{VolumeView "detail01.ply"}
				}
				{bone "lamp1"
					{Matrix34
						0.865961	-0.0105804	-0.5
						0.0122172	0.999925	0
						0.499963	-0.00610861	0.866025
						15.9357	-15.9447	1.16259
					}
					{VolumeView "lamp1.ply"}
				}
				{bone "retract_wheell"
					{parameters "CommonMesh;ID=Body;"}
					{Position 8.66599	-4.77498	0.838472}
					{VolumeView "retract_wheell.ply"}
					{bone "wheell"
						{parameters "ID=retract_wheelL;Radius=0.3;support;"}
						{Matrix34
							0	0	1
							1	0	0
							0	1	0
							1.71258	-0.0465613	-26.8024
						}
						{VolumeView "wheell.ply"}
					}
				}
			}
		}
		{bone "pivot_back"
			{Position -78.5505	0	4.68285}
			{bone "wheelback"
				{parameters "Radius=0.15;support;"}
				{Matrix34
					0	0	1
					1	0	0
					0	1	0
					32.1232	0	-5.42926
				}
				{VolumeView "wheelback.ply"}
			}
		}
	}
}
