;Exported by: vic
;Date:        Fri Aug 19 18:06:25 2005
;File:        D:\Obmen\SS\house_euro_117a_v_fix.max
{Skeleton
	{bone "117a_f3c3"
		{Orientation
			1	0	0
			0	-1	0
			0	0	1
		}
		{VolumeView "117a_f3c3.ply"}
		{bone "window1"
			{Matrix34
				0	1	0
				0	0	1
				1	0	0
				0.882674	23.8913	3.79755
			}
			{VolumeView "window1.ply"}
		}
		{bone "window1_x"
			{Matrix34
				0	1	0
				0	0	1
				1	0	0
				1.02844	23.3991	3.84943
			}
			{visibility 0}
			{VolumeView "window1_x.ply"}
		}
		{bone "window3"
			{Matrix34
				-0.258819	0.965926	0
				0	0	1
				0.965926	0.258819	0
				-34.3504	-13.3317	-6.01071
			}
			{VolumeView "window3.ply"}
		}
		{bone "window3_x"
			{Matrix34
				-0.258819	0.965926	0
				0	0	1
				0.965926	0.258819	0
				-34.3504	-13.3317	-6.01071
			}
			{VolumeView "window3_x.ply"}
		}
		{bone "window2"
			{Matrix34
				-0.422619	-0.906308	0
				0	0	1
				-0.906308	0.422619	0
				-34.1163	7.00703	-6.01071
			}
			{VolumeView "window2.ply"}
		}
		{bone "window2_x"
			{Matrix34
				-0.422619	-0.906308	0
				0	0	1
				-0.906308	0.422619	0
				-34.1163	7.00703	-6.01071
			}
			{VolumeView "window2_x.ply"}
		}
		{bone "attach2"
			{Matrix34
				-1	0	0
				0	-1	0
				0	0	1
				-32.3006	-3.44952	-22.4392
			}
		}
		{bone "attach1"
			{Matrix34
				0	1	0
				-1	0	0
				0	0	1
				2.03156	7.65683	-24.6692
			}
		}
		{bone "attach3"
			{Matrix34
				0	1	0
				-1	0	0
				0	0	1
				4.81964	7.65683	22.8964
			}
		}
		{bone "fix28"
			{Matrix34
				-1	0	0
				0	-1	0
				0	0	1
				-26.4602	-26.7226	-22.4392
			}
		}
		{bone "fix29"
			{Matrix34
				-1	0	0
				0	-1	0
				0	0	1
				34.3999	21.4073	-1.06833
			}
		}
		{bone "fix30"
			{Matrix34
				-1	0	0
				0	-1	0
				0	0	1
				0.257626	21.4073	-36.4548
			}
		}
	}
}
{Volume "floor_attach2"
	{Box 17.7165 15.8173 15.2008}
	{Bone "117a_f3c3"}
	{Matrix34
		0	1	0
		-1	0	0
		0	0	1
		-33.5751	-3.41755	-15.2848
	}
}
{Volume "floor_attach3"
	{Box 13.7795 32.9528 15.2008}
	{Bone "117a_f3c3"}
	{Matrix34
		0	1	0
		-1	0	0
		0	0	1
		4.96514	10.4357	30.3694
	}
}
{Volume "hole1"
	{Box 19.685 11.811 21.6535}
	{Bone "117a_f3c3"}
	{Matrix34
		0	1	0
		-1	0	0
		0	0	1
		2.15573	21.4781	-0.206553
	}
}
{Volume "roof1"
	{Box 37.3206 31.4723 1.9685}
	{Bone "117a_f3c3"}
	{Matrix34
		0	1	0
		-0.707107	0	-0.707107
		-0.707107	0	0.707107
		-23.3723	8.28148	32.9689
	}
}
{Volume "floor3"
	{Box 29.2532 13.6061 1.9685}
	{Bone "117a_f3c3"}
	{Matrix34
		0	-1	0
		1	0	0
		0	0	1
		-36.189	-3.91075	-23.5818
	}
}
{Volume "floor2"
	{Box 29.6556 46.2201 1.9685}
	{Bone "117a_f3c3"}
	{Matrix34
		0	-1	0
		1	0	0
		0	0	1
		0.648994	2.69923	22.0445
	}
}
{Volume "floor1"
	{Box 27.0863 52.3311 3.93701}
	{Bone "117a_f3c3"}
	{Matrix34
		0	-1	0
		1	0	0
		0	0	1
		4.04455	4.15688	-26.7362
	}
}
{Volume "body04"
	{Box 3.93701 6.1115 46.954}
	{Bone "117a_f3c3"}
	{Position 26.8427	14.7312	-1.40034}
}
{Volume "body03"
	{Box 7.87402 52.3367 67.9134}
	{Bone "117a_f3c3"}
	{Matrix34
		0	1	0
		-1	0	0
		0	0	1
		3.69157	21.4781	3.2464
	}
}
{Volume "body02"
	{Box 7.87402 19.7638 9.16177}
	{Bone "117a_f3c3"}
	{Position -26.551	-3.98388	18.1788}
}
{Volume "body05"
	{Box 7.87402 19.7638 9.16177}
	{Bone "117a_f3c3"}
	{Position -26.551	-3.98388	-29.6228}
}
{Volume "body01"
	{Box 7.87402 7.87402 57.261}
	{Bone "117a_f3c3"}
	{Position -26.551	-17.8822	-5.57318}
}
{Volume "body"
	{Box 7.87402 19.8425 57.261}
	{Bone "117a_f3c3"}
	{Position -26.551	15.5969	-5.57318}
}
{Volume "window2"
	{Box 0.590551 9.44297 32.4472}
	{Bone "window2"}
	{Matrix34
		-1	0	0
		0	0	1
		0	1	0
		0.000967453	0.0460663	-0.0027365
	}
}
{Volume "window3"
	{Box 0.590551 9.44297 32.4472}
	{Bone "window3"}
	{Matrix34
		0.996195	0	0.0871551
		0.0871551	0	-0.996195
		0	1	0
		0.016481	0.0460644	-0.0126532
	}
}
{Volume "window1"
	{Box 1.9685 11.7496 21.6535}
	{Bone "window1"}
	{Matrix34
		-1	0	0
		0	0	1
		0	1	0
		-0.492122	-3.937	1.27766
	}
}
