;Exported by: klimenko
;Date:        Mon Dec 26 14:52:02 2005
;File:        D:\-Project-\-3DWork-\windmill\wind_mill2_x.max
{Skeleton
	{bone "basis"
		{Orientation
			1	0	0
			0	-1	0
			0	0	1
		}
		{bone "piece6"
			{Position -9.9462	31.9265	29.3245}
			{VolumeView "piece6.ply"}
		}
		{bone "piece1"
			{Position -3.19955	-8.65586	44.4633}
			{VolumeView "piece1.ply"}
		}
		{bone "piece2"
			{Position 0.530525	-10.9141	-19.1534}
			{VolumeView "piece2.ply"}
		}
		{bone "piece3"
			{Position -0.551758	-22.3961	-53.6968}
			{VolumeView "piece3.ply"}
		}
		{bone "piece4"
			{Position 3.62708	2.36329	37.1797}
			{VolumeView "piece4.ply"}
		}
		{bone "piece5"
			{Matrix34
				1	0	0
				0	0.988371	0.152062
				0	-0.152062	0.988371
				11.0442	27.9733	-18.6199
			}
			{VolumeView "piece5.ply"}
		}
	}
}
{Volume "piece1"
	{Box 9.51463 18.8798 46.0996}
	{Bone "piece1"}
	{Matrix34
		0.876538	-0.481332	0
		0.481332	0.876538	0
		0	0	1
		-1.51379	-1.84108	-7.00743
	}
}
{Volume "piece2"
	{Box 7.52657 20.971 86.03}
	{Bone "piece2"}
	{Matrix34
		0.901443	-0.398174	0.169876
		0.408892	0.912019	-0.0320861
		-0.142154	0.0983847	0.984943
		0.272883	-2.67887	0
	}
}
{Volume "piece3"
	{Box 5.77097 42.6236 31.6054}
	{Bone "piece3"}
	{Matrix34
		0.864398	-0.340526	0.369942
		0.355716	0.934153	0.0287155
		-0.355361	0.106773	0.928611
		11.9972	10.7185	0
	}
}
{Volume "piece4"
	{Box 7.30982 12.0951 39.7419}
	{Bone "piece4"}
	{Matrix34
		0.949358	-0.314197	0
		0.314197	0.949358	0
		0	0	1
		0	0	3.05176e-005
	}
}
{Volume "piece5"
	{Box 7.73077 48.4872 25.7556}
	{Bone "piece5"}
	{Matrix34
		0.969701	0.244296	0
		-0.244296	0.969701	0
		0	0	1
		2.11556	-2.5049	-1.64715e-005
	}
}
{Volume "piece6"
	{Box 7.84895 25.8049 39.7419}
	{Bone "piece6"}
	{Matrix34
		0.96393	0.266155	0
		-0.266155	0.96393	0
		0	0	1
		3.88122	-10.2153	0
	}
}
