;Exported by: IROKEZ/added SU hull by Normand
;Date:        Mon Apr 02 22:55:29 2012
;File:        C:\Program Files (x86)\Autodesk\3dsMax8\scenes\t34-76\t34-76_xx.max
{Skeleton
	{bone "basis"
		{Orientation
			1	0	0
			0	-1	0
			0	0	1
		}
		{bone "body"
			{parameters "ID=body;"}
			{Position -0.116119	0	20.5126}
			{VolumeView "body.ply"}
			{bone revolute "wheelr1"
				{parameters "ID=trackright;"}
				{Matrix34
					1	0	0
					0	0	-1
					0	-1	0
					49.6608	-24.1951	-6.29723
				}
				{VolumeView "wheelr1.ply"}
			}
			{bone revolute "wheelr7"
				{parameters "ID=trackright;"}
				{Matrix34
					1	0	0
					0	0	-1
					0	-1	0
					-52.1053	-24.5186	-8.30809
				}
				{VolumeView "wheelr7.ply"}
			}
			{bone revolute "wheell1"
				{parameters "ID=trackleft;"}
				{Matrix34
					1	0	0
					0	0	-1
					0	1	0
					49.6608	24.1951	-6.29723
				}
				{VolumeView "wheell1.ply"}
			}
			{bone revolute "wheell7"
				{parameters "ID=trackleft;"}
				{Matrix34
					1	0	0
					0	0	-1
					0	1	0
					-52.1053	24.5186	-8.30809
				}
				{VolumeView "wheell7.ply"}
			}
			{bone "engine"
				{parameters "ID=engine;"}
				{Position -25.2721	0	-3.19532}
				{VolumeView "engine.ply"}
				{bone "part3"
					{parameters "ID=engine;"}
					{Matrix34
						0.999598	0	0.0283536
						0	1	0
						-0.0283536	0	0.999598
						-2.19297	0	16.4437
					}
					{VolumeView "part3.ply"}
				}
				{bone "part2"
					{parameters "ID=engine;"}
					{Matrix34
						0.998492	0	0.0548939
						0	1	0
						-0.0548939	0	0.998492
						-32.97	-4.95911e-005	0.448238
					}
					{VolumeView "part2.ply"}
				}
				{bone "part1"
					{parameters "ID=engine;"}
					{Matrix34
						0.984808	0	0.173648
						0	1	0
						-0.173648	0	0.984808
						-18.001	0	13.8537
					}
					{VolumeView "part1.ply"}
				}
			}
			{bone "part5"
				{parameters "ID=body;"}
				{Matrix34
					0.707107	0	0.707107
					0	1	0
					-0.707107	0	0.707107
					34.9895	5.14881	8.19492
				}
				;{VolumeView "part5.ply"}
			}
			{bone "body2"
				{Matrix34
					0.999998	0.00174533	0
					-0.00174533	0.999998	0
					0	0	1
					-3.20978	0.895086	12.0129
				}
				{VolumeView "body2.ply"}
				{bone "door_gunner2"
					{Matrix34
						0.00708235	-1.23603e-005	0.999975
						0.00174522	0.999998	0
						-0.999973	0.00174518	0.00708236
						23.701	-1.73834	8.66983
					}
					{VolumeView "door_gunner2.ply"}
				}
				{bone "door_back1"
					{Matrix34
						0.999998	-0.00174522	0
						1.2337e-005	0.007069	0.999975
						-0.00174518	-0.999974	0.00706901
						12.8766	1.72982	9.11573
					}
					{VolumeView "door_back1.ply"}
				}
				{bone "door_back2"
					{Matrix34
						0.999998	-0.00174522	0
						1.2337e-005	0.007069	0.999975
						-0.00174518	-0.999974	0.00706901
						0.124828	1.75208	4.60498
					}
					{VolumeView "door_back2.ply"}
				}
				{bone "door_driver"
					{Matrix34
						0.999998	-0.00174522	0
						0	-0.00479855	0.999988
						-0.0017452	-0.999987	-0.00479856
						40.1766	10.7311	0.673191
					}
					{VolumeView "door_driver.ply"}
				}
				{bone "door_commander1"
					{Matrix34
						-0.572307	0.000998804	-0.820039
						0.820038	-0.00143119	-0.572308
						-0.00174526	-0.999998	0
						13.4757	-15.6589	13.7723
					}
					{VolumeView "door_commander1.ply"}
				}
				{bone "door_commander2"
					{Matrix34
						-0.571832	0.000997977	0.82037
						-0.820369	0.00143168	-0.571833
						-0.00174519	-0.999998	0
						25.463	-15.6799	13.7988
					}
					{VolumeView "door_commander2.ply"}
				}
				{bone "hlight"
					{Matrix34
						0.999998	-0.00174522	0
						0.00174522	0.999998	0
						0	0	1
						39.854	25.3968	-4.5154
					}
					{VolumeView "hlight.ply"}
				}
				{bone "detail1"
					{Matrix34
						0.98537	-0.00171969	-0.170421
						0.00174522	0.999998	0
						0.170421	-0.000297423	0.985371
						53.9869	-0.600299	-11.2064
					}
					{VolumeView "detail1.ply"}
				}
				{bone "detail3"
					{Matrix34
						0.999998	-0.00174522	0
						0.00161591	0.925902	-0.377761
						0.000659277	0.37776	0.925903
						13.0868	24.2528	-4.7258
					}
					{VolumeView "detail3.ply"}
				}
				{bone "door_gunner1"
					{Matrix34
						0.00708223	-1.23601e-005	0.999975
						0.00174521	0.999998	0
						-0.999973	0.00174517	0.00708224
						23.5275	11.7791	8.66985
					}
					{VolumeView "door_gunner1.ply"}
				}
				{bone revolute "turret"
					{limits -10 10}
					{Position 45.5386	-5.82815	-0.103622}
					{bone revolute "gun_rot"
						{parameters "ID=gun;"}
						{limits -7 12}
						{Matrix34
							1	0	0
							0	0	1
							0	-1	0
							-3.36818	0.389185	0.156418
						}
						{VolumeView "gun_rot85m.ply"}
						{bone "gun"
							{parameters "CommonMesh;ID=gun;"}
							{Matrix34
								1	0	0
								0	0	-1
								0	1	0
								10.0625	-0.145329	0.00968075
							}
							{VolumeView "gun85m.ply"}
						}
					}
				}
			}
		}
		{bone "wheelsr"
			{parameters "ID=trackright;"}
			{Matrix34
				1	0	0
				0	-1	0
				0	0	1
				3.70867	-21.033	9.50104
			}
			{VolumeView "wheelsr.ply"}
			{bone revolute "wheelr2"
				{parameters "ID=trackright;"}
				{Matrix34
					1	0	0
					0	0	-1
					0	1	0
					32.3292	3.12768	-0.389288
				}
				{VolumeView "wheelr2.ply"}
			}
			{bone revolute "wheelr3"
				{parameters "ID=trackright;"}
				{Matrix34
					1	0	0
					0	0	-1
					0	1	0
					13.8692	3.12768	-0.389288
				}
				{VolumeView "wheelr3.ply"}
			}
			{bone revolute "wheelr4"
				{parameters "ID=trackright;"}
				{Matrix34
					1	0	0
					0	0	-1
					0	1	0
					-6.29927	3.12768	-0.389289
				}
				{VolumeView "wheelr4.ply"}
			}
			{bone revolute "wheelr5"
				{parameters "ID=trackright;"}
				{Matrix34
					1	0	0
					0	0	-1
					0	1	0
					-23.7613	3.12768	-0.38929
				}
				{VolumeView "wheelr5.ply"}
			}
			{bone revolute "wheelr6"
				{parameters "ID=trackright;"}
				{Matrix34
					1	0	0
					0	0	-1
					0	1	0
					-41.1803	3.12768	-0.389288
				}
				{VolumeView "wheelr6.ply"}
			}
			{bone "trackr"
				{parameters "CommonMesh;ID=trackright;"}
				{Matrix34
					-1	0	0
					0	0	1
					0	1	0
					-5.42897	-21.033	0.523679
				}
				{VolumeView "trackr.ply"}
			}
		}
		{bone "wheelsl"
			{parameters "ID=trackleft;"}
			{Position 3.70867	21.033	9.50104}
			{VolumeView "wheelsl.ply"}
			{bone revolute "wheell2"
				{parameters "ID=trackleft;"}
				{Matrix34
					1	0	0
					0	0	-1
					0	1	0
					32.3292	3.12767	-0.38929
				}
				{VolumeView "wheell2.ply"}
			}
			{bone revolute "wheell3"
				{parameters "ID=trackleft;"}
				{Matrix34
					1	0	0
					0	0	-1
					0	1	0
					13.8692	3.12767	-0.38929
				}
				{VolumeView "wheell3.ply"}
			}
			{bone revolute "wheell5"
				{parameters "ID=trackleft;"}
				{Matrix34
					1	0	0
					0	0	-1
					0	1	0
					-23.7613	3.12767	-0.389292
				}
				{VolumeView "wheell5.ply"}
			}
			{bone revolute "wheell6"
				{parameters "ID=trackleft;"}
				{Matrix34
					1	0	0
					0	0	-1
					0	1	0
					-41.1803	3.12767	-0.38929
				}
				{VolumeView "wheell6.ply"}
			}
			{bone revolute "wheell4"
				{parameters "ID=trackleft;"}
				{Matrix34
					1	0	0
					0	0	-1
					0	1	0
					-6.29924	3.12767	-0.389259
				}
				{VolumeView "wheell4.ply"}
			}
			{bone "trackl"
				{parameters "CommonMesh;ID=trackleft;"}
				{Matrix34
					-1	0	0
					0	0	1
					0	1	0
					-5.42897	-21.033	0.52368
				}
				{VolumeView "trackl.ply"}
			}
		}
	}
}
{Volume "body1"
	{Polyhedron "body1.vol"}
	{Bone "body"}
	{Matrix34
		-1	0	0
		0	0	1
		0	1	0
		-29.0473	0	-3.76539
	}
}
{Volume "body2"
	{Polyhedron "body2.vol"}
	{Bone "body"}
	{Matrix34
		-1	0	0
		0	0	1
		0	1	0
		-29.0473	0	-3.76539
	}
}
{Volume "gun"
	{Cylinder 1.68497 36.9671}
	{Bone "gun"}
	{Matrix34
		0	1	0
		0	0	1
		1	0	0
		-1.83825	0	0.0409058
	}
}
{Volume "mantled"
	{Cylinder 6.32557 20.2578}
	{Bone "gun_rot"}
	{Matrix34
		-1	0	0
		0	1	0
		0	0	-1
		-0.0863419	0.145786	-0.469963
	}
}
{Volume "trackleft"
	{Box 10.942 20.7713 115.611}
	{Bone "wheelsl"}
	{Matrix34
		0	-1	0
		0	0	1
		-1	0	0
		-5.3646	3.03592	0.731559
	}
}
{Volume "trackright"
	{Box 10.942 20.7713 115.611}
	{Bone "wheelsr"}
	{Matrix34
		0	1	0
		0	0	1
		-1	0	0
		-5.3646	2.98483	0.731559
	}
}

