;Exported by: Георгий
;Date:        Mon Nov 22 20:13:48 2010
;File:        C:\Users\Георгий\Desktop\gaz-mm\gaz-aaa\x\gaz_aaa_x.max
{Skeleton
	{bone "basis"
		{Orientation
			1	0	0
			0	-1	0
			0	0	1
		}
		{bone "pivot_front"
			{parameters "ID=body;"}
			{Matrix34
				0	-1	0
				1	0	0
				0	0	1
				34.706	-0.00656907	8.72536
			}
			{VolumeView "pivot_front.ply"}
			{bone "steer_l1"
				{parameters "ID=body;"}
				{Matrix34
					-1	0	0
					0	1	0
					0	0	-1
					-15.5265	1.06331	-0.330066
				}
				{VolumeView "steer_l1.ply"}
				{bone "wheell1"
					{parameters "ID=wheelleft1;"}
					{Matrix34
						0	0	-1
						0	1	0
						1	0	0
						0.581552	6.86646e-005	0
					}
					{VolumeView "wheell1.ply"}
				}
			}
			{bone "steer_r1"
				{parameters "ID=body;"}
				{Matrix34
					-1	0	0
					0	1	0
					0	0	-1
					15.5265	1.06333	-0.33007
				}
				{VolumeView "steer_r1.ply"}
				{bone "wheelr1"
					{parameters "ID=wheelright1;"}
					{Matrix34
						0	0	-1
						0	1	0
						1	0	0
						-0.581542	7.24792e-005	0
					}
					{VolumeView "wheelr1.ply"}
				}
			}
		}
		{bone "pivot_back"
			{parameters "ID=body;"}
			{Matrix34
				0	-1	0
				1	0	0
				0	0	1
				-13.36	-0.00656012	8.39529
			}
			{VolumeView "pivot_back.ply"}
			{bone "wheell2"
				{parameters "ID=wheelleft2;"}
				{Matrix34
					0	0	1
					0	1	0
					-1	0	0
					-17.8743	-7.22361	0
				}
				{VolumeView "wheell2.ply"}
			}
			{bone "wheelr2"
				{parameters "ID=wheelright2;"}
				{Matrix34
					0	0	1
					0	1	0
					-1	0	0
					17.8743	-7.22361	0
				}
				{VolumeView "wheelr2.ply"}
			}
			{bone "wheell3"
				{parameters "ID=wheelleft2;"}
				{Matrix34
					0	0	1
					0	1	0
					-1	0	0
					-17.8743	-26.5611	0
				}
				{VolumeView "wheell3.ply"}
			}
			{bone "wheelr3"
				{parameters "ID=wheelright2;"}
				{Matrix34
					0	0	1
					0	1	0
					-1	0	0
					17.8743	-26.5611	0
				}
				{VolumeView "wheelr3.ply"}
			}
		}
		{bone "body"
			{parameters "ID=body;"}
			{Matrix34
				0	-1	0
				1	0	0
				0	0	1
				-6.88974	-0.0065615	14.7713
			}
			{VolumeView "body.ply"}
			
			
			
		{bone "body_gun"
			{parameters "ID=body;"}
			{Matrix34
				0	1	0
				-1	0	0
				0	0	1
				-0.00295922	-24.9679	7.3983
			}
			{VolumeView "body_gun.ply"}
			{bone revolute "turret"
				{parameters "ID=turret;"}
				{speed 0.01}
				{Position 0	0	6.73269}
				{VolumeView "turret.ply"}
				{bone revolute "gun_rot"
					{parameters "ID=gun;"}
					{limits -72 5}
					{speed 0.01}
					{Matrix34
						-1	0	0
						0	0	1
						0	1	0
						-0.489973	0.00296199	18.2286
					}
					{VolumeView "gun_rot.ply"}
					{bone "pricel"
						{Matrix34
							-1	0	0
							0	0	1
							0	1	0
							-7.36223	7.62058	-0.015621
						}
						{VolumeView "pricel.ply"}
					}
					{bone "gun1"
						{parameters "ID=gun;"}
						{Matrix34
							-1	0	0
							0	0	1
							0	1	0
							8.24569	1.93419	4.55754
						}
						{VolumeView "gun1.ply"}
					}
					{bone "gun2"
						{parameters "ID=gun;"}
						{Matrix34
							-1	0	0
							0	0	1
							0	1	0
							8.24568	1.93419	1.43191
						}
						{VolumeView "gun2.ply"}
					}
					{bone "gun3"
						{parameters "ID=gun;"}
						{Matrix34
							-1	0	0
							0	0	1
							0	1	0
							8.24568	1.93419	-1.54781
						}
						{VolumeView "gun3.ply"}
					}
					{bone "gun4"
						{parameters "ID=gun;"}
						{Matrix34
							-1	0	0
							0	0	1
							0	1	0
							8.24568	1.93419	-4.57135
						}
						{VolumeView "gun4.ply"}
					}
				}
				{bone "upor01"
					{Matrix34
						0.492659	0	0.870222
						0	1	0
						-0.870222	0	0.492659
						-13.4741	2.41011	16.0398
					}
					{VolumeView "upor01.ply"}
				}
				{bone "ammo_box"
					{parameters "ID=turret;"}
					{Matrix34
						1	0	0
						0	0	1
						0	-1	0
						7.59519	3.98532	14.4224
					}
					{VolumeView "ammo_box.ply"}
				}
				{bone "ammo_box01"
					{parameters "ID=turret;"}
					{Matrix34
						1	0	0
						0	0	1
						0	-1	0
						9.99266	0.808697	15.4926
					}
					{VolumeView "ammo_box01.ply"}
				}
				{bone "ammo_box02"
					{parameters "ID=turret;"}
					{Matrix34
						1	0	0
						0	0	1
						0	-1	0
						7.59519	-2.05607	14.4224
					}
					{VolumeView "ammo_box02.ply"}
				}
				{bone "ammo_box03"
					{parameters "ID=turret;"}
					{Matrix34
						1	0	0
						0	0	1
						0	-1	0
						7.59519	-5.11442	14.4224
					}
					{VolumeView "ammo_box03.ply"}
				}
			}
		}
			
			
			
			
			
			
			
			{bone "bodyback"
				{parameters "ID=bodyback;"}
				{Position -0.00064406	-27.0241	10.7185}
				{VolumeView "bodyback.ply"}
				{bone "shield"
					{parameters "ID=shield;"}
					{Position -0.000643921	-0.0297432	16.925}
;					{VolumeView "shield.ply"}
				}
				{bone "bench"
					{parameters "ID=bodyback;"}
					{Matrix34
						0	-0.00501525	-0.999987
						-0.0103752	0.99993	-0.00571105
						0.999946	0.0103751	-5.53499e-005
						-0.0604459	-0.0518303	5.64328
					}
;					{VolumeView "bench.ply"}
				}
			}
			{bone "cabin"
				{parameters "ID=cabin;"}
				{Position -0.000321961	16.1918	11.6851}
				{VolumeView "cabin.ply"}
				{bone "doorl"
					{parameters "ID=cabin;"}
					{Matrix34
						0.999995	0.00308784	-5.46853e-005
						-0.00308785	0.999995	-0.000135032
						5.42681e-005	0.000135201	1
						-12.1135	2.91228	-1.34764
					}
					{VolumeView "doorl.ply"}
					{bone "glass1"
						{parameters "ID=glass;"}
						{Matrix34
							0.999995	-0.00308743	5.4272e-005
							0.00308744	0.999995	-0.000135032
							-5.38549e-005	0.000135199	1
							12.0913	-6.97487	6.88695
						}
						{VolumeView "glass1.ply"}
					}
				}
				{bone "doorr"
					{parameters "ID=cabin;"}
					{Matrix34
						0.999995	-0.00308743	5.4272e-005
						0.00308744	0.999995	-0.000135032
						-5.38549e-005	0.000135199	1
						12.2885	2.9122	-1.34756
					}
					{VolumeView "doorr.ply"}
					{bone "glass2"
						{parameters "ID=glass;"}
						{Matrix34
							0.999995	0.00308784	-5.46853e-005
							-0.00308785	0.999995	-0.000135032
							5.42681e-005	0.000135201	1
							-12.2669	-6.97542	6.88696
						}
						{VolumeView "glass2.ply"}
					}
				}
				{bone "glass"
					{parameters "ID=glass;"}
					{Position 0	-4.02603	5.5378}
					{VolumeView "glass.ply"}
				}
			}
			{bone "engine"
				{parameters "ID=engine;"}
				{Position 0	35.0013	3.45021}
				{VolumeView "engine.ply"}
				{bone "fxfire1"
					{Matrix34
						0	-0.00755748	0.999972
						-3.07295e-005	-0.999972	-0.00755748
						1	-3.0734e-005	0
						-0.235675	-0.00912285	5.70522
					}
				}
				{bone "fxsteam"
					{Matrix34
						0	-0.00755844	0.999971
						0	-0.999971	-0.00755844
						1	0	0
						-0.0959442	8.49681	9.79798
					}
				}
			}
		}
	}
}
