;Exported by: gals
;Date:        Tue Aug 01 11:31:26 2006
;File:        D:\-Projects1_5-\-3DWork-\_Buildings\e_house200_x2.max
{Skeleton
	{bone "e_house_200_f1_10_x"
		{Orientation
			1	0	0
			0	-1	0
			0	0	1
		}
		{VolumeView "e_house_200_f1_10_x.ply"}
		{bone "sub_piece5"
			{Position -4.84535	25.2995	75.9487}
			{VolumeView "sub_piece5.ply"}
		}
		{bone "sub_piece6"
			{Position -4.23528	25.2995	92.6696}
			{VolumeView "sub_piece6.ply"}
		}
		{bone "piece3"
			{Position 1.38027	25.2995	111.099}
			{VolumeView "piece3.ply"}
		}
		{bone "sub_piece4"
			{Position 24.8018	25.2995	116.192}
			{VolumeView "sub_piece4.ply"}
		}
		{bone "sub_piece7"
			{Position 27.5073	25.2995	73.3406}
			{VolumeView "sub_piece7.ply"}
		}
		{bone "sub_piece2"
			{Position -26.5691	10.8188	69.4226}
			{VolumeView "sub_piece2.ply"}
		}
		{bone "sub_piece3"
			{Position -26.5691	3.64376	118.931}
			{VolumeView "sub_piece3.ply"}
		}
		{bone "piece0"
			{Position -26.5691	-19.3357	109.676}
			{VolumeView "piece0.ply"}
		}
		{bone "piece1"
			{Position -26.5838	-19.2032	73.9982}
			{VolumeView "piece1.ply"}
		}
		{bone "sub_piece1"
			{Position -26.5691	-18.2498	48.713}
			{VolumeView "sub_piece1.ply"}
		}
		{bone "piece2"
			{Position -26.5838	-17.237	24.7914}
			{VolumeView "piece2.ply"}
		}
		{bone "sub_piece0"
			{Position -26.5691	8.3857	16.303}
			{VolumeView "sub_piece0.ply"}
		}
		{bone "piece4"
			{Position 18.521	27.8657	38.3527}
			{VolumeView "piece4.ply"}
		}
		{bone "sub_piece8"
			{Matrix34
				0.796911	0.604096	0
				-0.604096	0.796911	0
				0	0	1
				-11.0205	25.4319	65.0731
			}
			{VolumeView "sub_piece8.ply"}
		}
		{bone "sub_piece9"
			{Matrix34
				0.0871556	-0.996195	0
				0.996195	0.0871556	0
				0	0	1
				7.85519	-2.06122	65.0731
			}
			{VolumeView "sub_piece9.ply"}
		}
		{bone "piece6"
			{Matrix34
				-0.874848	-0.484398	0
				0.484398	-0.874848	0
				0	0	1
				23.4762	19.5565	65.073
			}
			{VolumeView "piece6.ply"}
		}
		{bone "piece5"
			{Matrix34
				-0.996195	-0.0871556	0
				0.0871556	-0.996195	0
				0	0	1
				-8.07635	-9.93213	65.073
			}
			{VolumeView "piece5.ply"}
		}
	}
}
{Volume "piece0"
	{Box 19.8764 7.87402 27.3208}
	{Bone "piece0"}
	{Matrix34
		0	0.999906	0.0136004
		-1	0	0
		0	-0.0136004	0.999906
		-0.059104	0.327911	0.232383
	}
}
{Volume "piece1"
	{Box 21.4562 7.87402 28.324}
	{Bone "piece1"}
	{Matrix34
		0	0.999315	0.0369736
		-1	0	0
		0	-0.0369736	0.999315
		-0.0444165	0.0939603	1.50745
	}
}
{Volume "piece2"
	{Box 21.4562 7.87402 25.2083}
	{Bone "piece2"}
	{Matrix34
		0	0.999315	0.0369736
		-1	0	0
		0	-0.0369736	0.999315
		-0.044418	-0.178126	-2.039
	}
}
{Volume "piece3"
	{Box 2.95276 19.1339 21.037}
	{Bone "piece3"}
	{Matrix34
		0	0.999999	-1.53901e-005
		-1	0	0
		0	1.53901e-005	0.999999
		0.854452	-0.000935144	-0.07372
	}
}
{Volume "piece4"
	{Box 5.90551 5.90551 44.2665}
	{Bone "piece4"}
	{Matrix34
		1	0.000225114	0.000457764
		-0.000225014	1	0
		-0.000457763	0	1
		0.0789376	-0.012209	2.45926
	}
}
{Volume "piece5"
	{Box 18.9572 25.3762 3.93701}
	{Bone "piece5"}
	{Matrix34
		-0.999473	0.0324612	0.000457763
		-0.0324614	-0.999473	0
		0.000457523	-1.48553e-005	1
		3.29987	2.46595	0.0254025
	}
}
{Volume "piece6"
	{Box 21.8833 25.894 3.93701}
	{Bone "piece6"}
	{Matrix34
		-0.999703	0.0243578	0.000457763
		-0.0243581	-0.999704	0
		0.000457628	-1.11502e-005	1
		1.42364	1.90639	0.0254012
	}
}
{Volume "sub_piece0"
	{Box 15.663 7.87402 10.164}
	{Bone "sub_piece0"}
	{Matrix34
		0	0.999442	-0.0333675
		-1	0	0
		0	0.0333675	0.999442
		-0.0591123	0.0480212	0.399491
	}
}
{Volume "sub_piece1"
	{Box 15.663 7.87402 14.1167}
	{Bone "sub_piece1"}
	{Matrix34
		0	0.999315	0.0369736
		-1	0	0
		0	-0.0369736	0.999315
		-0.059113	-0.358997	-0.187733
	}
}
{Volume "sub_piece2"
	{Box 22.0849 7.87402 14.2296}
	{Bone "sub_piece2"}
	{Matrix34
		0	0.998618	0.0525332
		-1	0	0
		0	-0.0525332	0.998618
		-0.0591104	-0.337783	0.166962
	}
}
{Volume "sub_piece3"
	{Box 16.2987 7.87402 9.83549}
	{Bone "sub_piece3"}
	{Matrix34
		0	0.994789	0.101948
		-1	0	0
		0	-0.101948	0.994789
		-0.0591133	-0.455203	0.686189
	}
}
{Volume "sub_piece4"
	{Box 2.95276 11.2469 15.1953}
	{Bone "sub_piece4"}
	{Matrix34
		0	0.999999	-1.53852e-005
		-0.997009	0	-0.0772835
		-0.0772834	1.53358e-005	0.997008
		-0.552786	-0.000968465	0.365181
	}
}
{Volume "sub_piece5"
	{Box 2.95276 11.3846 13.3585}
	{Bone "sub_piece5"}
	{Matrix34
		0	0.999999	-1.53901e-005
		-1	0	0
		0	1.53901e-005	0.999999
		-0.218169	-0.000997185	-0.0405827
	}
}
{Volume "sub_piece6"
	{Box 2.95276 9.56693 10.5185}
	{Bone "sub_piece6"}
	{Matrix34
		0	0.999999	-1.53901e-005
		-1	0	0
		0	1.53901e-005	0.999999
		-0.234908	-0.00100567	-0.243814
	}
}
{Volume "sub_piece7"
	{Box 2.95276 12.637 8.68303}
	{Bone "sub_piece7"}
	{Matrix34
		0	0.999999	-1.53925e-005
		-0.99661	0	0.0822764
		0.0822763	1.53439e-005	0.996609
		-0.125141	-0.00103295	-0.643704
	}
}
{Volume "sub_piece8"
	{Box 11.1184 14.6674 3.93701}
	{Bone "sub_piece8"}
	{Matrix34
		0.122626	-0.992453	0.000457764
		0.992453	0.122626	0
		-5.61336e-005	0.000454309	1
		-0.338744	-0.365011	0.025385
	}
}
{Volume "sub_piece9"
	{Box 9.66816 21.5697 3.93701}
	{Bone "sub_piece9"}
	{Matrix34
		-0.165909	0.986141	0.000457764
		-0.986142	-0.165909	0
		7.5947e-005	-0.000451419	1
		-0.52071	0.575869	0.0253871
	}
}
