;Exported by: klimenko
;Date:        Thu Mar 29 18:31:45 2007
;File:        D:\-Project-\-3DWork-\idustrial\admin_plant_3x.max
{Skeleton
	{bone "corner13"
		{Orientation
			1	0	0
			0	-1	0
			0	0	1
		}
		{bone "piece07"
			{Position 39.6842	19.0609	104.866}
			{VolumeView "piece07.ply"}
		}
		{bone "piece08"
			{Position 30.8753	-41.548	110.43}
			{VolumeView "piece08.ply"}
		}
		{bone "sub_piece01"
			{Position 39.6842	12.4452	130.574}
			{VolumeView "sub_piece01.ply"}
		}
		{bone "sub_piece02"
			{Position -35.9106	-41.548	133.187}
			{VolumeView "sub_piece02.ply"}
		}
		{bone "sub_piece03"
			{Position 39.6843	-17.7421	130.181}
			{VolumeView "sub_piece03.ply"}
		}
		{bone "sub_piece04"
			{Position 5.32571	-41.548	125.733}
			{VolumeView "sub_piece04.ply"}
		}
		{bone "sub_piece05"
			{Position 39.6842	-30.3906	93.882}
			{VolumeView "sub_piece05.ply"}
		}
		{bone "sub_piece06"
			{Position 34.0725	-41.548	82.3694}
			{VolumeView "sub_piece06.ply"}
		}
		{bone "sub_piece07"
			{Position -8.48166	-41.548	91.4394}
			{VolumeView "sub_piece07.ply"}
		}
		{bone "sub_piece08"
			{Position 9.18311	-40.4117	101.759}
			{VolumeView "sub_piece08.ply"}
		}
		{bone "sub_piece09"
			{Position 41.4696	-10.5304	97.7826}
			{VolumeView "sub_piece09.ply"}
		}
		{bone "piece01"
			{Position -14.0884	19.4519	173.208}
			{VolumeView "piece01.ply"}
		}
		{bone "piece05"
			{Position -43.1216	6.03872	140.871}
			{VolumeView "piece05.ply"}
		}
		{bone "piece03"
			{Position -23.2367	36.1226	143.588}
			{VolumeView "piece03.ply"}
		}
		{bone "piece04"
			{Position -22.338	3.89919	143.588}
			{VolumeView "piece04.ply"}
		}
		{bone "piece06"
			{Position 9.11093	6.93896	140.871}
			{VolumeView "piece06.ply"}
		}
		{bone "piece02"
			{Position 51.2253	-39.5778	101.122}
			{VolumeView "piece02.ply"}
		}
	}
}
{Volume "piece01"
	{Box 69.2103 70.6745 3.79708}
	{Bone "piece01"}
	{Matrix34
		1	0	0
		0	0.896882	0.44227
		0	-0.44227	0.896882
		6.10352e-005	1.99234	3.19439
	}
}
{Volume "piece02"
	{Box 9.59985 9.76514 66.3217}
	{Bone "piece02"}
	{Position 0	0	0}
}
{Volume "piece03"
	{Box 67.4299 5.90551 5.90552}
	{Bone "piece03"}
	{Matrix34
		0.97886	0	0.20453
		0	1	0
		-0.20453	0	0.97886
		1.47179e-005	0	0
	}
}
{Volume "piece04"
	{Box 65.6326 5.90552 5.90552}
	{Bone "piece04"}
	{Matrix34
		0.949709	-0.16745	-0.264602
		0.173639	0.984809	0
		0.260582	-0.0459451	0.964358
		0	0	0
	}
}
{Volume "piece05"
	{Box 5.90552 87.4797 5.9055}
	{Bone "piece05"}
	{Matrix34
		1	0	0
		0	0.966925	-0.255059
		0	0.255059	0.966925
		0	0	-1.23182e-005
	}
}
{Volume "piece06"
	{Box 5.90552 89.2801 5.9055}
	{Bone "piece06"}
	{Matrix34
		0.986299	0.163964	-0.018155
		-0.164966	0.980308	-0.108545
		0	0.110053	0.993926
		0	0	-1.43002e-005
	}
}
{Volume "piece07"
	{Box 6.84641 20.4749 22.6476}
	{Bone "piece07"}
	{Position 0	0	0}
}
{Volume "piece08"
	{Box 17.064 6.81583 22.2981}
	{Bone "piece08"}
	{Position 0	0	0}
}
{Volume "sub_piece01"
	{Box 6.9762 20.6342 24.1308}
	{Bone "sub_piece01"}
	{Position 0	0	0}
}
{Volume "sub_piece02"
	{Box 25.7413 5.21058 18.3719}
	{Bone "sub_piece02"}
	{Matrix34
		1	0	0
		0	0.976355	0.216174
		0	-0.216174	0.976355
		0	0.126747	-0.572472
	}
}
{Volume "sub_piece03"
	{Box 8.90872 21.3019 25.7956}
	{Bone "sub_piece03"}
}
{Volume "sub_piece04"
	{Box 32.6702 3.95936 19.1946}
	{Bone "sub_piece04"}
	{Matrix34
		1	0	0
		0	0.947654	-0.3193
		0	0.3193	0.947654
		0	0	0
	}
}
{Volume "sub_piece05"
	{Box 4.92126 13.7085 22.2473}
	{Bone "sub_piece05"}
}
{Volume "sub_piece06"
	{Box 16.1448 6.79303 22.0374}
	{Bone "sub_piece06"}
	{Position 0	0	0}
}
{Volume "sub_piece07"
	{Box 10.8579 5.81496 19.1263}
	{Bone "sub_piece07"}
}
{Volume "sub_piece08"
	{Box 25.5794 2.98915 27.4954}
	{Bone "sub_piece08"}
}
{Volume "sub_piece09"
	{Box 8.75629 25.5794 35.4477}
	{Bone "sub_piece09"}
	{Matrix34
		0.990267	0.0951373	-0.101586
		-0.0946406	0.995464	0.00970868
		0.102049	0	0.994779
		-1.33566e-005	0	0
	}
}
