;Exported by: vlss.com
;Date:        Sat Oct 24 21:58:12 2015
;File:        120t_vtype_nva.obj
{Skeleton
	{animation
		{sequence "start"}
		{sequence "stop"}
		{sequence "fire"}
		{sequence "hit"}
	}
	{bone "basis"
		{parameters "Wheelradius=0.4;"}
		{Orientation
			1	0	0
			0	-1	0
			0	0	1
		}
		{Position 0	0	-4}
		{bone "wheelsr"
			{Matrix34
				-0.999995	0.00318154	0
				0	0.00225833	0.999997
				0.00318153	0.999992	-0.00225834
				-8.47385	35.326	23.0006
			}
			{bone "trackr"
				{parameters "ID=trackright;"}
				{Matrix34
					-0.999937	2.51834e-005	0.0112542
					-0.0112529	0.0127771	-0.999855
					0.000168975	0.999918	0.012776
					-7.08884	-3.11691	-74.8471
				}
				{VolumeView "trackr.ply"}
			}
			{bone revolute "wheelr2"
				{parameters "ID=trackright;"}
				{Position -74.4687	-10.153	-0.249588}
				;{VolumeView "wheelr2.ply"}
				{VolumeView "wheell03.ply"}
			}
			{bone revolute "wheelr3"
				{parameters "ID=trackright;"}
				{Position -53.2171	-10.1982	-0.859711}
				;{VolumeView "wheelr3.ply"}
				{VolumeView "wheell03.ply"}
			}
			{bone revolute "wheelr4"
				{parameters "ID=trackright;"}
				{Position -31.6791	-10.1984	-0.928108}
				;{VolumeView "wheelr4.ply"}
				{VolumeView "wheell03.ply"}
			}
			{bone revolute "wheelr5"
				{parameters "ID=trackright;"}
				{Position -10.4255	-10.1985	-0.99575}
				;{VolumeView "wheelr5.ply"}
				{VolumeView "wheell03.ply"}
			}
			{bone revolute "wheelr6"
				{parameters "ID=trackright;"}
				{Position 10.9144	-10.1987	-1.06356}
				;{VolumeView "wheelr6.ply"}
				{VolumeView "wheell03.ply"}
			}
			{bone revolute "wheelr7"
				{parameters "ID=trackright;"}
				{Position 32.1678	-10.1989	-1.1312}
				;{VolumeView "wheelr7.ply"}
				{VolumeView "wheell03.ply"}
			}
			{bone revolute "wheelr8"
				{parameters "ID=trackright;"}
				{Position 53.2108	-10.199	-1.19817}
				;{VolumeView "wheelr8.ply"}
				{VolumeView "wheell03.ply"}
			}
			{bone revolute "wheelr9"
				{parameters "ID=trackright;"}
				{Position 74.4659	-10.1589	-0.723335}
				;{VolumeView "wheelr9.ply"}
				{VolumeView "wheell03.ply"}
			}
			{bone "fxtracer1"
				{Matrix34
					-0.999995	0	0.00318145
					0.00318146	0.00225832	0.999992
					0	0.999997	-0.00225833
					-76.2227	-21.5889	-76.0716
				}
			}
			{bone "fxtracer2"
				{Matrix34
					-0.999995	0	0.00318145
					0.00318146	0.00225832	0.999992
					0	0.999997	-0.00225833
					56.9232	-22.188	-76.4936
				}
			}
		}
		{bone "wheelsl"
			{Matrix34
				-0.999995	0.00318154	0
				0	0.00225833	0.999997
				0.00318153	0.999992	-0.00225834
				-8.94878	-40.5492	22.6901
			}
			{bone "trackl"
				{parameters "ID=trackleft;"}
				{Matrix34
					-0.999501	7.09259e-005	0.0315829
					-0.0315794	0.0127776	-0.99942
					0.00047444	0.999918	0.012769
					-7.56217	-2.15347	74.9964
				}
				{VolumeView "trackl.ply"}
			}
			{bone revolute "wheell2"
				{parameters "ID=trackleft;"}
				{Position -74.4657	-10.1502	0.769241}
				;{VolumeView "wheell2.ply"}
				{VolumeView "wheelr03.ply"}
			}
			{bone revolute "wheell3"
				{parameters "ID=trackleft;"}
				{Position -53.2104	-10.1932	1.24433}
				;{VolumeView "wheell3.ply"}
				{VolumeView "wheelr03.ply"}
			}
			{bone revolute "wheell4"
				{parameters "ID=trackleft;"}
				{Position -31.6724	-10.1933	1.17568}
				;{VolumeView "wheell4.ply"}
				{VolumeView "wheelr03.ply"}
			}
			{bone revolute "wheell5"
				{parameters "ID=trackleft;"}
				{Position -10.4189	-10.1935	1.10804}
				;{VolumeView "wheell5.ply"}
				{VolumeView "wheelr03.ply"}
			}
			{bone revolute "wheell6"
				{parameters "ID=trackleft;"}
				{Position 10.9209	-10.1937	1.04014}
				;{VolumeView "wheell6.ply"}
				{VolumeView "wheelr03.ply"}
			}
			{bone revolute "wheell7"
				{parameters "ID=trackleft;"}
				{Position 32.1745	-10.1938	0.972504}
				;{VolumeView "wheell7.ply"}
				{VolumeView "wheelr03.ply"}
			}
			{bone revolute "wheell8"
				{parameters "ID=trackleft;"}
				{Position 53.2168	-10.194	0.905697}
				;{VolumeView "wheell8.ply"}
				{VolumeView "wheelr03.ply"}
			}
			{bone revolute "wheell9"
				{parameters "ID=trackleft;"}
				{Position 74.4689	-10.1562	0.295322}
				;{VolumeView "wheell9.ply"}
				{VolumeView "wheelr03.ply"}
			}
			{bone "fxtracel2"
				{Matrix34
					-0.999995	0	0.00318145
					0.00318146	0.00225832	0.999992
					0	0.999997	-0.00225833
					58.6809	-20.8424	80.2329
				}
			}
			{bone "fxtracel1"
				{Matrix34
					-0.999995	0	0.00318145
					0.00318146	0.00225832	0.999992
					0	0.999997	-0.00225833
					-70.9746	-18.5304	80.6403
				}
			}
		}
		{bone "body"
			{parameters "ID=body;"}
			{animation
				{sequence "repair" {file "body_r.anm"}}
			}
			{Position -4.08137	-1.29813	33.4953}
			{VolumeView "body.ply"}
			{bone revolute "turret"
				{parameters "ID=turret;"}
				{animation
					{sequence "repair" {file "turret_r.anm"}}
				}
				{speed 0.002}
				{Position -3.8983	0.659492	33.6362}
				{VolumeView "turret.ply"}
                {bone "visor110000"
					{Matrix34
						-330.979925	-330.199368	0
						330.199368	0.979925	0
						0	0	1
						-0.682715	6.52132	22.799
					}
				}
				{bone "visor120000"
					{Matrix34
						-330.979925	0.199368	0
						-0.199368	-0.979925	0
						0	0	1
						-0.682715	6.52132	22.799
					}
				}
				{bone "visor130000"
					{Matrix34
						-330.979925	330.199368	0
						330.199368	0.979925	0
						0	0	1
						-0.682715	6.52132	22.799
					}
				}
				{bone "visor140000"
					{Matrix34
						0.979925	110.199368	0
						-0.199368	0.979925	0
						0	0	1
						-0.682715	6.52132	22.799
					}
				}
				{bone "visor150000"
					{Matrix34
						300.979925	330.199368	0
						-330.199368	0.979925	0
						0	0	1
						-0.682715	6.52132	22.799
					}
				}
				{bone "visor160000"
					{Matrix34
						0.979925	0.199368	0
						-0.199368	0.979925	0
						0	0	1
						-0.682715	6.52132	22.799
					}
				}
				{bone "visor170000"
					{Matrix34
						330.979925	-330.199368	0
						0.199368	0.979925	0
						0	0	1
						-0.682715	6.52132	22.799
					}
				}
			    {bone "visor180000"
					{Matrix34
						0.979925	-110.199368	0
						-0.199368	0.979925	0
						0	0	1
						-0.682715	6.52132	22.799
					}
				}				
				{bone "visor14"
					{Matrix34
						0.979925	110.199368	0
						-0.199368	0.979925	0
						0	0	1
						-15.682715	2.52132	22.799
					}
				}
			    {bone "visor18"
					{Matrix34
						0.979925	-110.199368	0
						-0.199368	0.979925	0
						0	0	1
						-15.682715	2.52132	22.799
					}
				}				
				{bone "gun_rot_base"
					{Position -10	0	0}
					{bone revolute "gun_rot"
					{parameters "ID=gun;"}
					{limits -20 4}
					{speed 0.003}
					{Matrix34
						1	0	0
						0	-0.00393132	-0.999992
						0	0.999992	-0.00393132
						50.9493	0.0606976	3.42971
					}
					{VolumeView "gun_rot.ply"}
					{bone "gun"
						{parameters "ID=gun;"}
						{Matrix34
							1	0	0
							0	-0.00393132	0.999992
							0	-0.999992	-0.00393132
							-19.9337	-1.0673	-0.00206822
						}
						;{VolumeView "gun.ply"}
						{VolumeView "gun_152.ply"}
						{bone "foresight1"
							{Position 69.3953	0.100785	0.157425}
						}
					}
					}
				}
				{bone "visor1"
					{Position -6.74223	-0.267233	15.6896}
				}
				{bone revolute "mgun5_rot"
					{terminator}
					{parameters "ID=gun;"}
					{limits -20 20}
					{Matrix34
						-0.504717	0.863285	0
						0.00339385	0.0019842	-0.999992
						-0.863278	-0.504713	-0.00393132
						-23.2579	20.8555	4.75738
					}
					{VolumeView "mgun5_rot.ply"}
					{bone revolute "mgun5"
						{limits -20 20}
						{Matrix34
							0.999946	0	-0.0104415
							0.0104415	-0.00393132	0.999938
							-4.10494e-005	-0.999992	-0.0039311
							0	0	0
						}
						{VolumeView "mgun5.ply"}
						{bone "foresight9"
							{Position 9.08098	0.139933	0.209274}
						}
					}
				}
				{bone revolute "mgun4_rot"
					{terminator}
					{parameters "ID=gun;"}
					{limits -20 20}
					{Matrix34
						-0.477014	-0.878896	0
						-0.00345522	0.00187529	-0.999992
						0.878889	-0.477011	-0.00393132
						-23.2579	-20.8428	4.75738
					}
					{VolumeView "mgun4_rot.ply"}
					{bone revolute "mgun4"
						{limits -20 20}
						{Matrix34
							0.999448	0	-0.0332328
							0.0332325	-0.00393132	0.99944
							-0.000130649	-0.999992	-0.00392915
							0	0	0
						}
						{VolumeView "mgun4.ply"}
						{bone "foresight8"
							{Position 8.85321	-0.0407047	0.0271454}
						}
					}
				}
			}
			{bone revolute "turret1"
				{limits 135 -45}
				{speed 0.006}
				{parameters "ID=turret1;"}
				{animation
					{sequence "repair" {file "turret_r.anm"}}
				}
				{Position 52.6635	3.54531	24.0377}
				{VolumeView "turret1.ply"}
				{bone "visor114"
					{Matrix34
						0.979925	110.199368	0
						-0.199368	0.979925	0
						0	0	1
						-0.682715	6.52132	22.799
					}
				}				
				{bone revolute "gun2_rot"
					{parameters "ID=gun;"}
					{limits -20 8}
					{speed 0.005}
					{Matrix34
						1	0	0
						0	-0.00393132	-0.999992
						0	0.999992	-0.00393132
						12.7178	0.0705128	0.457188
					}					
					{VolumeView "gun2_rot.ply"}
					{bone "gun2"
						{Matrix34
							1	0	0
							0	-0.00393132	0.999992
							0	-0.999992	-0.00393132
							14.1249	0.971375	1.82205
						}
						{VolumeView "gun2.ply"}
						{bone "foresight11"
							{Position 22.5344	0.0800676	1.59589}
						}
					}
				}
			}
			{bone revolute "turret2"
				{limits -165 45}
				{speed 0.006}
				{parameters "ID=turret2;"}
				{animation
					{sequence "repair" {file "turret_r.anm"}}
				}
				{Position 54.2145	-23.4398	23.9981}
				{VolumeView "turret2.ply"}
				{bone revolute "mgun2_rot"
					{parameters "ID=gun;"}
					{limits -20 8}
					{Matrix34
						1	0	0
						0	-0.00393132	-0.999992
						0	0.999992	-0.00393132
						13.2835	0.0374317	-0.00710297
					}
					{VolumeView "mgun2_rot.ply"}
					{bone "mgun2"
						{Matrix34
							1	0	0
							0	-0.00393132	0.999992
							0	-0.999992	-0.00393132
							1.06207	0.689373	-0.212946
						}
						{VolumeView "mgun2.ply"}
						{bone "foresight3"
							{Position 8.79869	0.213274	0.171371}
						}
					}
				}
			}
			{bone revolute "turret3"
				{limits 135 -135}
				{parameters "ID=turret3;"}
				{animation
					{sequence "repair" {file "turret_r.anm"}}
				}
				{Matrix34
					-0.999979	-0.00644402	0
					0.00644402	-0.999979	0
					0	0	1
					-40.6225	-0.421534	23.894
				}
				{VolumeView "turret3.ply"}
			    {bone "visor118"
					{Matrix34
						0.979925	110.199368	0
						-0.199368	0.979925	0
						0	0	1
						-0.682715	6.52132	22.799
					}
				}				
				{bone revolute "mgun3_rot"
					{parameters "ID=gun;"}
					{limits -20 7}
					{Matrix34
						0.998645	-0.0520398	0
						-0.000204585	-0.00392599	-0.999992
						0.0520394	0.998637	-0.00393132
						12.7318	-0.0827168	0.993359
					}
					{VolumeView "mgun3_rot.ply"}
					{bone "foresight4"
						{Position 9.78247	0	2.018961}
					}
					{bone "mgun7"
						{Matrix34
							0.998909	0	0.0467057
							-0.0467053	-0.00393132	0.998901
							0.000183615	-0.999992	-0.00392703
							0.99551	1.17274	1.85935
						}
						{VolumeView "mgun3.ply"}
						{bone "shooter00"
							{Position 8.78696	-3.38343	0.159611}
						}
					}
					{bone "mgun3"
						{Matrix34
							0.998909	0	0.0467057
							-0.0467053	-0.00393132	0.998901
							0.000183615	-0.999992	-0.00392703
							1.27608	1.18532	-1.34036
						}
						{VolumeView "mgun3.ply"}
						{bone "shooter01"
							{Position 8.65959	2.97441	0.0597267}
						}
					}
				}
			}
			{bone "engine"
				{parameters "ID=engine;"}
				{animation
					{sequence "repair" {file "engine_r.anm"}}
				}
				{Position -79.4008	0.267362	8.15665}
				{VolumeView "engine.ply"}
				{bone "fxfire1"
					{Position 5.53982	-0.104046	-0.154591}
				}
			}
			{bone "side_shield1"
				{Position 0.595913	46.4018	-0.379108}
				{VolumeView "shieldl2.ply"}
			}
			{bone "side_shield2"
				{Position 0.595924	-47.1737	-0.30286}
				{VolumeView "shieldr2.ply"}
			}
			{bone "visor2"
				{Position 65.9044	21.1943	14.1565}
			}
			{bone "fxsmoke2"
				{Matrix34
					-1	0	0
					0	0	1
					0	1	0
					-102.744	-20	7.62534
				}
			}
			{bone "fxsmoke1"
				{Matrix34
					-1	0	0
					0	0	1
					0	1	0
					-102.744	20	7.62534
				}
			}
			{bone revolute "wheelr1"
				{parameters "Radius=0.6;ID=trackright;"}
				{Matrix34
					-0.999995	0.00318154	0
					0	0.00225833	0.999997
					0.00318153	0.999992	-0.00225834
					93.9941	35.9402	-8.08916
				}
				;{VolumeView "wheelr1.ply"}
				{VolumeView "wheelr10.ply"}
			}
			{bone revolute "wheelr10"
				{parameters "ID=trackright;"}
				{Matrix34
					-0.999995	0.00318154	0
					0	0.00225833	0.999997
					0.00318153	0.999992	-0.00225834
					-94.07	36.5944	-5.16678
				}
				;{VolumeView "wheelr10.ply"}
				{VolumeView "wheelr01.ply"}
			}
			{bone revolute "wheell1"
				{parameters "Radius=0.6;ID=trackleft;"}
				{Matrix34
					-0.999995	0.00318154	0
					0	0.00225833	0.999997
					0.00318153	0.999992	-0.00225834
					93.5195	-38.567	-8.39968
				}
				;{VolumeView "wheell1.ply"}
				{VolumeView "wheell10.ply"}
			}
			{bone revolute "wheell10"
				{parameters "ID=trackleft;"}
				{Matrix34
					-0.999995	0.00318154	0
					0	0.00225833	0.999997
					0.00318153	0.999992	-0.00225834
					-94.5447	-39.2216	-5.47726
				}
				;{VolumeView "wheell10.ply"}
				{VolumeView "wheell01.ply"}
			}
		}
		{bone "emit0"
			{Matrix34
				-0.010155	0.999948	0
				-0.999948	-0.010155	0
				0	0	1
				-11.6627	-66.0643	18.7161
			}
		}
		{bone "emit1"
			{Matrix34
				-0.00630057	-0.99998	0
				0.99998	-0.00630057	0
				0	0	1
				-7.59615	61.1531	18.7161
			}
		}
		{bone "emit2"
			{Matrix34
				-0.00630057	-0.99998	0
				0.99998	-0.00630057	0
				0	0	1
				50.9091	60.8145	18.7161
			}
		}
		{bone "emit3"
			{Matrix34
				0.00246699	0.999997	0
				-0.999997	0.00246699	0
				0	0	1
				52.5441	-64.3807	18.7161
			}
		}
	}
}
{Volume "side_shield1"
	{Polyhedron "shieldl1.vol"}
	{Bone "body"}
	{Matrix34
		0	-1	0
		0	0	1.25
		1.075	0	0
		-2	-45.5	2;前后 左右 上下
	}
}
{Volume "side_shield2"
	{Box 88 1 10.75}
	{Bone "body"}
	{Position 7	-46.5	13.5}
}
{Volume "side_shield3"
	{Polyhedron "shieldl1.vol"}
	{Bone "body"}
	{Matrix34
		0	-1	0
		0	0	1.25
		1.075	0	0
		-2	44	2;前后 左右 上下
	}
}
{Volume "side_shield4"
	{Box 88 1 10.75}
	{Bone "body"}
	{Position 7	45	13.5}
}
{Volume "body"
	{Polyhedron "body.vol"}
	{Bone "body"}
	{Position -1.18114	-1.04904e-005	-23.3189}
}
{Volume "body2"
	{Polyhedron "body_vol2.vol"}
	{Bone "body"}
	{Position 9.14219	-2.18902	8.91216}
}
{Volume "engine"
	{Polyhedron "engine.vol"}
	{Bone "engine"}
	{Position 5.43117	-0.81776	-18.5409}
}
{Volume "gun"
	{Cylinder 2 100}
	{Bone "gun"}
	{Matrix34
		0	-1	0
		0	0	1
		1	0	0
		29.5	0	1.75;前后 左右 上下
	}
}
{Volume "turret"
	{Polyhedron "turret.vol"}
	{Bone "turret"}
	{Matrix34
		1	0	0;前后
		0	-0.925	0;左右
		0	0	0.9;上下
		1.66856	-0.5	-16.8573;前后 左右 上下
	}
}
{Volume "mantlet"
	{Polyhedron "mantlet.vol"}
	{Bone "gun_rot"}
	{Matrix34
		1	0	0
		0	0	0.75
		0	-1.2	0
		-5	9.5	0;前后 上下 左右
	}
}
{Volume "trackleft"
	{Polyhedron "trackleft.vol"}
	{Bone "wheelsr"}
	{Matrix34
		-0.999995	0	0.00318145
		0.00318146	0.00225832	0.999992
		0	0.999997	-0.00225833
		-6.67039	-21.5743	-0.133602
	}
}
{Volume "trackright"
	{Polyhedron "trackright.vol"}
	{Bone "wheelsl"}
	{Matrix34
		-0.999995	0	0.00318145
		0.00318146	0.00225832	0.999992
		0	0.999997	-0.00225833
		-7.14205	-21.2611	0.967293
	}
}
{Volume "turret1"
	{Polyhedron "turret1.vol"}
	{Bone "turret1"}
	{Position -0.835625	0.495211	-6.259}
}
{Volume "turret2"
	{Polyhedron "turret2.vol"}
	{Bone "turret2"}
	{Position -2.38661	0.589561	-6.21939}
}
{Volume "turret3"
	{Polyhedron "turret3.vol"}
	{Bone "turret3"}
	{Matrix34
		-0.999979	0.00644408	0
		-0.00644408	-0.999979	0
		0	0	1
		-0.898041	0.0956947	-5.66331
	}
}