;Exported by: sergienko
;Date:        Fri Jul 14 16:27:43 2006
;File:        D:\-projets1_5\3dwork\anima\construction\house_euro_100c\euro_corner_n_x.max
{Skeleton
	{bone "100_corner9_n_x"
		{Orientation
			1	0	0
			0	-1	0
			0	0	1
		}
		{bone "piece9"
			{Matrix34
				0	0.939693	-0.34202
				0	0.34202	0.939693
				1	0	0
				-40.8056	-30.9875	64.1242
			}
			{VolumeView "piece9.ply"}
		}
		{bone "piece4"
			{Matrix34
				0	-0.965926	-0.258819
				0	0.258819	-0.965926
				1	0	0
				-40.7277	12.6311	70.6164
			}
			{VolumeView "piece4.ply"}
		}
		{bone "piece7"
			{Matrix34
				0	-0.173648	-0.984808
				0	-0.984808	0.173648
				-1	0	0
				-40.7277	-2.37029	104.475
			}
			{VolumeView "piece7.ply"}
		}
		{bone "piece5"
			{Matrix34
				0	-0.173648	-0.984808
				0	-0.984808	0.173648
				-1	0	0
				-40.7277	-12.9134	118.004
			}
			{VolumeView "piece5.ply"}
		}
		{bone "piece6"
			{Matrix34
				0	-0.173648	-0.984808
				0	-0.984808	0.173648
				-1	0	0
				-40.7277	-20.4483	98.2724
			}
			{VolumeView "piece6.ply"}
		}
		{bone "piece8"
			{Matrix34
				0	0.766045	0.642787
				0	0.642787	-0.766045
				-1	0	0
				-40.7277	-36.8037	87.6627
			}
			{VolumeView "piece8.ply"}
		}
		{bone "piece1"
			{Matrix34
				-0.573576	0	-0.819152
				0.819152	0	-0.573576
				0	-1	0
				-16.4148	-40.1552	69.0945
			}
			{VolumeView "piece1.ply"}
		}
		{bone "piece2"
			{Matrix34
				-0.573576	0	-0.819152
				0.819152	0	-0.573576
				0	-1	0
				3.60562	-40.1552	73.0006
			}
			{VolumeView "piece2.ply"}
		}
		{bone "piece3"
			{Matrix34
				-0.573576	0	-0.819152
				0.819152	0	-0.573576
				0	-1	0
				-14.204	-40.1552	87.6816
			}
			{VolumeView "piece3.ply"}
		}
		{bone "piece10"
			{Matrix34
				1	0	0
				0	0.572863	0.819651
				0	-0.819651	0.572863
				-25.586	-33.4605	115.505
			}
			{VolumeView "piece10.ply"}
		}
		{bone "piece12"
			{Matrix34
				1	0	0
				0	0.572863	0.819651
				0	-0.819651	0.572863
				-6.54343	-34.8443	113.525
			}
			{VolumeView "piece12.ply"}
		}
		{bone "piece11"
			{Matrix34
				1	0	0
				0	0.572863	0.819651
				0	-0.819651	0.572863
				-5.12326	-21.5286	132.577
			}
			{VolumeView "piece11.ply"}
		}
	}
}
{Volume "piece10"
	{Box 23.5926 24.7275 1.8214}
	{Bone "piece10"}
	{Position -3.8959	0.417143	0.20984}
}
{Volume "piece11"
	{Box 18.5591 23.4709 1.8214}
	{Bone "piece11"}
	{Position -0.404694	-0.829508	0.209841}
}
{Volume "piece12"
	{Box 21.7518 20.761 1.8214}
	{Bone "piece12"}
	{Position 3.05806	0.926274	0.209841}
}
{Volume "piece1"
	{Box 17.4466 31.955 5.90551}
	{Bone "piece1"}
	{Matrix34
		0.892462	0.451122	0
		-0.451122	0.892462	0
		0	0	1
		0.0722198	-0.840564	0
	}
}
{Volume "piece2"
	{Box 23.8351 12.4977 5.90551}
	{Bone "piece2"}
	{Matrix34
		0.619257	0.785188	0
		-0.785188	0.619257	0
		0	0	1
		1.0963	1.27968	0
	}
}
{Volume "piece3"
	{Box 18.799 33.1287 5.90551}
	{Bone "piece3"}
	{Matrix34
		0.668938	0.743318	0
		-0.743318	0.668938	0
		0	0	1
		-0.380495	-0.783607	0
	}
}
{Volume "piece4"
	{Box 14.4416 26.339 5.90551}
	{Bone "piece4"}
	{Position 0	0	-1.05451e-005}
}
{Volume "piece5"
	{Box 14.4416 26.339 5.90551}
	{Bone "piece5"}
	{Position 0	0	0}
}
{Volume "piece6"
	{Box 11.7911 31.4938 5.90551}
	{Bone "piece6"}
	{Matrix34
		0.823524	0.567282	0
		-0.567282	0.823524	0
		0	0	1
		-0.00346904	0.626419	0
	}
}
{Volume "piece7"
	{Box 16.0075 26.8375 5.90551}
	{Bone "piece7"}
	{Matrix34
		0.856414	-0.516289	0
		0.516289	0.856414	0
		0	0	1
		1.11472	-1.19705	1.09293e-005
	}
}
{Volume "piece8"
	{Box 11.7911 31.4938 5.90551}
	{Bone "piece8"}
	{Matrix34
		0.823524	0.567282	0
		-0.567282	0.823524	0
		0	0	1
		-0.00346483	0.626421	-1.28576e-005
	}
}
{Volume "piece9"
	{Box 23.8351 12.4977 5.90551}
	{Bone "piece9"}
	{Matrix34
		0.619257	0.785188	0
		-0.785188	0.619257	0
		0	0	1
		1.0963	1.27969	-1.19293e-005
	}
}
