;Exported by: sana
;Date:        Fri Jul 27 12:43:21 2007
;File:        D:\-Project-\-3DWork-\Entourage\SelSovet\SelSovet_cut2_x.max
{Skeleton
	{bone "sels_wall2_11_x"
		{Orientation
			1	0	0
			0	-1	0
			0	0	1
		}
		{bone "piece01"
			{Position -13.0622	12.2458	-6.82885}
			{VolumeView "piece01.ply"}
		}
		{bone "piece03"
			{Position 12.469	12.2458	9.39217}
			{VolumeView "piece03.ply"}
			{bone "sub_piece03"
				{Position 2.97765	0	-6.45535}
				{VolumeView "sub_piece03.ply"}
			}
		}
		{bone "piece04"
			{Position 2.83309	28.8804	29.6194}
			{VolumeView "piece04.ply"}
		}
		{bone "piece05"
			{Position -26.9217	40.6962	37.9736}
			{VolumeView "piece05.ply"}
		}
	}
}
{Volume "piece01"
	{Box 15.5933 8.46323 23.9124}
	{Bone "piece01"}
	{Matrix34
		0.69986	0	-0.71428
		0	1	0
		0.71428	0	0.69986
		-0.478767	0	-1.42418
	}
}
{Volume "piece03"
	{Box 20.0286 8.46323 10.0641}
	{Bone "piece03"}
	{Position 0	0	0.830509}
}
{Volume "piece04"
	{Box 55.7961 42.161 2.68284}
	{Bone "piece04"}
	{Matrix34
		1	0	0
		0	0.821306	0.570488
		0	-0.570488	0.821306
		0	-3.04593	-1.85698
	}
}
{Volume "piece05"
	{Box 30.2634 38.368 2.44148}
	{Bone "piece05"}
	{Matrix34
		0.845187	-0.435322	-0.310086
		0.53447	0.688398	0.490356
		0	-0.580174	0.814492
		-4.661	2.18757	1.83601
	}
}
{Volume "sub_piece03"
	{Box 13.8994 8.46323 9.27169}
	{Bone "sub_piece03"}
	{Matrix34
		0.835856	0	0.548948
		0	1	0
		-0.548948	0	0.835856
		0.698964	0	0.309005
	}
}
