;Exported by: klimenko
;Date:        Tue Jul 12 03:14:05 2005
;File:        D:\-Project-\-3DWork-\entourage\fountain_destroy.max
{Skeleton
	{bone "basis"
		{parameters "Basis;"}
		{Orientation
			1	0	0
			0	-1	0
			0	0	1
		}
		{bone "piece1"
			{Position 0.100937	-13.3317	16.3537}
			{VolumeView "piece1.ply"}
		}
		{bone "piece4"
			{Position -0.103447	-5.014	70.4009}
			{VolumeView "piece4.ply"}
			{bone "sub_piece4-1"
				{Position -0.115051	-0.298374	9.56094}
				{VolumeView "sub_piece4-1.ply"}
			}
		}
		{bone "piece5"
			{Position -1.29375	0.250087	70.7372}
			{VolumeView "piece5.ply"}
		}
		{bone "piece8"
			{Position 0.516304	-3.02692	83.8535}
			{VolumeView "piece8.ply"}
		}
		{bone "piece11"
			{Position 1.15763	-1.08687	90.7728}
			{VolumeView "piece11.ply"}
		}
		{bone "piece9"
			{Position -2.85773	-8.68527	89.2575}
			{VolumeView "piece9.ply"}
		}
		{bone "piece13"
			{Position -3.83495	5.28718	98.5885}
			{VolumeView "piece13.ply"}
		}
		{bone "piece7"
			{Position 0.771706	0.422139	86.9485}
			{VolumeView "piece7.ply"}
		}
		{bone "piece10"
			{Position 1.04366	-4.81819	97.16}
			{VolumeView "piece10.ply"}
		}
		{bone "piece12"
			{Position 1.12472	1.20114	98.4086}
			{VolumeView "piece12.ply"}
		}
		{bone "piece14"
			{Position 1.0032	-1.83594	107.358}
			{VolumeView "piece14.ply"}
		}
		{bone "land"
			{Position -0.00380707	0	11.0274}
			{VolumeView "land.ply"}
		}
		{bone "piece3"
			{Position 0.0794601	0.602145	54.2868}
			{VolumeView "piece3.ply"}
			{bone "sub_piece3-1"
				{Position -2.30686	4.97036	-5.35468}
				{VolumeView "sub_piece3-1.ply"}
			}
		}
		{bone "piece2"
			{Position 2.73209	-3.5504	32.5235}
			{VolumeView "piece2.ply"}
		}
	}
}
{Volume "piece2"
	{Box 8.72903 8.00079 18.1709}
	{Bone "piece2"}
	{Position 0.494035	0.212058	1.03104}
}
{Volume "piece3"
	{Box 16.4371 13.0893 11.5231}
	{Bone "piece3"}
	{Position 0.235807	-0.965216	-1.74675}
}
{Volume "sub_piece3-1"
	{Box 9.66644 5.6607 11.6116}
	{Bone "sub_piece3-1"}
	{Position -0.470959	0.291546	0.842791}
}
{Volume "piece14"
	{Box 5.95426 5.82324 5.34963}
	{Bone "piece14"}
	{Matrix34
		-0.169681	-0.138516	0.975716
		-0.106614	0.986842	0.121555
		-0.979715	-0.0834002	-0.182216
		-0.0232729	-0.0613855	0.0589723
	}
}
{Volume "piece12"
	{Box 5.41831 5.03497 9.05104}
	{Bone "piece12"}
	{Matrix34
		0.965926	0	-0.258819
		0	1	0
		0.258819	0	0.965926
		0.207027	-0.316498	-0.518526
	}
}
{Volume "piece10"
	{Box 4.95104 5.20859 9.80882}
	{Bone "piece10"}
	{Matrix34
		0.965926	0	-0.258819
		0	1	0
		0.258819	0	0.965926
		0.373703	0.770678	0.416817
	}
}
{Volume "piece7"
	{Box 6.24803 6.5249 4.92664}
	{Bone "piece7"}
	{Position -0.122076	0.0400536	-0.479842}
}
{Volume "piece13"
	{Box 4.88721 6.18519 10.021}
	{Bone "piece13"}
	{Matrix34
		0.212481	-0.58668	0.781446
		0.973597	0.0588255	-0.220564
		0.0834318	0.807679	0.58369
		-0.676979	0.103594	0.266623
	}
}
{Volume "piece9"
	{Box 2.36627 2.72149 8.55941}
	{Bone "piece9"}
	{Matrix34
		-0.235061	-0.400106	0.885811
		-0.223686	0.909153	0.351291
		-0.945892	-0.115569	-0.303204
		0.622008	-1.23637	0.197731
	}
}
{Volume "piece11"
	{Box 5.50844 7.96452 5.90141}
	{Bone "piece11"}
	{Position -0.11465	0.184867	-0.256265}
}
{Volume "piece8"
	{Box 5.54849 6.18519 9.98598}
	{Bone "piece8"}
	{Matrix34
		0.951251	0.243215	-0.189651
		-0.0574446	0.743876	0.665845
		0.30302	-0.622491	0.721584
		-0.00652557	-0.427735	0.453851
	}
}
{Volume "piece5"
	{Box 6.24364 5.75504 13.851}
	{Bone "piece5"}
	{Matrix34
		0.939693	0	0.34202
		0	1	0
		-0.34202	0	0.939693
		0.27922	0.934499	-0.760485
	}
}
{Volume "piece4"
	{Box 4.56569 5.05638 10.86}
	{Bone "piece4"}
	{Matrix34
		0.965926	-0.0449435	0.254887
		0	0.984808	0.173648
		-0.258819	-0.167731	0.951251
		0.9697	0.322292	0.00047069
	}
}
{Volume "sub_piece4-1"
	{Box 5.68242 3.74208 11.535}
	{Bone "sub_piece4-1"}
	{Matrix34
		0.984808	0	-0.173648
		0	1	0
		0.173648	0	0.984808
		0.319141	-0.43439	-0.19515
	}
}
{Volume "piece1"
	{Polyhedron "piece1.vol"}
	{Bone "piece1"}
	{Position -0.0236287	-0.160643	-4.73138}
}
