;Exported by: shevchenko
;Date:        Thu Jun 29 12:52:50 2006
;File:        D:\-Projects1_5-\-3DWork-\bsh\bsh_c135-a1_x.max
{Skeleton
	{bone "bsh135_c3_3"
		{Orientation
			1	0	0
			0	-1	0
			0	0	1
		}
		{bone "piece1"
			{Matrix34
				-0.707106	0.707107	0
				0	0	1
				0.707107	0.707106	0
				28.3766	-4.07613	-14.404
			}
			{VolumeView "piece1.ply"}
		}
		{bone "piece0"
			{Matrix34
				0.241845	-0.241845	-0.939692
				-0.664463	0.664463	-0.34202
				0.707107	0.707107	0
				3.85783	20.4426	-16.0151
			}
			{VolumeView "piece0.ply"}
		}
		{bone "piece2"
			{Matrix34
				-0.707106	0.707107	0
				0	0	1
				0.707107	0.707106	0
				-10.6352	5.38319	-8.12241
			}
			{VolumeView "piece2.ply"}
		}
		{bone "piece3"
			{Matrix34
				-0.707106	0.707107	0
				0	0	1
				0.707107	0.707106	0
				-12.9719	-12.6637	7.84335
			}
			{VolumeView "piece3.ply"}
		}
		{bone "piece4"
			{Matrix34
				0.707107	-0.707107	0
				0	0	1
				-0.707107	-0.707107	0
				-7.80375	2.84856	22.253
			}
			{VolumeView "piece4.ply"}
		}
	}
}
{Volume "piece0"
	{Box 22.5035 36.4872 8.07087}
	{Bone "piece0"}
	{Matrix34
		0.866025	-0.5	0
		0.5	0.866025	0
		0	0	1
		-1.05887	0.830178	-0.0425081
	}
}
{Volume "piece1"
	{Box 36.3198 21.9111 7.97245}
	{Bone "piece1"}
	{Position 0	-1.40704e-005	0.174351}
}
{Volume "piece2"
	{Box 18.3463 2.68509 51.7648}
	{Bone "piece2"}
	{Matrix34
		0	0	-1
		-0.766044	-0.642788	0
		-0.642788	0.766044	0
		9.4379	-9.24494	7.46938
	}
}
{Volume "piece3"
	{Box 16.1817 2.30511 22.9966}
	{Bone "piece3"}
	{Matrix34
		0	0	-1
		-0.766044	-0.642788	0
		-0.642788	0.766045	0
		-2.68771	2.04346	3.29975
	}
}
{Volume "piece4"
	{Box 19.6264 9.81321 33.939}
	{Bone "piece4"}
	{Matrix34
		1	0	0
		0	0	-1
		0	1	0
		0	2.65431	0
	}
}
