;Exported by: sergienko
;Date:        Fri Nov 25 16:51:56 2005
;File:        D:\-projets1_5\3dwork\anima\construction\hangar\hangar_x.max
{Skeleton
	{bone "air_force_kaserne_c7"
		{Orientation
			1	0	0
			0	-1	0
			0	0	1
		}
		{bone "piece1"
			{Matrix34
				0	-1	0
				0.173648	0	0.984808
				-0.984808	0	0.173648
				-42.0593	5.763	15.9503
			}
			{VolumeView "piece1.ply"}
		}
		{bone "piece2"
			{Matrix34
				0	-1	0
				0.5	0	0.866025
				-0.866025	0	0.5
				-34.2849	-10.6469	30.2115
			}
			{VolumeView "piece2.ply"}
		}
		{bone "piece3"
			{Matrix34
				0.368688	0.819153	0.439383
				-0.526542	0.573575	-0.627508
				-0.766044	0	0.642788
				-25.9411	15.0363	52.9186
			}
			{VolumeView "piece3.ply"}
		}
		{bone "piece4"
			{Matrix34
				0	-1	0
				0.766044	0	0.642788
				-0.642788	0	0.766044
				-10.0905	-0.727181	65.5448
			}
			{VolumeView "piece4.ply"}
		}
		{bone "piece5"
			{Matrix34
				0	-1	0
				0.906308	0	0.422618
				-0.422618	0	0.906308
				16.3053	8.43454	83.3767
			}
			{VolumeView "piece5.ply"}
		}
		{bone "exterior"
			{Matrix34
				-1	0	0
				0	-1	0
				0	0	1
				33.7626	4.14687	0
			}
		}
	}
}
{Volume "piece1"
	{Box 35.609 30.7743 0.626564}
	{Bone "piece1"}
	{Position 0	0	1.78955e-005}
}
{Volume "piece2"
	{Box 31.7777 32.9248 5.09134}
	{Bone "piece2"}
	{Position 0	0	0}
}
{Volume "piece3"
	{Box 32.1666 30.4833 1.65001}
	{Bone "piece3"}
	{Position 0.29184	-0.416792	0.218599}
}
{Volume "piece4"
	{Box 35.5121 21.7528 5.60749}
	{Bone "piece4"}
	{Position 1.10707e-005	0	0}
}
{Volume "piece5"
	{Box 33.9599 29.4492 3.22182}
	{Bone "piece5"}
	{Position 0	0	0}
}
