;Exported by: dima
;Date:        Mon Feb 18 16:42:07 2008
;File:        D:\Попов Дмитрий\Домик\house 102\Krit\church_crit_new.max
{Skeleton
	{bone "w2_krit"
		{Orientation
			1	0	0
			0	-1	0
			0	0	1
		}
		{VolumeView "w2_krit.ply"}
		{bone "exterior"
			{Position -30.1606	-19.9987	99.1296}
			{VolumeView "exterior.ply"}
		}
	}
}
{Obstacle "abstacl01"
	{Obb2
		{Center 26.1861 -5.6328}
		{Extent 10.0889 30.8732}
		{Axis -1 -2.83582e-007}
	}
	{Rotate}
}
{Area "interior"
	{Obb2
		{Center -29.9658 16.5551}
		{Extent 64.1753 58.3029}
		{Axis -1 0}
	}
	{Rotate}
}
{Volume "body1"
	{Box 14.7224 14.8043 104.544}
	{Bone "w2_krit"}
	{Matrix34
		0	-1	0
		1	0	0
		0	0	1
		25.1935	-7.0489	52.2718
	}
}
{Volume "body2"
	{Box 14.8697 14.8043 117.089}
	{Bone "w2_krit"}
	{Matrix34
		0	-1	0
		1	0	0
		0	0	1
		24.2144	8.3163	58.5444
	}
}
{Volume "body3"
	{Box 17.3975 13.768 81.1425}
	{Bone "w2_krit"}
	{Matrix34
		0	-1	0
		1	0	0
		0	0	1
		24.2144	24.5122	40.5713
	}
}
{Volume "body4"
	{Box 17.3975 13.768 73.0283}
	{Bone "w2_krit"}
	{Matrix34
		0	-0.939693	-0.34202
		1	0	0
		0	-0.34202	0.939693
		24.2144	-25.7459	52.8211
	}
}
{Volume "body5"
	{Box 10.9604 13.768 37.2444}
	{Bone "w2_krit"}
	{Matrix34
		0	-0.951662	-0.307147
		1	0	0
		0	-0.307147	0.951662
		24.2144	-17.3204	71.6853
	}
}
{Volume "body6"
	{Box 10.4942 14.8043 88.862}
	{Bone "w2_krit"}
	{Matrix34
		0	-1	0
		0	0	1
		-1	0	0
		-26.8046	-9.5489	94.5282
	}
}
{Volume "roof1"
	{Box 59.7946 5.66035 94.9512}
	{Bone "exterior"}
	{Matrix34
		0	-0.984808	-0.173648
		0	-0.173648	0.984808
		-1	0	0
		12.9426	-22.5071	-13.9069
	}
}
{Volume "roof2"
	{Box 17.9384 10.1886 121.537}
	{Bone "exterior"}
	{Matrix34
		0	-0.573576	-0.819152
		0	-0.819152	0.573576
		-1	0	0
		-0.350552	23.8828	10.6
	}
}
{Volume "roof3"
	{Box 17.9384 10.1886 121.537}
	{Bone "exterior"}
	{Matrix34
		0	-0.965926	-0.258819
		0	-0.258819	0.965926
		-1	0	0
		-0.350552	35.1863	16.7842
	}
}
