;Exported by: sana
;Date:        Tue Dec 27 15:47:21 2005
;File:        D:\-Project-\-3DWork-\Entourage\house_euro_115c\house_euro_115s_n_x.max
{Skeleton
	{bone "115s_corner3"
		{Orientation
			1	0	0
			0	-1	0
			0	0	1
		}
		{bone "piece0"
			{Position 26.1954	0.78479	17.9998}
			{VolumeView "piece0.ply"}
		}
		{bone "piece1"
			{Position 19.4243	0.78479	60.6018}
			{VolumeView "piece1.ply"}
			{bone "sub_piece1"
				{Position 3.28693	0	-18.4726}
				{VolumeView "sub_piece1.ply"}
			}
		}
		{bone "piece2"
			{Position -15.7459	0.78479	42.3922}
			{VolumeView "piece2.ply"}
			{bone "sub_piece2"
				{Position 3.48415	0	-13.082}
				{VolumeView "sub_piece2.ply"}
			}
		}
	}
}
{Volume "piece0"
	{Box 29.9374 8.25 22.1871}
	{Bone "piece0"}
	{Matrix34
		0.997227	0	0.0744175
		0	1	0
		-0.0744175	0	0.997227
		0.0991024	0	1.1481
	}
}
{Volume "piece1"
	{Box 27.4209 8.25 23.2925}
	{Bone "piece1"}
	{Matrix34
		0.803518	0	0.59528
		0	1	0
		-0.59528	0	0.803518
		-0.205809	0	-4.03648
	}
}
{Volume "piece2"
	{Box 22.8639 8.25 18.3056}
	{Bone "piece2"}
	{Matrix34
		0.992732	0	0.120342
		0	1	0
		-0.120342	0	0.992732
		0.948381	0	-0.250078
	}
}
{Volume "sub_piece1"
	{Box 24.1918 8.25 11.24}
	{Bone "sub_piece1"}
	{Matrix34
		0.996782	0	0.0801654
		0	1	0
		-0.0801654	0	0.996782
		0.211082	0	0.705867
	}
}
{Volume "sub_piece2"
	{Box 17.618 8.25 11.5332}
	{Bone "sub_piece2"}
	{Matrix34
		0.967621	0	0.252406
		0	1	0
		-0.252406	0	0.967621
		-0.111857	0	-0.0933582
	}
}
