;Exported by: golanov
;Date:        Tue Feb 21 16:55:33 2006
;File:        D:\-Projects-\-3DWork-\Constructions\town_e\house_euro_106c\house_euro_106c_x.max
{Skeleton
	{bone "106_roof2_x"
		{Orientation
			1	0	0
			0	-1	0
			0	0	1
		}
		{bone "piece0"
			{Position -16.9786	25.0487	28.5533}
			{VolumeView "piece0.ply"}
		}
		{bone "sub_piece0"
			{Position -23.9508	34.1198	28.4636}
			{VolumeView "sub_piece0.ply"}
		}
		{bone "piece1"
			{Position -0.0436249	25.0487	-3.87143}
			{VolumeView "piece1.ply"}
			{bone "sub_piece1"
				{Position 1.78384	-2.02191	2.83136}
				{VolumeView "sub_piece1.ply"}
			}
		}
		{bone "piece2"
			{Position -16.2627	25.0487	-11.5841}
			{VolumeView "piece2.ply"}
		}
		{bone "sub_piece2"
			{Position -7.33234	25.0487	-24.7588}
			{VolumeView "sub_piece2.ply"}
		}
		{bone "piece3"
			{Position 19.865	25.0487	-34.8283}
			{VolumeView "piece3.ply"}
			{bone "sub_piece3"
				{Position 0.908264	-4.68365	3.68576}
				{VolumeView "sub_piece3.ply"}
			}
		}
	}
}
{Volume "piece0"
	{Box 9.68 5.90552 14.6838}
	{Bone "piece0"}
	{Matrix34
		0.866025	0	0.5
		0	1	0
		-0.5	0	0.866025
		-0.550217	0	-2.14768
	}
}
{Volume "piece1"
	{Box 7.56885 5.90553 15.0975}
	{Bone "piece1"}
	{Matrix34
		0.906308	0	0.422618
		0	1	0
		-0.422618	0	0.906308
		-1.79438	0	-0.212093
	}
}
{Volume "piece2"
	{Box 4.86786 5.90552 13.5119}
	{Bone "piece2"}
	{Position 0.900986	0	-0.184399}
}
{Volume "piece3"
	{Box 11.9678 5.90552 7.95908}
	{Bone "piece3"}
	{Matrix34
		0.707107	0	-0.707107
		0	1	0
		0.707107	0	0.707107
		-1.42979	0	-1.4298
	}
}
{Volume "sub_piece0"
	{Box 0.355837 10.278 27.3282}
	{Bone "sub_piece0"}
	{Matrix34
		0.906308	0	-0.422618
		0	1	0
		0.422618	0	0.906308
		0.141802	1.5817	0.304087
	}
}
{Volume "sub_piece1"
	{Box 0.283372 16.4002 15.3559}
	{Bone "sub_piece1"}
	{Matrix34
		0.906308	0	0.422618
		0	1	0
		-0.422618	0	0.906308
		-0.0210491	0.812393	0.0451375
	}
}
{Volume "sub_piece2"
	{Box 12.4034 5.90553 7.47028}
	{Bone "sub_piece2"}
	{Matrix34
		0.984808	0	-0.173648
		0	1	0
		0.173648	0	0.984808
		0.0785371	0	0.445384
	}
}
{Volume "sub_piece3"
	{Box 0.207558 20.8348 26.2412}
	{Bone "sub_piece3"}
	{Matrix34
		0.707107	0	0.707107
		0	1	0
		-0.707107	0	0.707107
		0.00607901	1.13062	-0.00607797
	}
}
