;Exported by: sk
;Date:        Fri Feb 24 16:41:12 2006
;File:        D:\-Projects1_5-\-3DWork-\City_Du\Bahnhof_house\BB_x.max
{Skeleton
	{bone "fdr_roof03_x"
		{Orientation
			1	0	0
			0	-1	0
			0	0	1
		}
		{bone "piece01"
			{Position -41.1215	-4.57967	-9.218}
			{VolumeView "piece01.ply"}
		}
		{bone "piece02"
			{Position -4.80658	12.1515	-23.8326}
			{VolumeView "piece02.ply"}
		}
		{bone "piece03"
			{Position -50.1318	8.64853	-23.8326}
			{VolumeView "piece03.ply"}
		}
		{bone "piece04"
			{Position 40.7979	4.23521	-23.8326}
			{VolumeView "piece04.ply"}
		}
		{bone "piece05"
			{Position -22.3284	8.46167	-23.8326}
			{VolumeView "piece05.ply"}
		}
		{bone "piece07"
			{Position -73.802	-25.1097	-14.1561}
			{VolumeView "piece07.ply"}
		}
		{bone "piece08"
			{Position -77.6789	16.8575	-14.1786}
			{VolumeView "piece08.ply"}
		}
		{bone "piece09"
			{Position 36.0599	-15.2232	0.757217}
			{VolumeView "piece09.ply"}
		}
		{bone "piece10"
			{Position 35.0735	17.5571	1.1292}
			{VolumeView "piece10.ply"}
		}
		{bone "piece11"
			{Position -3.3385	-0.537552	-4.23244}
			{VolumeView "piece11.ply"}
		}
	}
}
{Volume "piece01"
	{Box 57.9956 99.2596 2.29096}
	{Bone "piece01"}
	{Matrix34
		0.990655	0	0.136388
		0	1	0
		-0.136388	0	0.990655
		0.132269	0	-0.353141
	}
}
{Volume "piece02"
	{Box 2.95276 84.6317 2.95276}
	{Bone "piece02"}
}
{Volume "piece03"
	{Box 2.95276 91.6376 2.95276}
	{Bone "piece03"}
}
{Volume "piece04"
	{Box 2.95276 100.464 2.95276}
	{Bone "piece04"}
	{Position -1.52588e-005	0	0}
}
{Volume "piece05"
	{Box 129.554 2.95277 2.95276}
	{Bone "piece05"}
}
{Volume "piece07"
	{Box 44.473 57.6441 1.93319}
	{Bone "piece07"}
	{Matrix34
		0.991965	0	0.126511
		0	1	0
		-0.126511	0	0.991965
		0.0305601	0	0.0613203
	}
}
{Volume "piece08"
	{Box 36.7194 56.3853 1.23445}
	{Bone "piece08"}
	{Matrix34
		0.991965	0	0.126511
		0	1	0
		-0.126511	0	0.991965
		0.0420245	0	-0.252273
	}
}
{Volume "piece09"
	{Box 33.6328 58.3862 1.76786}
	{Bone "piece09"}
	{Matrix34
		0.992143	0	0.125111
		0	1	0
		-0.125111	0	0.992143
		-0.0996131	0	0.48685
	}
}
{Volume "piece10"
	{Box 35.6055 54.986 1.09345}
	{Bone "piece10"}
	{Matrix34
		0.992143	0	0.125111
		0	1	0
		-0.125111	0	0.992143
		-0.079461	0	-0.106821
	}
}
{Volume "piece11"
	{Box 52.7926 91.1754 1.94958}
	{Bone "piece11"}
	{Matrix34
		0.98936	0	0.145487
		0	1	0
		-0.145487	0	0.98936
		0.056843	0	0.129443
	}
}
