;Exported by: garry
;Date:        Sat May 17 16:32:41 2008
;File:        D:\-Projects-\-3DWork-\Model\Танки\Sherman\M4A2(76)W\m4a2(76)_xx.max
{Skeleton
	{bone "basis"
		{Orientation
			1	0	0
			0	-1	0
			0	0	1
		}
		{bone "body"
			{parameters "ID=body;"}
			{Matrix34
				0.999528	0	-0.0307092
				0.00153784	0.998745	0.0500538
				0.0306707	-0.0500774	0.998274
				0.532684	0	20.4088
			}
			{VolumeView "body.ply"}
			{bone "door_front"
				{parameters "ID=body;"}
				{Matrix34
					0.964939	0	-0.262474
					-0.0978102	-0.927973	-0.359582
					-0.243569	0.372647	-0.895438
					22.1296	18.0493	18.0407
				}
				{VolumeView "door_front.ply"}
			}
			{bone "engine"
				{parameters "ID=engine;"}
				{Position -43.2568	-1.45435e-005	13.8779}
				{VolumeView "engine.ply"}
			}
			{bone revolute "wheell1"
				{parameters "Radius=0.6;ID=trackleft;"}
				{Matrix34
					1	0	0
					0	0	-1
					0	1	0
					46.6233	22.1989	-5.43074
				}
				{VolumeView "wheell1.ply"}
			}
			{bone revolute "wheelr1"
				{parameters "Radius=0.6;ID=trackright;"}
				{Matrix34
					1	0	0
					0	0	-1
					0	1	0
					46.6233	-22.1989	-5.43074
				}
				{VolumeView "wheelr1.ply"}
			}
			{bone revolute "wheelr8"
				{parameters "ID=trackright;"}
				{Matrix34
					1	0	0
					0	0	-1
					0	1	0
					-49.9501	-22.3978	-4.58694
				}
				{VolumeView "wheelr8.ply"}
			}
			{bone revolute "wheell8"
				{parameters "ID=trackleft;"}
				{Matrix34
					1	0	0
					0	0	-1
					0	1	0
					-49.9501	22.3978	-4.58694
				}
				{VolumeView "wheell8.ply"}
			}
			{bone revolute "turret"
				{parameters "ID=turret;"}
				{Matrix34
					0.991148	0.112754	-0.0700811
					-0.118152	0.9899	-0.0783514
					0.0605387	0.0859381	0.99446
					-3.48078	-2.29296	17.882
				}
				{VolumeView "turret.ply"}
				{bone revolute "gun_rot"
					{parameters "ID=gun;"}
					{Matrix34
						0.996243	0.0079149	-0.0862384
						0.0863121	-0.00950506	0.996223
						0.0070653	-0.999923	-0.0101525
						20.4444	0.0742738	7.93779
					}
					{VolumeView "gun_rot.ply"}
					{bone "gun"
						{parameters "ID=gun;"}
						{Matrix34
							1	0	0
							0	0	-1
							0	1	0
							12.4835	-0.070755	-1.54972e-005
						}
						{VolumeView "gun.ply"}
					}
				}
				{bone "cover"
					{parameters "ID=turret;"}
					{Matrix34
						1	0	0
						0	-0.963183	0.268847
						0	-0.268847	-0.963183
						-6.37495	-15.3153	18.7999
					}
					{VolumeView "cover.ply"}
				}
			}
			{bone socket "mgun"
				{parameters "ID=body;"}
				{limits 30}
				{terminator}
				{Matrix34
					0	0	1
					0	-1	0
					1	0	0
					36.7041	-10.13	9.38195
				}
				{VolumeView "mgun.ply"}
			}
			{bone "part1"
				{Matrix34
					0.999528	0.00153784	0.0306706
					0	0.998745	-0.0500777
					-0.0307091	0.0500541	0.998274
					47.6155	22.3617	-5.52302
				}
				{VolumeView "part1.ply"}
			}
		}
		{bone "wheelsl"
			{parameters "ID=trackleft;"}
			{Matrix34
				1	0	0
				0	0	1
				0	-1	0
				0.744886	18.0865	12.3731
			}
			{VolumeView "wheelsl.ply"}
			{bone revolute "wheell2"
				{parameters "ID=trackleft;"}
				{Matrix34
					1	0	0
					0	-1	0
					0	0	-1
					37.8139	-5.82622	-4.38727
				}
				{VolumeView "wheell2.ply"}
			}
			{bone revolute "wheell3"
				{parameters "ID=trackleft;"}
				{Matrix34
					1	0	0
					0	-1	0
					0	0	-1
					20.0796	-5.82622	-4.38727
				}
				{VolumeView "wheell3.ply"}
			}
			{bone revolute "wheell4"
				{parameters "ID=trackleft;"}
				{Matrix34
					1	0	0
					0	-1	0
					0	0	-1
					8.81612	-5.82622	-4.38727
				}
				{VolumeView "wheell4.ply"}
			}
			{bone revolute "wheell5"
				{parameters "ID=trackleft;"}
				{Matrix34
					1	0	0
					0	-1	0
					0	0	-1
					-8.91813	-5.82622	-4.38727
				}
				{VolumeView "wheell5.ply"}
			}
			{bone revolute "wheell6"
				{parameters "ID=trackleft;"}
				{Matrix34
					1	0	0
					0	-1	0
					0	0	-1
					-20.1858	-5.82622	-4.38728
				}
				{VolumeView "wheell6.ply"}
			}
			{bone revolute "wheell7"
				{parameters "ID=trackleft;"}
				{Matrix34
					1	0	0
					0	-1	0
					0	0	-1
					-37.92	-5.82622	-4.38728
				}
				{VolumeView "wheell7.ply"}
			}
		}
		{bone "wheelsr"
			{parameters "ID=trackright;"}
			{Matrix34
				1	0	0
				0	0	1
				0	-1	0
				0.744886	-18.0288	12.3731
			}
			{VolumeView "wheelsr.ply"}
			{bone revolute "wheelr3"
				{parameters "ID=trackright;"}
				{Matrix34
					1	0	0
					0	-1	0
					0	0	-1
					20.0796	-5.82622	4.44495
				}
				{VolumeView "wheelr3.ply"}
			}
			{bone revolute "wheelr4"
				{parameters "ID=trackright;"}
				{Matrix34
					1	0	0
					0	-1	0
					0	0	-1
					8.81612	-5.82622	4.44496
				}
				{VolumeView "wheelr4.ply"}
			}
			{bone revolute "wheelr5"
				{parameters "ID=trackright;"}
				{Matrix34
					1	0	0
					0	-1	0
					0	0	-1
					-8.91813	-5.82622	4.44496
				}
				{VolumeView "wheelr5.ply"}
			}
			{bone revolute "wheelr6"
				{parameters "ID=trackright;"}
				{Matrix34
					1	0	0
					0	-1	0
					0	0	-1
					-20.1858	-5.82622	4.44496
				}
				{VolumeView "wheelr6.ply"}
			}
			{bone revolute "wheelr7"
				{parameters "ID=trackright;"}
				{Matrix34
					1	0	0
					0	-1	0
					0	0	-1
					-37.92	-5.82622	4.44496
				}
				{VolumeView "wheelr7.ply"}
			}
			{bone revolute "wheelr2"
				{parameters "ID=trackright;"}
				{Matrix34
					1	0	0
					0	-1	0
					0	0	-1
					37.8139	-5.82622	4.44495
				}
				{VolumeView "wheelr2.ply"}
			}
		}
	}
}
{Volume "body1"
	{Polyhedron "body1.vol"}
	{Bone "body"}
	{Position -1.49916	0	2.86386}
}
{Volume "body2"
	{Polyhedron "body2.vol"}
	{Bone "body"}
	{Position -3.41419	0	-10.7416}
}
{Volume "engine"
	{Polyhedron "engine.vol"}
	{Bone "engine"}
	{Position 41.7577	1.44243e-005	-11.014}
}
{Volume "gun"
	{Cylinder 2.0445 35.1676}
	{Bone "gun_rot"}
	{Matrix34
		0	0	-1
		0	1	0
		1	0	0
		16.3098	-0.0661301	0
	}
}
{Volume "part1"
	{Cylinder 4.6437 11.9127}
	{Bone "part1"}
	{Matrix34
		-1	0	0
		0	0	1
		0	1	0
		0.90051	-0.333033	2.872
	}
}
{Volume "trackleft"
	{Box 107.254 10.879 23.6895}
	{Bone "wheelsl"}
	{Matrix34
		1	0	0
		0	0	-1
		0	1	0
		-1.40075	-1.25202	-4.34555
	}
}
{Volume "trackright"
	{Box 107.2 10.879 23.6895}
	{Bone "wheelsr"}
	{Matrix34
		1	0	0
		0	0	-1
		0	1	0
		-1.40075	-1.25202	4.44141
	}
}
{Volume "turret"
	{Polyhedron "turret.vol"}
	{Bone "turret"}
	{Position -4.33932	0.200298	15.9853}
}
