;Exported by: shevchenko
;Date:        Sun Sep 11 15:43:15 2005
;File:        D:\-Projects1_5-\-3DWork-\e_farm_121_lm_corner_chasti_3_x.max
{Skeleton
	{bone "121_f1w1a"
		{Orientation
			1	0	0
			0	-1	0
			0	0	1
		}
		{bone "piece4"
			{Matrix34
				1	0	0
				0	0	1
				0	-1	0
				8.87529	-1.06506	27.5591
			}
			{VolumeView "piece4.ply"}
		}
		{bone "piece3"
			{Matrix34
				1	0	0
				0	0	1
				0	-1	0
				0.0170288	-1.06506	38.3858
			}
			{VolumeView "piece3.ply"}
		}
		{bone "piece1"
			{Matrix34
				1	0	0
				0	0	1
				0	-1	0
				-3.91998	-1.06506	16.7323
			}
			{VolumeView "piece1.ply"}
		}
		{bone "piece0"
			{Matrix34
				1	0	0
				0	0	1
				0	-1	0
				-19.668	-1.06506	16.7323
			}
			{VolumeView "piece0.ply"}
		}
		{bone "piece2"
			{Matrix34
				1	0	0
				0	0	1
				0	-1	0
				-18.6838	-1.06506	35.4331
			}
			{VolumeView "piece2.ply"}
		}
	}
}
{Volume "piece2"
	{Box 13.7795 5.90552 7.32284}
	{Bone "piece2"}
	{Matrix34
		0.865323	-0.501214	0
		0	0	-1
		0.501214	0.865323	0
		-0.0163459	-0.0335915	0
	}
}
{Volume "piece0"
	{Box 12.126 5.90552 22.5197}
	{Bone "piece0"}
	{Matrix34
		0.989943	-0.141466	0
		0	0	-1
		0.141466	0.989943	0
		-0.228359	0.152618	0
	}
}
{Volume "piece1"
	{Box 10.5118 5.90552 18.622}
	{Bone "piece1"}
	{Matrix34
		1	0	0
		0	0	-1
		0	1	0
		0	-0.0113935	0
	}
}
{Volume "piece3"
	{Box 12.7559 5.90552 11.8504}
	{Bone "piece3"}
	{Matrix34
		1	0	0
		0	0	-1
		0	1	0
		0	-0.964572	0
	}
}
{Volume "piece4"
	{Box 9.23228 5.90552 15.748}
	{Bone "piece4"}
	{Matrix34
		0.895343	-0.445378	0
		0	0	-1
		0.445378	0.895343	0
		0.0519133	-0.635788	2.02432e-005
	}
}
