;Exported by: klimenko
;Date:        Wed Feb 01 09:45:43 2006
;File:        D:\-Project-\-3DWork-\entourage\barricade_cobble_copy.max
{Skeleton
	{bone "barricade_cobl1_c3"
		{Orientation
			1	0	0
			0	-1	0
			0	0	1
		}
		{bone "piece6"
			{Position 62.9453	9.49872	14.6378}
			{VolumeView "piece6.ply"}
		}
		{bone "piece5"
			{Position 52.644	-9.07589	18.5971}
			{VolumeView "piece5.ply"}
		}
		{bone "piece2"
			{Position -2.4951	-27.3615	24.1164}
			{VolumeView "piece2.ply"}
		}
		{bone "piece1"
			{Position 3.8044	-8.43015	19.3336}
			{VolumeView "piece1.ply"}
		}
		{bone "fx_stone1"
			{Position -1.62869	-23.4964	8.75102}
		}
		{bone "piece3"
			{Matrix34
				0.500982	-0.0705426	-0.862578
				0.117914	0.992942	-0.0127199
				0.857388	-0.0953379	0.505764
				22.2034	-26.4074	25.0341
			}
			{VolumeView "piece3.ply"}
		}
	}
}
{Volume "piecebody01"
	{Box 17.8364 0.902438 15.6624}
	{Bone "piece1"}
	{Matrix34
		0.996194	0	0.0871553
		-0.0298088	0.939692	0.340719
		-0.0818991	-0.34202	0.936117
		-0.710865	-0.0286912	-2.06518
	}
}
{Volume "piecebody02"
	{Box 15.161 0.902438 15.6624}
	{Bone "piece2"}
	{Matrix34
		0.996195	0.0789892	0.0368336
		-0.0298085	0.705927	-0.707657
		-0.081899	0.703866	0.705596
		0.910504	-0.189241	6.88326
	}
}
{Volume "piecebody03"
	{Cylinder 8.74202 1.52442}
	{Bone "piece3"}
	{Matrix34
		0.999676	0.00782628	-0.0242018
		-0.00753121	0.999896	0.0123033
		0.0242945	-0.0121163	0.999631
		0.0420433	0.132362	0.0442986
	}
}
{Volume "piecebody05"
	{Box 3.9691 6.89135 18.9889}
	{Bone "piece5"}
	{Matrix34
		-0.116916	-0.32132	0.939726
		-0.939454	0.342675	0.00028745
		-0.322113	-0.882795	-0.34193
		-0.51497	1.10588	0.814453
	}
}
{Volume "piecebody10"
	{Box 9.73708 0.418478 3.18301}
	{Bone "piece6"}
	{Matrix34
		0.506763	0.512932	-0.692886
		0.0676019	0.777614	0.625097
		0.85943	-0.363617	0.359391
		0.255974	0.454732	-0.219541
	}
}
