;Exported by: shevchenko
;Date:        Wed Jul 19 15:58:43 2006
;File:        D:\-Projects1_5-\-3DWork-\bsh\bsh_c90_1.max
{Skeleton
	{bone "bsh90_c5_2"
		{Orientation
			1	0	0
			0	-1	0
			0	0	1
		}
		{VolumeView "bsh90_c5_2.ply"}
		{bone "window1_x"
			{Matrix34
				-0.707105	-0.707108	0
				0	0	-1
				0.707108	-0.707105	0
				-15.1158	24.7358	24.7408
			}
			{visibility 0}
			{VolumeView "../common/window1_x.ply"}
		}
		{bone "window1"
			{Matrix34
				-0.707105	-0.707108	0
				0	0	-1
				0.707108	-0.707105	0
				-15.1158	24.7358	24.7408
			}
			{VolumeView "../common/window1.ply"}
		}
		{bone "attach1"
			{Matrix34
				-0.707107	0.707107	0
				-0.707107	-0.707107	0
				0	0	1
				0.00621033	9.61833	-2.74307
			}
		}
		{bone "window2"
			{Matrix34
				0	-1	0
				0	0	-1
				1	0	0
				-27.5106	-8.41355	24.7408
			}
			{VolumeView "../common/window1.ply"}
		}
		{bone "window2_x"
			{Matrix34
				0	-1	0
				0	0	-1
				1	0	0
				-27.5106	-8.41356	24.7408
			}
			{visibility 0}
			{VolumeView "../common/window1_x.ply"}
		}
		{bone "attach2"
			{Matrix34
				-1	0	0
				0	-1	0
				0	0	1
				-6.18311	-8.53816	-2.7948
			}
		}
		{bone "fix11"
			{Position -28.4093	-35.9064	20.8624}
		}
		{bone "fix12"
			{Matrix34
				0.707107	-0.707107	0
				0.707107	0.707107	0
				0	0	1
				1.48935	41.3174	20.8624
			}
		}
		{bone "fix13"
			{Matrix34
				0.707107	-0.707107	0
				0.707107	0.707107	0
				0	0	1
				-23.0701	16.758	-16.712
			}
		}
	}
}
{Volume "body1"
	{Box 9.84252 37.8393 52.1048}
	{Bone "bsh90_c5_2"}
	{Matrix34
		0.707106	-0.707107	0
		0.707107	0.707106	0
		0	0	1
		-15.0494	23.9607	19.2971
	}
}
{Volume "body2"
	{Box 9.84252 37.8393 53.1522}
	{Bone "bsh90_c5_2"}
	{Position -27.0343	-9.91973	19.8208}
}
{Volume "floor1"
	{Box 32.6833 53.4688 3.93701}
	{Bone "bsh90_c5_2"}
	{Matrix34
		0.707107	0.707107	0
		0.707107	-0.707107	0
		0	0	-1
		8.93759	3.13089	-4.78966
	}
}
{Volume "floor2"
	{Box 40.2004 47.352 3.93701}
	{Bone "bsh90_c5_2"}
	{Matrix34
		0	1	0
		1	0	0
		0	0	-1
		1.48846	-10.3525	-4.78966
	}
}
{Volume "hole1"
	{Box 17.7165 29.5276 19.685}
	{Bone "bsh90_c5_2"}
	{Matrix34
		-0.707106	-0.707107	0
		0	0	-1
		0.707107	-0.707106	0
		-15.4637	25.0838	24.7408
	}
}
{Volume "hole2"
	{Box 17.7165 29.5276 19.685}
	{Bone "bsh90_c5_2"}
	{Matrix34
		0	-1	0
		0	0	-1
		1	0	0
		-28.0027	-8.41355	24.7408
	}
}
{Volume "window1"
	{Box 17.7165 29.5276 0.984253}
	{Bone "window1"}
	{Position 0	0	0}
}
{Volume "window2"
	{Box 17.7165 29.5276 0.984253}
	{Bone "window2"}
	{Position 0	0	0}
}
