;Exported by: Normand
;Date:        Fri Jan 02 17:05:37 2015
;File:        C:\Users\Normand\M2a4_xx.max
{Skeleton
	{bone "basis"
		{Orientation
			1	0	0
			0	-1	0
			0	0	1
		}
		{bone "body"
			{parameters "ID=body;"}
			{Matrix34
				0.99876	0.00261798	-0.0497077
				-0.000251176	0.998868	0.047561
				0.049776	-0.0474896	0.997631
				-2.81464	0.386346	19.7801
			}
			{VolumeView "body.ply"}
			{bone revolute "wheell8"
				{parameters "ID=trackleft;"}
				{Matrix34
					-1	0	0
					0	0	1
					0	1	0
					-8.85047	17.4952	-3.76681
				}
				{VolumeView "wheell8.ply"}
			}
			{bone revolute "wheell7"
				{parameters "ID=trackleft;"}
				{Matrix34
					-1	0	0
					0	0	1
					0	1	0
					16.5678	17.4034	-3.77089
				}
				{VolumeView "wheell7.ply"}
			}
			{bone revolute "wheelr7"
				{parameters "ID=trackright;"}
				{Matrix34
					-1	0	0
					0	0	1
					0	1	0
					16.3806	-17.5129	-3.81173
				}
				{VolumeView "wheelr7.ply"}
			}
			{bone revolute "wheelr8"
				{parameters "ID=trackright;"}
				{Matrix34
					-1	0	0
					0	0	1
					0	1	0
					-9.03767	-17.4211	-3.80766
				}
				{VolumeView "wheelr8.ply"}
			}
			{bone revolute "wheell1"
				{parameters "ID=trackleft;"}
				{Matrix34
					-1	0	0
					0	0	1
					0	1	0
					36.5182	18.635	-8.76643
				}
				{VolumeView "wheell1.ply"}
			}
			{bone revolute "wheelr1"
				{parameters "ID=trackright;"}
				{Matrix34
					-1	0	0
					0	0	1
					0	1	0
					36.3247	-18.9183	-8.81056
				}
				{VolumeView "wheelr1.ply"}
			}
			{bone revolute "mgun2_turret"
				{limits -30 30}
				{Position 26.5538	-8.7814	-0.266878}
				{bone revolute "mgun2"
					{parameters "ID=body;"}
					{limits -10 20}
					{Matrix34
						1	0	0
						0	0	1
						0	-1	0
						0.78281	-0.015172	-0.0311623
					}
					{VolumeView "mgun2.ply"}
				}
			}
			{bone revolute "mgun4_turret"
				{limits -75 15}
				{Position 11.4194	-18.0774	6.62796}
				{bone revolute "mgun4"
					{parameters "ID=body;"}
					{limits -15 15}
					{Matrix34
						1	0	0
						0	0	-1
						0	-1	0
						0.39348	0.0114326	-0.0257912
					}
					{VolumeView "mgun2.ply"}
				}
			}
			{bone revolute "mgun3_turret"
				{limits -15 75}
				{Position 11.9351	17.8749	6.62797}
				{bone revolute "mgun3"
					{parameters "ID=body;"}
					{limits -15 15}
					{Matrix34
						1	0	0
						0	0	1
						0	-1	0
						0.0725403	0.0215969	-0.0257797
					}
					{VolumeView "mgun2.ply"}
				}
			}
			{bone "engine_hutch"
				{parameters "ID=body;"}
				{Matrix34
					0.89995	0	0.435994
					0	1	0
					-0.435994	0	0.89995
					-19.1044	-0.038538	10.7697
				}
				{VolumeView "engine_hutch.ply"}
			}
			{bone "detail1"
				{parameters "ID=body;"}
				{Matrix34
					0	1	0
					-1	0	0
					0	0	1
					-4.34945	-23.4438	6.39061
				}
				{VolumeView "detail1.ply"}
			}
			{bone "detail2"
				{parameters "ID=body;"}
				{Matrix34
					0	-0.522247	0.852794
					-1	0	0
					0	0.852794	0.522247
					-3.12631	22.8169	5.62797
				}
				{VolumeView "detail2.ply"}
			}
			{bone "detail3"
				{parameters "ID=body;"}
				{Matrix34
					0	-0.504697	0.863297
					-1	0	0
					0	0.863297	0.504697
					-5.07037	22.7583	7.85217
				}
				{VolumeView "detail3.ply"}
			}
			{bone revolute "wheell2"
				{parameters "ID=trackleft;"}
				{Matrix34
					-1	0	0
					0	0	1
					0	1	0
					-33.9456	18.9293	-9.66461
				}
				{VolumeView "wheell2.ply"}
			}
			{bone revolute "wheelr2"
				{parameters "ID=trackright;"}
				{Matrix34
					-1	0	0
					0	0	1
					0	1	0
					-33.9342	-18.5224	-9.70257
				}
				{VolumeView "wheelr2.ply"}
			}
			{bone "turret_hole"
				{parameters "ID=body;"}
				{Position 3.10216	-0.022764	3.54227}
				{VolumeView "turret_hole.ply"}
			}
			{bone revolute "turret"
				{parameters "ID=turret;"}
				{Matrix34
					0.998855	0.000518682	-0.0478419
					0.00182363	0.998802	0.0489027
					0.04781	-0.0489339	0.997657
					1.45414	0.0137299	12.1435
				}
				{VolumeView "turret.ply"}
				{bone "door"
					{Matrix34
						0.93354	0	0.358472
						-0.358472	0	0.93354
						0	-1	0
						1.25543	3.93582	16.156
					}
					{VolumeView "door.ply"}
				}
				{bone revolute "gun_rot"
					{parameters "ID=gun;"}
					{Matrix34
						1	0	0
						0	0	1
						0	-1	0
						12.5419	-0.206225	4.6197
					}
					{VolumeView "gun_rot.ply"}
					{bone "gun"
						{parameters "ID=gun;"}
						{Matrix34
							0.932048	-0.246841	0.265245
							0.273715	0	-0.961811
							0.237414	0.969056	0.0675642
							6.5633	0.20174	0.0391891
						}
						{VolumeView "gun.ply"}
					}
				}
				{bone revolute "mgun_turret"
					{parameters "ID=turret;"}
					{Position -13.3117	8.22352	17.0226}
					{VolumeView "mgun_turret.ply"}
					{bone revolute "mgun_rot"
						{parameters "ID=turret;"}
						{Matrix34
							0.764864	0	0.644192
							-0.644192	0	0.764864
							0	-1	0
							-1.0875	0.025177	2.3664
						}
						{VolumeView "mgun_rot.ply"}
					}
				}
			}
			{bone "engine"
				{parameters "ID=engine;"}
				{Position -31.105	0.0502788	5.93086}
				{VolumeView "engine.ply"}
			}
			{bone "antena"
				{parameters "ID=body;"}
				{Matrix34
					0.787062	0	0.616874
					0	1	0
					-0.616874	0	0.787062
					-25.287	-7.31466	15.89
				}
				{VolumeView "antena.ply"}
			}
		}
		{bone "wheelsl"
			{parameters "ID=trackleft;"}
			{Matrix34
				1	0	0
				0	0.999987	-0.0050457
				0	0.00504599	0.999987
				4.87401	0.332348	7.74608
			}
			{VolumeView "wheelsl.ply"}
			{bone revolute "wheell6"
				{parameters "ID=trackleft;"}
				{Matrix34
					-1	0	0
					0	0	1
					0	1	0
					-27.769	18.8812	-1.94619
				}
				{VolumeView "wheell6.ply"}
			}
			{bone revolute "wheell5"
				{parameters "ID=trackleft;"}
				{Matrix34
					-1	0	0
					0	0	1
					0	1	0
					-13.6742	18.8091	-1.94938
				}
				{VolumeView "wheell5.ply"}
			}
			{bone revolute "wheell4"
				{parameters "ID=trackleft;"}
				{Matrix34
					-1	0	0
					0	0	1
					0	1	0
					5.83009	18.8232	-1.95206
				}
				{VolumeView "wheell4.ply"}
			}
			{bone revolute "wheell3"
				{parameters "ID=trackleft;"}
				{Matrix34
					-1	0	0
					0	0	1
					0	1	0
					19.9477	18.6766	-1.95526
				}
				{VolumeView "wheell3.ply"}
			}
		}
		{bone "wheelsr"
			{parameters "ID=trackright;"}
			{Matrix34
				1	0	0
				0	0.999987	-0.0050457
				0	0.00504599	0.999987
				4.87401	0.332348	7.74608
			}
			{VolumeView "wheelsr.ply"}
			{bone revolute "wheelr3"
				{parameters "ID=trackright;"}
				{Matrix34
					-1	0	0
					0	0	1
					0	1	0
					19.7687	-18.8811	-1.99612
				}
				{VolumeView "wheelr3.ply"}
			}
			{bone revolute "wheelr4"
				{parameters "ID=trackright;"}
				{Matrix34
					-1	0	0
					0	0	1
					0	1	0
					5.65103	-18.809	-1.99292
				}
				{VolumeView "wheelr4.ply"}
			}
			{bone revolute "wheelr5"
				{parameters "ID=trackright;"}
				{Matrix34
					-1	0	0
					0	0	1
					0	1	0
					-13.8533	-18.7485	-1.99024
				}
				{VolumeView "wheelr5.ply"}
			}
			{bone revolute "wheelr6"
				{parameters "ID=trackright;"}
				{Matrix34
					-1	0	0
					0	0	1
					0	1	0
					-27.948	-18.6324	-1.98704
				}
				{VolumeView "wheelr6.ply"}
			}
		}
	}
}
{Volume "body2"
	{Polyhedron "body2.vol"}
	{Bone "body"}
	{Position -8.00427	-0.0855417	2.02888}
}
{Volume "body"
	{Polyhedron "body.vol"}
	{Bone "body"}
	{Position 3.23854	-0.0402567	-13.8592}
}
{Volume "engine"
	{Box 24.3236 28.7957 7.30799}
	{Bone "engine"}
	{Position 7.58339	-0.0720134	1.0281}
}
{Volume "gun"
	{Cylinder 0.847041 22}
	{Bone "gun"}
	{Matrix34
		0	-1	0
		0	0	1
		-1	0	0
		9.1694	0.0110587	0.037084
	}
}
{Volume "inventory1"
	{Polyhedron "inventory1.vol"}
	{Bone "body"}
	{Position -3.90821	18.7631	2.42217}
}
{Volume "inventory2"
	{Polyhedron "inventory2.vol"}
	{Bone "body"}
	{Position -3.87762	-18.6842	5.2691}
}
{Volume "mantlet2"
	{Box 2.5 5 5.5}
	{Bone "gun_rot"}
	{Matrix34
		0.984251	0.176778	0
		0	0	-1
		-0.176778	0.984251	0
		5.64973	-0.536447	-0.0421136
	}
}
{Volume "mantlet"
	{Polyhedron "mantlet.vol"}
	{Bone "gun_rot"}
	{Matrix34
		0	0	1
		-0.192714	0.981255	0
		-0.981255	-0.192714	0
		4.50638	0.872913	-0.0196838
	}
}
{Volume "trackleft"
	{Polyhedron "trackleft.vol"}
	{Bone "wheelsl"}
	{Position -7.3092	15.5368	3.42163}
}
{Volume "trackright"
	{Polyhedron "trackright.vol"}
	{Bone "wheelsr"}
	{Matrix34
		1	0	0
		0	0	1
		0	-1	0
		-7.31075	-15.4918	2.31529
	}
}
{Volume "turret"
	{Polyhedron "turret.vol"}
	{Bone "turret"}
	{Matrix34
		0.951057	0.309017	0
		-0.309017	0.951057	0
		0	0	1
		-0.166032	-0.0172365	-0.297813
	}
}
