;Exported by: shevchenko
;Date:        Tue Mar 07 18:05:00 2006
;File:        D:\-Projects1_5-\-3DWork-\euro1_corner2_lm_corner_x.max
{Skeleton
	{bone "101_f2w9"
		{Orientation
			1	0	0
			0	-1	0
			0	0	1
		}
		{bone "piece1"
			{Matrix34
				0	-1	0
				0	0	1
				-1	0	0
				-19.2323	30.1919	1.6526
			}
			{VolumeView "piece1.ply"}
		}
		{bone "piece0"
			{Matrix34
				0	-1	0
				0	0	1
				-1	0	0
				-19.2323	24.6138	31.914
			}
			{VolumeView "piece0.ply"}
		}
		{bone "piece5"
			{Matrix34
				1	0	0
				0	0	1
				0	-1	0
				10.8265	25.5078	27.492
			}
			{VolumeView "piece5.ply"}
		}
		{bone "piece6"
			{Matrix34
				0.422618	0	-0.906308
				0.906308	0	0.422618
				0	-1	0
				11.0611	25.5078	0.894257
			}
			{VolumeView "piece6.ply"}
		}
		{bone "piece7"
			{Matrix34
				1	0	0
				0	0	1
				0	-1	0
				9.77917	25.5078	-29.3773
			}
			{VolumeView "piece7.ply"}
		}
		{bone "piece3"
			{Matrix34
				0	-1	0
				0	0	1
				-1	0	0
				-19.2324	-24.3271	-1.70573
			}
			{VolumeView "piece3.ply"}
		}
		{bone "piece2"
			{Matrix34
				0	-1	0
				0	0	1
				-1	0	0
				-19.2324	4.52783	-0.868256
			}
			{VolumeView "piece2.ply"}
		}
		{bone "piece4"
			{Matrix34
				0	-1	0
				0	0	1
				-1	0	0
				-19.2323	-16.144	39.7431
			}
			{VolumeView "piece4.ply"}
		}
		{bone "sub_piece1"
			{Matrix34
				0	-1	0
				0	0	1
				-1	0	0
				23.9399	7.56883	-7.9411
			}
			{VolumeView "sub_piece1.ply"}
		}
		{bone "sub_piece2"
			{Matrix34
				0	-1	0
				0	0	1
				-1	0	0
				12.5115	-9.27756	-7.9411
			}
			{VolumeView "sub_piece2.ply"}
		}
		{bone "piece11"
			{Matrix34
				0	-1	0
				0	0	1
				-1	0	0
				-45.8089	-30.8981	4.9672
			}
			{VolumeView "piece11.ply"}
		}
		{bone "piece10"
			{Matrix34
				0	-1	0
				0	0	1
				-1	0	0
				-45.8089	34.3808	-0.239296
			}
			{VolumeView "piece10.ply"}
		}
		{bone "piece8"
			{Matrix34
				0	-1	0
				0	0	1
				-1	0	0
				-44.1463	16.9547	49.0492
			}
			{VolumeView "piece8.ply"}
		}
		{bone "piece9"
			{Matrix34
				0	-1	0
				0	0	1
				-1	0	0
				-39.0983	-21.9369	51.0107
			}
			{VolumeView "piece9.ply"}
		}
		{bone "sub_piece7"
			{Matrix34
				0	-1	0
				0	0	1
				-1	0	0
				-45.8115	-25.504	2.88564
			}
			{VolumeView "sub_piece7.ply"}
		}
		{bone "sub_piece6"
			{Matrix34
				0	-1	0
				0	0	1
				-1	0	0
				-45.8115	25.7156	2.88565
			}
			{VolumeView "sub_piece6.ply"}
		}
		{bone "piece14"
			{Matrix34
				0	-1	0
				0	0	1
				-1	0	0
				-36.9506	-34.9281	-7.9411
			}
			{VolumeView "piece14.ply"}
		}
		{bone "sub_piece5"
			{Matrix34
				0	-1	0
				0	0	1
				-1	0	0
				-36.9506	-10.4505	-7.9411
			}
			{VolumeView "sub_piece5.ply"}
		}
		{bone "sub_piece4"
			{Matrix34
				0	-1	0
				0	0	1
				-1	0	0
				-36.9506	2.36276	-7.9411
			}
			{VolumeView "sub_piece4.ply"}
		}
		{bone "sub_piece3"
			{Matrix34
				0	-1	0
				0	0	1
				-1	0	0
				-36.9506	13.7458	-7.9411
			}
			{VolumeView "sub_piece3.ply"}
		}
		{bone "piece12"
			{Matrix34
				0	-1	0
				0	0	1
				-1	0	0
				-36.9506	38.3675	-7.9411
			}
			{VolumeView "piece12.ply"}
		}
	}
}
{Volume "piece0"
	{Box 5.90552 13.9764 26.9468}
	{Bone "piece0"}
	{Matrix34
		0	0	-1
		-0.965926	0.258819	0
		0.258819	0.965926	0
		-0.949417	-0.557523	0
	}
}
{Volume "piece10"
	{Box 4.92126 4.92126 94.37}
	{Bone "piece10"}
	{Matrix34
		0	0	-1
		-1	0	0
		0	1	0
		4.10575	0	0
	}
}
{Volume "piece11"
	{Box 4.92126 4.92126 80.5987}
	{Bone "piece11"}
	{Matrix34
		0	0	-1
		-1	0	0
		0	1	0
		-2.47396	0.450077	0
	}
}
{Volume "piece12"
	{Box 21.2599 23.3721 3.93701}
	{Bone "piece12"}
	{Matrix34
		0	0	-1
		-1	0	0
		0	1	0
		0	0	4.33919
	}
}
{Volume "piece14"
	{Box 29.5276 17.5388 3.93702}
	{Bone "piece14"}
	{Matrix34
		0	0	-1
		-1	0	0
		0	1	0
		-2.50998	0	0
	}
}
{Volume "piece1"
	{Box 5.90552 9.0945 14.5276}
	{Bone "piece1"}
	{Matrix34
		0	0	-1
		-0.906308	-0.422618	0
		-0.422618	0.906308	0
		-0.116858	-0.661212	0
	}
}
{Volume "piece2"
	{Box 5.90552 13.2283 17.126}
	{Bone "piece2"}
	{Matrix34
		0	0	-1
		-0.996195	0.0871556	0
		0.0871556	0.996195	0
		-0.0076024	0.429505	0
	}
}
{Volume "piece3"
	{Box 5.90552 17.3228 17.3228}
	{Bone "piece3"}
	{Matrix34
		0	0	-1
		-0.984808	0.173648	0
		0.173648	0.984808	0
		0.487871	0.678774	0
	}
}
{Volume "piece4"
	{Box 5.90552 26.437 14.807}
	{Bone "piece4"}
	{Matrix34
		0	0	-1
		-0.984808	0.173648	0
		0.173648	0.984808	0
		0.465331	0.861991	0
	}
}
{Volume "piece5"
	{Box 11.6482 7.87402 13.5433}
	{Bone "piece5"}
	{Matrix34
		0.906308	0.422618	0
		0	0	-1
		-0.422618	0.906308	0
		-0.38399	0.292399	0
	}
}
{Volume "piece6"
	{Box 11.91 7.87402 20.9689}
	{Bone "piece6"}
	{Matrix34
		0.173648	0.984808	0
		0	0	-1
		-0.984808	0.173648	0
		-0.0320101	-0.942549	0
	}
}
{Volume "piece7"
	{Box 12.5984 7.87402 17.3228}
	{Bone "piece7"}
	{Matrix34
		0.984808	0.173648	0
		0	0	-1
		-0.173648	0.984808	0
		-0.0755433	0.2986	1.4641e-005
	}
}
{Volume "piece8"
	{Box 23.0104 34.9036 1.9685}
	{Bone "piece8"}
	{Matrix34
		0	0.422618	-0.906308
		-1	0	0
		0	0.906308	0.422618
		0	0.306957	0.9584
	}
}
{Volume "piece9"
	{Box 28.1403 38.2248 1.9685}
	{Bone "piece9"}
	{Matrix34
		0	0.422618	-0.906308
		-1	0	0
		0	0.906308	0.422618
		-4.5039	-0.309208	3.14906
	}
}
{Volume "sub_piece1"
	{Box 47.8693 14.3898 3.93702}
	{Bone "sub_piece1"}
	{Matrix34
		0	0	-1
		-1	0	0
		0	1	0
		-7.19603	-1.07288e-005	7.09762
	}
}
{Volume "sub_piece2"
	{Box 44.3303 14.212 3.93702}
	{Bone "sub_piece2"}
	{Matrix34
		0	0	-1
		-1	0	0
		0	1	0
		-2.2408e-005	0	5.96554
	}
}
{Volume "sub_piece3"
	{Box 27.7559 7.51347 3.93701}
	{Bone "sub_piece3"}
	{Matrix34
		0	0	-1
		-1	0	0
		0	1	0
		0	0	0
	}
}
{Volume "sub_piece4"
	{Box 27.7559 8.14233 3.93701}
	{Bone "sub_piece4"}
	{Matrix34
		0	0	-1
		-1	0	0
		0	1	0
		0	0	0
	}
}
{Volume "sub_piece5"
	{Box 27.7559 8.32959 3.93702}
	{Bone "sub_piece5"}
	{Matrix34
		0	0	-1
		-1	0	0
		0	1	0
		0	0	0
	}
}
{Volume "sub_piece6"
	{Box 2.44095 25.4725 17.7166}
	{Bone "sub_piece6"}
	{Matrix34
		0	0	-1
		-1	0	0
		0	1	0
		0	0	0
	}
}
{Volume "sub_piece7"
	{Box 2.59843 28.6685 17.7165}
	{Bone "sub_piece7"}
	{Matrix34
		0	0	-1
		-1	0	0
		0	1	0
		1.62782e-005	0	0
	}
}
