;Exported by: kolesnikov
;Date:        Thu Jul 28 11:33:27 2005
;File:        D:\-Project-\-3DWork-\control office_remake.max
{Skeleton
	{bone "c01_x"
		{Orientation
			1	0	0
			0	-1	0
			0	0	1
		}
		{bone "piece2"
			{Matrix34
				0	1	0
				-1	0	0
				0	0	1
				-4.12503	-15.67	32.5211
			}
			{VolumeView "piece2.ply"}
		}
		{bone "piece1"
			{Position -18.3634	-3.30756	34.0926}
			{VolumeView "piece1.ply"}
		}
		{bone "piece3"
			{Position -29.8665	-25.5397	0}
			{VolumeView "piece3.ply"}
		}
	}
}
{Volume "body2_vol96"
	{Box 7.70489 0.143981 50.2642}
	{Bone "piece3"}
	{Matrix34
		0.707106	0.707107	0
		-0.707107	0.707106	0
		0	0	1
		4.37419	4.09123	31.235
	}
}
{Volume "body2_vol36"
	{Box 19.4127 7.19902 19.4747}
	{Bone "piece1"}
	{Matrix34
		0	0.984807	-0.17365
		-1	0	0
		0	0.17365	0.984807
		0.314117	1.25644	-0.236881
	}
}
{Volume "body2_vol35"
	{Box 19.4127 7.19902 22.1712}
	{Bone "piece2"}
	{Matrix34
		0	0.996194	0.0871556
		-1	0	0
		0	-0.0871556	0.996194
		-0.415404	0.369092	0.089696
	}
}
