;Exported by: dp
;Date:        Fri May 03 18:38:04 2013
;File:        C:\Users\dp\Desktop\desktopArch25\desk1\DesktopArch4\vor3_10.max
{Skeleton
	{bone "basis"
		{Orientation
			1	0	0
			0	-1	0
			0	0	1
		}
		{bone "body"
			{parameters "ID=body;"}
			{animation
				{sequence "break" {file "body_b.anm"} {speed 0.7}}
			}
			{Matrix34
				0.999986	0	0.00535353
				5.18091e-005	0.999953	-0.00967742
				-0.00535328	0.00967756	0.999939
				0.0413361	0.120527	18.8721
			}
			{VolumeView "body.ply"}
			{bone "cabin"
				{parameters "ID=cabin;"}
				{animation
					{sequence "break" {file "cabin_b.anm"} {speed 0.5}}
				}
				{Position 20.0755	-0.0730806	-0.107214}
				{VolumeView "cabin.ply"}
				{bone "window2"
					{parameters "ID=window2;"}
					{Position -8.71491	0.030241	27.3634}
				}
				{bone "window1"
					{parameters "ID=window1;"}
					{Position 12.3254	0.0753892	24.1205}
				}
				{bone "doorleft"
					{parameters "ID=body;"}
					{Matrix34
						0.999886	-0.0151144	0
						0.0151144	0.999886	0
						0	0	1
						11.8403	14.6555	0.173725
					}
					{VolumeView "doorleft.ply"}
					{bone "window3"
						{parameters "ID=window3;"}
						{Matrix34
							0.999958	-0.00920799	-0.000222205
							-0.00920963	-0.999916	-0.0091193
							0.000138217	-0.00912095	0.999958
							-7.70737	0.557626	25.0987
						}
					}
				}
				{bone "doorright"
					{parameters "ID=body;"}
					{Matrix34
						0.999703	0.0243764	0
						-0.0243764	0.999703	0
						0	0	1
						11.7624	-14.3094	0.0416145
					}
					{VolumeView "doorright.ply"}
					{bone "window4"
						{parameters "ID=window4;"}
						{Position -7.65128	-1.21911	25.0892}
					}
				}
				{bone "commander"
					{Matrix34
						1	0	0
						0	0.99999	0.00456105
						0	-0.00456105	0.99999
						0.221813	-8.65737	6.24682
					}
				}
				{bone "driver"
					{Matrix34
						1	0	0
						0	0.99999	0.00456105
						0	-0.00456105	0.99999
						0.160522	8.25894	6.32398
					}
				}
			}
			{bone "engine"
				{parameters "ID=engine;"}
				{animation
					{sequence "break" {file "engine_b.anm"}}
				}
				{Position 0	0	0}
				{VolumeView "engine.ply"}
				{bone "fxfire1"
					{Matrix34
						1	0	0
						0	0.99999	0.00456105
						0	-0.00456105	0.99999
						41.7501	0.0788311	9.51387
					}
				}
				{bone "engine_right"
					{parameters "ID=body;"}
					{Matrix34
						0.00242562	0.999997	0
						-0.01022	2.4789e-005	0.999948
						0.999945	-0.0024255	0.0102201
						41.706	-1.30763	19.1939
					}
					{VolumeView "engine_right.ply"}
				}
				{bone "engine_left"
					{parameters "ID=body;"}
					{Matrix34
						0	1	0
						0.00709783	0	0.999975
						0.999975	0	-0.00709782
						41.5297	1.36159	19.2315
					}
					{VolumeView "engine_left.ply"}
				}
			}
			{bone "fxstop2"
				{Matrix34
					1	0	0
					0	0.99999	0.00456105
					0	-0.00456105	0.99999
					-59.4503	-11.2301	6.10406
				}
			}
			{bone "fxstop1"
				{Matrix34
					1	0	0
					0	0.99999	0.00456105
					0	-0.00456105	0.99999
					-59.4684	11.5191	6.20782
				}
			}
			{bone "headlightr"
				{Matrix34
					1	0	0
					0	0.99999	0.00456105
					0	-0.00456105	0.99999
					49.815	-14.9527	7.13158
				}
			}
			{bone "headlightl"
				{Matrix34
					1	0	0
					0	0.99999	0.00456105
					0	-0.00456105	0.99999
					49.933	14.9961	7.26818
				}
			}
			{bone "fxsmoke"
				{Matrix34
					1	0	0
					0	0.99999	0.00456105
					0	-0.00456105	0.99999
					-6.06946	14.8819	3.9876
				}
			}
			{bone "body_back"
				{parameters "ID=bodyback;"}
				{VolumeView "body_back.ply"}
				{bone "detail2"
					{parameters "ID=body;"}
					{Position 0	0	0}
					{VolumeView "detail2.ply"}
				}
				{bone "detail1"
					{parameters "ID=body;"}
					{Position 0	0	0}
					{VolumeView "detail1.ply"}
				}
				{bone "body2"
					{parameters "ID=body;"}
					{Position -27.9043	-0.592253	8.77989}
					{VolumeView "body2.ply"}
					{bone revolute "turret"
						{parameters "ID=turret;"}
						{animation
							{sequence "break" {file "turret_b.anm"} {speed 0.5}}
						}
						{limits -180 180}
						{speed 0.006}
						{Position 0.057209	0	12.445}
						{VolumeView "turret.ply"}
						{bone revolute "gun_rot"
							{parameters "ID=gun;"}
							{limits 0 82}
							{speed 0.005}
							{Matrix34
								0.996824	0	0.0796375
								-0.0796375	0.000235216	0.996824
								-1.87927e-005	-1	0.000236018
								-11.3265	0.000168025	9.82356
							}
							{VolumeView "gun_rot.ply"}
							{bone "gun"
								{parameters "CommonMesh;ID=gun;"}
								{animation
									{sequence "break" {file "gun_b.anm"} {speed 0.5}}
								}
								{Matrix34
									0.00201098	0.000235214	-0.999998
									-0.000236228	1	0.00023629
									0.999998	0.000235744	0.00201116
									-2.89611	-0.000679016	-0.00582457
								}
								{VolumeView "gun.ply"}
								{bone "fx_invers"
									{Matrix34
										-0.00199435	0.0262693	-0.999653
										-0.000151488	0.999655	0.0262697
										0.999998	0.000202267	-0.00198981
										-0.213637	0.0243301	-6.6786
									}
								}
								{bone "visor2"
									{Matrix34
										0.0130489	-0.0146771	0.999807
										0.999878	-0.00845909	-0.0131741
										0.00864938	0.999857	0.0145649
										-0.300329	5.03883	26.8193
									}
								}
								{bone "foresight1"
									{Matrix34
										-0.0128388	-0.0146762	0.99981
										0.999913	0.00290511	0.0128826
										-0.00309526	0.999888	0.0146376
										-0.591354	-0.537491	76.8342
									}
								}
							}
						}
						{bone "detail4"
							{parameters "ID=turret;"}
							{Position 0	0	6.10352e-005}
							{VolumeView "detail4.ply"}
						}
						{bone "detail5"
							{parameters "ID=detail2;"}
							{Matrix34
								0.999869	-0.0162171	0
								-0.0162171	-0.999869	-3.94285e-005
								0	-4.09847e-005	1
								-0.00169945	-0.20954	5.72205e-005
							}
							{VolumeView "detail5.ply"}
						}
						{bone "gunner"
							{Matrix34
								0.988595	0.150063	-0.0127086
								-0.149921	0.988632	0.0114569
								0.0142834	-0.00942174	0.999854
								-6.93413	-11.1984	-13.8723
							}
						}
						{bone "charger"
							{Matrix34
								0.958104	-0.28614	-0.0127084
								0.286284	0.958076	0.0114569
								0.00889734	-0.014616	0.999854
								-14.608	9.12479	-13.9286
							}
						}
					}
				}
			}
			{bone revolute "wheell11"
				{parameters "Radius=0.1;ID=trackleft;"}
				{Matrix34
					-0.999986	-5.16487e-005	0.00535342
					0.00535361	-0.00456085	0.999975
					-2.72312e-005	0.99999	0.00456106
					33.4528	14.5943	-1.00432
				}
				{VolumeView "wheell11.ply"}
			}
			{bone revolute "wheell12"
				{parameters "Radius=0.1;ID=trackleft;"}
				{Matrix34
					-0.999986	-5.16487e-005	0.00535342
					0.00535361	-0.00456085	0.999975
					-2.72312e-005	0.99999	0.00456106
					18.0941	14.5935	-0.922104
				}
				{VolumeView "wheell11.ply"}
			}
			{bone revolute "wheell13"
				{parameters "Radius=0.1;ID=trackleft;"}
				{Matrix34
					-0.999986	-5.16487e-005	0.00535342
					0.00535361	-0.00456085	0.999975
					-2.72312e-005	0.99999	0.00456106
					-1.06399	14.5928	-0.889353
				}
				{VolumeView "wheell11.ply"}
			}
			{bone revolute "wheell14"
				{parameters "Radius=0.1;ID=trackleft;"}
				{Matrix34
					-0.999986	-5.16487e-005	0.00535342
					0.00535361	-0.00456085	0.999975
					-2.72312e-005	0.99999	0.00456106
					-20.9698	14.5919	-0.816643
				}
				{VolumeView "wheell11.ply"}
			}
			{bone revolute "wheell15"
				{parameters "Radius=0.1;ID=trackleft;"}
				{Matrix34
					-0.999986	-5.16487e-005	0.00535342
					0.00535361	-0.00456085	0.999975
					-2.72312e-005	0.99999	0.00456106
					-34.465	14.5912	-0.744398
				}
				{VolumeView "wheell11.ply"}
			}
			{bone revolute "wheelr11"
				{parameters "Radius=0.1;ID=trackright;"}
				{Matrix34
					-0.999986	-5.19709e-005	0.00535342
					0.00535361	-0.00456097	0.999975
					2.75527e-005	-0.99999	-0.00456119
					33.4536	-14.3428	-1.13631
				}
				{VolumeView "wheelr11.ply"}
			}
			{bone revolute "wheelr12"
				{parameters "Radius=0.1;ID=trackright;"}
				{Matrix34
					-0.999986	-5.19709e-005	0.00535342
					0.00535361	-0.00456097	0.999975
					2.75527e-005	-0.99999	-0.00456119
					18.0949	-14.3436	-1.05409
				}
				{VolumeView "wheelr11.ply"}
			}
			{bone revolute "wheelr13"
				{parameters "Radius=0.1;ID=trackright;"}
				{Matrix34
					-0.999986	-5.19709e-005	0.00535342
					0.00535361	-0.00456097	0.999975
					2.75527e-005	-0.99999	-0.00456119
					-1.0632	-14.3443	-1.02134
				}
				{VolumeView "wheelr11.ply"}
			}
			{bone revolute "wheelr14"
				{parameters "Radius=0.1;ID=trackright;"}
				{Matrix34
					-0.999986	-5.19709e-005	0.00535342
					0.00535361	-0.00456097	0.999975
					2.75527e-005	-0.99999	-0.00456119
					-20.969	-14.3452	-0.948631
				}
				{VolumeView "wheelr11.ply"}
			}
			{bone revolute "wheelr15"
				{parameters "Radius=0.1;ID=trackright;"}
				{Matrix34
					-0.999986	-5.19709e-005	0.00535342
					0.00535361	-0.00456097	0.999975
					2.75527e-005	-0.99999	-0.00456119
					-34.4642	-14.3459	-0.876387
				}
				{VolumeView "wheelr11.ply"}
			}
			{bone revolute "wheelr1"
				{parameters "Radius=0.6;ID=trackright;"}
				{Matrix34
					-0.999986	-5.10208e-005	0.00535328
					0.00535346	-0.00456094	0.999975
					2.66036e-005	-0.99999	-0.00456115
					47.3056	-19.2201	-5.10423
				}
				{VolumeView "wheelr1.ply"}
			}
			{bone revolute "wheell1"
				{parameters "Radius=0.6;ID=trackleft;"}
				{Matrix34
					-0.999986	-5.27032e-005	0.00535328
					0.00535346	-0.00456088	0.999975
					-2.51868e-005	0.99999	0.00456108
					47.3045	19.5005	-4.92762
				}
				{VolumeView "wheell1.ply"}
			}
			{bone revolute "wheell2"
				{parameters "Radius=0.6;ID=trackleft;"}
				{Matrix34
					-0.999978	0.0039831	-0.00535328
					-0.00533502	0.0045825	0.999975
					0.00400754	0.999981	-0.00456115
					-48.0032	17.758	-5.47591
				}
				{VolumeView "wheell1.ply"}
			}
			{bone revolute "wheelr2"
				{parameters "Radius=0.6;ID=trackright;"}
				{Matrix34
					-0.99997	0.00564403	-0.00535328
					-0.00532739	0.00459136	0.999975
					0.00567153	0.999973	-0.00456114
					-48.0023	-17.4365	-5.63644
				}
				{VolumeView "wheelr1.ply"}
			}
		}
		{bone "link2"
			{Matrix34
				-1	-0.000320586	0
				0.000320581	-0.999987	-0.00511674
				0	-0.00511674	0.999987
				-62.6378	-0.0500445	14.7758
			}
		}
		{bone "emit1"
			{Matrix34
				-0.00133513	-0.999999	0
				0.999986	-0.00133511	-0.00511674
				0.00511673	0	0.999987
				14.1534	28.1626	-0.0838051
			}
		}
		{bone "emit2"
			{Matrix34
				-0.0023462	0.999997	0
				-0.999984	-0.00234617	-0.00511674
				-0.00511672	-1.20049e-005	0.999987
				15.537	-27.9577	0.203343
			}
		}
		{bone "visor"
			{Matrix34
				1	0	0
				0	0.00511652	0.999987
				0	-0.999987	0.00511652
				20.7904	9.93197	47.0585
			}
		}
		{bone "wheelsr"
			{parameters "ID=trackright;"}
			{animation
				{sequence "break" {file "trackR_b.anm"} {speed 0.8}}
			}
			{Matrix34
				0.999986	0	0.00535343
				5.1809e-005	0.999953	-0.0096776
				-0.00535317	0.00967773	0.999939
				0.248854	-0.540758	18.8072
			}
			{VolumeView "wheelsr.ply"}
			{bone revolute "wheelsr1"
				{parameters "Radius=0.1;ID=trackright;"}
				{Matrix34
					-0.999924	-0.00604553	0.0107064
					0.0106977	0.0014639	0.999942
					0.00606085	-0.999981	0.00139912
					32.7135	-16.7948	-14.4316
				}
				{VolumeView "wheelsr1.ply"}
			}
			{bone revolute "wheelsr2"
				{parameters "Radius=0.1;ID=trackright;"}
				{Matrix34
					-0.999924	-0.00604553	0.0107064
					0.0106977	0.0014639	0.999942
					0.00606085	-0.999981	0.00139912
					22.6248	-16.7953	-14.3776
				}
				{VolumeView "wheelsr1.ply"}
			}
			{bone revolute "wheelsr8"
				{parameters "Radius=0.1;ID=trackright;"}
				{Matrix34
					-0.999924	-0.00604553	0.0107064
					0.0106977	0.0014639	0.999942
					0.00606085	-0.999981	0.00139912
					-36.0468	-16.7984	-14.0635
				}
				{VolumeView "wheelsr1.ply"}
			}
			{bone revolute "wheelsr3"
				{parameters "Radius=0.1;ID=trackright;"}
				{Matrix34
					-0.999924	-0.00604553	0.0107064
					0.0106977	0.0014639	0.999942
					0.00606085	-0.999981	0.00139912
					13.0132	-16.7958	-14.3261
				}
				{VolumeView "wheelsr1.ply"}
			}
			{bone revolute "wheelsr4"
				{parameters "Radius=0.1;ID=trackright;"}
				{Matrix34
					-0.999924	-0.00604553	0.0107064
					0.0106977	0.0014639	0.999942
					0.00606085	-0.999981	0.00139912
					3.17535	-16.8553	-14.2208
				}
				{VolumeView "wheelsr1.ply"}
			}
			{bone revolute "wheelsr5"
				{parameters "Radius=0.1;ID=trackright;"}
				{Matrix34
					-0.999924	-0.00604553	0.0107064
					0.0106977	0.0014639	0.999942
					0.00606085	-0.999981	0.00139912
					-6.41267	-16.9133	-14.1181
				}
				{VolumeView "wheelsr1.ply"}
			}
			{bone revolute "wheelsr6"
				{parameters "Radius=0.1;ID=trackright;"}
				{Matrix34
					-0.999924	-0.00604553	0.0107064
					0.0106977	0.0014639	0.999942
					0.00606085	-0.999981	0.00139912
					-16.2384	-16.9727	-14.0129
				}
				{VolumeView "wheelsr1.ply"}
			}
			{bone revolute "wheelsr7"
				{parameters "Radius=0.1;ID=trackright;"}
				{Matrix34
					-0.999924	-0.00604553	0.0107064
					0.0106977	0.0014639	0.999942
					0.00606085	-0.999981	0.00139912
					-25.9319	-17.0313	-13.9091
				}
				{VolumeView "wheelsr1.ply"}
			}
			{bone "trackr"
				{parameters "CommonMesh;ID=trackright;"}
				{Matrix34
					-0.999775	-4.97631e-005	0.0211879
					0.0211828	-0.0243849	0.999478
					-0.000466929	-0.999703	-0.0243805
					3.00165	-16.7936	-6.98704
				}
				{VolumeView "trackr.ply"}
			}
		}
		{bone "wheelsl"
			{parameters "ID=trackleft;"}
			{animation
				{sequence "break" {file "trackL_b.anm"} {speed 0.8}}
			}
			{Matrix34
				0.999986	0	0.00535342
				5.18065e-005	0.999953	-0.00967712
				-0.00535317	0.00967726	0.999939
				0.248854	-0.540758	18.8072
			}
			{VolumeView "wheelsl.ply"}
			{bone revolute "wheelsl7"
				{parameters "Radius=0.1;ID=trackleft;"}
				{Matrix34
					-0.999925	0.00589277	0.0107611
					0.0106983	-0.0105854	0.999887
					0.00600601	0.999927	0.0105215
					-25.9328	18.6731	-13.7463
				}
				{VolumeView "wheelsl1.ply"}
			}
			{bone revolute "wheelsl8"
				{parameters "Radius=0.1;ID=trackleft;"}
				{Matrix34
					-0.999925	0.00589277	0.0107611
					0.0106983	-0.0105854	0.999887
					0.00600601	0.999927	0.0105215
					-36.0478	18.441	-13.9028
				}
				{VolumeView "wheelsl1.ply"}
			}
			{bone revolute "wheelsl6"
				{parameters "Radius=0.1;ID=trackleft;"}
				{Matrix34
					-0.999925	0.00589277	0.0107611
					0.0106983	-0.0105854	0.999887
					0.00600601	0.999927	0.0105215
					-16.2394	18.6159	-13.8506
				}
				{VolumeView "wheelsl1.ply"}
			}
			{bone revolute "wheelsl5"
				{parameters "Radius=0.1;ID=trackleft;"}
				{Matrix34
					-0.999925	0.00589277	0.0107611
					0.0106983	-0.0105854	0.999887
					0.00600601	0.999927	0.0105215
					-6.41364	18.558	-13.9563
				}
				{VolumeView "wheelsl1.ply"}
			}
			{bone revolute "wheelsl4"
				{parameters "Radius=0.1;ID=trackleft;"}
				{Matrix34
					-0.999925	0.00589277	0.0107611
					0.0106983	-0.0105854	0.999887
					0.00600601	0.999927	0.0105215
					3.17438	18.5015	-14.0595
				}
				{VolumeView "wheelsl1.ply"}
			}
			{bone revolute "wheelsl3"
				{parameters "Radius=0.1;ID=trackleft;"}
				{Matrix34
					-0.999925	0.00589277	0.0107611
					0.0106983	-0.0105854	0.999887
					0.00600601	0.999927	0.0105215
					13.0122	18.4436	-14.1654
				}
				{VolumeView "wheelsl1.ply"}
			}
			{bone revolute "wheelsl2"
				{parameters "Radius=0.1;ID=trackleft;"}
				{Matrix34
					-0.999925	0.00589277	0.0107611
					0.0106983	-0.0105854	0.999887
					0.00600601	0.999927	0.0105215
					22.6239	18.444	-14.2168
				}
				{VolumeView "wheelsl1.ply"}
			}
			{bone revolute "wheelsl1"
				{parameters "Radius=0.1;ID=trackleft;"}
				{Matrix34
					-0.999925	0.00589277	0.0107611
					0.0106983	-0.0105854	0.999887
					0.00600601	0.999927	0.0105215
					32.7126	18.4446	-14.2709
				}
				{VolumeView "wheelsl1.ply"}
			}
			{bone "trackl"
				{parameters "CommonMesh;ID=trackleft;"}
				{Matrix34
					-0.999712	-0.00656292	0.0231038
					0.0231305	-0.00402157	0.999724
					0.0064682	-0.99997	-0.00417221
					3.00069	18.3478	-6.82675
				}
				{VolumeView "trackl.ply"}
			}
		}
		{bone "emit4"
			{Matrix34
				1	0	0
				0	0.999987	-0.00511644
				0	0.00511644	0.999987
				-90.0298	-14.9442	0.133975
			}
		}
		{bone "emit3"
			{Matrix34
				1	0	0
				0	0.999987	-0.00511644
				0	0.00511644	0.999987
				-90.1175	15.2596	-0.0205681
			}
		}
	}
}