;Exported by: shevchenko
;Date:        Thu Jun 29 12:52:49 2006
;File:        D:\-Projects1_5-\-3DWork-\bsh\bsh_c135-a1_x.max
{Skeleton
	{bone "bsh135_roof2"
		{Orientation
			1	0	0
			0	-1	0
			0	0	1
		}
		{bone "piece4"
			{Matrix34
				0.707107	-0.707107	0
				0	0	1
				-0.707107	-0.707107	0
				42.3939	10.4275	18.0139
			}
			{VolumeView "piece4.ply"}
		}
		{bone "piece0"
			{Matrix34
				0	-1	0
				0	0	1
				-1	0	0
				42.4212	9.80952	-10.2933
			}
			{VolumeView "piece0.ply"}
		}
		{bone "piece1"
			{Matrix34
				0	-1	0
				0	0	1
				-1	0	0
				30.2806	-2.56514	-10.2391
			}
			{VolumeView "piece1.ply"}
		}
		{bone "piece2"
			{Matrix34
				0	-1	0
				0	0	1
				-1	0	0
				-14.241	-28.0247	-30.3222
			}
			{VolumeView "piece2.ply"}
		}
		{bone "piece3"
			{Matrix34
				0	-1	0
				0	0	1
				-1	0	0
				-15.251	-4.99196	-1.24097
			}
			{VolumeView "piece3.ply"}
		}
	}
}
{Volume "piece0"
	{Box 15.3725 2.30714 60.5848}
	{Bone "piece0"}
	{Matrix34
		0.707107	0	0.707106
		0.541675	0.642787	-0.541676
		-0.454519	0.766044	0.45452
		-2.67856	0.814651	-3.03256
	}
}
{Volume "piece1"
	{Box 19.9842 2.30714 41.8035}
	{Bone "piece1"}
	{Matrix34
		0.422619	0	0.906308
		0.694272	0.642787	-0.323745
		-0.582563	0.766044	0.271654
		6.7232	0.721186	8.06826
	}
}
{Volume "piece2"
	{Box 30.0628 2.71514 33.0647}
	{Bone "piece2"}
	{Matrix34
		0	0	-1
		-0.766044	-0.642788	0
		-0.642788	0.766044	0
		-1.2476	2.21789	9.39382
	}
}
{Volume "piece3"
	{Box 23.1483 2.71514 30.0889}
	{Bone "piece3"}
	{Matrix34
		0	0	-1
		-0.766044	-0.642788	0
		-0.642788	0.766044	0
		0.607898	-1.62525	-1.79141
	}
}
{Volume "piece4"
	{Box 19.6264 9.81321 33.939}
	{Bone "piece4"}
	{Matrix34
		1	0	0
		0	0	-1
		0	1	0
		1.1745e-005	2.65433	1.19449e-005
	}
}
