;Exported by: shevchenko
;Date:        Sun Sep 11 15:43:00 2005
;File:        D:\-Projects1_5-\-3DWork-\e_farm_121_lm_corner_chasti_3_x.max
{Skeleton
	{animation
		{sequence "crush" {speed 0.4}}
	}
	{bone "121_f2int1a"
		{parameters "CommonMesh;"}
		{Orientation
			1	0	0
			0	-1	0
			0	0	1
		}
		{VolumeView "121_f2int1a.ply"}
		{bone "piece0"
			{Matrix34
				1	0	0
				0	0	1
				0	-1	0
				-15.6724	3.98511	-6.0025
			}
			{VolumeView "piece0.ply"}
		}
		{bone "piece1"
			{Matrix34
				1	0	0
				0	0	1
				0	-1	0
				13.8551	3.98511	-13.8765
			}
			{VolumeView "piece1.ply"}
		}
		{bone "piece2"
			{Matrix34
				1	0	0
				0	0	1
				0	-1	0
				14.8394	3.98511	3.84001
			}
			{VolumeView "piece2.ply"}
		}
		{bone "piece3"
			{Matrix34
				0	-1	0
				1	0	0
				0	0	1
				21.7577	38.4197	-21.7507
			}
			{VolumeView "piece3.ply"}
		}
	}
}
{Volume "piece3"
	{Box 6.20079 25.5906 17.7169}
	{Bone "piece3"}
	{Matrix34
		0	0.70263	-0.711556
		-1	0	0
		0	0.711556	0.70263
		0	0.221888	1.30877
	}
}
{Volume "piece2"
	{Box 29.5276 3.93701 14.5866}
	{Bone "piece2"}
	{Matrix34
		0.740037	-0.672566	0
		0	0	-1
		0.672566	0.740037	0
		0.699253	-0.433072	0
	}
}
{Volume "piece1"
	{Box 25.5118 3.93701 14.2913}
	{Bone "piece1"}
	{Matrix34
		0.912849	-0.408297	0
		0	0	-1
		0.408297	0.912849	0
		-0.707279	-1.30595	0
	}
}
{Volume "piece0"
	{Box 16.063 3.93701 28.4449}
	{Bone "piece0"}
	{Matrix34
		1	0	0
		0	0	-1
		0	1	0
		0	-2.50984	0
	}
}
