;Exported by: sana
;Date:        Fri Jan 12 16:09:06 2007
;File:        D:\ss\house_ru_141_lm_corner_work_x.max
{Skeleton
	{bone "house_ru_141_1_2_x"
		{Orientation
			1	0	0
			0	-1	0
			0	0	1
		}
		{bone "piece01"
			{Matrix34
				-0.243818	-0.390947	0.887532
				0.848509	-0.52918	0
				0.469665	0.75308	0.460745
				-1.52809	-14.4474	33.5061
			}
			{VolumeView "piece01.ply"}
		}
		{bone "piece02"
			{Matrix34
				-0.936339	-0.0062844	-0.351041
				-0.351033	-0.00235538	0.93636
				-0.0067113	0.999977	0
				1.87746	9.78174	35.6552
			}
			{VolumeView "piece02.ply"}
		}
		{bone "piece05"
			{Matrix34
				0	-1	0
				0	0	1
				-1	0	0
				-4.95795	16.5534	14.8608
			}
			{VolumeView "piece05.ply"}
			{bone "sub_piece05"
				{Position 5.48328	1.52701	-1.57356e-005}
				{VolumeView "sub_piece05.ply"}
			}
		}
		{bone "piece03"
			{Matrix34
				0	-1	0
				0	0	1
				-1	0	0
				-4.95794	14.0547	-8.07867
			}
			{VolumeView "piece03.ply"}
			{bone "sub_piece03"
				{Position 4.51158	-4.19918	0}
				{VolumeView "sub_piece03.ply"}
			}
		}
		{bone "piece09"
			{Matrix34
				0	-1	0
				0	0	1
				-1	0	0
				-4.95793	-9.30124	1.25681
			}
			{VolumeView "piece09.ply"}
			{bone "sub_piece09"
				{Position 4.44217	0.937044	0}
				{VolumeView "sub_piece09.ply"}
			}
		}
		{bone "piece08"
			{Matrix34
				0	-1	0
				0	0	1
				-1	0	0
				-4.95794	-10.2383	19.0254
			}
			{VolumeView "piece08.ply"}
			{bone "sub_piece08"
				{Position 2.81106	-4.54624	-1.52588e-005}
				{VolumeView "sub_piece08.ply"}
			}
		}
		{bone "piece07"
			{Matrix34
				0	1	0
				-1	0	0
				0	0	1
				-2.74344	-20.9646	18.7008
			}
			{VolumeView "piece07.ply"}
		}
		{bone "piece06"
			{Matrix34
				0	1	0
				-1	0	0
				0	0	1
				-0.74762	-20.9646	-15.8849
			}
			{VolumeView "piece06.ply"}
		}
		{bone "piece04"
			{Matrix34
				-0.936339	-0.00628379	-0.351041
				-0.351033	-0.00235539	0.93636
				-0.00671073	0.999977	0
				-9.23659	9.08727	27.068
			}
			{VolumeView "piece04.ply"}
		}
		{bone "fx_haulm1"
			{Matrix34
				0.0910051	0	0.99585
				0	1	0
				-0.99585	0	0.0910051
				6.12722	-0.901453	39.1559
			}
		}
	}
}
{Volume "piece01"
	{Box 3.0378 1.96851 22.8003}
	{Bone "piece01"}
	{Position 0	0	0}
}
{Volume "piece02"
	{Box 1.54304 1.72977 32.6997}
	{Bone "piece02"}
	{Position 0	0	0}
}
{Volume "piece03"
	{Box 12.4616 7.7807 3.93701}
	{Bone "piece03"}
	{Matrix34
		0.950405	0.311016	0
		-0.311016	0.950405	0
		0	0	1
		0.223469	-0.265222	0
	}
}
{Volume "piece04"
	{Box 1.4764 1.70478 43.3071}
	{Bone "piece04"}
	{Position 1.1447e-005	0	0}
}
{Volume "piece05"
	{Box 8.9537 12.9794 3.937}
	{Bone "piece05"}
	{Position 0	0	0}
}
{Volume "piece06"
	{Box 3.93701 12.0044 11.5373}
	{Bone "piece06"}
}
{Volume "piece07"
	{Box 3.93701 8.01276 9.84252}
	{Bone "piece07"}
}
{Volume "piece08"
	{Box 14.2288 7.70435 3.937}
	{Bone "piece08"}
	{Position 0	0	0}
}
{Volume "piece09"
	{Box 7.77376 12.1465 3.937}
	{Bone "piece09"}
	{Position 0	0	0}
}
{Volume "sub_piece03"
	{Box 7.12965 4.11246 3.93701}
	{Bone "sub_piece03"}
	{Matrix34
		0.917841	0.396948	0
		-0.396948	0.917841	0
		0	0	1
		0.0589828	-0.285979	0
	}
}
{Volume "sub_piece05"
	{Box 4.66634 7.56554 3.93701}
	{Bone "sub_piece05"}
	{Matrix34
		0.957632	0.287996	0
		-0.287996	0.957632	0
		0	0	1
		0.148097	-0.00701523	0
	}
}
{Volume "sub_piece08"
	{Box 7.51695 5.13068 3.937}
	{Bone "sub_piece08"}
	{Matrix34
		0.934076	0.357074	0
		-0.357074	0.934076	0
		0	0	1
		0.342834	0.334743	0
	}
}
{Volume "sub_piece09"
	{Box 5.29879 7.79597 3.937}
	{Bone "sub_piece09"}
	{Matrix34
		0.754542	0.656252	0
		-0.656252	0.754542	0
		0	0	1
		0.584951	0.191841	0
	}
}
