;Exported by: ubrashaev
;Date:        Thu Feb 23 14:49:52 2006
;File:        D:\-Projects1_5-\-work-\3d\euro_sh\euro1_corner2_lm_cornerDoc.max
{Skeleton
	{bone "101_column_l"
		{Orientation
			1	0	0
			0	-1	0
			0	0	1
		}
		{bone "piece00"
			{Matrix34
				0	-1	0
				0	0	1
				-1	0	0
				-17.6054	26.5634	68.8976
			}
			{VolumeView "piece00.ply"}
		}
		{bone "piece01"
			{Matrix34
				0	-1	0
				0	0	1
				-1	0	0
				-17.4086	45.4069	80.8886
			}
			{VolumeView "piece01.ply"}
		}
		{bone "piece02"
			{Matrix34
				0	-1	0
				0	0	1
				-1	0	0
				-17.4086	2.84011	84.8491
			}
			{VolumeView "piece02.ply"}
		}
		{bone "piece03"
			{Matrix34
				0	-1	0
				0	0	1
				-1	0	0
				-17.4082	26.1365	60.0394
			}
			{VolumeView "piece03.ply"}
		}
		{bone "piece04"
			{Matrix34
				0	-1	0
				0	0	1
				-1	0	0
				-0.175959	38.6899	51.1811
			}
			{VolumeView "piece04.ply"}
		}
		{bone "piece05"
			{Matrix34
				0.0871556	-0.996195	0
				0	0	1
				-0.996195	-0.0871556	0
				-1.49847	25.9783	51.1811
			}
			{VolumeView "piece05.ply"}
		}
		{bone "piece06"
			{Matrix34
				0.0871556	-0.996195	0
				0	0	1
				-0.996195	-0.0871556	0
				-1.49848	11.69	51.1811
			}
			{VolumeView "piece06.ply"}
		}
		{bone "piece07"
			{Matrix34
				0.602548	-0.744413	-0.287723
				0.0866211	-0.297388	0.950819
				-0.793368	-0.597837	-0.114708
				-17.4086	49.4937	22.6378
			}
			{VolumeView "piece07.ply"}
		}
		{bone "piece08"
			{Matrix34
				-0.437148	-0.88641	0.152244
				-0.0570597	0.196267	0.978889
				-0.897578	0.419233	-0.136376
				-17.4086	46.8255	22.6378
			}
			{VolumeView "piece08.ply"}
		}
		{bone "piece09"
			{Matrix34
				-0.437148	-0.88641	0.152244
				-0.0570597	0.196267	0.978889
				-0.897578	0.419233	-0.136376
				-17.4086	6.59775	22.6378
			}
			{VolumeView "piece09.ply"}
		}
		{bone "piece10"
			{Matrix34
				0.602548	-0.744413	-0.287723
				0.0866211	-0.297388	0.950819
				-0.793368	-0.597837	-0.114708
				-17.4086	2.29549	22.6378
			}
			{VolumeView "piece10.ply"}
		}
		{bone "piece11"
			{Matrix34
				0.0871556	-0.996195	0
				0	0	1
				-0.996195	-0.0871556	0
				-1.49847	-3.52689	51.1811
			}
			{VolumeView "piece11.ply"}
		}
		{bone "piece12"
			{Matrix34
				0.0871556	-0.996195	0
				0	0	1
				-0.996195	-0.0871556	0
				-1.49848	-32.5836	51.1811
			}
			{VolumeView "piece12.ply"}
		}
		{bone "piece13"
			{Matrix34
				0.0871556	-0.996195	0
				0	0	1
				-0.996195	-0.0871556	0
				-1.49848	-17.6956	51.1811
			}
			{VolumeView "piece13.ply"}
		}
		{bone "piece14"
			{Matrix34
				0	-1	0
				0	0	1
				-1	0	0
				-17.6054	-23.281	68.8976
			}
			{VolumeView "piece14.ply"}
		}
	}
}
{Volume "piece00"
	{Box 46.9946 3.93701 5.43307}
	{Bone "piece00"}
	{Position 0	0	0.74803}
}
{Volume "piece01"
	{Box 3.93701 55.478 3.93702}
	{Bone "piece01"}
	{Position 0	0	0}
}
{Volume "piece02"
	{Box 3.93703 63.399 3.93702}
	{Bone "piece02"}
	{Position 0	0	0}
}
{Volume "piece03"
	{Box 46.1407 13.7795 1.91}
	{Bone "piece03"}
	{Position 0	0	0.955005}
}
{Volume "piece04"
	{Box 7.3709 3.93701 50.2132}
	{Bone "piece04"}
	{Position -1.22382e-005	0	0}
}
{Volume "piece05"
	{Box 7.3709 3.93701 50.2132}
	{Bone "piece05"}
	{Position -1.42277e-005	0	0}
}
{Volume "piece06"
	{Box 7.3709 3.93701 50.2132}
	{Bone "piece06"}
	{Position -1.59712e-005	0	0}
}
{Volume "piece07"
	{Box 7.87402 21.3941 7.87402}
	{Bone "piece07"}
	{Position 0	8.00373	0}
}
{Volume "piece08"
	{Box 7.87402 21.3941 7.87402}
	{Bone "piece08"}
	{Position 0	-8.00373	0}
}
{Volume "piece09"
	{Box 7.87402 21.3941 7.87402}
	{Bone "piece09"}
	{Position 0	-8.00372	0}
}
{Volume "piece10"
	{Box 7.87402 21.3941 7.87402}
	{Bone "piece10"}
	{Position 0	8.00373	0}
}
{Volume "piece11"
	{Box 7.3709 3.93701 50.2132}
	{Bone "piece11"}
	{Position -1.08123e-005	0	0}
}
{Volume "piece12"
	{Box 7.3709 3.93701 50.2132}
	{Bone "piece12"}
	{Position -1.8965e-005	0	0}
}
{Volume "piece13"
	{Box 7.3709 3.93701 50.2132}
	{Bone "piece13"}
	{Position 0	0	0}
}
{Volume "piece14"
	{Box 46.9946 3.93701 3.93701}
	{Bone "piece14"}
	{Position 0	0	0}
}
