;Exported by: sana
;Date:        Tue Nov 21 12:51:57 2006
;File:        D:\-Project-\-3DWork-\Entourage\fortifikations_x.max
{Skeleton
	{bone "wire_left_x"
		{Orientation
			1	0	0
			0	-1	0
			0	0	1
		}
		{bone "piece01"
			{Matrix34
				0.999506	-0.0139148	0.0281778
				-0.0066242	0.783202	0.621731
				-0.0307202	-0.621611	0.782723
				-20.6817	-5.58552	24.2547
			}
			{VolumeView "piece01.ply"}
		}
		{bone "piece02"
			{Matrix34
				0.128555	-0.209258	-0.969373
				0.00636091	-0.97729	0.211811
				-0.991682	-0.0333956	-0.124305
				-13.0233	12.2314	15.1922
			}
			{VolumeView "piece02.ply"}
		}
		{bone "piece03"
			{Matrix34
				-0.158439	-0.68139	-0.714566
				0.233162	-0.729059	0.643513
				-0.959444	-0.0646519	0.274385
				-13.6605	9.22582	21.3355
			}
			{VolumeView "piece03.ply"}
		}
		{bone "piece04"
			{Matrix34
				-0.270968	0.78388	0.558667
				-0.962098	-0.202027	-0.183174
				-0.0307204	-0.587127	0.808912
				17.799	-5.68711	24.7507
			}
			{VolumeView "piece04.ply"}
		}
		{bone "piece05"
			{Matrix34
				0.596851	0.207448	-0.77507
				0.144694	-0.977989	-0.150335
				0.789197	0.0224203	0.613731
				-13.9037	-10.5153	10.9923
			}
			{VolumeView "piece05.ply"}
		}
		{bone "piece06"
			{Matrix34
				-0.587549	-0.021198	-0.808911
				-0.00568981	-0.999524	0.030326
				-0.809168	0.0224206	0.587149
				7.76234	-12.1429	11.0255
			}
			{VolumeView "piece06.ply"}
		}
		{bone "piece07"
			{Position -12.2323	-0.637183	14.4927}
			{VolumeView "piece07.ply"}
		}
		{bone "piece08"
			{Matrix34
				-0.786187	-0.472605	0.398188
				-0.61682	0.639707	-0.458594
				0.0379892	0.606151	0.794442
				-18.3313	1.81661	18.3011
			}
			{VolumeView "piece08.ply"}
		}
		{bone "piece09"
			{Matrix34
				0.999506	-0.0203241	0.0239693
				-0.00662414	0.60933	0.792889
				-0.03072	-0.792657	0.608894
				-20.1813	4.96196	10.7094
			}
			{VolumeView "piece09.ply"}
		}
		{bone "piece10"
			{Matrix34
				0.500823	0.207447	-0.840323
				0.125864	-0.977989	-0.166418
				0.85635	0.0224207	0.515909
				7.1201	-9.94074	19.1393
			}
			{VolumeView "piece10.ply"}
		}
		{bone "piece11"
			{Matrix34
				-0.296016	-0.68139	-0.669389
				0.355289	-0.729059	0.585015
				-0.886648	-0.0646526	0.457904
				7.38061	10.8722	9.91402
			}
			{VolumeView "piece11.ply"}
		}
		{bone "piece12"
			{Matrix34
				-0.51633	-0.0211981	-0.856127
				-0.00825856	-0.999524	0.0297294
				-0.85635	0.0224205	0.515909
				-13.7753	-11.5818	21.9896
			}
			{VolumeView "piece12.ply"}
		}
		{bone "piece13"
			{Matrix34
				0.00682828	-0.209258	-0.977837
				0.0326905	-0.97729	0.20937
				-0.999442	-0.0333956	0.000167534
				6.69364	12.7206	14.1794
			}
			{VolumeView "piece13.ply"}
		}
		{bone "piece14"
			{Matrix34
				-0.270968	0.869589	0.412784
				-0.962098	-0.230979	-0.14497
				-0.0307205	-0.436421	0.899218
				18.2993	4.49263	12.3528
			}
			{VolumeView "piece14.ply"}
		}
		{bone "piece15"
			{Position 9.76704	0.934146	16.4654}
			{VolumeView "piece15.ply"}
		}
	}
}
{Volume "piece01"
	{Box 2.61131 2.56466 15.286}
	{Bone "piece01"}
	{Position 0	0	0}
}
{Volume "piece02"
	{Box 1.58495 2.13666 17.0002}
	{Bone "piece02"}
	{Position 0	0	0}
}
{Volume "piece03"
	{Box 2.08897 1.46358 20.9065}
	{Bone "piece03"}
	{Position 0	0	2.67029e-005}
}
{Volume "piece04"
	{Box 2.6 2.25166 15.1424}
	{Bone "piece04"}
	{Position 0	0	0}
}
{Volume "piece05"
	{Box 1.84015 1.46358 20.5805}
	{Bone "piece05"}
	{Matrix34
		-1	0	0
		0	-1	0
		0	0	-1
		0	0	0
	}
}
{Volume "piece06"
	{Box 1.93001 1.46358 30.3926}
	{Bone "piece06"}
	{Position 0	0	-1.71661e-005}
}
{Volume "piece07"
	{Sphere 12.4734}
	{Bone "piece07"}
	{Position 0.673874	1.0829	0}
}
{Volume "piece08"
	{Box 3.12534 2.64844 26.1859}
	{Bone "piece08"}
	{Matrix34
		-1	0	0
		0	-1	0
		0	0	-1
		0	0	0
	}
}
{Volume "piece09"
	{Box 2.61821 3.63001 22.117}
	{Bone "piece09"}
	{Position 0	0	0}
}
{Volume "piece10"
	{Box 2.08898 1.46359 31.5089}
	{Bone "piece10"}
	{Matrix34
		-1	0	0
		0	-1	0
		0	0	-1
		1.0916e-005	0	1.14441e-005
	}
}
{Volume "piece11"
	{Box 1.92482 1.46358 30.9388}
	{Bone "piece11"}
	{Position 1.43367e-005	0	0}
}
{Volume "piece12"
	{Box 2.08897 1.46358 20.4471}
	{Bone "piece12"}
	{Position 0	0	0}
}
{Volume "piece13"
	{Box 1.9844 2.87329 24.6666}
	{Bone "piece13"}
	{Position 0	0	0}
}
{Volume "piece14"
	{Box 2.6 2.25166 22.6124}
	{Bone "piece14"}
	{Position 1.04332e-005	0	0}
}
{Volume "piece15"
	{Sphere 13.1851}
	{Bone "piece15"}
	{Position -0.377686	0	-0.964929}
}
