;Exported by: sana
;Date:        Thu Apr 26 12:55:23 2007
;File:        D:\-Project-\-3DWork-\Entourage\School_Ru\School_ru_cut3a_x.max
{Skeleton
	{bone "school_ru_inn_r_2_3_x"
		{Orientation
			1	0	0
			0	-1	0
			0	0	1
		}
		{bone "piece06"
			{Position 24.2933	0	-7.10575}
			{VolumeView "piece06.ply"}
			{bone "sub_piece06"
				{Position -13.7541	0	0.453629}
				{VolumeView "sub_piece06.ply"}
			}
		}
		{bone "piece08"
			{Position -10.0868	0	9.34258}
			{VolumeView "piece08.ply"}
			{bone "sub_piece08"
				{Position 10.3924	0	3.33838}
				{VolumeView "sub_piece08.ply"}
			}
		}
		{bone "piece05"
			{Position -5.75198	-1.52588e-005	-10.8265}
			{VolumeView "piece05.ply"}
		}
		{bone "piece01"
			{Matrix34
				0.883176	0.469041	0
				-0.465052	0.875664	-0.130148
				-0.0610449	0.114944	0.991495
				0.852264	15.2822	18.9306
			}
			{VolumeView "piece01.ply"}
		}
		{bone "piece03"
			{Matrix34
				0.806931	0	-0.590646
				0	1	0
				0.590646	0	0.806931
				0.852264	29.0244	32.8845
			}
			{VolumeView "piece03.ply"}
		}
		{bone "piece04"
			{Position 0.91275	8.01717	39.4472}
			{VolumeView "piece04.ply"}
		}
		{bone "piece07"
			{Position 6.00338	48.0182	45.7805}
			{VolumeView "piece07.ply"}
			{bone "sub_piece07"
				{Position -34.649	-2.85529	0.588852}
				{VolumeView "sub_piece07.ply"}
			}
		}
		{bone "piece02"
			{Position -2.21707	11.2177	45.044}
			{VolumeView "piece02.ply"}
		}
	}
}
{Volume "piece01"
	{Box 3.11713 63.1766 2.95447}
	{Bone "piece01"}
	{Position -6.10406e-005	6.32057	0}
}
{Volume "piece02"
	{Box 68.2405 36.045 1.42657}
	{Bone "piece02"}
	{Matrix34
		1	0	0
		0	0.967979	0.251032
		0	-0.251032	0.967979
		-3.05176e-005	-0.388269	-0.423923
	}
}
{Volume "piece03"
	{Box 3.26793 3.0974 26.7742}
	{Bone "piece03"}
	{Position 0	0	1.52588e-005}
}
{Volume "piece04"
	{Box 3.26791 43.5874 13.9855}
	{Bone "piece04"}
	{Position -3.05176e-005	0	0}
}
{Volume "piece05"
	{Box 18.8408 2.95277 9.34929}
	{Bone "piece05"}
	{Position 0	1.52588e-005	-0.462327}
}
{Volume "piece06"
	{Box 17.1365 2.95276 19.0393}
	{Bone "piece06"}
	{Position 0	0	-0.246995}
}
{Volume "piece07"
	{Box 44.1593 34.8571 1.64783}
	{Bone "piece07"}
	{Matrix34
		1	0	0
		0	0.975023	-0.222102
		0	0.222102	0.975023
		0	-0.285683	0.232178
	}
}
{Volume "piece08"
	{Box 16.3653 2.95277 15.6262}
	{Bone "piece08"}
	{Position 0	0	0.630204}
}
{Volume "sub_piece06"
	{Box 13.0988 2.95276 9.86363}
	{Bone "sub_piece06"}
	{Matrix34
		0.997849	0	0.065558
		0	1	0
		-0.065558	0	0.997849
		0.0320071	0	0.276538
	}
}
{Volume "sub_piece07"
	{Box 33.665 29.1466 1.01494}
	{Bone "sub_piece07"}
	{Matrix34
		1	0	0
		0	0.974291	-0.225293
		0	0.225293	0.974291
		0	0.660014	-0.204557
	}
}
{Volume "sub_piece08"
	{Box 10.6166 2.95277 8.89238}
	{Bone "sub_piece08"}
	{Position 0	0	0.318137}
}
