;Exported by: sasha
;Date:        Wed Aug 27 12:21:09 2008
;File:        D:\-Projects-\-3DWork-\-Vehicles-\Universal Carrier\Universal Carrier_xx.max
{Skeleton
	{bone "basis"
		{parameters "WheelRadius=0.3;"}
		{Orientation
			1	0	0
			0	-1	0
			0	0	1
		}
		{bone "wheelsl"
			{parameters "ID=trackleft;"}
			{Position 1.45122	12.932	0}
			{bone revolute "wheell2"
				{parameters "ID=trackleft;"}
				{Matrix34
					0	0.185296	-0.982683
					-0.991429	-0.128384	-0.0242082
					-0.130646	0.97426	0.183708
					10.1982	3.79131	6.92136
				}
				{VolumeView "wheell2.ply"}
			}
			{bone revolute "wheell3"
				{parameters "ID=trackleft;"}
				{Matrix34
					0	0	-1
					-0.989018	0.147797	0
					0.147797	0.989018	0
					-2.83623	3.79131	6.92136
				}
				{VolumeView "wheell3.ply"}
			}
			{bone revolute "wheell4"
				{parameters "ID=trackleft;"}
				{Matrix34
					0	0.213686	-0.976902
					-1	0	0
					0	0.976902	0.213686
					-19.7121	3.79131	6.92136
				}
				{VolumeView "wheell4.ply"}
			}
		}
		{bone "wheelsr"
			{parameters "ID=trackleft;"}
			{Position 1.45123	-12.6597	0}
			{bone revolute "wheelr2"
				{parameters "ID=trackright;"}
				{Matrix34
					-1	0	0
					0	0	1
					0	1	0
					10.1982	29.383	6.92136
				}
				{VolumeView "wheelr2.ply"}
			}
			{bone revolute "wheelr3"
				{parameters "ID=trackright;"}
				{Matrix34
					-1	0	0
					0	0	1
					0	1	0
					-2.83623	29.383	6.92136
				}
				{VolumeView "wheelr3.ply"}
			}
			{bone revolute "wheelr4"
				{parameters "ID=trackright;"}
				{Matrix34
					-1	0	0
					0	0	1
					0	1	0
					-19.7121	29.383	6.92136
				}
				{VolumeView "wheelr4.ply"}
			}
		}
		{bone "body"
			{parameters "ID=body;"}
			{Position 0.728065	0	16.8713}
			{VolumeView "body.ply"}
			{bone revolute "gun_rot"
				{limits -25 25}
				{speed 0.02}
				{Position 26.1489	5.3167	-0.388657}
				{VolumeView "gun_rot.ply"}
				{bone revolute "gun"
					{limits -25 25}
					{speed 0.02}
					{Matrix34
						0.939277	0	-0.343159
						0.343159	0	0.939277
						0	-1	0
						-0.193556	-0.00616741	0.0682392
					}
					{VolumeView "gun.ply"}
				}
			}
			{bone revolute "wheelr1"
				{parameters "ID=trackright;"}
				{Matrix34
					-0.998166	0.0605327	0
					0	0	-1
					-0.0605327	-0.998166	0
					29.6743	-17.1836	-9.04007
				}
				{VolumeView "wheelr1.ply"}
			}
			{bone revolute "wheell1"
				{parameters "ID=trackleft;"}
				{Matrix34
					0	0	-1
					-0.996187	-0.0872448	0
					-0.0872448	0.996187	0
					29.6743	17.2495	-9.04007
				}
				{VolumeView "wheell1.ply"}
			}
			{bone revolute "part5"
				{Matrix34
					0	0	-1
					-1	0	0
					0	1	0
					-31.1906	19.0248	-7.97846
				}
				{VolumeView "part5.ply"}
			}
			{bone revolute "wheelr5"
				{parameters "ID=trackright;"}
				{Matrix34
					-1	0	0
					0	0	1
					0	1	0
					-31.1907	19.0248	-7.97846
				}
				{VolumeView "wheelr5.ply"}
			}
			{bone "part1"
				{Position 25.4803	18.2474	-4.32117}
				{VolumeView "part1.ply"}
			}
			{bone "part2"
				{Position 25.5287	-18.2474	-4.83328}
				{VolumeView "part2.ply"}
			}
			{bone "part3"
				{Position -11.2219	-20.4717	4.28629}
				{VolumeView "part3.ply"}
			}
			{bone "part4"
				{Position -15.8093	19.0419	4.28629}
				{VolumeView "part4.ply"}
			}
			{bone "part6"
				{Matrix34
					0.970096	0	-0.242723
					0	1	0
					0.242723	0	0.970096
					31.5056	-5.09965	-3.10349
				}
				{VolumeView "part6.ply"}
			}
		}
	}
}
{Volume "body10"
	{Box 14.6561 0.51888 13.6225}
	{Bone "body"}
	{Matrix34
		0.669486	-0.742824	0
		0.742824	0.669486	0
		0	0	1
		23.7821	15.1124	2.93645
	}
}
{Volume "body11"
	{Box 9.23335 0.51888 13.1316}
	{Bone "body"}
	{Matrix34
		-0.912742	-0.408537	0
		0.408537	-0.912742	0
		0	0	1
		24.5311	0.360279	2.691
	}
}
{Volume "body12"
	{Box 33.141 7.66904 9.4124}
	{Bone "body"}
	{Position -9.29903	0.42208	2.83924}
}
{Volume "body1"
	{Box 14.2506 0.51888 12.5499}
	{Bone "body"}
	{Matrix34
		0.996152	0.0876373	0
		-0.0876373	0.996152	0
		0	0	1
		0.673758	20.0354	4.40798
	}
}
{Volume "body2"
	{Box 7.95384 0.51888 12.5499}
	{Bone "body"}
	{Matrix34
		0.994807	0.101778	0
		-0.101778	0.994807	0
		0	0	1
		3.39174	-20.9801	4.40798
	}
}
{Volume "body3"
	{Box 40.8806 7.31309 12.5499}
	{Bone "body"}
	{Matrix34
		0	-1	0
		1	0	0
		0	0	1
		-28.7391	-0.693506	4.40798
	}
}
{Volume "body4"
	{Box 41.5827 0.51888 12.5499}
	{Bone "body"}
	{Matrix34
		0	-1	0
		1	0	0
		0	0	1
		7.15045	-0.0269078	4.40798
	}
}
{Volume "body5"
	{Box 19.5439 0.51888 9.6634}
	{Bone "body"}
	{Matrix34
		0	-1	0
		1	0	0
		0	0	1
		20.4406	-11.0358	2.96474
	}
}
{Volume "body6"
	{Box 8.013 0.51888 15.0849}
	{Bone "body"}
	{Matrix34
		0	-1	0
		1	0	0
		0	0	1
		28.5814	5.83919	3.44229
	}
}
{Volume "body7"
	{Box 12.2134 0.51888 9.6634}
	{Bone "body"}
	{Position 13.1496	20.5823	2.96474}
}
{Volume "body9"
	{Box 13.5878 0.51888 9.6634}
	{Bone "body"}
	{Position 13.7601	-20.5281	2.96474}
}
{Volume "body"
	{Polyhedron "body.vol"}
	{Bone "body"}
	{Position 1.26638	-0.12138	-13.1667}
}
{Volume "part1"
	{Box 22.0136 8.95784 6.73872}
	{Bone "part1"}
	{Matrix34
		0.997284	0	0.0736508
		0	1	0
		-0.0736508	0	0.997284
		0.145744	0	-0.307799
	}
}
{Volume "part2"
	{Box 20.9313 8.95785 6.87552}
	{Bone "part2"}
	{Matrix34
		0.995372	0	0.0960922
		0	1	0
		-0.0960922	0	0.995372
		0.141575	0	0.748754
	}
}
{Volume "part3"
	{Box 26.3704 1.25845 12.8116}
	{Bone "part3"}
	{Matrix34
		0.999579	-0.0290006	0
		0.0290006	0.999579	0
		0	0	1
		0	-0.407143	0
	}
}
{Volume "part4"
	{Box 20.1333 2.20098 12.8116}
	{Bone "part4"}
	{Matrix34
		0.982958	0.183828	0
		-0.183828	0.982958	0
		0	0	1
		0	1.64002	0
	}
}
{Volume "part5"
	{Cylinder 5.52658 3.31636}
	{Bone "part5"}
	{Position 0	0	-1.6397}
}
{Volume "part6"
	{Cylinder 5.90944 1.97349}
	{Bone "part6"}
	{Position 0.165154	0	0.0534777}
}
{Volume "trackleft"
	{Box 68.2702 4.64734 15.9835}
	{Bone "wheelsl"}
	{Matrix34
		-1	0	0
		0	-1	0
		0	0	1
		-1.82641	4.77833	8.79503
	}
}
{Volume "trackright"
	{Box 67.8812 4.92071 15.9835}
	{Bone "wheelsr"}
	{Matrix34
		-1	0	0
		0	-1	0
		0	0	1
		-1.82824	-4.72147	8.79503
	}
}
