;Exported by: sana
;Date:        Sat Jan 28 14:50:36 2006
;File:        D:\-Project-\-3DWork-\Entourage\house_euro_110\house_euro_110_x.max
{Skeleton
	{bone "110n_corner10"
		{Orientation
			1	0	0
			0	-1	0
			0	0	1
		}
		{bone "piece1"
			{Position -7.9716	-21.0646	124.823}
			{VolumeView "piece1.ply"}
		}
		{bone "piece0"
			{Position 0.0465355	-64.9778	129.981}
			{VolumeView "piece0.ply"}
		}
		{bone "piece2"
			{Position -25.8107	-1.79755	110.548}
			{VolumeView "piece2.ply"}
			{bone "sub_piece2"
				{Position 11.345	0	9.59264}
				{VolumeView "sub_piece2.ply"}
			}
		}
		{bone "piece3"
			{Position 17.8883	-1.79755	122.72}
			{VolumeView "piece3.ply"}
			{bone "sub_piece3"
				{Position -12.1752	0	-10.7916}
				{VolumeView "sub_piece3.ply"}
			}
		}
		{bone "piece4"
			{Position 33.8451	-1.79755	91.8211}
			{VolumeView "piece4.ply"}
			{bone "sub_piece4"
				{Position -6.82322	0	-12.8477}
				{VolumeView "sub_piece4.ply"}
			}
		}
		{bone "piece5"
			{Position -1.27586	-1.79755	71.2555}
			{VolumeView "piece5.ply"}
		}
	}
}
{Volume "piece0"
	{Box 53.6614 35.6771 3.93701}
	{Bone "piece0"}
	{Matrix34
		0.845165	0	0.534506
		0	1	0
		-0.534506	0	0.845165
		-0.278004	4.9314	2.62163
	}
}
{Volume "piece1"
	{Box 69.9306 43.09 3.93701}
	{Bone "piece1"}
	{Matrix34
		0.840768	0	0.541396
		0	1	0
		-0.541396	0	0.840768
		-3.65053	0	0.873027
	}
}
{Volume "piece2"
	{Box 30.4379 7.87402 24.3503}
	{Bone "piece2"}
	{Position 0	0	-1.52588e-005}
}
{Volume "piece3"
	{Box 25.0605 7.87402 20.7236}
	{Bone "piece3"}
	{Matrix34
		0.96686	0	-0.255309
		0	1	0
		0.255309	0	0.96686
		-0.673392	0	-0.260721
	}
}
{Volume "piece4"
	{Box 21.0298 7.87402 28.7776}
	{Bone "piece4"}
	{Position 0	0	0}
}
{Volume "piece5"
	{Box 20.1075 7.87402 24.3503}
	{Bone "piece5"}
	{Position 0	0	0}
}
{Volume "sub_piece2"
	{Box 12.6179 7.87402 15.9236}
	{Bone "sub_piece2"}
	{Matrix34
		0.809057	0	0.58773
		0	1	0
		-0.58773	0	0.809057
		0.958435	0	0.525389
	}
}
{Volume "sub_piece3"
	{Box 15.6475 7.87402 18.4472}
	{Bone "sub_piece3"}
	{Matrix34
		0.734461	0	0.678651
		0	1	0
		-0.678651	0	0.734461
		-0.43368	0	-1.0155
	}
}
{Volume "sub_piece4"
	{Box 16.1747 7.87402 15.5225}
	{Bone "sub_piece4"}
	{Position 0	0	0}
}
