;Exported by: sergienko
;Date:        Thu Dec 15 18:59:48 2005
;File:        D:\-projets1_5\3dwork\anima\construction\bridge_rw\bridge_new_xx.max
{Skeleton
	{bone "bridge_rw_crossbar4"
		{Orientation
			1	0	0
			0	-1	0
			0	0	1
		}
		{bone "piece4"
			{Position 70.2505	-2.56461	197.556}
			{VolumeView "piece4.ply"}
			{bone "sub_piece1"
				{Position 20.5041	-0.000114441	-61.5923}
				{VolumeView "sub_piece1.ply"}
			}
		}
		{bone "piece3"
			{Position 14.4402	-2.56464	161.473}
			{VolumeView "piece3.ply"}
		}
		{bone "sub_piece2"
			{Position 35.2695	-2.56464	227.751}
			{VolumeView "sub_piece2.ply"}
		}
		{bone "piece2"
			{Position 48.6016	-2.60922	214}
			{VolumeView "piece2.ply"}
		}
		{bone "piece1"
			{Position 48.6113	-2.60925	146.924}
			{VolumeView "piece1.ply"}
		}
		{bone "sub_piece3"
			{Position 25.6937	-2.54376	240.759}
			{VolumeView "sub_piece3.ply"}
		}
		{bone "piece5"
			{Position 67.1607	-1.9465	253.339}
			{VolumeView "piece5.ply"}
		}
	}
}
{Volume "piece1"
	{Box 10.0894 8.27605 69.2225}
	{Bone "piece1"}
	{Position 0	3.05176e-005	0}
}
{Volume "piece2"
	{Box 10.0741 8.27605 62.4719}
	{Bone "piece2"}
	{Position -6.10352e-005	1.52588e-005	0}
}
{Volume "piece3"
	{Box 6.68404 7.23392 98.5008}
	{Bone "piece3"}
	{Matrix34
		0.957497	0	-0.288445
		0	1	0
		0.288445	0	0.957497
		0.462267	0	0.000404726
	}
}
{Volume "piece4"
	{Box 6.24807 7.23391 95.4006}
	{Bone "piece4"}
	{Matrix34
		0.95689	0	0.290451
		0	1	0
		-0.290451	0	0.95689
		0.818106	0	0.0998546
	}
}
{Volume "piece5"
	{Box 55.7991 16.0772 15.5731}
	{Bone "piece5"}
	{Position 0	3.05176e-005	-3.52332}
}
{Volume "sub_piece1"
	{Box 5.99341 7.23392 47.4819}
	{Bone "sub_piece1"}
	{Matrix34
		0.956737	0	0.290954
		0	1	0
		-0.290954	0	0.956737
		-0.801725	-3.05176e-005	1.1062e-005
	}
}
{Volume "sub_piece2"
	{Box 6.35159 7.23392 40.0406}
	{Bone "sub_piece2"}
	{Matrix34
		0.958084	0	-0.286487
		0	1	0
		0.286487	0	0.958084
		-0.40675	3.05176e-005	0
	}
}
{Volume "sub_piece3"
	{Box 16.471 14.5104 15.5628}
	{Bone "sub_piece3"}
	{Position 6.10352e-005	-1.52588e-005	-0.312629}
}
