;Exported by: sana
;Date:        Wed Mar 29 18:37:55 2006
;File:        D:\-Project-\-3DWork-\Entourage\greenhouse.max
{Skeleton
	{bone "greenhous_corner1"
		{Orientation
			1	0	0
			0	-1	0
			0	0	1
		}
		{VolumeView "greenhous_corner1.ply"}
		{bone "window1"
			{Matrix34
				1	0	0
				0	-0.866025	0.5
				0	0.5	0.866025
				-21.3371	-10.8636	62.2983
			}
			{VolumeView "window1.ply"}
			{bone "fx_glass1"
				{Matrix34
					0	0	-1
					-1	0	0
					0	-1	0
					37.7687	-6.16783	-5.7004
				}
			}
		}
		{bone "window2"
			{Matrix34
				1	0	0
				0	-0.866025	0.5
				0	0.5	0.866025
				-21.3371	-10.8636	62.2983
			}
			{VolumeView "window2.ply"}
			{bone "fx_glass2"
				{Matrix34
					0	0	-1
					-1	0	0
					0	-1	0
					-0.399246	-6.16782	-5.70041
				}
			}
		}
		{bone "window3"
			{Matrix34
				1	0	0
				0	-0.866025	0.5
				0	0.5	0.866025
				-21.3371	-10.8636	62.2983
			}
			{VolumeView "window3.ply"}
			{bone "fx_glass3"
				{Matrix34
					0	0	-1
					-1	0	0
					0	-1	0
					37.7686	-28.3769	-5.7561
				}
			}
		}
		{bone "window4"
			{Matrix34
				1	0	0
				0	-0.866025	0.5
				0	0.5	0.866025
				-21.3371	-10.8636	62.2983
			}
			{VolumeView "window4.ply"}
			{bone "fx_glass4"
				{Matrix34
					0	0	-1
					-1	0	0
					0	-1	0
					-0.399232	-28.3769	-5.75611
				}
			}
		}
		{bone "window5"
			{Matrix34
				1	0	0
				0	0	1
				0	-1	0
				173.672	24.8635	26.3695
			}
			{VolumeView "window5.ply"}
			{bone "fx_glass5"
				{Matrix34
					0	0	-1
					-1	0	0
					0	1	0
					-157.241	1.43598	-5.0607
				}
			}
		}
		{bone "window6"
			{Matrix34
				1	0	0
				0	0	1
				0	-1	0
				173.672	24.8635	26.3695
			}
			{VolumeView "window6.ply"}
			{bone "fx_glass6"
				{Matrix34
					0	0	-1
					-1	0	0
					0	1	0
					-195.409	1.43598	-5.0607
				}
			}
		}
		{bone "window7"
			{Matrix34
				1	0	0
				0	0	1
				0	-1	0
				-40.2611	7.74409	26.3695
			}
			{VolumeView "window7.ply"}
			{bone "fx_glass7"
				{Matrix34
					-1	0	0
					0	0	1
					0	1	0
					-4.40593	0.621959	0.382593
				}
			}
		}
		{bone "window2_x"
			{Matrix34
				1	0	0
				0	-0.866025	0.5
				0	0.5	0.866025
				-21.3371	-11.1271	61.8979
			}
			{visibility 0}
			{VolumeView "window2_x.ply"}
		}
		{bone "window1_x"
			{Matrix34
				1	0	0
				0	-0.866025	0.5
				0	0.5	0.866025
				-21.3371	-11.1271	61.8979
			}
			{visibility 0}
			{VolumeView "window1_x.ply"}
		}
		{bone "window4_x"
			{Matrix34
				1	0	0
				0	-0.866025	0.5
				0	0.5	0.866025
				-21.3371	-11.1271	61.8979
			}
			{visibility 0}
			{VolumeView "window4_x.ply"}
		}
		{bone "window3_x"
			{Matrix34
				1	0	0
				0	-0.866025	0.5
				0	0.5	0.866025
				-21.3371	-11.1271	61.8979
			}
			{visibility 0}
			{VolumeView "window3_x.ply"}
		}
		{bone "window7_x"
			{Matrix34
				1	0	0
				0	0	1
				0	-1	0
				-39.8844	7.74409	26.3695
			}
			{visibility 0}
			{VolumeView "window7_x.ply"}
		}
		{bone "window6_x"
			{Matrix34
				1	0	0
				0	0	1
				0	-1	0
				173.672	24.356	26.3695
			}
			{visibility 0}
			{VolumeView "window6_x.ply"}
		}
		{bone "window5_x"
			{Matrix34
				1	0	0
				0	0	1
				0	-1	0
				173.672	24.356	26.3695
			}
			{visibility 0}
			{VolumeView "window5_x.ply"}
		}
	}
}
{Obstacle "body1"
	{Obb2
		{Center -2.48516 -24.5047}
		{Extent 39.2795 2.62972}
		{Axis 1 0}
	}
	{Rotate}
	{Tags  "body"}
}
{Obstacle "body2"
	{Obb2
		{Center -39.7729 -8.2489}
		{Extent 2.62972 18.2296}
		{Axis 1 0}
	}
	{Rotate}
	{Tags  "body"}
}
{Volume "body1"
	{Box 78.5589 5.25943 42.9581}
	{Bone "greenhous_corner1"}
	{Position -2.48516	24.5047	21.4791}
}
{Volume "body2"
	{Box 36.4592 5.25943 42.9581}
	{Bone "greenhous_corner1"}
	{Matrix34
		0	1	0
		-1	0	0
		0	0	1
		-39.7729	8.24889	21.4791
	}
}
{Volume "body3"
	{Box 78.5589 2.41934 56.7047}
	{Bone "greenhous_corner1"}
	{Matrix34
		1	0	0
		0	0.5	0.866026
		0	-0.866026	0.5
		-2.48515	0.721145	56.4199
	}
}
{Volume "fire1"
	{Box 3.11762 2.36816 27.9738}
	{Bone "greenhous_corner1"}
	{Position -39.6493	24.0893	27.2055}
}
{Volume "fire2"
	{Box 3.11762 2.36816 27.9738}
	{Bone "greenhous_corner1"}
	{Position -2.81758	24.0623	27.2055}
}
{Volume "fire3"
	{Box 3.64762 3.36279 47.147}
	{Bone "greenhous_corner1"}
	{Position -39.6493	-8.28613	36.7921}
}
{Volume "fire4"
	{Box 3.64762 3.36279 39.3251}
	{Bone "greenhous_corner1"}
	{Matrix34
		1	0	0
		0	0	1
		0	-1	0
		-39.9405	5.4114	41.0804
	}
}
{Volume "fire5"
	{Box 3.64762 2.59877 54.4984}
	{Bone "greenhous_corner1"}
	{Matrix34
		1	0	0
		0	0.5	0.866026
		0	-0.866026	0.5
		-39.6493	1.50245	55.5977
	}
}
{Volume "fire6"
	{Box 2.00619 2.59877 54.4984}
	{Bone "greenhous_corner1"}
	{Matrix34
		1	0	0
		0	0.5	0.866026
		0	-0.866026	0.5
		-2.7429	1.47545	55.5977
	}
}
{Volume "fire7"
	{Box 3.64762 3.36279 61.2911}
	{Bone "greenhous_corner1"}
	{Matrix34
		0	0	1
		0	1	0
		-1	0	0
		-11.3959	-22.5542	69.0432
	}
}
{Volume "fire8"
	{Box 3.64762 3.36279 74.7752}
	{Bone "greenhous_corner1"}
	{Matrix34
		0	0	1
		0	1	0
		-1	0	0
		-3.67141	24.3886	41.2715
	}
}
{Volume "fire9"
	{Box 2.15939 1.51326 64.6732}
	{Bone "greenhous_corner1"}
	{Matrix34
		0	0	1
		0	1	0
		-1	0	0
		-5.47604	0.879475	56.344
	}
}
{Volume "hole1"
	{Box 14.6244 26.0806 34.9629}
	{Bone "greenhous_corner1"}
	{Matrix34
		0	1	0
		0	0	1
		1	0	0
		16.0229	27.6718	26.3851
	}
}
{Volume "hole2"
	{Box 14.6244 26.0806 34.9629}
	{Bone "greenhous_corner1"}
	{Matrix34
		0	1	0
		0	0	1
		1	0	0
		-20.8651	27.6718	26.3851
	}
}
{Volume "hole3"
	{Box 14.6244 26.0676 29.7185}
	{Bone "greenhous_corner1"}
	{Matrix34
		-1	0	0
		0	0	1
		0	1	0
		-41.3052	8.22647	26.3851
	}
}
{Volume "hole4"
	{Box 14.6244 26.0806 34.9629}
	{Bone "greenhous_corner1"}
	{Matrix34
		0	0.5	0.866026
		0	-0.866026	0.5
		1	0	0
		16.0229	13.8088	52.8414
	}
}
{Volume "hole5"
	{Box 14.6244 26.0806 34.9629}
	{Bone "greenhous_corner1"}
	{Matrix34
		0	0.5	0.866026
		0	-0.866026	0.5
		1	0	0
		-20.6675	13.8088	52.8414
	}
}
{Volume "hole6"
	{Box 14.6244 23.2611 34.6133}
	{Bone "greenhous_corner1"}
	{Matrix34
		0	0.5	0.866026
		0	-0.866026	0.5
		1	0	0
		15.8481	-8.84432	65.9227
	}
}
{Volume "hole7"
	{Box 14.6244 23.2611 34.6133}
	{Bone "greenhous_corner1"}
	{Matrix34
		0	0.5	0.866026
		0	-0.866026	0.5
		1	0	0
		-20.5371	-8.84432	65.9227
	}
}
{Volume "window1"
	{Box 5.90551 35.0151 23.5409}
	{Bone "window1"}
	{Matrix34
		0	0	1
		-1	0	0
		0	1	0
		37.713	0.227192	0.820723
	}
}
{Volume "window2"
	{Box 5.90551 35.0151 23.4861}
	{Bone "window2"}
	{Matrix34
		0	0	1
		-1	0	0
		0	1	0
		0.496367	0.199802	0.820708
	}
}
{Volume "window3"
	{Box 5.90551 35.0151 26.0957}
	{Bone "window3"}
	{Matrix34
		0	0	1
		-1	0	0
		0	1	0
		37.713	-26.4102	0.814814
	}
}
{Volume "window4"
	{Box 5.90551 35.0151 26.0957}
	{Bone "window4"}
	{Matrix34
		0	0	1
		-1	0	0
		0	1	0
		0.496354	-26.4102	0.814812
	}
}
{Volume "window5"
	{Box 5.90551 35.0151 26.0957}
	{Bone "window5"}
	{Matrix34
		0	0	-1
		-1	0	0
		0	1	0
		-157.296	-0.00813103	0.485067
	}
}
{Volume "window6"
	{Box 5.90551 35.0151 26.0957}
	{Bone "window6"}
	{Matrix34
		0	0	-1
		-1	0	0
		0	1	0
		-194.513	-0.00813103	0.485067
	}
}
{Volume "window7"
	{Box 5.90551 29.0625 26.0957}
	{Bone "window7"}
	{Matrix34
		-1	0	0
		0	0	1
		0	1	0
		0.246704	-0.00812817	-0.804428
	}
}
