;Exported by: kolesnikov
;Date:        Mon Aug 01 17:42:13 2005
;File:        D:\-Project-\-3DWork-\Constructions\dot_small.max
{Skeleton
	{bone "cw02_x"
		{Orientation
			1	0	0
			0	-1	0
			0	0	1
		}
		{bone "piece2"
			{Matrix34
				0	1	0
				0	0	-1
				-1	0	0
				0.373138	-0.426086	41.6042
			}
			{VolumeView "piece2.ply"}
			{bone "armatura41"
				{Matrix34
					0.0669874	0.965926	-0.25
					0.25	-0.258819	-0.933013
					-0.965926	0	-0.258819
					11.6983	13.1264	-8.65321
				}
				{VolumeView "armatura41.ply"}
			}
		}
		{bone "piece1"
			{Matrix34
				0	1	0
				-1	0	0
				0	0	1
				17.8499	11.903	22.3969
			}
			{VolumeView "piece1.ply"}
			{bone "armatura40"
				{Matrix34
					0.0669874	0.965926	-0.25
					0.25	-0.258819	-0.933013
					-0.965926	0	-0.258819
					11.6983	13.1264	-8.65321
				}
				{VolumeView "armatura40.ply"}
			}
		}
	}
}
{Volume "body88"
	{Box 3.2624 17.9817 15.1415}
	{Bone "piece1"}
	{Matrix34
		0	-1	0
		0.996195	0	-0.0871557
		0.0871557	0	0.996195
		0.912813	-0.0327684	-4.60426
	}
}
{Volume "body89"
	{Box 3.2624 19.2405 15.8986}
	{Bone "piece2"}
	{Matrix34
		0	-1	0
		0.996195	0	0.0871557
		-0.0871557	0	0.996195
		3.54214	-0.0327748	-4.96276
	}
}
