;Exported by: Normand
;Date:        Wed Mar 07 09:29:23 2018
;File:        C:\Users\Normand\75mm1897a4_xx.max
{Skeleton
	{bone revolute "basis"
		{speed 0.01}
		{Orientation
			1	0	0
			0	-1	0
			0	0	1
		}
		{bone "body"
			{Matrix34
				0.997212	0	-0.0746264
				0	1	0
				0.0746264	0	0.997212
				0.27228	-0.00962205	9.06498
			}
			{VolumeView "body.ply"}
			{bone "standl"
				{parameters "ID=body;"}
				{Position 2.68596	7.31591	-8.49558}
				{VolumeView "standl.ply"}
			}
			{bone "standr"
				{parameters "ID=body;"}
				{Position 2.53731	-7.37158	-8.53049}
				{VolumeView "standr.ply"}
			}
			{bone "supl"
				{Matrix34
					0.125541	0.985573	0.113509
					-0.98811	0.134453	-0.0745705
					-0.0887562	-0.102798	0.990735
					7.3093	13.1312	-5.13398
				}
				{VolumeView "supl.ply"}
			}
			{bone "supr"
				{Matrix34
					0	-1	0
					-0.18191	0	0.983315
					0.983315	0	0.18191
					7.30931	-13.2039	-5.13398
				}
				{VolumeView "supr.ply"}
			}
			{bone revolute "turret"
				{parameters "ID=turret;"}
				{Matrix34
					0.999999	-1.90735e-005	-0.00175829
					2.74572e-005	0.999989	0.00476819
					0.0017582	-0.00476823	0.999987
					3.68039	0.0607083	-1.55899
				}
				{VolumeView "turret.ply"}
				{bone revolute "gun_rot"
					{parameters "ID=gun;"}
					{Matrix34
						0.998942	0.0453809	0.00738519
						-0.00776258	0.00814558	0.999937
						0.0453179	-0.998937	0.00848923
						-5.94354	0.0374139	9.66816
					}
					{VolumeView "gun_rot.ply"}
					{bone "gun"
						{parameters "ID=gun;"}
						{Matrix34
							0.00125109	0	0.999999
							0	1	0
							-0.999999	0	0.00125102
							-2.16511	-0.467314	2.63676e-005
						}
						{VolumeView "gun.ply"}
					}
				}
				{bone "gun_rot_sup"
					{parameters "ID=turret;"}
					{Matrix34
						-0.544245	0.832107	-0.106747
						-0.185574	0.00467894	0.982619
						-0.818144	-0.554595	-0.151871
						9.65181	0.0657215	3.46756
					}
					{VolumeView "gun_rot_sup.ply"}
				}
				{bone "part1"
					{parameters "ID=part1;"}
					{Matrix34
						0.965284	-0.00125641	0.2612
						0.00244614	0.999988	-0.00422864
						-0.261192	0.00472057	0.965275
						-0.0793388	0.102312	8.83461
					}
					{VolumeView "part1.ply"}
				}
				{bone "part2"
					{parameters "ID=part2;"}
					{Matrix34
						0.965284	-0.00125638	0.2612
						0.00244629	0.999988	-0.00422874
						-0.261192	0.00472061	0.965275
						-0.0793388	0.102318	8.83461
					}
					{VolumeView "part2.ply"}
				}
			}
		}
		{bone "pivot_front"
			{Matrix34
				0.997212	0	-0.0746264
				0	1	0
				0.0746264	0	0.997212
				5.62889	-0.01761	4.70784
			}
			{VolumeView "pivot_front.ply"}
			{bone revolute "wheelleft"
				{parameters "ID=wheelleft;Support=1;Radius=0.25;"}
				{Matrix34
					0.999848	0	-0.0174523
					0	1	0
					0.0174523	0	0.999848
					0.0229073	17.5964	0.47974
				}
			}
			{bone revolute "wheelright"
				{parameters "ID=wheelright;Support=1;Radius=0.25;"}
				{Matrix34
					0.999848	0	-0.0174523
					0	1	0
					0.0174523	0	0.999848
					0.0229073	-17.6584	0.47974
				}
			}
		}
	}
}
{Volume "body2"
	{Box 12.9405 9.79782 5.7308}
	{Bone "body"}
	{Position 1.67591	0.0612544	1.05781}
}
{Volume "body"
	{Box 3.43851 3.31715 20}
	{Bone "body"}
	{Matrix34
		1	0	0
		0	0	1
		0	-1	0
		5.13252	0.173101	-2.39727
	}
}
{Volume "gun_rot"
	{Box 30 5.27886 3.25}
	{Bone "gun_rot"}
	{Matrix34
		0.999999	0	-0.00126289
		-0.00126303	0	-0.999999
		0	1	0
		13.0023	-3.18918	0.188118
	}
}
{Volume "gun"
	{Cylinder 1.5 49.5}
	{Bone "gun"}
	{Matrix34
		-1	0	1.1976e-005
		0	1	0
		-1.18752e-005	0	-1
		0.0416677	0.0117344	-21.8235
	}
}
{Volume "part1"
	{Box 15.5 18.5 0.5}
	{Bone "part1"}
	{Matrix34
		-0.00252013	0.999997	0.000122895
		-0.019743	-0.000172953	0.999805
		0.999802	0.00251768	0.0197432
		0.100138	-10.8918	-0.544849
	}
}
{Volume "part2"
	{Box 15.5 18.5 0.5}
	{Bone "part2"}
	{Matrix34
		-0.00252038	0.999997	0.000122769
		-0.019743	-0.000173	0.999805
		0.999802	0.00251769	0.0197436
		0.0454507	10.8097	-0.542186
	}
}
{Volume "standl"
	{Box 70 4 3.8}
	{Bone "standl"}
	{Matrix34
		0.877268	-0.454909	0.153164
		0.44813	0.890538	0.0782399
		-0.17199	0	0.985099
		-29.6858	15.6845	1.7263
	}
}
{Volume "standr"
	{Box 70 4 3.8}
	{Bone "standr"}
	{Matrix34
		0.87631	0.455065	0.158103
		-0.447834	0.890458	-0.080798
		-0.177553	0	0.984111
		-29.3403	-14.7255	1.91122
	}
}
{Volume "wheelleft"
	{Cylinder 4.5 5}
	{Bone "pivot_front"}
	{Matrix34
		0.997211	0	0.0746271
		-0.0746271	0	0.997211
		0	-1	0
		-0.00599829	17.5829	0.220131
	}
}
{Volume "wheelright"
	{Cylinder 4.5 5}
	{Bone "pivot_front"}
	{Matrix34
		0.997211	0	0.0746271
		-0.0746271	0	0.997211
		0	-1	0
		-0.11829	-17.782	0.155608
	}
}
