;Exported by: sana
;Date:        Fri Feb 02 14:43:47 2007
;File:        D:\-Project-\-3DWork-\Entourage\house_ru_140\house_ru_140_cut_x.max
{Skeleton
	{bone "h_w_4_wall_x"
		{Orientation
			1	0	0
			0	-1	0
			0	0	1
		}
		{VolumeView "h_w_4_wall_x.ply"}
		{bone "land"
			{parameters "Land;"}
			{Position -0.510925	15.4335	9.84162}
			{VolumeView "land.ply"}
		}
		{bone "piece01"
			{Position 27.9396	-39.858	40.8469}
		}
		{bone "piece02"
			{Position 77.967	-29.8587	41.598}
		}
		{bone "piece03"
			{Position 77.967	36.9264	43.1949}
		}
		{bone "piece04"
			{Position 41.7891	64.3506	36.069}
		}
		{bone "piece05"
			{Position -27.5697	69.7223	40.8469}
		}
		{bone "piece06"
			{Position -87.0497	21.5074	34.4354}
		}
	}
}
{Obstacle "obstacle1"
	{Obb2
		{Center 0.567627 -69.3516}
		{Extent 89.1289 4.6376}
		{Axis -1 0}
	}
	{Rotate}
}
{Obstacle "obstacle2"
	{Obb2
		{Center 90.1838 -16.6928}
		{Extent 3.38176 57.0272}
		{Axis -1 0}
	}
	{Rotate}
}
{Obstacle "obstacle3"
	{Obb2
		{Center -89.3139 -16.6928}
		{Extent 3.38176 57.0272}
		{Axis -1 0}
	}
	{Rotate}
}
{Obstacle "obstacle4"
	{Obb2
		{Center -10.5873 56.2074}
		{Extent 1.30433 18.1156}
		{Axis -1 0}
	}
	{Rotate}
}
{Obstacle "obstacle5"
	{Obb2
		{Center -38.7614 72.517}
		{Extent 28.6533 1.56245}
		{Axis -1 0}
	}
	{Rotate}
}
{Obstacle "obstacle6"
	{Obb2
		{Center 41.541 39.0507}
		{Extent 52.0281 1.88403}
		{Axis -1 0}
	}
	{Rotate}
}
{Volume "piece01"
	{Box 4.72442 4.09146 71.1923}
	{Bone "piece01"}
	{Matrix34
		-0.125332	-0.724963	-0.677288
		0.192442	-0.68747	0.700251
		-0.973272	-0.0425745	0.225675
		0	0	0
	}
}
{Volume "piece02"
	{Box 4.89254 4.69516 50.7365}
	{Bone "piece02"}
	{Matrix34
		0.273753	-0.67159	-0.688495
		0.279919	-0.629221	0.725071
		-0.920166	-0.391213	0.015739
		3.01946e-005	1.36716e-005	1.76974e-005
	}
}
{Volume "piece03"
	{Box 4.89255 4.69516 50.7364}
	{Bone "piece03"}
	{Matrix34
		-0.700384	-0.188246	-0.688495
		-0.659108	-0.199624	0.72507
		-0.273932	0.96162	0.0157394
		0	0	3.37328e-005
	}
}
{Volume "piece04"
	{Box 4.89254 4.69516 50.7365}
	{Bone "piece04"}
	{Matrix34
		0.21863	-0.691501	-0.688495
		0.228197	-0.649769	0.72507
		-0.94875	-0.315634	0.0157395
		-3.16345e-005	-1.23359e-005	-2.39683e-005
	}
}
{Volume "piece05"
	{Box 4.72443 4.09146 71.1923}
	{Bone "piece05"}
	{Matrix34
		-0.0513457	-0.735321	-0.67577
		-0.247961	-0.646087	0.721863
		-0.967409	0.204629	-0.149157
		1.0832e-005	0	0
	}
}
{Volume "piece06"
	{Box 4.72441 4.09146 71.1923}
	{Bone "piece06"}
	{Matrix34
		-0.685546	-0.270854	-0.67577
		-0.689848	-0.0549795	0.721864
		-0.232673	0.961049	-0.149157
		0	-1.50702e-005	0
	}
}
