;Exported by: sana
;Date:        Fri Apr 20 13:20:34 2007
;File:        D:\-Project-\-3DWork-\Entourage\School_Ru\School_ru_cut3a_x.max
{Skeleton
	{bone "school_ru_wall1_22_x"
		{Orientation
			1	0	0
			0	-1	0
			0	0	1
		}
		{bone "piece05"
			{Position 9.98279	15.1198	20.0561}
			{VolumeView "piece05.ply"}
			{bone "sub_piece05"
				{Position 0	2.04169	-11.9424}
				{VolumeView "sub_piece05.ply"}
			}
		}
		{bone "piece01"
			{Position 9.98279	-22.0239	13.6012}
			{VolumeView "piece01.ply"}
			{bone "sub_piece01"
				{Position 0	6.19079	-4.55057}
				{VolumeView "sub_piece01.ply"}
			}
		}
		{bone "piece03"
			{Position -2.36774	-5.38406	8.21198}
			{VolumeView "piece03.ply"}
		}
		{bone "piece02"
			{Position 9.98273	-22.9455	-12.9035}
			{VolumeView "piece02.ply"}
		}
		{bone "piece06"
			{Position 9.98279	20.5978	-17.1347}
			{VolumeView "piece06.ply"}
			{bone "sub_piece06"
				{Position 0	-9.77658	-0.152367}
				{VolumeView "sub_piece06.ply"}
			}
		}
		{bone "piece04"
			{Position -6.20355	-5.38406	-14.2029}
			{VolumeView "piece04.ply"}
			{bone "sub_piece04"
				{Position 4.51556	0	2.24826}
				{VolumeView "sub_piece04.ply"}
			}
		}
	}
}
{Volume "piece01"
	{Box 3.50089 14.0829 15.24}
	{Bone "piece01"}
	{Position 0	1.52588e-005	0}
}
{Volume "piece02"
	{Box 3.50085 12.2397 11.1967}
	{Bone "piece02"}
	{Position 0	0	0.125487}
}
{Volume "piece03"
	{Box 9.51381 2.95276 12.1573}
	{Bone "piece03"}
	{Matrix34
		0.725506	0	-0.688216
		0	1	0
		0.688216	0	0.725506
		1.02327	0	-0.772502
	}
}
{Volume "piece04"
	{Box 19.458 2.95276 13.6737}
	{Bone "piece04"}
	{Matrix34
		0.475273	0	-0.879838
		0	1	0
		0.879838	0	0.475273
		-1.67488	0	-1.047
	}
}
{Volume "piece05"
	{Box 3.50085 14.5487 15.8023}
	{Bone "piece05"}
	{Position 0	3.05176e-005	0}
}
{Volume "piece06"
	{Box 3.50085 15.2902 9.86422}
	{Bone "piece06"}
	{Position 0	3.05176e-005	0.586973}
}
{Volume "sub_piece01"
	{Box 3.50089 13.9735 9.08498}
	{Bone "sub_piece01"}
	{Matrix34
		1	0	0
		0	0.754051	0.656815
		0	-0.656815	0.754051
		0	0.768337	-0.286902
	}
}
{Volume "sub_piece04"
	{Box 8.43412 2.95276 13.7124}
	{Bone "sub_piece04"}
	{Matrix34
		0.863415	0	0.504494
		0	1	0
		-0.504494	0	0.863415
		0.953569	0	0.708753
	}
}
{Volume "sub_piece05"
	{Box 3.50085 10.4653 8.82372}
	{Bone "sub_piece05"}
	{Position 0	0	0.134252}
}
{Volume "sub_piece06"
	{Box 3.50085 11.2303 10.1415}
	{Bone "sub_piece06"}
	{Position 0	0	0.486874}
}
