;Exported by: sk
;Date:        Fri Feb 24 16:41:14 2006
;File:        D:\-Projects1_5-\-3DWork-\City_Du\Bahnhof_house\BB_x.max
{Skeleton
	{bone "fdr_roof04_x"
		{Orientation
			1	0	0
			0	-1	0
			0	0	1
		}
		{bone "piece01"
			{Position 3.04668	-7.9512	2.2811}
			{VolumeView "piece01.ply"}
		}
		{bone "piece02"
			{Position 18.2259	20.7773	6.59216}
			{VolumeView "piece02.ply"}
		}
		{bone "piece03"
			{Position 2.27364	11.5361	-8.64407}
			{VolumeView "piece03.ply"}
		}
		{bone "piece04"
			{Position 3.74817	-7.87341	-8.6441}
			{VolumeView "piece04.ply"}
		}
		{bone "piece05"
			{Position 4.06741	39.693	-8.64407}
			{VolumeView "piece05.ply"}
		}
		{bone "piece06"
			{Position 27.9891	-24.5752	7.45068}
			{VolumeView "piece06.ply"}
		}
		{bone "piece07"
			{Position -15.3922	-30.4056	1.76978}
			{VolumeView "piece07.ply"}
		}
		{bone "piece08"
			{Position -11.8412	45.3866	2.26337}
			{VolumeView "piece08.ply"}
		}
	}
}
{Volume "piece01"
	{Box 79.7467 2.95279 3.16784}
	{Bone "piece01"}
	{Matrix34
		0.992497	0	0.122266
		0	1	0
		-0.122266	0	0.992497
		0.555067	0	-0.099559
	}
}
{Volume "piece02"
	{Box 66.1267 81.8185 2.34295}
	{Bone "piece02"}
	{Matrix34
		0.98975	0	0.14281
		0	1	0
		-0.14281	0	0.98975
		0.094445	0	-0.0570121
	}
}
{Volume "piece03"
	{Box 2.95276 75.2318 2.95276}
	{Bone "piece03"}
	{Position -1.52588e-005	0	0}
}
{Volume "piece04"
	{Box 76.8961 2.95277 2.95276}
	{Bone "piece04"}
}
{Volume "piece05"
	{Box 77.5346 2.95276 2.95274}
	{Bone "piece05"}
	{Position 0	0	0}
}
{Volume "piece06"
	{Box 43.3293 32.9898 1.82829}
	{Bone "piece06"}
	{Matrix34
		0.993046	0	0.117731
		0	1	0
		-0.117731	0	0.993046
		-0.0802851	0	0.418737
	}
}
{Volume "piece07"
	{Box 56.2237 105.169 2.16188}
	{Bone "piece07"}
	{Matrix34
		0.991965	0	0.126511
		0	1	0
		-0.126511	0	0.991965
		-0.0211515	0	0.11069
	}
}
{Volume "piece08"
	{Box 63.4425 93.364 1.9541}
	{Bone "piece08"}
	{Matrix34
		0.991965	0	0.126511
		0	1	0
		-0.126511	0	0.991965
		-0.0363257	0	-0.0382575
	}
}
