;Exported by: Luzhbin_M
;Date:        Thu Apr 16 11:02:39 2009
;File:        D:\art\Models\Technics\air\I_16\001_I_16_xx\I-16.max
{Skeleton
	{bone "basis"
		{Orientation
			1	0	0
			0	-1	0
			0	0	1
		}
		{bone "body"
			{parameters "ID=Body;"}
			{Position -0.208786	-0.00909397	5.56926}
			{VolumeView "body.ply"}
			{bone "body_back"
				{parameters "ID=body_back;"}
				{Position -42.0922	0	16.6891}
				{VolumeView "body_back.ply"}
				{bone "rudder"
					{parameters "ID=body_back;"}
					{Position -12.5333	0	5.38995}
					{VolumeView "rudder.ply"}
				}
				{bone "elevator1"
					{parameters "ID=body_back;"}
					{Matrix34
						1	0	0
						0	0	1
						0	-1	0
						-16.1712	20.198	-11.2194
					}
					{VolumeView "elevator1.ply"}
				}
				{bone "fx_fire4_2"
					{Matrix34
						-1	0	0
						0	-1	0
						0	0	1
						-13.7229	-15.918	-10.9518
					}
				}
				{bone "fx_smoke4_1"
					{Matrix34
						-1	0	0
						0	-1	0
						0	0	1
						-9.86638	-12.3132	-10.9518
					}
				}
				{bone "fx_fire4_1"
					{Matrix34
						-1	0	0
						0	-1	0
						0	0	1
						-11.7244	6.00254	-10.9518
					}
				}
				{bone "elevator2"
					{parameters "ID=body_back;"}
					{Matrix34
						1	0	0
						0	0	1
						0	-1	0
						-16.1365	-20.198	-11.2194
					}
					{VolumeView "elevator2.ply"}
				}
			}
			{bone "driver"
				{Matrix34
					0.994397	0	0.10571
					0	1	0
					-0.10571	0	0.994397
					-2.00788	0.00909538	-3.07466
				}
			}
			{bone "gun_rot1"
				{Position 42.1872	0.00909478	4.22916}
				{bone "gun_rot"
					{Position 1.47704	0	0}
					{bone "foresight1"
						{Position 2.05191	-0.0201751	16.3597}
					}
					{bone "foresight2"
						{Position 2.34126	-0.0201751	16.3597}
					}
					{bone "shooter00"
						{Position -0.0969315	33.9032	-6.63629}
					}
					{bone "shooter01"
						{Position 20.4467	-0.0293496	0.0357685}
					}
					{bone "shooter02"
						{Position -0.0969315	-33.9393	-6.63629}
					}
					{bone "shooter03"
						{Position 11.001	-4.39638	12.9676}
					}
					{bone "shooter04"
						{Position 11.001	5.29952	12.9676}
					}
				}
			}
			{bone "barrel01"
				{Position 63.9139	-0.0202548	4.26492}
			}
			{bone "visor"
				{Position 21.1809	0.0188173	22.371}
			}
			{bone "fx_fire2_1"
				{Matrix34
					-0.931507	0	0.363724
					0	-1	0
					0.363724	0	0.931507
					47.3917	2.78474	18.5005
				}
			}
			{bone "fx_smoke2_1"
				{Matrix34
					-0.931507	0	0.363724
					0	-1	0
					0.363724	0	0.931507
					47.8752	2.17985	18.5005
				}
			}
			{bone "barrel03"
				{Position 54.4682	-4.38728	17.1968}
			}
			{bone "barrel04"
				{Position 54.4682	5.30861	17.1968}
			}
			{bone "fxsmoke1"
				{Matrix34
					-0.902586	0.274664	0.331508
					-0.22666	-0.95785	0.176487
					0.36601	0.0841552	0.926798
					39.2466	8.99175	14.9052
				}
			}
			{bone "fxsmoke2"
				{Matrix34
					-0.936231	0.331765	0.115776
					-0.304357	-0.93031	0.20467
					0.17561	0.156381	0.97196
					39.2466	13.5824	8.02416
				}
			}
			{bone "fxsmoke3"
				{Matrix34
					-0.907194	-0.408387	0.101089
					0.416003	-0.90661	0.0707057
					0.0627728	0.106197	0.992362
					38.8238	-13.4862	8.02416
				}
			}
			{bone "fxsmoke04"
				{Matrix34
					-0.916564	-0.241706	0.318572
					0.251291	-0.967845	-0.011333
					0.311068	0.0696668	0.947831
					39.2466	-9.25433	14.9052
				}
			}
			{bone "engine"
				{parameters "ID=body;"}
				{Position 47.0697	0.082786	1.99493}
				{VolumeView "engine.ply"}
				{bone "propeller_work"
					{parameters "CommonMesh;ID=propeller;"}
					{Matrix34
						0	-1	0
						1	0	0
						0	0	1
						10.0824	-0.0827993	2.2131
					}
					{VolumeView "propeller_work.ply"}
				}
				{bone "propeller"
					{parameters "ID=propeller;"}
					{Matrix34
						0	-0.78773	0.616021
						1	0	0
						0	0.616021	0.78773
						10.9691	-0.0827955	2.2131
					}
					{VolumeView "propeller.ply"}
				}
			}
		}
		{bone "pivot_front"
			{Position 51.139	0	-26.1302}
			{bone "wingl1"
				{parameters "ID=wingLeft;"}
				{Position -31.2786	56.0219	29.8783}
				{VolumeView "wingl1.ply"}
				{bone "retract_wheell"
					{parameters "CommonMesh;ID=retract_wheelL;"}
					{Matrix34
						0	-1	0
						1	0	0
						0	0	1
						-24.1135	-56.031	6.02919
					}
					{VolumeView "retract_wheell.ply"}
					{bone revolute "wheell"
						{parameters "ID=retract_wheelL;Radius=0.4;support;"}
						{Matrix34
							0	0	1
							0	1	0
							-1	0	0
							-23.7487	39.307	-28.1734
						}
						{VolumeView "wheell.ply"}
					}
				}
				{bone revolute "aileron1"
					{parameters "ID=wingL2;"}
					{limits -30 30}
					{Matrix34
						0.992995	-0.118159	0
						-0.000922968	-0.00775655	0.999969
						-0.118156	-0.992964	-0.00781127
						-11.6342	2.76414	1.26633
					}
					{VolumeView "aileron1.ply"}
				}
				{bone "fx_smoke1_2"
					{Matrix34
						-1	0	0
						0	-1	0
						0	0	1
						-1.52526	-36.3945	-0.205963
					}
				}
				{bone "fx_fire1_1"
					{Matrix34
						-1	0	0
						0	-1	0
						0	0	1
						10.7475	-38.3955	-0.205963
					}
				}
				{bone "fx_smoke1_1"
					{Matrix34
						-1	0	0
						0	-1	0
						0	0	1
						-6.67266	12.0066	-0.205963
					}
				}
				{bone "fx_fire1_2"
					{Matrix34
						-1	0	0
						0	-1	0
						0	0	1
						-4.08512	23.4591	-0.205963
					}
				}
				{bone "barrel00"
					{Position 23.3011	-22.1187	-0.585987}
				}
			}
			{bone "wingr1"
				{parameters "ID=wingRight;"}
				{Position -28.6609	-51.5308	29.7702}
				{VolumeView "wingr1.ply"}
				{bone "retract_wheelr"
					{parameters "CommonMesh;ID=retract_wheelR;"}
					{Matrix34
						0	-1	0
						1	0	0
						0	0	1
						-26.7313	51.5217	6.13729
					}
					{VolumeView "retract_wheelr.ply"}
					{bone revolute "wheelr"
						{parameters "ID=retract_wheelR;Radius=0.4;support;"}
						{Matrix34
							0	0	1
							0	1	0
							-1	0	0
							23.7487	39.307	-28.1734
						}
						{VolumeView "wheelr.ply"}
					}
				}
				{bone revolute "aileron2"
					{parameters "ID=wingR2;"}
					{limits -30 30}
					{Matrix34
						0.992021	0.125647	-0.0103604
						0	-0.0821739	-0.996618
						-0.126073	0.988666	-0.0815182
						-13.8318	-9.99271	1.41676
					}
					{VolumeView "aileron2.ply"}
				}
				{bone "fx_fire3_1"
					{Matrix34
						-1	0	0
						0	-1	0
						0	0	1
						-10.3407	-0.839554	-0.0978584
					}
				}
				{bone "fx_smoke3_1"
					{Matrix34
						-1	0	0
						0	-1	0
						0	0	1
						-8.48263	-19.1553	-0.0978584
					}
				}
				{bone "barrel02"
					{Position 20.6834	17.5915	-0.477886}
				}
			}
		}
		{bone "pivot_back"
			{Position -54.7094	0	-26.1302}
			{bone "wheelback"
				{parameters "support;"}
				{Matrix34
					1	0	0
					0	0	1
					0	-1	0
					-3.96086	0	28.0169
				}
			}
		}
	}
}
