;Exported by: sana
;Date:        Tue Dec 27 15:46:41 2005
;File:        D:\-Project-\-3DWork-\Entourage\house_euro_115c\house_euro_115s_n_x.max
{Skeleton
	{bone "115s_corner11"
		{Orientation
			1	0	0
			0	-1	0
			0	0	1
		}
		{bone "piece0"
			{Position -17.7481	0.275124	105.894}
			{VolumeView "piece0.ply"}
			{bone "sub_piece0"
				{Position -0.98138	0	-14.0663}
				{VolumeView "sub_piece0.ply"}
			}
		}
		{bone "piece1"
			{Position -22.6549	0.275124	59.0065}
			{VolumeView "piece1.ply"}
			{bone "sub_piece1"
				{Position -2.61698	0	14.4479}
				{VolumeView "sub_piece1.ply"}
			}
		}
		{bone "piece2"
			{Position 20.6888	0.275124	96.8436}
			{VolumeView "piece2.ply"}
			{bone "sub_piece2"
				{Position 4.57972	0	-15.1567}
				{VolumeView "sub_piece2.ply"}
			}
		}
	}
}
{Volume "piece0"
	{Box 28.7868 8.25 21.5683}
	{Bone "piece0"}
	{Matrix34
		0.998341	0	0.0575763
		0	1	0
		-0.0575763	0	0.998341
		0.0647328	1.52588e-005	0.448648
	}
}
{Volume "piece1"
	{Box 31.1159 8.25 17.3113}
	{Bone "piece1"}
	{Matrix34
		0.981748	0	0.190186
		0	1	0
		-0.190186	0	0.981748
		-0.215088	1.52588e-005	0.252284
	}
}
{Volume "piece2"
	{Box 27.6439 8.25 18.3548}
	{Bone "piece2"}
	{Matrix34
		0.982847	0	0.184424
		0	1	0
		-0.184424	0	0.982847
		0.42124	1.52588e-005	0.384794
	}
}
{Volume "sub_piece0"
	{Box 23.2693 8.25 11.4859}
	{Bone "sub_piece0"}
	{Matrix34
		0.97403	0	0.226419
		0	1	0
		-0.226419	0	0.97403
		0.827617	1.52588e-005	-0.740105
	}
}
{Volume "sub_piece1"
	{Box 22.4232 8.25 14.0096}
	{Bone "sub_piece1"}
	{Matrix34
		0.980878	0	0.194623
		0	1	0
		-0.194623	0	0.980878
		-0.665201	1.52588e-005	0.2741
	}
}
{Volume "sub_piece2"
	{Box 21.167 8.25 16.0323}
	{Bone "sub_piece2"}
	{Matrix34
		0.984358	0	0.176181
		0	1	0
		-0.176181	0	0.984358
		0.29942	1.52588e-005	-0.299524
	}
}
