;Exported by: Ekaterina
;Date:        Wed Aug 20 17:05:59 2008
;File:        D:\-Project-\-3DWork-\Constructions\Gaz_xlam.max
{Skeleton
	{bone "basis"
		{Orientation
			1	0	0
			0	-1	0
			0	0	1
		}
		{bone "body"
			{parameters "ID=body;"}
			{Matrix34
				0.999048	0	0.0436194
				0.00342913	0.996905	-0.0785401
				-0.0434844	0.0786149	0.995956
				2.09359	-1.37591	-3.38985
			}
			{VolumeView "body.ply"}
		}
	}
}
{Volume "body1"
	{Polyhedron "body1.vol"}
	{Bone "body"}
	{Matrix34
		0.999048	0.00342932	-0.0434844
		0	0.996905	0.078615
		0.0436194	-0.0785401	0.995956
		14.9956	1.18006	2.11393
	}
}
{Volume "body2"
	{Box 32.888 16.2287 14.2967}
	{Bone "body"}
	{Matrix34
		0.999048	0.00342915	-0.0434846
		0	0.996905	0.0786152
		0.0436196	-0.0785401	0.995956
		-27.0402	-0.0815393	19.1137
	}
}
