;Exported by: shevchenko
;Date:        Mon May 23 18:36:11 2005
;File:        D:\-Projects1_5-\-3DWork-\fortress_complex_lm_corner_fix_x.max
{Skeleton
	{bone "c6_2"
		{Orientation
			1	0	0
			0	-1	0
			0	0	1
		}
		{bone "piece0"
			{Matrix34
				1	0	0
				0	0	1
				0	-1	0
				-6.42091	27.2244	22.5274
			}
			{VolumeView "piece0.ply"}
		}
		{bone "piece1"
			{Matrix34
				1	0	0
				0	0	1
				0	-1	0
				20.9728	27.2244	8.68169
			}
			{VolumeView "piece1.ply"}
		}
		{bone "piece2"
			{Matrix34
				0	-1	0
				0	0	1
				-1	0	0
				24.3307	12.7754	-6.37718
			}
			{VolumeView "piece2.ply"}
		}
		{bone "piece3"
			{Matrix34
				0	-1	0
				0	0	1
				-1	0	0
				24.3307	-10.6044	20.5386
			}
			{VolumeView "piece3.ply"}
		}
		{bone "piece4"
			{Matrix34
				0	-1	0
				0	0	1
				-1	0	0
				24.1077	-14.785	-13.7205
			}
			{VolumeView "piece4.ply"}
		}
		{bone "piece5"
			{Matrix34
				1	0	0
				0	0	1
				0	-1	0
				2.92462	-1.99744	-23.5678
			}
			{VolumeView "piece5.ply"}
		}
	}
}
{Volume "piece5"
	{Box 31.1021 47.0663 3.93702}
	{Bone "piece5"}
	{Matrix34
		1	0	0
		0	0	-1
		0	1	0
		1.14619	0	-0.824886
	}
}
{Volume "piece4"
	{Box 8.31996 24.2767 14.6457}
	{Bone "piece4"}
	{Matrix34
		0	0	-1
		-0.906308	-0.422618	0
		-0.422618	0.906308	0
		-0.799273	-0.819692	0
	}
}
{Volume "piece3"
	{Box 7.87402 25.8805 17.5667}
	{Bone "piece3"}
	{Matrix34
		0	0	-1
		-0.996195	-0.0871559	0
		-0.0871559	0.996195	0
		0.0353234	-0.0408892	0
	}
}
{Volume "piece2"
	{Box 7.87402 15.7777 36.8259}
	{Bone "piece2"}
	{Matrix34
		0	0	-1
		-1	0	0
		0	1	0
		-1.4632e-005	1.62846	0
	}
}
{Volume "piece1"
	{Box 12.839 7.87402 27.6339}
	{Bone "piece1"}
	{Matrix34
		1	0	0
		0	0	-1
		0	1	0
		0	1.04542	-1.14325e-005
	}
}
{Volume "piece0"
	{Box 24.6907 7.87402 9.94619}
	{Bone "piece0"}
	{Matrix34
		0.984808	0.173648	0
		0	0	-1
		-0.173648	0.984808	0
		-1.23138	0.132256	-1.15018e-005
	}
}
