;Exported by: sana
;Date:        Mon Aug 29 14:35:38 2005
;File:        D:\-Project-\-3DWork-\Entourage\Новая папка\fire_build06_cut02_06_x02.max
{Skeleton
	{animation
		{sequence "crush" {speed 0.5}}
	}
	{bone "station_h_corner5"
		{parameters "CommonMesh;"}
		{Orientation
			1	0	0
			0	-1	0
			0	0	1
		}
		{VolumeView "station_h_corner5.ply"}
		{bone "piece0"
			{Position -20.5822	-27.6289	82.6487}
			{VolumeView "piece0.ply"}
			{bone "sub_piece0"
				{Position -2.9773	3.31849e-005	-19.4349}
				{VolumeView "sub_piece0.ply"}
			}
		}
		{bone "piece1"
			{Position -0.0581055	-27.6289	94.0671}
			{VolumeView "piece1.ply"}
		}
		{bone "piece2"
			{Position 29.4525	-27.6289	92.821}
			{VolumeView "piece2.ply"}
		}
		{bone "piece3"
			{Position 10.1001	-27.6289	61.8078}
			{VolumeView "piece3.ply"}
			{bone "sub_piece3"
				{Position 8.35284	3.18297e-005	12.6534}
				{VolumeView "sub_piece3.ply"}
			}
		}
		{bone "piece4"
			{Position 27.7156	-27.6289	27.7347}
			{VolumeView "piece4.ply"}
			{bone "sub_piece4"
				{Position -16.9539	3.01704e-005	-10.9994}
				{VolumeView "sub_piece4.ply"}
			}
		}
		{bone "piece5"
			{Position -22.8978	-27.6289	25.5018}
			{VolumeView "piece5.ply"}
			{bone "sub_piece5"
				{Position 17.7809	3.259e-005	8.76639}
				{VolumeView "sub_piece5.ply"}
			}
		}
		{bone "exterior"
			{Position 17.1763	20.6124	131.804}
		}
	}
}
{Volume "piece5"
	{Box 22.27 7.75001 23.0291}
	{Bone "piece5"}
	{Matrix34
		0.981657	0	0.190657
		0	1	0
		-0.190657	0	0.981657
		0.756542	0	0.441788
	}
}
{Volume "sub_piece5"
	{Box 14.926 7.75001 19.0131}
	{Bone "sub_piece5"}
	{Matrix34
		0.986887	0	-0.161411
		0	1	0
		0.161411	0	0.986887
		-0.0808727	0	-0.493792
	}
}
{Volume "piece4"
	{Box 19.1157 7.75 26.9542}
	{Bone "piece4"}
	{Position 0	0	-2.56706}
}
{Volume "sub_piece4"
	{Box 15.4289 7.75001 17.8801}
	{Bone "sub_piece4"}
	{Matrix34
		0.964297	0	0.264822
		0	1	0
		-0.264822	0	0.964297
		0.471462	0	0.158511
	}
}
{Volume "piece3"
	{Box 19.7757 7.75001 21.3966}
	{Bone "piece3"}
	{Matrix34
		0.774844	0	-0.632153
		0	1	0
		0.632153	0	0.774844
		-1.96832	0	0.876329
	}
}
{Volume "sub_piece3"
	{Box 15.576 7.75 21.4264}
	{Bone "sub_piece3"}
	{Matrix34
		0.771041	0	0.636786
		0	1	0
		-0.636786	0	0.771041
		1.33714	0	0.960473
	}
}
{Volume "piece2"
	{Box 27.1262 7.75001 19.5904}
	{Bone "piece2"}
	{Position 4.90184e-005	0	2.21678}
}
{Volume "piece1"
	{Box 16.2806 7.75001 17.4712}
	{Bone "piece1"}
	{Matrix34
		0.836757	0	-0.547574
		0	1	0
		0.547574	0	0.836757
		-0.313673	0	-0.114852
	}
}
{Volume "piece0"
	{Box 23.3715 7.75001 18.1018}
	{Bone "piece0"}
	{Matrix34
		0.73335	0	-0.679851
		0	1	0
		0.679851	0	0.73335
		-0.858886	0	-0.723611
	}
}
{Volume "sub_piece0"
	{Box 15.0518 7.75001 19.0214}
	{Bone "sub_piece0"}
	{Matrix34
		0.847736	0	-0.530419
		0	1	0
		0.530419	0	0.847736
		0.848843	0	1.30946
	}
}
