;Exported by: sasha
;Date:        Tue Dec 25 08:52:01 2007
;File:        D:\-Project-\-3DWork-\a_house 303\a_house_303alt_x.max
{Skeleton
	{bone "303_inta_x"
		{Orientation
			1	0	0
			0	-1	0
			0	0	1
		}
		{bone "piece01"
			{Position 2.06059	-1.40829	34.2995}
			{VolumeView "piece01.ply"}
			{bone "sub_piece01"
				{Position 5.69388	-0.0460972	-5.59925}
				{VolumeView "sub_piece01.ply"}
			}
		}
		{bone "piece02"
			{Position -9.13738	-16.2423	17.7606}
			{VolumeView "piece02.ply"}
			{bone "sub_piece02"
				{Position 1.18798	-0.218906	-6.12115}
				{VolumeView "sub_piece02.ply"}
			}
		}
		{bone "piece03"
			{Position 5.85641	-4.65072	14.1817}
			{VolumeView "piece03.ply"}
			{bone "sub_piece03"
				{Position -9.71176	0.0272722	1.55183}
				{VolumeView "sub_piece03.ply"}
			}
		}
		{bone "piece04"
			{Position 19.8521	-2.95276	12.7176}
			{VolumeView "piece04.ply"}
		}
		{bone "piece05"
			{Position -5.52529	10.4418	16.7349}
			{VolumeView "piece05.ply"}
			{bone "sub_piece05"
				{Position 6.72402	-0.0848036	-6.61557}
				{VolumeView "sub_piece05.ply"}
			}
		}
		{bone "piece06"
			{Position -17.1344	-2.95276	11.4162}
			{VolumeView "piece06.ply"}
		}
		{bone "piece07"
			{Position -9.64695	-1.1811	27.4967}
			{VolumeView "piece07.ply"}
			{bone "sub_piece07"
				{Position 1.72546	-1.71661e-005	3.94938}
				{VolumeView "sub_piece07.ply"}
			}
		}
		{bone "piece08"
			{Position 18.4589	-1.1811	24.851}
			{VolumeView "piece08.ply"}
			{bone "sub_piece08"
				{Position 1.38037	-1.71661e-005	4.83128}
				{VolumeView "sub_piece08.ply"}
			}
		}
		{bone "piece09"
			{Position -0.751245	-1.1811	24.0457}
			{VolumeView "piece09.ply"}
		}
		{bone "piece10"
			{Position 5.07344	-2.95276	69.18}
			{VolumeView "piece10.ply"}
		}
		{bone "piece11"
			{Position -6.0449	-3.78941	59.6642}
			{VolumeView "piece11.ply"}
			{bone "sub_piece11"
				{Position 6.15185	1.63381	-6.61557}
				{VolumeView "sub_piece11.ply"}
			}
		}
		{bone "piece12"
			{Position -1.80771	-10.2397	40.5964}
			{VolumeView "piece12.ply"}
			{bone "sub_piece12"
				{Position -8.56187	-3.54634	3.2932}
				{VolumeView "sub_piece12.ply"}
			}
		}
		{bone "piece13"
			{Position -1.67002	5.05849	41.5409}
			{VolumeView "piece13.ply"}
			{bone "sub_piece13"
				{Position 1.72546	-1.90735e-005	3.94939}
				{VolumeView "sub_piece13.ply"}
			}
		}
		{bone "piece14"
			{Position 12.7478	-0.492031	46.6243}
			{VolumeView "piece14.ply"}
			{bone "sub_piece14"
				{Position -0.0782553	-1.37819	4.83129}
				{VolumeView "sub_piece14.ply"}
			}
		}
		{bone "piece15"
			{Position 7.56614	-9.74072	55.8811}
			{VolumeView "piece15.ply"}
			{bone "sub_piece15"
				{Position 5.69388	-0.0460987	-5.59926}
				{VolumeView "sub_piece15.ply"}
			}
		}
	}
}
{Volume "piece01"
	{Box 9.43532 2.81658 9.76067}
	{Bone "piece01"}
}
{Volume "piece02"
	{Box 10.4114 1.79453 7.91699}
	{Bone "piece02"}
}
{Volume "piece03"
	{Box 12.472 2.30016 12.2551}
	{Bone "piece03"}
}
{Volume "piece04"
	{Box 12.0446 2.20745 8.45925}
	{Bone "piece04"}
	{Matrix34
		0.0017453	0.999998	0
		-0.999998	0.0017453	0
		0	0	1
		0	0	0
	}
}
{Volume "piece05"
	{Box 8.89306 2.12683 11.0621}
	{Bone "piece05"}
	{Position 0	0	0}
}
{Volume "piece06"
	{Box 11.3875 2.00331 9.32687}
	{Bone "piece06"}
	{Matrix34
		0	1	0
		-1	0	0
		0	0	1
		0	0	0
	}
}
{Volume "piece07"
	{Box 7.05521 4.67791 2.3622}
	{Bone "piece07"}
	{Orientation
		1	0	0
		0	0	1
		0	-1	0
	}
}
{Volume "piece08"
	{Box 8.35889 6.59509 2.3622}
	{Bone "piece08"}
	{Matrix34
		1	0	0
		0	0	1
		0	-1	0
		0	0	0
	}
}
{Volume "piece09"
	{Box 7.51534 6.67178 2.3622}
	{Bone "piece09"}
	{Matrix34
		1	0	0
		0	0	1
		0	-1	0
		0	0	0
	}
}
{Volume "piece10"
	{Box 12.0446 2.20745 8.45925}
	{Bone "piece10"}
	{Matrix34
		0.0017453	0.999998	0
		-0.999998	0.0017453	0
		0	0	1
		0	0	0
	}
}
{Volume "piece11"
	{Box 8.89306 2.12683 11.0621}
	{Bone "piece11"}
	{Matrix34
		0.961438	0.275023	0
		-0.275023	0.961438	0
		0	0	1
		0	0	0
	}
}
{Volume "piece12"
	{Box 12.472 2.30016 12.2551}
	{Bone "piece12"}
	{Matrix34
		0.904505	0.385557	-0.182252
		-0.399069	0.915916	-0.0429191
		0.15038	0.111552	0.982315
		0	0	0
	}
}
{Volume "piece13"
	{Box 7.05521 4.67791 2.3622}
	{Bone "piece13"}
	{Orientation
		1	0	0
		0	0	1
		0	-1	0
	}
}
{Volume "piece14"
	{Box 8.35889 6.59509 2.3622}
	{Bone "piece14"}
	{Matrix34
		-0.0566843	-0.998392	0
		0	0	1
		-0.998392	0.0566843	0
		0	0	0
	}
}
{Volume "piece15"
	{Box 9.43532 2.81658 9.76067}
	{Bone "piece15"}
	{Position 0	0	0}
}
{Volume "sub_piece01"
	{Box 9.97758 2.90864 10.086}
	{Bone "sub_piece01"}
	{Matrix34
		0.999791	-0.000291763	-0.0204548
		0.000101044	0.999957	-0.00932437
		0.0204566	0.00932035	0.999747
		0	0	0
	}
}
{Volume "sub_piece02"
	{Box 5.91063 1.81108 6.45289}
	{Bone "sub_piece02"}
	{Position 0	0	0}
}
{Volume "sub_piece03"
	{Box 9.32687 2.56414 8.67616}
	{Bone "sub_piece03"}
	{Position 0	0	0}
}
{Volume "sub_piece05"
	{Box 10.1945 2.29642 8.89306}
	{Bone "sub_piece05"}
	{Position 0	0	0}
}
{Volume "sub_piece07"
	{Box 3.91104 3.98773 2.36221}
	{Bone "sub_piece07"}
	{Orientation
		1	0	0
		0	0	1
		0	-1	0
	}
}
{Volume "sub_piece08"
	{Box 5.59816 4.7546 2.36221}
	{Bone "sub_piece08"}
	{Matrix34
		1	0	0
		0	0	1
		0	-1	0
		0	0	0
	}
}
{Volume "sub_piece11"
	{Box 10.1945 2.29642 8.89306}
	{Bone "sub_piece11"}
	{Matrix34
		0.887227	0.461333	0
		-0.461333	0.887227	0
		0	0	1
		0	0	0
	}
}
{Volume "sub_piece12"
	{Box 9.32687 2.56414 8.67616}
	{Bone "sub_piece12"}
	{Matrix34
		0.904505	0.385557	-0.182252
		-0.399069	0.915916	-0.0429191
		0.15038	0.111552	0.982314
		0	0	0
	}
}
{Volume "sub_piece13"
	{Box 3.91104 3.98773 2.36221}
	{Bone "sub_piece13"}
	{Matrix34
		1	0	0
		0	0	1
		0	-1	0
		0	0	0
	}
}
{Volume "sub_piece14"
	{Box 5.59816 4.7546 2.36221}
	{Bone "sub_piece14"}
	{Matrix34
		-0.0566843	-0.998392	0
		0	0	1
		-0.998392	0.0566843	0
		0	0	0
	}
}
{Volume "sub_piece15"
	{Box 9.97758 2.90864 10.086}
	{Bone "sub_piece15"}
	{Matrix34
		0.999791	-0.000291763	-0.0204548
		0.000101044	0.999957	-0.00932437
		0.0204566	0.00932035	0.999747
		0	0	0
	}
}
