;Exported by: shevchenko
;Date:        Sun Jul 10 12:41:14 2005
;File:        D:\-Projects1_5-\-3DWork-\house_euro_ruine2_x.max
{Skeleton
	{animation
		{sequence "crush" {speed 0.4}}
	}
	{bone "w8r_c5_2"
		{parameters "CommonMesh;"}
		{Orientation
			1	0	0
			0	-1	0
			0	0	1
		}
		{VolumeView "w8r_c5_2.ply"}
		{bone "piece2"
			{Matrix34
				1	0	0
				0	0	1
				0	-1	0
				22.8015	-13.1693	-17.9998
			}
			{VolumeView "piece2.ply"}
		}
		{bone "piece1"
			{Matrix34
				1	0	0
				0	0	1
				0	-1	0
				-17.7362	-13.1693	-3.45714
			}
			{VolumeView "piece1.ply"}
		}
		{bone "piece0"
			{Matrix34
				0	1	0
				0	0	1
				1	0	0
				-30.5315	-9.23227	-3.40868
			}
			{VolumeView "piece0.ply"}
		}
		{bone "piece3"
			{Position 11.1697	12.9798	-32.62}
			{VolumeView "piece3.ply"}
		}
	}
}
{Volume "piece3"
	{Box 64.8796 25.8359 3.93701}
	{Bone "piece3"}
	{Matrix34
		0.99247	0.122487	0
		-0.122487	0.99247	0
		0	0	1
		1.20756	-5.66028	0
	}
}
{Volume "piece0"
	{Box 7.87402 14.1732 38.4037}
	{Bone "piece0"}
	{Matrix34
		0	0	1
		0.997021	-0.0771296	0
		0.0771296	0.997021	0
		0.91577	-0.987891	0
	}
}
{Volume "piece1"
	{Box 22.1457 11.811 33.7607}
	{Bone "piece1"}
	{Matrix34
		0.978957	0.204067	0
		0	0	-1
		-0.204067	0.978957	0
		-1.30988	3.3403	1.13332e-005
	}
}
{Volume "piece2"
	{Box 24.3439 11.811 30.7311}
	{Bone "piece2"}
	{Matrix34
		0.979533	0.201283	0
		0	0	-1
		-0.201283	0.979533	0
		-0.778655	-0.0355807	0
	}
}
