;Exported by: sergienko
;Date:        Thu Feb 09 11:22:26 2006
;File:        D:\-projets1_5\3dwork\anima\construction\Bahnhof_house\Bahnhof_house_x_test_без.max
{Skeleton
	{animation
		{sequence "crush" {speed 0.2}}
	}
	{bone "bh_corner26"
		{Orientation
			1	0	0
			0	-1	0
			0	0	1
		}
		{bone "piece2"
			{Matrix34
				0	1	0
				-1	0	0
				0	0	1
				37.5073	96.1998	105.438
			}
			{VolumeView "piece2.ply"}
		}
		{bone "piece4"
			{Matrix34
				0	1	0
				-1	0	0
				0	0	1
				4.52878	96.1998	149.651
			}
			{VolumeView "piece4.ply"}
		}
		{bone "piece5"
			{Matrix34
				0	1	0
				-1	0	0
				0	0	1
				30.4892	96.2	133.637
			}
			{VolumeView "piece5.ply"}
		}
		{bone "piece3"
			{Matrix34
				0	1	0
				-1	0	0
				0	0	1
				33.2386	96.1999	148.796
			}
			{VolumeView "piece3.ply"}
		}
		{bone "piece6"
			{Matrix34
				0	1	0
				-1	0	0
				0	0	1
				-39.8375	96.2	147.818
			}
			{VolumeView "piece6.ply"}
		}
		{bone "piece1"
			{Matrix34
				0	1	0
				-1	0	0
				0	0	1
				-66.9304	106.101	128.327
			}
			{VolumeView "piece1.ply"}
		}
		{bone "exterior"
			{Position -3.78168	-45.1154	0}
		}
		{bone "roof"
			{parameters "CommonMesh;"}
			{Position -1.97345	-9.01208	188.947}
			{VolumeView "roof.ply"}
		}
		{bone "fx_dust1"
			{Position -5.02032	117.228	122.624}
		}
	}
}
{Volume "piece1"
	{Box 28.758 15.1501 46.6893}
	{Bone "piece1"}
	{Position 6.96073e-005	-7.00441e-005	1.19147e-005}
}
{Volume "piece2"
	{Box 23.072 15.1501 18.6426}
	{Bone "piece2"}
	{Matrix34
		0	-0.173648	-0.984808
		1	0	0
		0	-0.984808	0.173648
		8.44714e-005	-0.149013	0.620768
	}
}
{Volume "piece3"
	{Box 27.2425 15.1501 16.917}
	{Bone "piece3"}
	{Matrix34
		0	0.996195	-0.0871559
		0.999999	0	0
		0	-0.0871562	-0.996194
		5.51826e-005	-0.730282	0.0780807
	}
}
{Volume "piece4"
	{Box 21.9379 15.1501 15.5361}
	{Bone "piece4"}
	{Matrix34
		0	-1	0
		1	0	0
		0	0	1
		-1.50277e-005	-1.28993	0.771164
	}
}
{Volume "piece5"
	{Box 12.695 15.1501 27.5149}
	{Bone "piece5"}
	{Matrix34
		0	0.819152	-0.573576
		-1	0	0
		0	0.573577	0.819152
		7.19877e-005	0.498441	0.888654
	}
}
{Volume "piece6"
	{Box 28.1741 15.1501 18.1313}
	{Bone "piece6"}
	{Matrix34
		0	-1	0
		-1	0	0
		0	0	-1
		5.82791e-005	1.18397	0.654062
	}
}
