;Exported by: shevchenko
;Date:        Fri Jul 21 17:52:59 2006
;File:        D:\-Projects1_5-\-3DWork-\bsh\bsh_c135-a1.max
{Skeleton
	{bone "bsh135_w1_2"
		{Orientation
			1	0	0
			0	-1	0
			0	0	1
		}
		{VolumeView "bsh135_w1_2.ply"}
		{bone "attach1"
			{Matrix34
				-0.707106	0.707107	0
				-0.707107	-0.707106	0
				0	0	1
				23.1722	26.2293	-22.5401
			}
		}
		{bone "attach2"
			{Matrix34
				-0.707106	0.707107	0
				-0.707107	-0.707106	0
				0	0	1
				-7.53519	-4.47808	-22.5401
			}
		}
		{bone "window1"
			{Matrix34
				-0.707106	0.707107	0
				0	0	-1
				-0.707107	-0.707106	0
				8.32776	40.8305	5.98589
			}
			{VolumeView "../common/window1.ply"}
		}
		{bone "window1_x"
			{Matrix34
				-0.707107	-0.707107	0
				0	0	-1
				0.707107	-0.707107	0
				8.32779	40.8305	5.9859
			}
			{visibility 0}
			{VolumeView "../common/window1_x.ply"}
		}
		{bone "window2"
			{Matrix34
				-0.707106	0.707107	0
				0	0	-1
				-0.707107	-0.707106	0
				-22.295	10.2078	5.98589
			}
			{VolumeView "../common/window1.ply"}
		}
		{bone "window2_x"
			{Matrix34
				-0.707107	-0.707107	0
				0	0	-1
				0.707107	-0.707107	0
				-22.295	10.2078	5.9859
			}
			{visibility 0}
			{VolumeView "../common/window1_x.ply"}
		}
		{bone "fix07"
			{Position -69.0304	-7.85696	-18.4597}
		}
		{bone "fix08"
			{Matrix34
				0.707107	0.707107	0
				-0.707107	0.707107	0
				0	0	1
				26.9964	59.4752	-15.5362
			}
		}
		{bone "fix09"
			{Matrix34
				0.707107	0.707107	0
				-0.707107	0.707107	0
				0	0	1
				-1.50157	30.9772	-33.6413
			}
		}
	}
}
{Volume "body1"
	{Box 61.0983 6.41464 52.5591}
	{Bone "bsh135_w1_2"}
	{Matrix34
		-0.707107	0.707107	0
		-0.707107	-0.707107	0
		0	0	1
		-34.0375	-32.3776	-4.63284
	}
}
{Volume "body2"
	{Box 15.2613 9.84252 49.6063}
	{Bone "bsh135_w1_2"}
	{Matrix34
		-1	0	0
		0	-1	0
		0	0	1
		-49.7977	-7.85696	5.95533
	}
}
{Volume "body3"
	{Box 98.6298 9.84252 57.0866}
	{Bone "bsh135_w1_2"}
	{Matrix34
		0.707107	0.707107	0
		-0.707107	0.707107	0
		0	0	1
		-12.8221	19.6568	0.310869
	}
}
{Volume "body4"
	{Box 12.4032 9.84252 45.7264}
	{Bone "bsh135_w1_2"}
	{Matrix34
		-0.707107	0.707107	0
		-0.707107	-0.707107	0
		0	0	1
		-0.659947	17.7954	0.185699
	}
}
{Volume "body5"
	{Box 18.6048 9.84252 32.4566}
	{Bone "bsh135_w1_2"}
	{Matrix34
		-0.707107	0.707107	0
		-0.707107	-0.707107	0
		0	0	1
		22.7745	-5.63909	-2.71984
	}
}
{Volume "floor1"
	{Box 99.8363 35.796 3.93701}
	{Bone "bsh135_w1_2"}
	{Matrix34
		0.707107	0.707106	0
		0.707107	-0.707107	0
		0	0	-1
		5.82048	6.42653	-23.353
	}
}
{Volume "hole1"
	{Box 17.7166 29.5276 19.685}
	{Bone "bsh135_w1_2"}
	{Matrix34
		-0.707107	-0.707107	0
		0	0	-1
		0.707107	-0.707107	0
		7.97971	41.1784	5.98589
	}
}
{Volume "hole2"
	{Box 17.7166 29.5276 19.685}
	{Bone "bsh135_w1_2"}
	{Matrix34
		-0.707107	-0.707107	0
		0	0	-1
		0.707107	-0.707107	0
		-22.643	10.5557	5.98589
	}
}
{Volume "window1"
	{Box 17.7166 29.5276 0.984253}
	{Bone "window1"}
	{Matrix34
		0	0	1
		0	1	0
		-1	0	0
		-1.60341e-005	0	7.16154e-005
	}
}
{Volume "window2"
	{Box 17.7166 29.5276 0.984253}
	{Bone "window2"}
	{Matrix34
		0	0	1
		0	1	0
		-1	0	0
		-1.33519e-005	0	0
	}
}
