;Exported by: shevchenko
;Date:        Tue Nov 29 18:58:05 2005
;File:        D:\-Projects1_5-\-3DWork-\dot_new_lm_corner21.max
{Skeleton
	{bone "basis_dot_h698"
		{Orientation
			1	0	0
			0	-1	0
			0	0	1
		}
		{VolumeView "basis_dot_h698.ply"}
		{bone "exterior"
			{Position -68.4602	0	-17.7165}
			{VolumeView "exterior.ply"}
		}
	}
}
{Obstacle "body10"
	{Obb2
		{Center -64.9796 70.1549}
		{Extent 38.7637 20.5382}
		{Axis 0.602189 0.798353}
	}
	{Rotate}
	{Tags  "body"}
}
{Obstacle "body11"
	{Obb2
		{Center 1.9685 -43.3071}
		{Extent 15.748 21.6535}
		{Axis 1 0}
	}
	{Rotate}
	{Tags  "body"}
}
{Obstacle "body2"
	{Obb2
		{Center 17.7165 -83.6614}
		{Extent 78.7402 18.7008}
		{Axis 1 0}
	}
	{Rotate}
	{Tags  "body"}
}
{Obstacle "body3"
	{Obb2
		{Center 17.7165 83.6614}
		{Extent 78.7402 18.7008}
		{Axis 1 0}
	}
	{Rotate}
	{Tags  "body"}
}
{Obstacle "body4"
	{Obb2
		{Center 76.7717 -40.3543}
		{Extent 19.685 24.6063}
		{Axis 1 0}
	}
	{Rotate}
	{Tags  "body"}
}
{Obstacle "body5"
	{Obb2
		{Center 76.7717 40.3543}
		{Extent 19.685 24.6063}
		{Axis 1 0}
	}
	{Rotate}
	{Tags  "body"}
}
{Obstacle "body6"
	{Obb2
		{Center -64.9855 -70.1557}
		{Extent 20.5191 38.7684}
		{Axis 0.798832 0.601554}
	}
	{Rotate}
	{Tags  "body"}
}
{Obstacle "body7"
	{Obb2
		{Center 27.5591 -24.6063}
		{Extent 9.84252 2.95275}
		{Axis 1 0}
	}
	{Rotate}
	{Tags  "body"}
}
{Obstacle "body8"
	{Obb2
		{Center 27.5591 24.6063}
		{Extent 9.84252 2.95275}
		{Axis 1 0}
	}
	{Rotate}
	{Tags  "body"}
}
{Obstacle "body9"
	{Obb2
		{Center 1.9685 43.3071}
		{Extent 15.748 21.6535}
		{Axis 1 0}
	}
	{Rotate}
	{Tags  "body"}
}
{Area "interior"
	{Obb2
		{Center -3.93702 -3.8147e-006}
		{Extent 90.5512 64.9606}
		{Axis -1 0}
	}
	{Rotate}
}
{Volume "body10"
	{Polyhedron "body10.vol"}
	{Bone "basis_dot_h698"}
	{Position -70.8661	-67.6673	-17.7165}
}
{Volume "body11"
	{Polyhedron "body11.vol"}
	{Bone "basis_dot_h698"}
	{Position 7.38189	43.3071	-17.7165}
}
{Volume "body1"
	{Box 19.685 31.4961 23.622}
	{Bone "basis_dot_h698"}
	{Position 86.6142	0	55.1181}
}
{Volume "body2"
	{Box 157.48 37.4016 84.6457}
	{Bone "basis_dot_h698"}
	{Position 17.7165	83.6614	24.6063}
}
{Volume "body3"
	{Box 157.48 37.4016 84.6457}
	{Bone "basis_dot_h698"}
	{Position 17.7165	-83.6614	24.6063}
}
{Volume "body4"
	{Box 39.3701 49.2126 84.6457}
	{Bone "basis_dot_h698"}
	{Position 76.7717	40.3543	24.6063}
}
{Volume "body5"
	{Box 39.3701 49.2126 84.6457}
	{Bone "basis_dot_h698"}
	{Position 76.7717	-40.3543	24.6063}
}
{Volume "body6"
	{Polyhedron "body6.vol"}
	{Bone "basis_dot_h698"}
	{Position -70.8661	67.6673	-17.7165}
}
{Volume "body7"
	{Box 19.685 5.90551 84.6457}
	{Bone "basis_dot_h698"}
	{Position 27.5591	24.6063	24.6063}
}
{Volume "body8"
	{Box 19.685 5.90551 84.6457}
	{Bone "basis_dot_h698"}
	{Position 27.5591	-24.6063	24.6063}
}
{Volume "body9"
	{Polyhedron "body9.vol"}
	{Bone "basis_dot_h698"}
	{Position 7.38189	-43.3071	-17.7165}
}
{Volume "hole10"
	{Cylinder 20.2983 9.61795}
	{Bone "basis_dot_h698"}
	{Matrix34
		-0.434596	0.900626	0
		-0.900626	-0.434596	0
		0	0	1
		-19.9722	-34.6366	81.7364
	}
}
{Volume "hole11"
	{Cylinder 11.8597 18.5726}
	{Bone "basis_dot_h698"}
	{Matrix34
		0.00527953	-0.999986	0
		0.999986	0.00527953	0
		0	0	1
		55.5973	-104.782	75.2857
	}
}
{Volume "hole1"
	{Box 12.6158 45.0312 34.6093}
	{Bone "basis_dot_h698"}
	{Matrix34
		0.0724753	0.99737	0
		-0.909017	0.0660551	0.41149
		0.410408	-0.0298229	0.911414
		-48.4724	-98.2363	31.0631
	}
}
{Volume "hole2"
	{Box 33.6614 11.1024 16.6787}
	{Bone "basis_dot_h698"}
	{Position 56.1024	102.854	22.1934}
}
{Volume "hole3"
	{Box 22.9528 9.84251 19.4291}
	{Bone "basis_dot_h698"}
	{Matrix34
		0.936341	0	-0.351091
		0	1	0
		0.351091	0	0.936341
		-34.8257	103.346	24.0603
	}
}
{Volume "hole4"
	{Box 34.0335 9.33071 15.9991}
	{Bone "basis_dot_h698"}
	{Matrix34
		0.834431	0	-0.551113
		0	1	0
		0.551113	0	0.834431
		49.564	-103.228	18.1909
	}
}
{Volume "hole5"
	{Box 18.8407 45.7323 32.874}
	{Bone "basis_dot_h698"}
	{Matrix34
		0.945125	-0.281974	0.16501
		0.319539	0.90304	-0.287076
		-0.0680632	0.32405	0.943588
		-91.8164	63.9012	27.2843
	}
}
{Volume "hole6"
	{Box 23.2087 34.5472 13.1102}
	{Bone "basis_dot_h698"}
	{Matrix34
		0.839314	-0.543647	0
		0.543647	0.839314	0
		0	0	1
		-85.1876	54.165	61.7264
	}
}
{Volume "hole7"
	{Box 10.9842 25.5905 37.4803}
	{Bone "basis_dot_h698"}
	{Matrix34
		0.79023	0.61281	0
		-0.61281	0.79023	0
		0	0	1
		-88.5719	-73.0473	33.4057
	}
}
{Volume "hole8"
	{Box 30.1181 11.811 14.1585}
	{Bone "basis_dot_h698"}
	{Position 53.1496	-99.726	61.0991}
}
{Volume "hole9"
	{Cylinder 18.1235 16.5827}
	{Bone "basis_dot_h698"}
	{Matrix34
		-0.815096	0.579326	0
		-0.579326	-0.815096	0
		0	0	1
		-110.068	53.6972	77.5371
	}
}
{Volume "roof1"
	{Polyhedron "roof1.vol"}
	{Bone "basis_dot_h698"}
	{Position 17.7165	0	66.9291}
}
{Volume "roof2"
	{Polyhedron "roof2.vol"}
	{Bone "basis_dot_h698"}
	{Position -66.9291	0	43.3071}
}
