;Exported by: sana
;Date:        Mon Jul 03 10:28:46 2006
;File:        D:\-Project-\-3DWork-\Entourage\e-house3a\farm_construction_x04.max
{Skeleton
	{bone "ch_farm_corner16"
		{Orientation
			1	0	0
			0	-1	0
			0	0	1
		}
		{bone "piece02"
			{Position 16.4894	-6.19333	68.4406}
			{VolumeView "piece02.ply"}
		}
		{bone "piece01"
			{Position -10.5109	-6.10608	69.4348}
			{VolumeView "piece01.ply"}
		}
		{bone "piece03"
			{Position 20.6134	4.10855	57.0707}
			{VolumeView "piece03.ply"}
		}
		{bone "piece04"
			{Position -2.93201	-7.92068	63.9837}
			{VolumeView "piece04.ply"}
		}
		{bone "piece06"
			{Position -1.42559	-27.788	50.8797}
			{VolumeView "piece06.ply"}
			{bone "sub_piece06"
				{Position -3.23303	0	-10.6084}
				{VolumeView "sub_piece06.ply"}
			}
		}
		{bone "piece05"
			{Position 15.3964	-27.788	44.06}
			{VolumeView "piece05.ply"}
			{bone "sub_piece05"
				{Position -8.43628	0	-5.20318}
				{VolumeView "sub_piece05.ply"}
			}
		}
		{bone "piece07"
			{Position 27.6372	7.63907	65.205}
			{VolumeView "piece07.ply"}
			{bone "sub_piece071"
				{Position 0	-9.38583	-7.18151}
				{VolumeView "sub_piece071.ply"}
			}
		}
		{bone "piece08"
			{Position 27.6372	7.28357	40.4606}
			{VolumeView "piece08.ply"}
			{bone "sub_piece08"
				{Position 0	-14.7187	4.33744}
				{VolumeView "sub_piece08.ply"}
			}
		}
	}
}
{Volume "piece01"
	{Box 39.6544 67.0101 2.75591}
	{Bone "piece01"}
	{Matrix34
		1	0	0
		0	0.927043	0.374954
		0	-0.374954	0.927043
		-0.921204	-2.97635	0.509863
	}
}
{Volume "piece02"
	{Box 31.3224 66.8355 2.75591}
	{Bone "piece02"}
	{Matrix34
		1	0	0
		0	0.926943	0.375202
		0	-0.375202	0.926943
		2.69647	-2.64085	1.30811
	}
}
{Volume "piece03"
	{Box 2.95276 56.5036 3.04002}
	{Bone "piece03"}
	{Position 0	0	0}
}
{Volume "piece04"
	{Box 49.8777 3.81712 3.81711}
	{Bone "piece04"}
}
{Volume "piece05"
	{Box 13.6394 7.87402 14.2456}
	{Bone "piece05"}
}
{Volume "piece06"
	{Box 21.0148 7.87402 13.7404}
	{Bone "piece06"}
	{Position 0	0	0}
}
{Volume "piece07"
	{Box 7.87402 21.4565 14.6803}
	{Bone "piece07"}
	{Matrix34
		1	0	0
		0	0.988469	0.151423
		0	-0.151423	0.988469
		0	0.00392679	-0.414443
	}
}
{Volume "piece08"
	{Box 7.87402 24.0334 16.0213}
	{Bone "piece08"}
	{Matrix34
		1	0	0
		0	0.932732	0.360572
		0	-0.360572	0.932732
		0	-1.17537	1.7144
	}
}
{Volume "sub_piece05"
	{Box 7.47235 7.87402 10.7095}
	{Bone "sub_piece05"}
	{Matrix34
		0.968662	0	-0.248382
		0	1	0
		0.248382	0	0.968662
		0.136239	0	0.151693
	}
}
{Volume "sub_piece06"
	{Box 13.1343 7.87402 9.1091}
	{Bone "sub_piece06"}
	{Matrix34
		0.986461	0	-0.163995
		0	1	0
		0.163995	0	0.986461
		0.0107858	0	-0.0265192
	}
}
{Volume "sub_piece071"
	{Box 7.87402 13.8682 8.29365}
	{Bone "sub_piece071"}
	{Matrix34
		1	0	0
		0	0.860537	-0.509389
		0	0.509389	0.860537
		0	-0.567845	-0.769976
	}
}
{Volume "sub_piece08"
	{Box 7.87402 11.4564 15.3586}
	{Bone "sub_piece08"}
	{Matrix34
		1	0	0
		0	0.927752	-0.373196
		0	0.373196	0.927752
		0	-0.347875	0.374264
	}
}
