;Exported by: sergienko
;Date:        Mon Nov 28 11:21:12 2005
;File:        D:\-projets1_5\3dwork\anima\construction\hangar_old\Tower_hangar_x.max
{Skeleton
	{bone "air_force_hangar_roof6_x"
		{Orientation
			1	0	0
			0	-1	0
			0	0	1
		}
		{bone "piece1"
			{Position 11.501	22.5496	95.3691}
			{VolumeView "piece1.ply"}
		}
		{bone "piece2"
			{Position 25.0342	-21.0496	78.1124}
			{VolumeView "piece2.ply"}
		}
		{bone "piece3"
			{Matrix34
				-0.391791	-0.894674	0.21461
				0.834489	-0.247319	0.492404
				-0.387464	0.372009	0.843493
				-17.4046	-19.1964	74.4757
			}
			{VolumeView "piece3.ply"}
		}
		{bone "fx_steel"
			{Position 16.1026	-5.80965	93.6844}
		}
	}
}
{Volume "piece1"
	{Box 45.5238 25.0949 2.18951}
	{Bone "piece1"}
	{Matrix34
		1	0	0
		0	0.965926	-0.258819
		0	0.258819	0.965926
		0	-0.391283	0.892891
	}
}
{Volume "piece2"
	{Box 24.9369 34.6994 3.18481}
	{Bone "piece2"}
	{Matrix34
		1	0	0
		0	0.866025	-0.5
		0	0.5	0.866025
		0	-0.054321	0.471181
	}
}
{Volume "piece3"
	{Box 37.8116 19.656 2.29215}
	{Bone "piece3"}
	{Matrix34
		1	0	0
		0	0.866026	-0.5
		0	0.5	0.866025
		1.01644	0.0399487	0.0247943
	}
}
