;Exported by: vic
;Date:        Sat Mar 18 16:56:43 2006
;File:        D:\Obmen\stroghold22asa.max
{Skeleton
	{bone "backwall_stairs4a"
		{Orientation
			1	0	0
			0	-1	0
			0	0	1
		}
		{VolumeView "backwall_stairs4a.ply"}
		{bone "backwall_land"
			{parameters "Land;Ground;"}
			{VolumeView "backwall_land.ply" {Ground}}
		}
	}
}
{Obstacle "body"
	{Obb2
		{Center -0.0792847 -2.78979}
		{Extent 127.953 2.95276}
		{Axis 1 0}
	}
	{Rotate}
}
{Obstacle "body04"
	{Obb2
		{Center -0.0792847 11.1431}
		{Extent 29.5276 10.8268}
		{Axis 1 0}
	}
	{Rotate}
}
{Obstacle "body05"
	{Obb2
		{Center -113.354 11.2109}
		{Extent 14.7638 10.8268}
		{Axis 1 0}
	}
	{Rotate}
}
{Obstacle "body06"
	{Obb2
		{Center 113.057 11.0793}
		{Extent 14.7638 10.8268}
		{Axis 1 0}
	}
	{Rotate}
}
{Obstacle "body1"
	{Obb2
		{Center 115.462 -8.10934}
		{Extent 12.3774 16.4894}
		{Axis 1 0}
	}
	{Rotate}
}
{Obstacle "body2"
	{Obb2
		{Center -0.187317 -8.10934}
		{Extent 24.4981 16.4894}
		{Axis 1 0}
	}
	{Rotate}
}
{Obstacle "body3"
	{Obb2
		{Center -115.598 -8.10934}
		{Extent 12.3774 16.4894}
		{Axis 1 0}
	}
	{Rotate}
}
{Volume "body"
	{Box 255.906 5.90551 168.799}
	{Bone "backwall_stairs4a"}
	{Position -0.0792847	2.78979	84.543}
}
{Volume "body04"
	{Box 59.0551 21.6535 168.799}
	{Bone "backwall_stairs4a"}
	{Position -0.0792847	-11.1431	84.543}
}
{Volume "body05"
	{Box 29.5276 21.6535 168.799}
	{Bone "backwall_stairs4a"}
	{Position -113.354	-11.2109	84.543}
}
{Volume "body06"
	{Box 29.5276 21.6535 168.799}
	{Bone "backwall_stairs4a"}
	{Position 113.057	-11.0793	84.543}
}
{Volume "body1"
	{Box 24.7548 15.748 78.9877}
	{Bone "backwall_stairs4a"}
	{Matrix34
		1	0	0
		0	0.974778	0.223174
		0	-0.223174	0.974778
		115.462	8.1094	36.9615
	}
}
{Volume "body2"
	{Box 48.9963 15.748 78.9877}
	{Bone "backwall_stairs4a"}
	{Matrix34
		1	0	0
		0	0.974778	0.223174
		0	-0.223174	0.974778
		-0.187317	8.1094	36.9615
	}
}
{Volume "body3"
	{Box 24.7548 15.748 78.9877}
	{Bone "backwall_stairs4a"}
	{Matrix34
		1	0	0
		0	0.974778	0.223174
		0	-0.223174	0.974778
		-115.598	8.1094	36.9615
	}
}
