;Exported by: ubrashaev
;Date:        Sat Feb 25 16:44:39 2006
;File:        D:\-Projects1_5-\-work-\3d\-entourage\estakada\estakada_x.max
{Skeleton
	{bone "body"
		{Orientation
			1	0	0
			0	-1	0
			0	0	1
		}
		{bone "land"
			{parameters "land;ground;"}
			{Position 79.9903	-0.515397	2.84991}
			{VolumeView "land.ply" {Ground}}
		}
		{bone "piece00"
			{Matrix34
				0.997201	0.0637535	0.0390599
				-0.0632772	0.997907	-0.0133131
				-0.0398269	0.0108043	0.999148
				68.9352	0	23.3368
			}
			{VolumeView "piece00.ply"}
		}
		{bone "piece01"
			{Position 29.7738	-23.4918	10.5423}
			{VolumeView "piece01.ply"}
		}
		{bone "piece02"
			{Matrix34
				0.981528	-0.157631	0.108426
				0.163632	0.985312	-0.0488249
				-0.0991373	0.065665	0.992905
				84.4453	-23.4918	10.5423
			}
			{VolumeView "piece02.ply"}
		}
		{bone "piece03"
			{Position -84.4073	-23.4918	10.5423}
			{VolumeView "piece03.ply"}
		}
		{bone "piece04"
			{Position -84.4073	24.3743	10.5423}
			{VolumeView "piece04.ply"}
		}
		{bone "piece05"
			{Matrix34
				0.99609	0.00839098	-0.0879422
				-0.0267735	0.977334	-0.210001
				0.0841868	0.211535	0.973738
				29.7738	24.3743	10.5423
			}
			{VolumeView "piece05.ply"}
		}
		{bone "piece06"
			{Matrix34
				0.977045	0.213017	-0.00252412
				-0.210145	0.96179	-0.175497
				-0.0349562	0.171999	0.984477
				84.4453	24.3743	10.5423
			}
			{VolumeView "piece06.ply"}
		}
		{bone "piece07"
			{Matrix34
				0.979488	0.2015	0.00105381
				-0.198862	0.967484	-0.156296
				-0.0325131	0.15288	0.98771
				137.529	17.6053	10.9365
			}
			{VolumeView "piece07.ply"}
		}
		{bone "piece08"
			{Matrix34
				0.981452	-0.0824042	-0.173092
				0.043775	0.97538	-0.216142
				0.186641	0.204556	0.960896
				137.529	-17.6054	10.9365
			}
			{VolumeView "piece08.ply"}
		}
		{bone "piece09"
			{Position -137.525	18.2279	10.9378}
			{VolumeView "piece09.ply"}
		}
		{bone "piece10"
			{Position -137.525	-18.2279	10.9378}
			{VolumeView "piece10.ply"}
		}
		{bone "piece11"
			{Matrix34
				0.946852	-0.303518	-0.106523
				0.241345	0.88926	-0.388547
				0.212658	0.342188	0.915251
				-59.0551	17.6053	23.3368
			}
			{VolumeView "piece11.ply"}
		}
		{bone "piece12"
			{Matrix34
				0.986407	0.136657	0.0912478
				-0.116122	0.972615	-0.201334
				-0.116263	0.188001	0.975263
				-95.4992	0	21.7384
			}
			{VolumeView "piece12.ply"}
		}
		{bone "piece13"
			{Matrix34
				0.979051	0.173865	0.105974
				-0.139215	0.951389	-0.274732
				-0.148588	0.254224	0.955663
				0.00626659	17.6053	23.3368
			}
			{VolumeView "piece13.ply"}
		}
		{bone "piece14"
			{Matrix34
				0.999893	-0.0140361	-0.00418227
				0.0145793	0.981107	0.192917
				0.00139545	-0.192957	0.981206
				-59.0551	-17.6053	23.3368
			}
			{VolumeView "piece14.ply"}
		}
		{bone "piece15"
			{Matrix34
				0.991118	-0.0952615	-0.0927952
				0.110677	0.977711	0.178412
				0.0737311	-0.187098	0.97957
				0.0062561	-17.6054	23.3368
			}
			{VolumeView "piece15.ply"}
		}
	}
}
{Volume "piece00"
	{Box 78.7965 52.8998 4.57979}
	{Bone "piece00"}
	{Position 1.35196e-005	0	0}
}
{Volume "piece01"
	{Box 9.68815 3.95336 21.0846}
	{Bone "piece01"}
	{Position 0	0	0}
}
{Volume "piece02"
	{Box 10.9328 3.95335 21.0846}
	{Bone "piece02"}
	{Position 6.32179	1.05392	-0.638519}
}
{Volume "piece03"
	{Box 10.513 3.95335 21.0846}
	{Bone "piece03"}
	{Position -8.12763	0	0}
}
{Volume "piece04"
	{Box 9.7962 3.95335 21.0846}
	{Bone "piece04"}
	{Position -7.78427	0	0}
}
{Volume "piece05"
	{Box 7.66979 3.95336 21.0846}
	{Bone "piece05"}
	{Position 0	0	0}
}
{Volume "piece06"
	{Box 9.26911 3.95335 21.0846}
	{Bone "piece06"}
	{Position 7.27964	-1.56572	-0.260448}
}
{Volume "piece07"
	{Box 59.3504 17.6891 5.74542}
	{Bone "piece07"}
	{Matrix34
		0.939693	0	-0.34202
		0	1	0
		0.34202	0	0.939693
		-0.22848	0	-0.627739
	}
}
{Volume "piece08"
	{Box 59.3503 17.6891 6.43487}
	{Bone "piece08"}
	{Matrix34
		0.939693	0	-0.34202
		0	1	0
		0.34202	0	0.939693
		0.0161651	0	0.0444304
	}
}
{Volume "piece09"
	{Box 59.3569 16.4439 3.44763}
	{Bone "piece09"}
	{Matrix34
		0.939693	0	0.34202
		0	1	0
		-0.34202	0	0.939693
		-0.903518	0	-0.0769087
	}
}
{Volume "piece10"
	{Box 59.3569 16.4439 4.36699}
	{Bone "piece10"}
	{Matrix34
		0.939693	0	0.34202
		0	1	0
		-0.34202	0	0.939693
		-0.455018	0	-0.94389
	}
}
{Volume "piece11"
	{Box 59.0614 17.6891 4.57977}
	{Bone "piece11"}
	{Position 0	0	0}
}
{Volume "piece12"
	{Box 25.638 52.8997 1.38298}
	{Bone "piece12"}
	{Position 0	0	0}
}
{Volume "piece13"
	{Box 59.0613 17.6891 4.57976}
	{Bone "piece13"}
	{Position 0	0	0}
}
{Volume "piece14"
	{Box 59.0614 17.6891 4.57976}
	{Bone "piece14"}
	{Position 0	0	0}
}
{Volume "piece15"
	{Box 59.0614 17.6891 4.57977}
	{Bone "piece15"}
	{Position 0	0	0}
}
