;Exported by: shevchenko
;Date:        Mon Aug 29 11:37:26 2005
;File:        D:\-Projects1_5-\-3DWork-\e_farm_121_lm_corner_x.max
{Skeleton
	{animation
		{sequence "crush" {speed 0.4}}
	}
	{bone "121_f2c3"
		{parameters "CommonMesh;"}
		{Orientation
			1	0	0
			0	-1	0
			0	0	1
		}
		{VolumeView "121_f2c3.ply"}
		{bone "piece0"
			{Matrix34
				0	-1	0
				0	0	1
				-1	0	0
				17.9209	-8.97198	-30.527
			}
			{VolumeView "piece0.ply"}
		}
		{bone "piece3"
			{Matrix34
				0	-1	0
				0	0	1
				-1	0	0
				17.9209	-9.95623	-0.999466
			}
			{VolumeView "piece3.ply"}
		}
		{bone "piece2"
			{Matrix34
				1	0	0
				0	0	1
				0	-1	0
				9.06259	-14.8775	-10.842
			}
			{VolumeView "piece2.ply"}
		}
		{bone "piece1"
			{Matrix34
				1	0	0
				0	0	1
				0	-1	0
				-0.779922	-14.8775	-22.653
			}
			{VolumeView "piece1.ply"}
		}
		{bone "piece4"
			{Matrix34
				1	0	0
				0	0	1
				0	-1	0
				-9.6382	-14.8775	-1.98372
			}
			{VolumeView "piece4.ply"}
		}
		{bone "piece5"
			{Matrix34
				1	0	0
				0	0	1
				0	-1	0
				-1.76418	-14.8775	15.7328
			}
			{VolumeView "piece5.ply"}
		}
	}
}
{Volume "piece5"
	{Box 18.8386 5.90551 11.7126}
	{Bone "piece5"}
	{Matrix34
		0.994699	-0.10283	0
		0	0	-1
		0.10283	0.994699	0
		-0.609087	-0.150679	0
	}
}
{Volume "piece4"
	{Box 17.3228 5.90551 12.9331}
	{Bone "piece4"}
	{Matrix34
		0.861465	0.507818	0
		0	0	-1
		-0.507818	0.861465	0
		0.223641	0.597997	0
	}
}
{Volume "piece1"
	{Box 12.9134 5.90551 16.9291}
	{Bone "piece1"}
	{Matrix34
		0.867813	0.49689	0
		0	0	-1
		-0.49689	0.867813	0
		-0.358584	0.614079	0
	}
}
{Volume "piece2"
	{Box 9.44882 5.90551 16.5354}
	{Bone "piece2"}
	{Matrix34
		0.986696	0.162573	0
		0	0	-1
		-0.162573	0.986696	0
		0.704612	0.889169	0
	}
}
{Volume "piece3"
	{Box 5.90552 14.3307 13.5433}
	{Bone "piece3"}
	{Matrix34
		0	0	-1
		-0.608863	0.793276	0
		0.793276	0.608863	0
		0.340338	1.09896	0
	}
}
{Volume "piece0"
	{Box 5.90551 13.9961 13.5827}
	{Bone "piece0"}
	{Matrix34
		0	0	-1
		-1	0	0
		0	1	0
		1.98011	0.447241	0
	}
}
