;Exported by: sana
;Date:        Fri Apr 28 12:41:46 2006
;File:        D:\-Project-\-3DWork-\Entourage\fence\barricade_new_vik2_work.max
{Skeleton
	{bone "barricade2_d_corner1"
		{Orientation
			1	0	0
			0	-1	0
			0	0	1
		}
		{VolumeView "barricade2_d_corner1.ply"}
		{bone "climb08"
			{Matrix34
				0.465852	-0.884863	0
				0.884863	0.465852	0
				0	0	1
				-11.9554	15.429	0.566713
			}
			{visibility 0}
		}
		{bone "climb09"
			{Matrix34
				-0.578986	0.815338	0
				-0.815338	-0.578986	0
				0	0	1
				10.1771	-19.1033	0.566713
			}
			{visibility 0}
		}
	}
}
{Obstacle "obstacle14"
	{Polygon2
		{Radius 0}
		{Vertex 27.5219 -6.61562}
		{Vertex 10.6705 9.62754}
		{Vertex -9.09535 17.8676}
		{Vertex -28.0549 19.6392}
		{Vertex -27.7676 1.68881}
		{Vertex 5.31864 -12.6884}
	}
	{Rotate}
}
{Volume "body5_vol10"
	{Box 15.7428 15.748 39.4949}
	{Bone "barricade2_d_corner1"}
	{Matrix34
		0.255445	-0.435624	0.863121
		0.436598	-0.744554	-0.504995
		0.862629	0.505836	0
		2.85382	-0.391657	4.78662
	}
}
{Volume "body5_vol11"
	{Box 15.7428 8.0315 25.5906}
	{Bone "barricade2_d_corner1"}
	{Position -18.1186	-5.10771	13.4129}
}
