;Exported by: shevchenko
;Date:        Tue Mar 14 15:12:47 2006
;File:        D:\-Projects1_5-\-3DWork-\euro1_corner2_lm_corner.max
{Skeleton
	{bone "101_f3w10"
		{Orientation
			1	0	0
			0	-1	0
			0	0	1
		}
		{VolumeView "101_f3w10.ply"}
		{bone "attach1"
			{Matrix34
				0	1	0
				-1	0	0
				0	0	1
				6.86405	20.4354	-34.6207
			}
		}
		{bone "window3"
			{Matrix34
				0	1	0
				0	0	1
				1	0	0
				6.86424	35.1992	-5.09311
			}
			{VolumeView "../common/window3.ply"}
		}
		{bone "window3_x"
			{Matrix34
				0	1	0
				0	0	1
				1	0	0
				6.86424	34.9599	-5.09311
			}
			{visibility 0}
			{VolumeView "../common/window3_x.ply"}
		}
		{bone "fix90"
			{Position -23.6416	50.9371	-25.273}
		}
		{bone "fix91"
			{Position -23.6416	-42.629	-29.2031}
		}
		{bone "fix92"
			{Position -23.6416	-2.25196	-52.3379}
		}
		{bone "fix93"
			{Position 28.6951	35.1992	-2.45478}
		}
	}
}
{Volume "beam1"
	{Box 3.93701 3.93701 75.1181}
	{Bone "101_f3w10"}
	{Matrix34
		0.707107	0.707107	0
		-0.707107	0.707107	0
		0	0	1
		32.5076	-15.0767	2.93836
	}
}
{Volume "beam2"
	{Box 3.93701 3.93701 77.3717}
	{Bone "101_f3w10"}
	{Matrix34
		0.707107	0	0.707107
		0.707107	0	-0.707107
		0	1	0
		32.5076	-6.62568	43.1034
	}
}
{Volume "body1"
	{Box 5.90551 77.0834 32.5804}
	{Bone "101_f3w10"}
	{Position -23.6416	4.85993	-29.2031}
}
{Volume "body2"
	{Box 43.3071 5.90551 29.0157}
	{Bone "101_f3w10"}
	{Position 0.964695	35.1992	-18.1443}
}
{Volume "body3"
	{Box 23.8189 5.90551 38.8811}
	{Bone "101_f3w10"}
	{Matrix34
		0.707107	0	-0.707107
		0	1	0
		0.707107	0	0.707107
		3.73768	35.1992	-0.121005
	}
}
{Volume "floor1"
	{Box 39.3701 62.9921 1.9685}
	{Bone "101_f3w10"}
	{Position -1.15957	0.750404	-35.6049}
}
{Volume "floor2"
	{Box 26.378 25.1969 1.9685}
	{Bone "101_f3w10"}
	{Position 31.8966	-9.26765	-35.6049}
}
{Volume "hole1"
	{Box 11.811 23.622 19.685}
	{Bone "101_f3w10"}
	{Matrix34
		-1	0	0
		0	0	1
		0	1	0
		6.86407	36.1835	-5.09311
	}
}
{Volume "roof1"
	{Box 84.897 51.7709 1.9685}
	{Bone "101_f3w10"}
	{Matrix34
		-0.706628	0	-0.707585
		0	-1	0
		-0.707585	0	0.706628
		3.23683	2.19685	17.6577
	}
}
{Volume "roof2"
	{Box 29.1742 49.6175 1.9685}
	{Bone "101_f3w10"}
	{Matrix34
		-0.706628	0	-0.707585
		0	-1	0
		-0.707585	0	0.706628
		-35.3156	-8.3509	-20.947
	}
}
{Volume "window3"
	{Box 11.811 23.622 1.9685}
	{Bone "window3"}
	{Matrix34
		0	0	-1
		0	1	0
		1	0	0
		0	0	-0.000183388
	}
}
