;Exported by: Matthias
;Date:        Fri Sep 17 22:56:55 2010
;File:        D:\Programme\505games\1C\Men of War\mods\mow_a4\backup\3d models\M.Huerbe\lefh18\lefh18_x.max
{Skeleton
	{bone "basis"
		{Orientation
			1	0	0
			0	-1	0
			0	0	1
		}
		{bone "body"
			{parameters "ID=body;"}
			{animation
				{sequence "break" {file "body_b.anm"} {speed 0.7}}
			}
			{Matrix34
				1	0	0.000757322
				0	1	0
				-0.000757322	0	1
				-1.27524	-0.00207806	10.8269
			}
			{VolumeView "body.ply"}
			{bone revolute "turret"
				{parameters "ID=turret;"}
				{animation
					{sequence "break" {file "turret_b.anm"} {speed 0.8}}
				}
				{limits -8 8}
				{speed 0.006}
				{Position -7.35686	0.00207806	2.45188}
				{VolumeView "turret.ply"}
				{bone revolute "gun_rot"
					{parameters "ID=gun;"}
					{animation
						{sequence "break" {file "gun_b.anm"} {speed 0.6}}
					}
					{limits -5 40}
					{speed 0.006}
					{Matrix34
						1	0	0
						0	0	1
						0	-1	0
						1.30474	0	10.046
					}
					{VolumeView "gun_rot.ply"}
					{bone "gun"
						{parameters "ID=gun;"}
						{Matrix34
							1	0	0
							0	0	-1
							0	1	0
							7.32736	-0.242249	0
						}
						{VolumeView "gun.ply"}
						{bone "breech"
							{parameters "ID=ID=gun;"}
							{Matrix34
								0	1	0
								-1	0	0
								0	0	1
								-13.0164	-0.172508	0.125675
							}
							{VolumeView "breech.ply"}
						}
						{bone "handle"
							{parameters "ID=gun;"}
							{Position -15.0233	-1.72534	3.62221}
							{VolumeView "handle.ply"}
						}
					}
					{bone "gun_rot_bone"
						{Matrix34
							0.103976	-0.933857	-0.3422
							-0.0978052	0.332797	-0.937913
							0.989759	0.13099	-0.056733
							3.93776	0.901709	4.30222
						}
						{bone "cylinder"
							{parameters "ID=gun;"}
							{Matrix34
								0.16813	0.98421	0.0553515
								-0.680793	0.15654	-0.715553
								-0.712919	0.0826227	0.696362
								-0.665625	0.125408	-0.022126
							}
							{VolumeView "cylinder.ply"}
						}
					}
				}
			}
			{bone "standl"
				{Matrix34
					0.573576	0.819152	0
					-0.819152	0.573576	0
					0	0	1
					-7.11059	8.15168	-10.7337
				}
				{VolumeView "standl.ply"}
			}
			{bone "standr"
				{Matrix34
					-0.573577	0.819152	0
					-0.819152	-0.573577	0
					0	0	1
					-7.11059	-8.14753	-10.7337
				}
				{VolumeView "standr.ply"}
			}
			{bone "pivot_front"
				{Matrix34
					1	0	0
					0	0	1
					0	-1	0
					1.27091	0.00207806	-0.525517
				}
				{bone revolute "wheelr"
					{parameters "ID=wheelright;Support=1;Radius=0.52;"}
					{animation
						{sequence "break" {file "wheelR.anm"}}
					}
					{Matrix34
						-1	0	0
						0	1	0
						0	0	-1
						0.000955032	0.00473022	17.4124
					}
					{VolumeView "wheelr.ply"}
				}
				{bone revolute "wheell"
					{parameters "ID=wheelleft;Support=1;Radius=0.52;"}
					{animation
						{sequence "break" {file "wheelL.anm"}}
					}
					{Matrix34
						1	0	0
						0	-1	0
						0	0	-1
						0.000956108	0.00473309	-17.4124
					}
					{VolumeView "wheell.ply"}
				}
			}
			{bone "break"
				{parameters "ID=body;"}
				{Matrix34
					0.997303	0	-0.0733902
					0	1	0
					0.0733902	0	0.997303
					-4.65644	0	-0.00753117
				}
				{VolumeView "break.ply"}
			}
		}
		{bone "base_bone"
			{Matrix34
				0	1	0
				-1	0	0
				0	0	1
				0.0405378	-0.00207736	10.3809
			}
		}
	}
}
