;Exported by: dementor
;Date:        Tue Jan 22 18:15:44 2008
;File:        D:\DemetorDOC\3dsmax\scenes\CerkoV3_x.max
{Skeleton
	{bone "asl03_ch_v2"
		{Orientation
			1	0	0
			0	-1	0
			0	0	1
		}
		{bone "w2"
			{Orientation
				0.923879	0.382684	0
				-0.382684	0.923879	0
				0	0	1
			}
			{VolumeView "w2.ply"}
		}
		{bone "piece1"
			{Matrix34
				0.642788	-0.766044	0
				0	0	1
				-0.766044	-0.642788	0
				-12.1471	9.82888	21.8515
			}
			{VolumeView "piece1.ply"}
		}
		{bone "piece2"
			{Matrix34
				0.642788	-0.766044	0
				0	0	1
				-0.766044	-0.642788	0
				-4.5054	0.987747	8.17385
			}
			{VolumeView "piece2.ply"}
		}
		{bone "piece3"
			{Matrix34
				0.642788	-0.766044	0
				0	0	1
				-0.766044	-0.642788	0
				-4.5054	0.987747	8.17385
			}
			{VolumeView "piece3.ply"}
		}
		{bone "piece4"
			{Matrix34
				0.642788	-0.766044	0
				0	0	1
				-0.766044	-0.642788	0
				0.600346	-3.99114	-4.44844
			}
			{VolumeView "piece4.ply"}
		}
		{bone "piece10"
			{Matrix34
				1	0	0
				0	0	1
				0	-1	0
				12.0762	-4.58395	8.17384
			}
			{VolumeView "piece10.ply"}
		}
		{bone "piece7"
			{Matrix34
				1	0	0
				0	0	1
				0	-1	0
				12.0762	-4.58395	20.5975
			}
			{VolumeView "piece7.ply"}
		}
	}
}
{Volume "piece1"
	{Box 8.98714 11.7717 7.87401}
	{Bone "piece1"}
	{Position -6.90759	1.4072	3.93701}
}
{Volume "piece2"
	{Box 7.78388 6.68498 7.87402}
	{Bone "piece2"}
	{Position -5.71036	19.5513	3.93701}
}
{Volume "piece3"
	{Box 8.98714 11.7717 7.87402}
	{Bone "piece3"}
	{Position -6.90759	1.4072	3.93701}
}
{Volume "piece4"
	{Box 7.78388 6.68498 7.87402}
	{Bone "piece4"}
	{Position -5.71036	19.5513	3.93702}
}
{Volume "piece5"
	{Box 7.02096 6.77656 7.87402}
	{Bone "piece10"}
	{Matrix34
		1	0	0
		0	1	0
		0	0	0.594599
		-2.03219	11.4469	2.34095
	}
}
{Volume "piece7"
	{Box 7.02096 6.77656 7.87402}
	{Bone "piece7"}
	{Matrix34
		1	0	0
		0	1	0
		0	0	0.594599
		-2.03219	11.4469	2.34095
	}
}
