;Exported by: sana
;Date:        Fri Apr 07 10:29:52 2006
;File:        D:\-Project-\-3DWork-\Entourage\build_euro\build-20_cut02.max
{Skeleton
	{bone "b_euro_corn21"
		{Orientation
			1	0	0
			0	-1	0
			0	0	1
		}
		{VolumeView "b_euro_corn21.ply"}
		{bone "fix23"
			{Position -33.9939	3.06306	84.6881}
		}
		{bone "fix24"
			{Position 0.489969	3.75647	80.8877}
		}
		{bone "fix25"
			{Position 38.6813	2.77844	86.4389}
		}
	}
}
{Volume "body1"
	{Box 19.9133 9.95192 35.5397}
	{Bone "b_euro_corn21"}
	{Matrix34
		0.639358	0	0.768909
		0	1	0
		-0.768909	0	0.639358
		-14.0052	-0.558014	101.857
	}
}
{Volume "body"
	{Box 30.6358 9.95192 51.5067}
	{Bone "b_euro_corn21"}
	{Matrix34
		0.639358	0	0.768909
		0	1	0
		-0.768909	0	0.639358
		11.5268	-0.558014	102.612
	}
}
{Volume "roof"
	{Box 54.7773 42.7047 3.93701}
	{Bone "b_euro_corn21"}
	{Matrix34
		0	1	0
		-0.789146	0	0.614206
		0.614206	0	0.789146
		20.0797	-22.1739	116.864
	}
}
