;Exported by: sana
;Date:        Mon Apr 30 15:59:30 2007
;File:        D:\-Project-\-3DWork-\Entourage\School_Ru\School_ru_cut3a_x01.max
{Skeleton
	{bone "school_ru_inn_l_1_13_x"
		{Orientation
			1	0	0
			0	-1	0
			0	0	1
		}
		{bone "piece01"
			{Position -2.28882e-005	-4.2086	15.9909}
			{VolumeView "piece01.ply"}
			{bone "sub_piece01"
				{Position 0	0.888184	-9.1311}
				{VolumeView "sub_piece01.ply"}
			}
		}
		{bone "piece02"
			{Position -3.05176e-005	-8.00842	-11.3193}
			{VolumeView "piece02.ply"}
			{bone "sub_piece02"
				{Position 0	-3.82007	7.34576}
				{VolumeView "sub_piece02.ply"}
			}
		}
		{bone "piece03"
			{Position -3.05176e-005	12.1592	3.21807}
			{VolumeView "piece03.ply"}
		}
	}
}
{Volume "piece01"
	{Box 2.95277 11.2763 17.6836}
	{Bone "piece01"}
	{Matrix34
		1	0	0
		0	0.793038	-0.609173
		0	0.609173	0.793038
		4.57764e-005	0.730358	-1.30457
	}
}
{Volume "piece02"
	{Box 2.95274 14.9926 13.2338}
	{Bone "piece02"}
	{Matrix34
		1	0	0
		0	0.877184	-0.480155
		0	0.480155	0.877184
		1.52588e-005	-0.0780559	-0.129684
	}
}
{Volume "piece03"
	{Box 2.95277 11.4051 16.0285}
	{Bone "piece03"}
	{Matrix34
		1	0	0
		0	0.989064	-0.14749
		0	0.14749	0.989064
		1.52588e-005	-0.685526	0.185092
	}
}
{Volume "sub_piece01"
	{Box 2.95277 9.3369 7.91085}
	{Bone "sub_piece01"}
	{Matrix34
		1	0	0
		0	0.95543	-0.295217
		0	0.295217	0.95543
		4.57764e-005	-0.4118	-0.147219
	}
}
{Volume "sub_piece02"
	{Box 2.95274 7.22079 11.1509}
	{Bone "sub_piece02"}
	{Matrix34
		1	0	0
		0	0.930194	-0.367069
		0	0.367069	0.930194
		1.52588e-005	0.00809944	0.150353
	}
}
