;Exported by: skr
;Date:        Mon Feb 11 00:15:37 2013
;File:        E:\Documents\3dsmax\scenes\SG-43 Goryunov\SG-43 Goryunov.max
{Skeleton
	{animation
		{sequence "close" {speed 0.5}}
	}
	{bone revolute "basis"
		{speed 0.01}
		{Orientation
			1	0	0
			0	-1	0
			0	0	1
		}
		{bone "body"
			{Position 11.9855	0.000401953	3.03488}
			{VolumeView "body.ply"}
			{bone revolute "turret"
				{parameters "ID=body;"}
				{limits -30 30}
				{speed 0.01}
				{Position -2.94664	-0.00101213	0.515564}
				{VolumeView "turret.ply"}
				{bone revolute "gun_rot"
					{parameters "ID=mgun;"}
					{limits -10 35}
					{speed 0.01}
					{Matrix34
						0.995271	0	0.0971381
						-0.0971381	0	0.995271
						0	-1	0
						0.0665569	0.0250453	1.14523
					}
					{VolumeView "gun_rot.ply"}
					{bone "mgun"
						{parameters "ID=gun;"}
						{Matrix34
							0.995278	-0.0968665	-0.00622364
							0.0968667	0.995297	-0.000259092
							-0.00621947	0.000344995	-0.999981
							1.25698	3.6421	0.0227144
						}
						{VolumeView "mgun.ply"}
						{bone "foresight3"
							{parameters "Vis;"}
							{Matrix34
								0.999981	-0.000272657	-0.00622364
								0.00622371	0.00025897	0.999981
								0.000271041	1	-0.000260662
								13.6427	0.0560045	-0.0866438
							}
						}
						{bone "shooter00"
							{parameters "Vis;"}
							{Matrix34
								0.999981	-0.000272657	-0.00622364
								0.00622371	0.00025897	0.999981
								0.000271041	1	-0.000260662
								13.3921	0.0229387	-0.085077
							}
						}
						{bone "fx_shell"
							{Matrix34
								-0.828095	0.00037053	0.560587
								-0.560587	-6.38348e-005	-0.828095
								0.000271048	1	-0.000260577
								-4.38066	0.141302	0.54583
							}
						}
						{bone "visor"
							{parameters "Vis;"}
							{Matrix34
								0.999981	-0.000272657	-0.00622364
								0.00622371	0.00025897	0.999981
								0.000271041	1	-0.000260662
								11.3039	1.24393	-0.0723967
							}
						}
					}
				}
				{bone "ammo_box"
					{parameters "CommonMesh;ID=ammo_box;"}
					{Matrix34
						1.55727e-005	-1	0
						0	0	1
						-1	-1.55727e-005	0
						-0.889462	-8.98209	-0.65561
					}
					{VolumeView "ammo_box.ply"}
					{bone "cover_box"
						{parameters "ID=ammo_box;"}
						{Matrix34
							-0.644952	-0.764223	0
							0.764223	-0.644952	0
							0	0	1
							2.24148	2.22028	0.366642
						}
						{VolumeView "cover_box.ply"}
					}
					{bone "ammo1"
						{parameters "CommonMesh;"}
						{Matrix34
							0.9998	-0.0199952	1.55846e-005
							-0.0199952	-0.9998	0
							1.5572e-005	0	-1
							-9.54216	6.09297	1.43677
						}
						{VolumeView "ammo1.ply"}
					}
					{bone "ammo2"
						{parameters "CommonMesh;"}
						{Matrix34
							0.011871	-0.99993	0
							-0.99993	-0.011871	-1.57356e-005
							1.57384e-005	0	-1
							-5.42656	4.3283	1.43683
						}
						{VolumeView "ammo2.ply"}
					}
					{bone "ammo3"
						{parameters "CommonMesh;"}
						{Matrix34
							-0.611523	0.791226	-1.00136e-005
							0.791226	0.611523	1.23103e-005
							1.58638e-005	0	-1
							-1.81294	2.85529	1.43689
						}
						{VolumeView "ammo3.ply"}
					}
					{bone "ammo4"
						{parameters "CommonMesh;"}
						{Matrix34
							0.619567	-0.784944	0
							-0.784944	-0.619567	-1.58866e-005
							1.14152e-005	1.11793e-005	-1
							-5.36562	1.33467	1.43683
						}
						{VolumeView "ammo4.ply"}
					}
					{bone "ammo_box01"
						{parameters "CommonMesh;ID=ammo_box;"}
						{Matrix34
							0.0201647	0	0.999797
							0	1	0
							-0.999797	0	0.0201647
							-0.240539	0.00631332	6.64877
						}
						{VolumeView "ammo_box01.ply"}
					}
				}
				{bone "shield"
					{parameters "ID=shield;"}
					{Matrix34
						-1.49374e-005	1	0
						0.0810465	0	0.99671
						-0.99626	-1.60363e-005	0.086407
						1.39153	-0.0661617	3.98323
					}
					{VolumeView "shield.ply"}
				}
				{bone "gunner"
					{Position -22.0558	-0.0237748	-3.55044}
				}
			}
			{bone "pivot_back"
				{Matrix34
					1	0	0
					0	0	1
					0	-1	0
					-21.1771	-0.000401953	-1.29569
				}
			}
			{bone revolute "pivot_front"
				{Matrix34
					1	0	0
					0	0	1
					0	-1	0
					-0.0182629	0.0184913	-0.0262341
				}
				{bone "fxtracer1"
					{Matrix34
						0	0	-1
						0	1	0
						1	0	0
						0.106378	-3.00864	4.71119
					}
				}
				{bone "fxtracel1"
					{Matrix34
						0	0	-1
						0	1	0
						1	0	0
						0.106379	-3.00864	-4.75561
					}
				}
			}
			{bone "commander"
				{Position -12.0967	-19.6294	-3.03488}
			}
			{bone "support1"
				{Matrix34
					-1	0	0
					0	0	1
					0	1	0
					-0.0213032	-4.29862	-0.0292168
				}
			}
			{bone "support2"
				{Matrix34
					-1	0	0
					0	0	1
					0	1	0
					-0.0213032	4.3815	-0.0292168
				}
			}
			{bone revolute "wheelright"
				{parameters "ID=wheelright;Support=1;Radius=0.19;"}
				{Matrix34
					-0.999983	-0.00327899	0.00475802
					-0.00474922	-0.0026858	-0.999985
					0.00329172	-0.999991	0.00267018
					-0.0182629	-4.89003	-0.0262346
				}
				{VolumeView "wheelright.ply"}
			}
			{bone revolute "wheelleft"
				{parameters "ID=wheelleft;Support=1;Radius=0.19;"}
				{Matrix34
					-0.999928	-0.0110574	0.00475986
					-0.0047934	0.00300848	-0.999984
					-0.0110429	0.999934	0.00306127
					-0.0182629	4.99424	-0.0262341
				}
				{VolumeView "wheelleft.ply"}
			}
		}
		{bone "emit2"
			{parameters "visibility=0;"}
			{Position -25.004	0	2.28737}
		}
		{bone "emit1"
			{parameters "visibility=0;"}
			{Position -19.3809	0	2.28737}
		}
		{bone "driver1"
			{Position 30.1778	-2.87885	0}
		}
		{bone "driver2"
			{Position -6.77079	-25.0872	0}
		}
		{bone "visor2"
			{parameters "Vis;"}
			{Position 5.42123	-19.7505	5.69919}
		}
	}
}
{Volume "ammo_box01"
	{Box 4.92126 6.69291 2.26378}
	{Bone "ammo_box01"}
	{Matrix34
		-0.999797	0	-0.02018
		0	1	0
		0.02018	0	-0.999797
		-0.107823	0.305869	0.854651
	}
}
{Volume "ammo_box"
	{Box 5.19437 6.43432 2.26378}
	{Bone "ammo_box"}
	{Matrix34
		1	0	1.57356e-005
		0	1	0
		-1.57356e-005	0	1
		-0.133269	0.046125	0.833311
	}
}
{Volume "body1"
	{Box 0.959712 1.00711 8.85827}
	{Bone "body"}
	{Matrix34
		-1	0	0
		0	0	1
		0	1	0
		-0.00523995	0.0376468	-0.0212946
	}
}
{Volume "body2"
	{Box 1.21481 1.12265 20.2756}
	{Bone "body"}
	{Matrix34
		0	-1	0
		-0.0387531	0	0.999249
		-0.999249	0	-0.0387531
		-11.8692	-0.0223725	-0.478215
	}
}
{Volume "body3"
	{Cylinder 0.295276 4.92126}
	{Bone "body"}
	{Matrix34
		1	0	0
		0	0	1
		0	-1	0
		-21.1644	-0.117104	-1.14492
	}
}
{Volume "body4"
	{Box 2.55906 1.00711 4.72441}
	{Bone "body"}
	{Matrix34
		-1	0	0
		0	0	1
		0	1	0
		-1.74117	0.0139396	-0.0212945
	}
}
{Volume "body5"
	{Box 1.80127 1.63371 0.879692}
	{Bone "body"}
	{Matrix34
		1	0	0
		0	0	1
		0	-1	0
		-19.5999	-0.0120672	-2.21006
	}
}
{Volume "mgun1"
	{Box 1.29146 2.4052 9.44882}
	{Bone "mgun"}
	{Matrix34
		-0.00622382	-0.000258928	-0.999981
		0.000270895	1	-0.000260619
		-0.99998	0.000272526	0.00622374
		-4.63419	-0.109247	0.0509917
	}
}
{Volume "mgun2"
	{Cylinder 0.603252 13.3858}
	{Bone "mgun"}
	{Matrix34
		0.00622369	0.000258932	0.999981
		0.000270748	1	-0.000260622
		0.999981	-0.000272369	-0.00622362
		6.6953	-0.0664697	-0.00609654
	}
}
{Volume "shield"
	{Box 8.51206 9.4504 0.318365}
	{Bone "shield"}
	{Matrix34
		1	0	-1.44962e-005
		0	0.999799	0.0153673
		-1.59283e-005	0.0207461	-0.999896
		0.174639	0.923755	0.14025
	}
}
{Volume "turret"
	{Box 1.06635 3.80331 7.08661}
	{Bone "gun_rot"}
	{Matrix34
		0	0	1
		0.0971383	0.995271	0
		-0.995271	0.0971383	0
		-1.89985	1.17487	0.0746346
	}
}
{Volume "wheelleft"
	{Cylinder 3.14961 0.787402}
	{Bone "wheelleft"}
	{Matrix34
		0.999928	-0.0047466	0.0110752
		-0.00471558	-0.999985	-0.00282651
		-0.0110884	-0.00277408	0.999934
		-0.0348478	0.00670747	-0.202761
	}
}
{Volume "wheelright"
	{Cylinder 3.14961 0.787402}
	{Bone "wheelright"}
	{Matrix34
		0.999984	-0.00474696	-0.00326912
		-0.0047562	-0.999985	-0.00282687
		-0.00325561	0.00284237	-0.999991
		-0.0376482	0.0113682	-0.176901
	}
}
