;Exported by: klimenko
;Date:        Tue Dec 06 15:51:25 2005
;File:        D:\-Project-\-3DWork-\fences\shtacket.max
{Skeleton
	{bone "picket"
		{Orientation
			1	0	0
			0	-1	0
			0	0	1
		}
		{bone "piece1"
			{Matrix34
				0.999939	0	-0.0110571
				0	1	0
				0.0110571	0	0.999939
				-0.59726	-27.4799	13.2167
			}
			{VolumeView "piece1.ply"}
		}
		{bone "piece2"
			{Matrix34
				0.999939	0	-0.0110571
				0	1	0
				0.0110571	0	0.999939
				-0.473663	-22.721	13.2243
			}
			{VolumeView "piece2.ply"}
		}
		{bone "piece3"
			{Matrix34
				0.999939	0	-0.0110571
				0	1	0
				0.0110571	0	0.999939
				-0.515594	-10.2444	9.4333
			}
			{VolumeView "piece3.ply"}
		}
		{bone "piece4"
			{Matrix34
				0.999939	0	-0.0110571
				0	1	0
				0.0110571	0	0.999939
				-0.467529	-5.79169	15.8138
			}
			{VolumeView "piece4.ply"}
		}
		{bone "piece5"
			{Matrix34
				0.999939	0	-0.0110571
				0	1	0
				0.0110571	0	0.999939
				-0.487518	-1.33295	13.2136
			}
			{VolumeView "piece5.ply"}
		}
		{bone "piece6"
			{Matrix34
				0.999939	0	-0.0110571
				0	1	0
				0.0110571	0	0.999939
				-0.473663	11.4514	13.2243
			}
			{VolumeView "piece6.ply"}
		}
		{bone "piece7"
			{Matrix34
				0.999939	0	-0.0110571
				0	1	0
				0.0110571	0	0.999939
				-0.565948	15.5801	13.213
			}
			{VolumeView "piece7.ply"}
		}
		{bone "piece8"
			{Matrix34
				0.999939	0	-0.0110571
				0	1	0
				0.0110571	0	0.999939
				-0.297272	12.1079	13.5177
			}
			{VolumeView "piece8.ply"}
		}
		{bone "piece9"
			{Position -0.179779	-16.446	13.2114}
			{VolumeView "piece9.ply"}
		}
		{bone "fx_wood1"
			{Position -2.82999	-2.52202	14.6513}
		}
	}
}
{Volume "piece1"
	{Box 1.28024 2.3843 20.6408}
	{Bone "piece1"}
	{Matrix34
		1	0	0
		0	0.999239	-0.0389993
		0	0.0389993	0.999239
		-0.0521212	-0.113527	1.80667
	}
}
{Volume "piece2"
	{Box 0.701385 1.6538 21.945}
	{Bone "piece2"}
	{Position -0.0478501	0	2.08166}
}
{Volume "piece3"
	{Box 0.701385 2.08534 18.883}
	{Bone "piece3"}
	{Position 1.51771e-005	0	0}
}
{Volume "piece4"
	{Box 1.03697 1.74812 21.2698}
	{Bone "piece4"}
	{Position 0	0	0}
}
{Volume "piece5"
	{Box 0.924622 2.50565 26.4539}
	{Bone "piece5"}
	{Matrix34
		1	0	0
		0	0.999497	0.0317101
		0	-0.0317102	0.999497
		0	0	0
	}
}
{Volume "piece6"
	{Box 0.701385 1.74812 23.9116}
	{Bone "piece6"}
	{Position -0.0264966	0	1.13281}
}
{Volume "piece7"
	{Box 1.28612 2.11037 24.6652}
	{Bone "piece7"}
	{Position -0.01279	-0.270737	0.261056}
}
{Volume "piece8"
	{Box 1.03652 22.3763 1.94736}
	{Bone "piece8"}
	{Position 0.486248	0	-7.05079}
}
{Volume "piece8a"
	{Box 1.03652 22.3763 1.94736}
	{Bone "piece8"}
	{Position 0.701234	0	7.95449}
}
{Volume "piece8b"
	{Box 1.03652 2.34951 26.3794}
	{Bone "piece8"}
	{Matrix34
		1	0	0
		0	0.984634	-0.174634
		0	0.174634	0.984633
		-0.220378	6.44143	-0.260169
	}
}
{Volume "piece8c"
	{Box 1.03652 2.34951 22.6863}
	{Bone "piece8"}
	{Matrix34
		1	0	0
		0	0.999932	0.0116749
		0	-0.0116749	0.999932
		-0.241953	-4.96106	0.0303463
	}
}
{Volume "piece9"
	{Box 1.0923 2.0052 23.7491}
	{Bone "piece9"}
	{Matrix34
		1	0	0
		0	0.999613	-0.0278075
		0	0.0278075	0.999613
		-0.413467	-2.45637	0.342435
	}
}
{Volume "piece9a"
	{Polyhedron "piece9a.vol"}
	{Bone "piece9"}
	{Matrix34
		1	0	0
		0	0.993924	-0.110069
		0	0.110069	0.993924
		-0.4711	1.26239	4.92143
	}
}
{Volume "piece9b"
	{Box 0.961227 14.4976 1.81833}
	{Bone "piece9"}
	{Matrix34
		1	0	0
		0	0.999999	-0.00161581
		0	0.00161581	0.999999
		0.668961	0.0594838	8.4482
	}
}
