;Exported by: sana
;Date:        Mon May 28 12:10:01 2007
;File:        D:\-Project-\-3DWork-\Entourage\ruins_ru\ruin_ru_141_x.max
{Skeleton
	{bone "ruin_ru_140_7_x"
		{Orientation
			1	0	0
			0	-1	0
			0	0	1
		}
		{bone "wall5"
			{Position -2.26984	0.234251	2.53078}
			{VolumeView "wall5.ply"}
		}
		{bone "piece03"
			{Position -19.9865	-10.9251	26.71}
			{VolumeView "piece03.ply"}
			{bone "sub_piece03"
				{Position 0	5.21136	-3.55625}
				{VolumeView "sub_piece03.ply"}
			}
		}
		{bone "piece01"
			{Position -19.9865	-25.1609	44.2913}
			{VolumeView "piece01.ply"}
			{bone "sub_piece01"
				{Position 0	11.2916	1.54279}
				{VolumeView "sub_piece01.ply"}
			}
		}
		{bone "piece04"
			{Position -19.9865	12.4604	36.7934}
			{VolumeView "piece04.ply"}
			{bone "sub_piece04"
				{Position 0	7.75133	2.66454}
				{VolumeView "sub_piece04.ply"}
			}
		}
		{bone "piece05"
			{Position -19.9865	23.5364	22.9978}
			{VolumeView "piece05.ply"}
			{bone "sub_piece05"
				{Position 0	-4.99104	-5.61415}
				{VolumeView "sub_piece05.ply"}
			}
		}
		{bone "wall6"
			{Position -19.9864	8.21283	0}
			{VolumeView "wall6.ply"}
		}
		{bone "piece08"
			{Position -6.03558	0.234255	19.5005}
			{VolumeView "piece08.ply"}
			{bone "sub_piece08"
				{Position 3.46005	0	5.37281}
				{VolumeView "sub_piece08.ply"}
			}
		}
		{bone "piece07"
			{Position -6.73868	0.234251	43.8311}
			{VolumeView "piece07.ply"}
			{bone "sub_piece07"
				{Position -3.28192	0	-3.62366}
				{VolumeView "sub_piece07.ply"}
			}
		}
		{bone "piece06"
			{Position 15.0844	0.234251	44.2913}
			{VolumeView "piece06.ply"}
			{bone "sub_piece06"
				{Position -5.67599	0	-7.70235}
				{VolumeView "sub_piece06.ply"}
			}
		}
		{bone "piece10"
			{Position -15.4014	24.3472	12.6155}
			{VolumeView "piece10.ply"}
		}
		{bone "piece11"
			{Position -5.59744	22.9856	11.7523}
			{VolumeView "piece11.ply"}
		}
		{bone "piece12"
			{Position -5.75302	4.61134	12.8529}
			{VolumeView "piece12.ply"}
		}
		{bone "oven"
			{Position -9.77234	14.6326	2.24895}
			{VolumeView "oven.ply"}
		}
		{bone "piece02"
			{Position -15.3127	8.86565	19.7874}
			{VolumeView "piece02.ply"}
		}
		{bone "piece13"
			{Position -11.1562	6.1198	34.7701}
			{VolumeView "piece13.ply"}
		}
		{bone "piece14"
			{Position -10.882	9.91389	47.3485}
			{VolumeView "piece14.ply"}
		}
		{bone "piece09"
			{Position -15.4377	5.84919	46.703}
			{VolumeView "piece09.ply"}
		}
	}
}
{Volume "piece01"
	{Box 3.93701 17.7619 9.84252}
	{Bone "piece01"}
}
{Volume "piece02"
	{Box 5.41046 7.59682 8.07875}
	{Bone "piece02"}
}
{Volume "piece03"
	{Box 3.93701 9.90829 15.3319}
	{Bone "piece03"}
	{Position 0	0	0}
}
{Volume "piece04"
	{Box 3.93701 11.4154 14.4763}
	{Bone "piece04"}
	{Matrix34
		1	0	0
		0	0.963067	0.269261
		0	-0.269261	0.963067
		0	0.201037	0.0426528
	}
}
{Volume "piece05"
	{Box 3.93701 14.917 13.8543}
	{Bone "piece05"}
}
{Volume "piece06"
	{Box 14.2098 3.93701 9.84252}
	{Bone "piece06"}
}
{Volume "piece07"
	{Box 10.545 3.93702 9.36384}
	{Bone "piece07"}
	{Matrix34
		0.869295	0	0.494293
		0	1	0
		-0.494293	0	0.869295
		0.724607	0	0.445864
	}
}
{Volume "piece08"
	{Box 12.9433 3.93701 10.9124}
	{Bone "piece08"}
	{Matrix34
		0.919164	0	-0.393875
		0	1	0
		0.393875	0	0.919164
		-0.0314957	0	-0.116482
	}
}
{Volume "piece09"
	{Box 5.1604 6.05531 8.95623}
	{Bone "piece09"}
}
{Volume "piece10"
	{Box 5.23294 4.19285 6.26508}
	{Bone "piece10"}
	{Position 0	0	0}
}
{Volume "piece11"
	{Box 6.65512 6.91587 7.99137}
	{Bone "piece11"}
	{Position 0	0	0}
}
{Volume "piece12"
	{Box 6.96631 3.57962 5.7903}
	{Bone "piece12"}
}
{Volume "piece13"
	{Box 5.96152 6.59653 9.29193}
	{Bone "piece13"}
	{Position 0	0	0}
}
{Volume "piece14"
	{Box 5.41327 5.50034 7.66512}
	{Bone "piece14"}
}
{Volume "sub_piece01"
	{Box 3.93701 11.8893 6.75694}
	{Bone "sub_piece01"}
	{Position 0	0	0}
}
{Volume "sub_piece03"
	{Box 3.93701 7.07933 12.7066}
	{Bone "sub_piece03"}
	{Matrix34
		1	0	0
		0	0.87978	-0.47538
		0	0.47538	0.87978
		0	0.682887	-0.478322
	}
}
{Volume "sub_piece04"
	{Box 3.93701 9.66219 6.69239}
	{Bone "sub_piece04"}
	{Matrix34
		1	0	0
		0	0.972993	-0.230836
		0	0.230836	0.972993
		0	0.111838	-0.273851
	}
}
{Volume "sub_piece05"
	{Box 3.93701 9.58698 7.71539}
	{Bone "sub_piece05"}
	{Position 0	0	0}
}
{Volume "sub_piece06"
	{Box 8.13959 3.93701 9.53943}
	{Bone "sub_piece06"}
}
{Volume "sub_piece07"
	{Box 6.27665 3.93701 10.6597}
	{Bone "sub_piece07"}
	{Matrix34
		0.744385	0	0.66775
		0	1	0
		-0.66775	0	0.744385
		-1.44437	0	-0.601789
	}
}
{Volume "sub_piece08"
	{Box 13.0224 3.93702 7.32688}
	{Bone "sub_piece08"}
	{Position 0	0	0}
}
