;Exported by: sergienko
;Date:        Thu Feb 09 11:22:47 2006
;File:        D:\-projets1_5\3dwork\anima\construction\Bahnhof_house\Bahnhof_house_x_test_без.max
{Skeleton
	{animation
		{sequence "crush" {speed 0.2}}
	}
	{bone "bh_corner18"
		{Orientation
			1	0	0
			0	-1	0
			0	0	1
		}
		{bone "exterior"
			{Position 6.45813	45.7372	0}
		}
		{bone "piece1"
			{Matrix34
				0	-1	0
				1	0	0
				0	0	1
				-29.5977	-104.396	147.818
			}
			{VolumeView "piece1.ply"}
		}
		{bone "piece2"
			{Matrix34
				0	-1	0
				1	0	0
				0	0	1
				-45.9786	-104.397	127.858
			}
			{VolumeView "piece2.ply"}
		}
		{bone "piece3"
			{Matrix34
				0	-1	0
				1	0	0
				0	0	1
				46.3853	-104.397	105.803
			}
			{VolumeView "piece3.ply"}
		}
		{bone "piece4"
			{Matrix34
				0	-1	0
				1	0	0
				0	0	1
				-43.7051	-104.397	97.6134
			}
			{VolumeView "piece4.ply"}
		}
		{bone "piece5"
			{Matrix34
				0	-1	0
				1	0	0
				0	0	1
				43.4785	-104.397	148.796
			}
			{VolumeView "piece5.ply"}
		}
		{bone "piece6"
			{Matrix34
				0	-1	0
				1	0	0
				0	0	1
				62.7992	-106.054	128.327
			}
			{VolumeView "piece6.ply"}
		}
		{bone "roof"
			{parameters "CommonMesh;"}
			{Position 8.26639	10.7478	187.533}
			{VolumeView "roof.ply"}
		}
		{bone "fx_dust1"
			{Position 5.54593	-119.487	122.624}
		}
	}
}
{Volume "piece1"
	{Box 28.1741 15.1501 18.1313}
	{Bone "piece1"}
	{Matrix34
		0	1	0
		1	0	0
		0	0	-1
		-2.84068e-005	-1.18396	0.654079
	}
}
{Volume "piece2"
	{Box 21.9379 15.1501 15.5361}
	{Bone "piece2"}
	{Matrix34
		0	-0.0871558	-0.996195
		-1	0	0
		0	0.996195	-0.0871558
		4.94865e-005	0.655807	-1.35218
	}
}
{Volume "piece3"
	{Box 28.8399 15.1501 14.6792}
	{Bone "piece3"}
	{Matrix34
		0	-0.0871564	-0.996195
		-1	0	0
		0	0.996195	-0.0871564
		-6.75354e-005	0.2871	0.49378
	}
}
{Volume "piece4"
	{Box 12.695 15.1501 32.3704}
	{Bone "piece4"}
	{Matrix34
		0	-0.965926	-0.258819
		1	0	0
		0	-0.258819	0.965926
		-0.000135999	1.30598	0.173341
	}
}
{Volume "piece5"
	{Box 27.2425 15.1501 16.917}
	{Bone "piece5"}
	{Matrix34
		0	-0.996195	-0.087156
		-1	0	0
		0	0.0871562	-0.996195
		2.97053e-005	0.730297	0.0780654
	}
}
{Volume "piece6"
	{Box 28.758 15.1501 46.6893}
	{Bone "piece6"}
	{Matrix34
		-1	0	0
		0	-1	0
		0	0	1
		1.54311e-005	6.55553e-005	0
	}
}
