;Exported by: sana
;Date:        Fri Jan 12 16:09:10 2007
;File:        D:\ss\house_ru_141_lm_corner_work_x.max
{Skeleton
	{bone "house_ru_141_11_3"
		{Orientation
			1	0	0
			0	-1	0
			0	0	1
		}
		{bone "piece01"
			{Position 6.85761	-12.1765	5.48112}
			{VolumeView "piece01.ply"}
		}
		{bone "piece02"
			{Position 6.9338	2.21376	-16.7106}
			{VolumeView "piece02.ply"}
		}
		{bone "piece03"
			{Position -5.21517	20.2251	6.85892}
			{VolumeView "piece03.ply"}
		}
		{bone "piece04"
			{Position 2.13321	3.03482	18.5128}
			{VolumeView "piece04.ply"}
		}
		{bone "piece05"
			{Position 16.4311	18.3064	7.59509}
			{VolumeView "piece05.ply"}
		}
		{bone "piece06"
			{Position -4.50623	-22.7816	1.19115}
			{VolumeView "piece06.ply"}
		}
		{bone "fx_haulm1"
			{Matrix34
				-0.40887	0	0.912593
				0	1	0
				-0.912593	0	-0.40887
				0.174309	0.522626	12.4619
			}
		}
	}
}
{Volume "piece01"
	{Box 1.47638 1.70478 34.8954}
	{Bone "piece01"}
	{Matrix34
		0	-0.570132	0.821554
		1	0	0
		0	0.821554	0.570132
		0	0	0
	}
}
{Volume "piece02"
	{Box 1.55743 1.70478 31.1724}
	{Bone "piece02"}
	{Matrix34
		0	0.006583	0.999978
		-1	-1.37537e-005	0
		1.37516e-005	-0.999978	0.006583
		0	-1.90736e-005	0
	}
}
{Volume "piece03"
	{Box 2.47477 2.45885 39.9218}
	{Bone "piece03"}
	{Matrix34
		0.0301902	0.647201	-0.761721
		-0.0256309	0.762319	0.646694
		0.999215	0	0.039603
		0	0	0
	}
}
{Volume "piece04"
	{Box 3.26014 3.38086 17.3228}
	{Bone "piece04"}
	{Matrix34
		0	-1	0
		0	0	1
		-1	0	0
		0	0	-1.52588e-005
	}
}
{Volume "piece05"
	{Box 3.89049 1.96851 38.0006}
	{Bone "piece05"}
	{Matrix34
		0.244727	0.390378	0.887532
		-0.847274	0.531155	0
		-0.471417	-0.751984	0.460746
		0	-1.74484e-005	0
	}
}
{Volume "piece06"
	{Box 1.47638 1.70478 43.3071}
	{Bone "piece06"}
	{Matrix34
		0.0301902	0.647201	-0.761721
		-0.0256309	0.762319	0.646694
		0.999215	0	0.039603
		0	0	1.1513e-005
	}
}
