;Exported by: sk
;Date:        Fri Jul 15 15:12:03 2005
;File:        D:\-Projects1_5-\-3DWork-\-Model-\Germany\Cannon\Sfh18\Sfh18_xx.max
{Skeleton
	{bone "basis"
		{Orientation
			1	0	0
			0	-1	0
			0	0	1
		}
		{bone "body"
			{parameters "ID=body;"}
			{Position -57.3854	-0.0239197	-0.0564861}
			{VolumeView "body.ply"}
			{bone "wheell"
				{parameters "ID=wheelleft;"}
				{Matrix34
					0	0	1
					1	0	0
					0	1	0
					61.419	18.5552	10.8932
				}
				{VolumeView "wheell.ply"}
			}
			{bone "wheelr"
				{parameters "ID=wheelright;"}
				{Matrix34
					0	0	1
					1	0	0
					0	1	0
					61.419	-18.5272	10.8932
				}
				{VolumeView "wheelr.ply"}
			}
			{bone "turret"
				{parameters "ID=turret;"}
				{Matrix34
					0	-1	0
					1	0	0
					0	0	1
					62.4031	0.540609	21.0724
				}
				{VolumeView "turret.ply"}
				{bone "gun_rot"
					{parameters "ID=gun;"}
					{Matrix34
						0	0	1
						0	1	0
						-1	0	0
						0.525925	-5.20699	1.00736
					}
					{VolumeView "gun_rot.ply"}
					{bone "gun"
						{parameters "ID=gun;"}
						{Matrix34
							0	0	-1
							0.173648	0.984808	0
							0.984808	-0.173648	0
							7.83001	18.2918	-0.00234985
						}
						{VolumeView "gun.ply"}
					}
					{bone "part3"
						{Position 10.9128	4.84002	0.0092392}
						{VolumeView "part3.ply"}
					}
				}
			}
			{bone "part1"
				{Matrix34
					-0.866026	-0.5	0
					0	0	1
					0.5	-0.866026	0
					-0.201751	-41.423	1.39894
				}
				{VolumeView "part1.ply"}
			}
			{bone "part2"
				{Matrix34
					-0.866026	-0.499999	0
					0	0	1
					0.499999	-0.866026	0
					27.3971	-25.8542	8.23465
				}
				{VolumeView "part2.ply"}
			}
			{bone "part4"
				{Matrix34
					-0.866025	0.5	0
					0	0	1
					0.5	0.866025	0
					52.6417	11.2142	6.38283
				}
				{VolumeView "part4.ply"}
			}
			{bone "part5"
				{Matrix34
					-0.641223	0.433076	0.633465
					0.405461	-0.50965	0.758854
					0.651487	0.743439	0.151203
					-0.101453	41.423	3.4203
				}
				{VolumeView "part5.ply"}
			}
		}
	}
}
{Obstacle "part5"
	{Obb2
		{Center -57.7373 -42.2136}
		{Extent 4.47387 7.3355}
		{Axis 0.766272 0.642516}
	}
	{Rotate}
}
{Obstacle "part4"
	{Obb2
		{Center -29.4158 -25.4472}
		{Extent 29.6819 1.82897}
		{Axis 0.866158 0.49977}
	}
	{Rotate}
}
{Obstacle "part2"
	{Obb2
		{Center -28.9704 25.1839}
		{Extent 1.77352 30.0437}
		{Axis 0.50046 0.86576}
	}
	{Rotate}
}
{Obstacle "part1"
	{Obb2
		{Center -57.8296 41.7003}
		{Extent 8.16642 4.2289}
		{Axis 0.50046 0.86576}
	}
	{Rotate}
}
{Obstacle "body"
	{Obb2
		{Center 3.29404 0.322983}
		{Extent 5.57246 9.2261}
		{Axis 1 0}
	}
	{Rotate}
}
{Obstacle "wheelright"
	{Obb2
		{Center 4.39705 17.7471}
		{Extent 9.42697 2.36928}
		{Axis 0.961301 0.275501}
	}
	{Rotate}
}
{Obstacle "wheelleft"
	{Obb2
		{Center 3.81482 -18.347}
		{Extent 9.00279 2.43081}
		{Axis 0.96596 0.258691}
	}
	{Rotate}
}
{Volume "part5"
	{Box 13.731 7.84897 6.15792}
	{Bone "part5"}
	{Matrix34
		0.0184614	-0.0186826	0.999655
		0.632739	-0.773923	-0.026149
		0.774145	0.633003	-0.00246649
		0.459168	-0.581611	0.429513
	}
}
{Volume "part4"
	{Box 3.64216 59.1928 6.15792}
	{Bone "part4"}
	{Matrix34
		0	0	1
		0.984808	-0.173648	0
		0.173648	0.984808	0
		28.4951	0.962787	0.0108538
	}
}
{Volume "part2"
	{Box 3.51511 59.8892 6.37027}
	{Bone "part2"}
	{Matrix34
		0	0	-1
		0.984808	-0.173648	0
		0.173648	0.984808	0
		-1.22868	-0.896992	-0.0922383
	}
}
{Volume "part1"
	{Box 16.3284 7.45621 6.37027}
	{Bone "part1"}
	{Matrix34
		0	0	-1
		0.984808	-0.173648	0
		0.173648	0.984808	0
		0.336674	0.232887	0.0982486
	}
}
{Volume "body"
	{Box 11.1449 18.4522 7.07807}
	{Bone "body"}
	{Position 60.6795	-0.299056	11.4315}
}
{Volume "turret"
	{Box 11.1449 12.5475 12.3866}
	{Bone "turret"}
	{Matrix34
		0	0.984808	0.173648
		-1	0	0
		0	-0.173648	0.984808
		0.626426	-3.02942	-0.33639
	}
}
{Volume "part3"
	{Cylinder 1.89946 24.8075}
	{Bone "part3"}
	{Matrix34
		-0.984808	0.173648	0
		0	0	1
		0.173648	0.984808	0
		-0.148105	0.185855	0.00414059
	}
}
{Volume "gun_rot1"
	{Box 4.11959 59.1417 3.95423}
	{Bone "gun_rot"}
	{Matrix34
		0	0	-1
		0.173648	0.984808	0
		0.984808	-0.173648	0
		-1.53743	-0.119858	0.0179235
	}
}
{Volume "gun"
	{Cylinder 2.39414 77.5234}
	{Bone "gun"}
	{Matrix34
		0	0	-1
		-1	0	0
		0	1	0
		-0.0157366	0.113113	0.0687661
	}
}
{Volume "wheelright"
	{Cylinder 9.42748 3.42692}
	{Bone "wheelr"}
	{Matrix34
		-0.997344	0	0.0728294
		-0.0199585	0.961717	-0.273317
		-0.0700413	-0.274045	-0.959163
		-0.120016	0.363471	0.804075
	}
}
{Volume "wheelleft"
	{Cylinder 9.06968 3.37338}
	{Bone "wheell"}
	{Matrix34
		-0.988565	-0.100408	0.112504
		-0.125378	0.961819	-0.24328
		-0.0837809	-0.254603	-0.963409
		-0.0913737	-0.218764	-0.184262
	}
}
