;Exported by: sergienko
;Date:        Thu Dec 15 18:59:42 2005
;File:        D:\-projets1_5\3dwork\anima\construction\bridge_rw\bridge_new_xx.max
{Skeleton
	{bone "bridge_rw_crossbar7"
		{Orientation
			1	0	0
			0	-1	0
			0	0	1
		}
		{bone "piece1"
			{Position -50.0873	-1.07199	210.704}
			{VolumeView "piece1.ply"}
		}
		{bone "piece2"
			{Position -50.0961	-1.07199	144.451}
			{VolumeView "piece2.ply"}
		}
		{bone "piece3"
			{Position -70.9578	-1.11658	200.091}
			{VolumeView "piece3.ply"}
		}
		{bone "piece5"
			{Position -49.6535	0	253.339}
			{VolumeView "piece5.ply"}
		}
		{bone "piece6"
			{Position 48.8266	-1.07199	210.704}
			{VolumeView "piece6.ply"}
		}
		{bone "piece7"
			{Position 48.8177	-1.07199	144.451}
			{VolumeView "piece7.ply"}
		}
		{bone "piece8"
			{Position 27.9561	-1.11658	200.091}
			{VolumeView "piece8.ply"}
		}
		{bone "piece9"
			{Position 82.4693	-1.11656	163.607}
			{VolumeView "piece9.ply"}
		}
		{bone "piece10"
			{Position 49.2603	0	253.339}
			{VolumeView "piece10.ply"}
		}
		{bone "sub_piece1"
			{Position -95.5457	-1.86871	137.256}
			{VolumeView "sub_piece1.ply"}
		}
		{bone "sub_piece2"
			{Position -37.3898	-1.11655	226.872}
			{VolumeView "sub_piece2.ply"}
		}
		{bone "sub_piece3"
			{Position 3.36813	-1.86871	137.256}
			{VolumeView "sub_piece3.ply"}
		}
		{bone "sub_piece4"
			{Position 61.524	-1.11655	226.872}
			{VolumeView "sub_piece4.ply"}
		}
		{bone "piece4"
			{Position -16.4445	-1.11656	163.607}
			{VolumeView "piece4.ply"}
		}
	}
}
{Volume "piece10"
	{Box 97.935 16.7471 11.094}
	{Bone "piece10"}
	{Position -3.05176e-005	0	-3.74052}
}
{Volume "piece1"
	{Box 10.0761 8.27602 69.0639}
	{Bone "piece1"}
}
{Volume "piece2"
	{Box 10.0892 8.27605 64.2783}
	{Bone "piece2"}
	{Position -3.05176e-005	0	0}
}
{Volume "piece3"
	{Box 6.54078 7.2339 90.3311}
	{Bone "piece3"}
	{Matrix34
		0.955274	0	-0.295722
		0	1	0
		0.295722	0	0.955274
		-0.760376	0	0
	}
}
{Volume "piece4"
	{Box 6.79483 7.23392 102.768}
	{Bone "piece4"}
	{Matrix34
		0.954728	0	0.297479
		0	1	0
		-0.297479	0	0.954728
		-0.756258	0	0
	}
}
{Volume "piece5"
	{Box 97.935 16.7471 11.094}
	{Bone "piece5"}
	{Position 0	0	-3.74052}
}
{Volume "piece6"
	{Box 10.0761 8.27602 69.0639}
	{Bone "piece6"}
}
{Volume "piece7"
	{Box 10.0892 8.27605 64.2783}
	{Bone "piece7"}
	{Position 0	0	0}
}
{Volume "piece8"
	{Box 6.54078 7.2339 90.3311}
	{Bone "piece8"}
	{Matrix34
		0.955274	0	-0.295722
		0	1	0
		0.295722	0	0.955274
		-0.760381	0	0
	}
}
{Volume "piece9"
	{Box 6.79483 7.23392 102.768}
	{Bone "piece9"}
	{Matrix34
		0.954728	0	0.297479
		0	1	0
		-0.297479	0	0.954728
		-0.756207	0	0
	}
}
{Volume "sub_piece1"
	{Box 6.4631 8.73818 50.0679}
	{Bone "sub_piece1"}
	{Matrix34
		0.955453	0	-0.295143
		0	1	0
		0.295143	0	0.955453
		4.03478	0	-1.82516
	}
}
{Volume "sub_piece2"
	{Box 6.05077 7.2339 36.7688}
	{Bone "sub_piece2"}
	{Matrix34
		0.955163	0	0.296082
		0	1	0
		-0.296082	0	0.955163
		0.723487	0	0
	}
}
{Volume "sub_piece3"
	{Box 6.4631 8.73818 50.0679}
	{Bone "sub_piece3"}
	{Matrix34
		0.955453	0	-0.295143
		0	1	0
		0.295143	0	0.955453
		4.03477	0	-1.82518
	}
}
{Volume "sub_piece4"
	{Box 6.05077 7.2339 36.7688}
	{Bone "sub_piece4"}
	{Matrix34
		0.955163	0	0.296082
		0	1	0
		-0.296082	0	0.955163
		0.723499	0	0
	}
}
