;Exported by: Normand
;Date:        Fri Dec 14 09:26:12 2012
;File:        C:\Users\Normand\sdkfz250_7.max
{Skeleton
	{animation
		{sequence "stop" {speed 0.5}}
		{sequence "start" {speed 0.5}}
		{sequence "open" {speed 0.3}}
		{sequence "close" {speed 0.3}}
	}
	{bone "basis"
		{Orientation
			1	0	0
			0	-1	0
			0	0	1
		}
		{bone "wheelsl"
			{Matrix34
				1	0	0
				0	0.000937442	1
				0	-1	0.000653276
				-26.0517	14.8769	6.92032
			}
			{bone revolute "wheell4"
				{parameters "Radius=0.4;ID=trackleft;"}
				{Matrix34
					-0.998714	0	-0.0507027
					0	1	0
					0.0353566	0	-0.999375
					24.5461	0.17442	-3.25043
				}
				{VolumeView "wheell4.ply"}
			}
			{bone revolute "wheell6"
				{parameters "Radius=0.4;ID=trackleft;"}
				{Matrix34
					-1	0	0
					0	1	0
					0	0	1
					8.05825	0.152385	-3.50104
				}
				{VolumeView "wheell6.ply"}
			}
			{bone revolute "wheell5"
				{parameters "Radius=0.4;ID=trackleft;"}
				{Matrix34
					-1	0	0
					0	1	0
					0	0	1
					16.4177	0.144339	-3.00305
				}
				{VolumeView "wheell5.ply"}
			}
			{bone revolute "wheell7"
				{parameters "Radius=0.4;ID=trackleft;"}
				{Matrix34
					-1	0	0
					0	1	0
					0	0	1
					-0.11162	0.240126	-3.07038
				}
				{VolumeView "wheell7.ply"}
			}
			{bone "trackl"
				{parameters "ID=trackleft;"}
				{Position 7.06385	0.978125	-1.164}
				{VolumeView "trackl.ply"}
			}
			{bone "fxtracel2"
				{Matrix34
					1	0	0
					0	1	0
					0	0	1
					22.8258	-6.69699	-3.17404
				}
			}
		}
		{bone "pivot_front"
			{Position 40.1887	0.211937	9.13237}
			{VolumeView "pivot_front.ply"}
			{bone revolute "steerl"
				{Matrix34
					0.999993	0.00386515	0
					0.00386515	-0.999993	0
					0	0	1
					-0.17178	15.2619	-0.168826
				}
				{VolumeView "steerl.ply"}
				{bone "fxtracel1"
					{Matrix34
						-0.999993	-0.00386753	0
						0	0	1
						-0.00386753	0.999993	0
						0.466686	-2.22822	-8.79073
					}
				}
				{bone revolute "wheell1"
					{parameters "ID=wheelleft;Radius=0.5;"}
					{Matrix34
						-0.999932	-0.0116482	0
						2.28041e-005	-0.0019576	0.999998
						0.0116482	-0.99993	-0.00195773
						0.213303	-2.78621	0.322494
					}
					{VolumeView "wheell1.ply"}
				}
			}
			{bone revolute "steerr"
				{Matrix34
					1	0	0
					0	-1	0
					0	0	1
					-0.144363	-15.1916	-0.709062
				}
				{VolumeView "steerr.ply"}
				{bone revolute "wheelr1"
					{parameters "ID=wheelright;Radius=0.5;"}
					{Matrix34
						-0.99997	-0.0077819	0
						1.52362e-005	-0.00195784	0.999998
						0.00778189	-0.999968	-0.0019579
						0.175125	2.72046	0.862726
					}
					{VolumeView "wheelr1.ply"}
				}
				{bone "fxtracer1"
					{Matrix34
						-1	0	0
						0	0	1
						0	1	0
						0.279633	2.48969	-8.3432
					}
				}
			}
		}
		{bone "wheelsr"
			{Matrix34
				1	0	0
				0	0.000937442	1
				0	-1	0.000653276
				-26.0872	-12.7831	6.84102
			}
			{bone revolute "wheelr4"
				{parameters "Radius=0.4;ID=trackright;"}
				{Matrix34
					-1	0	0
					0	1	0
					0	0	1
					24.6814	0.200094	5.37223
				}
				{VolumeView "wheelr4.ply"}
			}
			{bone revolute "wheelr6"
				{parameters "Radius=0.4;ID=trackright;"}
				{Matrix34
					-1	0	0
					0	1	0
					0	0	1
					8.09468	0.338646	4.86015
				}
				{VolumeView "wheelr6.ply"}
			}
			{bone revolute "wheelr5"
				{parameters "Radius=0.4;ID=trackright;"}
				{Matrix34
					-1	0	0
					0	1	0
					0	0	1
					16.2706	0.374115	4.93392
				}
				{VolumeView "wheelr5.ply"}
			}
			{bone revolute "wheelr7"
				{parameters "Radius=0.4;ID=trackright;"}
				{Matrix34
					-1	0	0
					0	1	0
					0	0	1
					-0.0764256	0.382493	4.87398
				}
				{VolumeView "wheelr7.ply"}
			}
			{bone "trackr"
				{parameters "ID=trackright;"}
				{Position 4.62335	0.87511	4.89325}
				{VolumeView "trackr.ply"}
			}
			{bone "fxtracer2"
				{Matrix34
					1	0	0
					0	1	0
					0	0	1
					22.7659	-6.6911	4.44098
				}
			}
		}
		{bone "link2"
			{Matrix34
				-1	0	0
				0	0	1
				0	-1	0
				-51.8793	-0.329951	12.8067
			}
		}
		{bone "emit1"
			{Matrix34
				0.999966	-0.00820473	0
				0.00820473	0.999966	0
				0	0	1
				-67.7816	5.81745	0.0459339
			}
		}
		{bone "body"
			{parameters "ID=body;"}
			{animation
				{sequence "repair" {file "body_r.anm"}}
			}
			{Position -8.28616	0.167172	22.8829}
			{VolumeView "body72.ply"}
			{bone "door_back"
				{parameters "ID=body;"}
				{Matrix34
					0.918305	0	-0.395874
					0	1	0
					0.395874	0	0.918305
					-35.9234	11.4175	1.70321
				}
				{VolumeView "door_back.ply"}
			}
			{bone "detail2"
				{parameters "ID=body;"}
				{Position -1.63854	-17.6936	10.9839}
				{VolumeView "detail2.ply"}
			}
			{bone "seat02"
				{Matrix34
					0.0110205	-0.999939	0
					0.999939	0.0110205	1.56224e-005
					-1.56057e-005	0	1
					-15.08841	5.059674	-11.2713
				}
			}
			{bone "commander"
				{Matrix34
					0.935915	0	0.352227
					0	1	0
					-0.352227	0	0.935915
					7.80925	-7.63713	-13.7991
				}
			}
			{bone "driver"
				{Matrix34
					0.931969	0	0.362539
					0.0029827	0.999966	-0.00766754
					-0.362526	0.00822726	0.931937
					7.84311	7.33811	-13.6922
				}
			}
			{bone "headlightr"
				{Matrix34
					0.99999	0.00453793	0
					0	0	1
					0.00453793	-0.99999	0
					57.4082	-12.0624	-0.63541
				}
			}
			{bone "headlightl"
				{Matrix34
					0.99999	0.00453793	0
					0	0	1
					0.00453793	-0.99999	0
					57.3039	12.2054	-0.629984
				}
			}
			{bone "fxstop1"
				{Matrix34
					0.99999	0.00453793	0
					0	0	1
					0.00453793	-0.99999	0
					-37.2358	17.3087	-2.39415
				}
			}
			{bone "fxstop2"
				{Matrix34
					0.99999	0.00453793	0
					0	0	1
					0.00453793	-0.99999	0
					-37.0861	-19.1429	-2.42437
				}
			}
			{bone "fxsmoke1"
				{Matrix34
					0.99999	0.00453793	0
					0	0	1
					0.00453793	-0.99999	0
					-0.651943	13.4778	-6.73272
				}
			}
			{bone "fxfire1"
				{Matrix34
					0.99999	0.00453793	0
					0	0	1
					0.00453793	-0.99999	0
					37.6533	-0.468592	1.52102
				}
			}
			{bone "visor2"
				{Position 30.8409	7.65491	8.53168}
			}
			{bone "visor1"
				{Matrix34
					1	0	0
					0	0	1
					0	-1	0
					16.5552	0.0442939	14.5455
				}
			}
			
			
			
			
			{bone revolute "turret"
				{limits -25 25}
				{Position 8.08518	-0.267623	11.8701}
				{bone revolute "mgun_rot"
					{limits -20 20}
					{Matrix34
						1	0	0
						0	0	1
						0	-1	0
						-0.280821	-0.00115973	1.3364
					}
					{bone "mgun"
						{Matrix34
							1	0	0
							0	1	0.000148654
							0	-0.000148654	1
							-5.00463	1.15036	-0.0122872
						}
						{bone "visor1"
							{Matrix34
								1	0	0
								0	1	-0.000148773
								0	0.000148773	1
								20.3812	1.84258	-0.325993
							}
						}
						{bone "foresight3"
							{Matrix34
								1	0	0
								0	1	-0.000148773
								0	0.000148773	1
								20.3812	1.84258	-0.325993
							}
						}
					}
				}
				{bone "gunner"
					{Matrix34
						1	0	0
						0	1	1.56161e-005
						0	-1.56161e-005	1
						-11.1474	-2.350955	-27.1415
					}
				}
			}
			{bone "shield"
				{parameters "ID=shield;"}
				{Matrix34
					0	-1	0.000124454
					-0.427085	0.000112603	0.904212
					-0.904212	-5.30053e-005	-0.427085
					9.73474	-0.184276	15.9447
				}
				{VolumeView "shield.ply"}
			}
			
			
			
			
			
			{bone "engine"
				{parameters "ID=engine;"}
				{animation
					{sequence "repair" {file "engine_r.anm"}}
				}
				{Position 0	0	0}
				{VolumeView "engine.ply"}
				{bone "engine_cover"
					{parameters "ID=body;"}
					{Matrix34
						0.0975218	0	0.995233
						0	1	0
						-0.995233	0	0.0975218
						38.6898	-7.13105	3.92303
					}
					{VolumeView "engine_cover.ply"}
				}
				{bone "engine_door"
					{parameters "ID=body;"}
					{Matrix34
						0.0914983	-0.0149403	0.995693
						0.167749	0.98583	-0.000622792
						-0.981574	0.167084	0.092708
						36.1011	11.9792	3.40689
					}
					{VolumeView "engine_door.ply"}
				}
				{bone "engine_cover1"
					{parameters "ID=body;"}
					{Matrix34
						0.0934896	0	0.99562
						0	1	0
						-0.99562	0	0.0934896
						38.482	7.26762	3.95731
					}
					{VolumeView "engine_cover1.ply"}
				}
				{bone "engine_door1"
					{parameters "ID=body;"}
					{Matrix34
						0.0906333	-0.0453448	0.994851
						-0.176386	0.982439	0.0608476
						-0.98014	-0.180991	0.0810441
						36.2152	-11.951	3.45809
					}
					{VolumeView "engine_door1.ply"}
				}
			}
			{bone revolute "wheell2"
				{parameters "Radius=0.5;ID=trackleft;"}
				{Matrix34
					-1	0	0
					0	0.00093753	1
					0	-1	0.000653363
					21.0149	18.1127	-13.4508
				}
				{VolumeView "wheell2.ply"}
			}
			{bone revolute "wheell3"
				{parameters "Radius=0.5;ID=trackleft;"}
				{Matrix34
					-1	0	0
					0	0.00093753	1
					0	-1	0.000653363
					-27.5013	17.8577	-13.1328
				}
				{VolumeView "wheell3.ply"}
			}
			{bone revolute "wheelr2"
				{parameters "Radius=0.5;ID=trackright;"}
				{Matrix34
					-1	0	0
					0	0.00093753	1
					0	-1	0.000653363
					21.0296	-18.0463	-13.4158
				}
				{VolumeView "wheelr2.ply"}
			}
			{bone revolute "wheelr3"
				{parameters "Radius=0.5;ID=trackright;"}
				{Matrix34
					-1	0	0
					0	0.00093753	1
					0	-1	0.000653363
					-27.5096	-18.4702	-13.2224
				}
				{VolumeView "wheelr3.ply"}
			}
			{bone "detail5"
				{parameters "ID=body;"}
				{Position 17.7348	0.13476	-2.71117}
				{VolumeView "detail5.ply"}
			}
			{bone "detail1"
				{parameters "ID=body;"}
				{Matrix34
					-0.996492	0.0828717	-0.0116594
					-0.0324679	-0.51124	-0.858824
					0.077133	0.855433	-0.512137
					7.68212	18.4775	1.92068
				}
				{VolumeView "detail1.ply"}
			}
			{bone "detail3"
				{parameters "ID=body;"}
				{Position 41.5255	16.2085	-1.54698}
				{VolumeView "detail3.ply"}
			}
			{bone "detail4"
				{parameters "ID=body;"}
				{Matrix34
					0.999503	0.0220811	0.0224757
					0.030492	-0.498224	-0.866512
					-0.00793559	0.866767	-0.49865
					10.8396	17.1516	-0.969057
				}
				{VolumeView "detail4.ply"}
			}
			{bone "enumerator"
				{parameters "ID=enumerator;"}
				{Matrix34
					-0.268213	-0.963349	-0.0045002
					0.488923	-0.140146	0.860996
					-0.83007	0.22873	0.508592
					57.73	-3.62331	-4.58933
				}
				{VolumeView "enumerator.ply"}
			}
			{bone "attach01"
				{Matrix34
					0.995115	0.0987246	0
					0.0797724	-0.804082	0.589141
					0.0581628	-0.586263	-0.80803
					-15.6728	-16.8126	6.37802
				}
			}
			{bone "attach02"
				{Matrix34
					0.995115	0.0987246	0
					0.0797724	-0.804082	0.589141
					0.0581628	-0.586263	-0.80803
					-15.7501	-16.0939	7.54648
				}
			}
			
			
			
			
			{bone "radio"
				{Position -11.7131	-10.2806	-7.02707}
				{bone "4fu6"
					{parameters "ID=radio;"}
					{Matrix34
						-1	0	0
						0	-1	0
						0	0	1
						-4.72994	3.9328	6.76996
					}
					{VolumeView "4fu6.ply"}
					{bone "4ca"
						{parameters "ID=radio;"}
						{Position 9.82489	-0.925932	-1.39367}
						{VolumeView "4ca.ply"}
					}
					{bone "4ca01"
						{parameters "ID=radio;"}
						{Position 9.82489	-0.925932	2.09888}
						{VolumeView "4ca01.ply"}
					}
				}
				{bone "batterly"
					{parameters "ID=radio;"}
					{Matrix34
						-1	0	0
						0	0	1
						0	1	0
						-4.94097	0.174087	-0.192446
					}
					{VolumeView "batterly.ply"}
				}
				{bone "rama"
					{parameters "ID=radio;"}
					{Matrix34
						0	0	1
						1	0	0
						0	1	0
						-8.84788	0.162899	14.2214
					}
					{VolumeView "rama.ply"}
				}
			}
			{bone "antenna2"
				{Matrix34
					0.225093	-0.974337	0
					0	0	1
					-0.974337	-0.225093	0
					-22.6187	13.8905	10.8363
				}
				{VolumeView "antenna2.ply"}
			}
			{bone "bench"
				{Position 0.507471	10.9042	-10.8939}
				{VolumeView "bench.ply"}
			}
			{bone "radist"
				{Matrix34
					0	-1	0
					1	0	0
					0	0	1
					-13.6532	4.22394	-11.3348
				}
			}
			
			
			
			
			{bone "engine_body"
				{parameters "ID=engine;"}
				{Matrix34
					0	-1	0
					-0.0347085	0	0.999398
					-0.999398	0	-0.0347085
					37.7601	-0.125538	-7.16234
				}
				{VolumeView "engine_body.ply"}
				{bone revolute "vent"
					{parameters "ID=engine;"}
					{Position 0.0443396	5.18854	-1.90058}
					{VolumeView "vent.ply"}
				}
			}
		}

	}
}
{Volume "body"
	{Polyhedron "body.vol"}
	{Bone "body"}
	{Matrix34
		1	-1.57356e-005	0
		0	0	1
		-1.57356e-005	-1	0
		10.9052	13.7862	-9.22706
	}
}
{Volume "engine"
	{Polyhedron "engine.vol"}
	{Bone "engine"}
	{Matrix34
		1	-1.57356e-005	0
		0	0	1
		-1.57356e-005	-1	0
		10.9052	13.7862	-9.22707
	}
}
{Volume "ram"
	{Polyhedron "ram.vol"}
	{Bone "body"}
	{Matrix34
		1	-1.57356e-005	0
		0	0	1
		-1.57356e-005	-1	0
		10.9052	13.7862	-9.22706
	}
}
{Volume "trackleft"
	{Box 65 16.95 7}
	{Bone "wheelsl"}
	{Matrix34
		1	0	0
		0	1	0.000928392
		0	-0.000650541	1
		14.2261	1.47947	-3.28754
	}
}
{Volume "trackright"
	{Box 65 16.9 7}
	{Bone "wheelsr"}
	{Matrix34
		1	0	0
		0	1	0.000928392
		0	-0.000650541	1
		14.1831	1.68683	4.75756
	}
}
{Volume "wheelleft1"
	{Cylinder 9.9 4}
	{Bone "wheell1"}
	{Matrix34
		-0.99997	1.25484e-005	0.0077757
		0	0.999998	-0.0019522
		-0.00777571	-0.00195216	-0.999968
		0.00325503	-0.0955686	-0.379103
	}
}
{Volume "wheelright1"
	{Cylinder 9.9 4}
	{Bone "wheelr1"}
	{Matrix34
		-0.99997	1.25484e-005	0.00777428
		0	0.999998	-0.0019522
		-0.00777428	-0.00195216	-0.999968
		-0.104996	-0.162661	0.367793
	}
}
{Volume "antenna2"
	{Cylinder 0.26728 41.3386}
	{Bone "antenna2"}
	{Matrix34
		0.974337	0	0.225093
		0.225093	0	-0.974337
		0	1	0
		-2.09492	23.2412	1.7408
	}
}
{Volume "radio1"
	{Box 23.8763 9.0396 14.8367}
	{Bone "radio"}
	{Position -11.2334	1.59975	3.55151}
}
{Volume "shield"
	{Polyhedron "shield.vol"}
	{Bone "shield"}
	{Matrix34
		6.25284e-005	0.0283487	-0.999598
		0.00010223	0.999598	0.0283487
		1	-0.000103961	5.96052e-005
		-7.83525	0.635185	0.603168
	}
}