;Exported by: klimenko
;Date:        Mon Nov 28 16:01:32 2005
;File:        D:\-Project-\-3DWork-\fences\shtacket.max
{Skeleton
	{bone "picket_gate"
		{Orientation
			1	0	0
			0	-1	0
			0	0	1
		}
		{bone "fx_wood1a"
			{Position -1.48489	4.48438	18.2436}
		}
		{bone "fx_wood1"
			{Position -2.05515	21.2975	21.59}
		}
		{bone "piece1"
			{Position -2.23019	-30.6752	22.3165}
			{VolumeView "piece1.ply"}
		}
		{bone "piece2"
			{Matrix34
				0.974334	0.223976	-0.0225542
				-0.223916	0.974595	0.00518328
				0.0231421	0	0.999732
				-2.18207	-30.6949	8.3608
			}
			{VolumeView "piece2.ply"}
		}
		{bone "piece8"
			{Matrix34
				0.974334	0.223976	-0.0225542
				-0.223916	0.974595	0.00518328
				0.0231421	0	0.999732
				-2.32571	-27.5291	0
			}
			{VolumeView "piece8.ply"}
		}
		{bone "piece3"
			{Matrix34
				0.974334	0.223976	-0.0225542
				-0.223916	0.974595	0.00518328
				0.0231421	0	0.999732
				-2.99051	-22.1999	16.1888
			}
			{VolumeView "piece3.ply"}
		}
		{bone "piece4"
			{Matrix34
				0.974334	0.223976	-0.0225542
				-0.223916	0.974595	0.00518328
				0.0231421	0	0.999732
				-6.86285	-7.50836	18.0335
			}
			{VolumeView "piece4.ply"}
		}
		{bone "piece5"
			{Matrix34
				0.996702	-0.0811523	0
				0.0811523	0.996702	0
				0	0	1
				-2.21698	28.7767	18.6427
			}
			{VolumeView "piece5.ply"}
		}
		{bone "piece6"
			{Matrix34
				0.996702	-0.0811523	0
				0.0811523	0.996702	0
				0	0	1
				-2.95163	11.8127	14.1011
			}
			{VolumeView "piece6.ply"}
		}
		{bone "piece7"
			{Matrix34
				0.996702	-0.0811523	0
				0.0811523	0.996702	0
				0	0	1
				-3.93649	11.5366	16.3979
			}
			{VolumeView "piece7.ply"}
		}
	}
}
{Volume "piece1"
	{Box 3.64756 3.80239 18.5725}
	{Bone "piece1"}
	{Position -0.00650024	0	-0.280829}
}
{Volume "piece2"
	{Box 3.89526 3.81635 16.8356}
	{Bone "piece2"}
	{Matrix34
		0.980906	-0.19448	0.000577452
		0.194475	0.980897	0.00448645
		-0.00143894	-0.00428848	0.99999
		0	1.1471e-005	0
	}
}
{Volume "piece3"
	{Box 0.690358 5.90412 30.7451}
	{Bone "piece3"}
	{Position -0.643598	3.4726	-0.0325252}
}
{Volume "piece3a"
	{Box 0.883659 16.8451 2.21365}
	{Bone "piece3"}
	{Position 0.244851	1.48182	-8.96678}
}
{Volume "piece3b"
	{Box 0.883659 18.3611 2.21365}
	{Bone "piece3"}
	{Matrix34
		0.998699	-0.0108125	-0.0498367
		-0.000391382	0.97561	-0.219509
		0.0509947	0.219243	0.974337
		0.295015	-2.01514	-2.91138
	}
}
{Volume "piece3c"
	{Box 0.883659 18.3611 2.21365}
	{Bone "piece3"}
	{Matrix34
		0.996696	-0.00600362	0.080994
		-0.0224418	0.938077	0.345698
		-0.078054	-0.346373	0.934844
		0.32565	2.14258	4.15623
	}
}
{Volume "piece4"
	{Box 2.57344 5.84455 35.8815}
	{Bone "piece4"}
	{Position 0.696537	3.03092	0}
}
{Volume "piece5"
	{Box 4.40939 4.25418 25.6523}
	{Bone "piece5"}
	{Position 0	-1.41804e-005	0}
}
{Volume "piece6"
	{Box 1.17389 25.2387 2.23751}
	{Bone "piece6"}
	{Position -3.63781e-005	-2.78243e-005	0}
}
{Volume "piece7"
	{Box 0.760651 1.74811 32.7975}
	{Bone "piece7"}
	{Position 0	-2.91653e-005	0}
}
{Volume "piece8"
	{Box 0.760391 2.18686 27.4938}
	{Bone "piece8"}
	{Position -0.485094	3.34534	13.7425}
}
