;Exported by: ubrashaev
;Date:        Thu Feb 23 09:41:40 2006
;File:        D:\-Projects1_5-\-work-\3d\euro_sh\euro1_corner2_lm_cornerDoc.max
{Skeleton
	{bone "101_f1w3"
		{Orientation
			1	0	0
			0	-1	0
			0	0	1
		}
		{bone "piece00"
			{Matrix34
				0.996195	-0.0871557	0
				0	0	1
				-0.0871557	-0.996195	0
				-8.25183	-6.35385	19.685
			}
			{VolumeView "piece00.ply"}
		}
		{bone "piece01"
			{Matrix34
				0	1	0
				-1	0	0
				0	0	1
				-7.52103	-1.99719	35.9027
			}
			{VolumeView "piece01.ply"}
		}
		{bone "piece02"
			{Matrix34
				0	1	0
				-1	0	0
				0	0	1
				-7.52103	7.47268	19.2185
			}
			{VolumeView "piece02.ply"}
		}
		{bone "piece03"
			{Matrix34
				0	1	0
				-1	0	0
				0	0	1
				-7.52103	2.4479	6.41398
			}
			{VolumeView "piece03.ply"}
		}
		{bone "piece04"
			{Matrix34
				0	1	0
				-1	0	0
				0	0	1
				-7.52103	-29.9435	40.8552
			}
			{VolumeView "piece04.ply"}
		}
		{bone "piece05"
			{Matrix34
				0	1	0
				-1	0	0
				0	0	1
				-7.52103	33.2822	17.3944
			}
			{VolumeView "piece05.ply"}
		}
		{bone "piece06"
			{Matrix34
				0	1	0
				-1	0	0
				0	0	1
				-7.52103	-32.4243	16.9069
			}
			{VolumeView "piece06.ply"}
		}
	}
}
{Volume "piece00"
	{Box 19.6851 39.3701 1.5}
	{Bone "piece00"}
	{Position 9.84325	0	0.749998}
}
{Volume "piece01"
	{Box 13.33 6 25.9267}
	{Bone "piece01"}
	{Position -2.18507e-005	-1.00067e-005	0}
}
{Volume "piece02"
	{Box 13.33 6 17.6102}
	{Bone "piece02"}
	{Position 0	0	0}
}
{Volume "piece03"
	{Box 16.2412 6 12.5005}
	{Bone "piece03"}
	{Position 0	0	0}
}
{Volume "piece04"
	{Box 14.3371 6 11.8858}
	{Bone "piece04"}
	{Matrix34
		0.866025	0	0.5
		0	1	0
		-0.5	0	0.866025
		-0.615953	0	0.704999
	}
}
{Volume "piece05"
	{Box 11.9662 6 21.1639}
	{Bone "piece05"}
	{Matrix34
		0.965926	0	-0.258819
		0	1	0
		0.258819	0	0.965926
		0	1.12832e-005	0
	}
}
{Volume "piece06"
	{Box 11.1972 6 22.8155}
	{Bone "piece06"}
	{Position -2.03209e-005	0	0.330048}
}
