;Exported by: klimenko
;Date:        Thu Dec 29 12:08:30 2005
;File:        D:\-Project-\-3DWork-\entourage\stuff123.max
{Skeleton
	{bone "stuff"
		{Orientation
			1	0	0
			0	-1	0
			0	0	1
		}
		{bone "piece1"
			{Position 6.08987	16.91	16.2042}
			{VolumeView "piece1.ply"}
		}
		{bone "piece2"
			{Position 27.8957	15.1518	16.0175}
			{VolumeView "piece2.ply"}
		}
		{bone "piece3"
			{Position -6.8591	-2.11646	26.3874}
			{VolumeView "piece3.ply"}
		}
		{bone "piece4"
			{Position 14.9292	23.7132	4.55535}
			{VolumeView "piece4.ply"}
		}
		{bone "piece5"
			{Position 10.1199	-10.3533	13.4609}
			{VolumeView "piece5.ply"}
		}
		{bone "piece6"
			{Position -7.60791	1.24872	8.85703}
			{VolumeView "piece6.ply"}
		}
		{bone "piece7"
			{Position 13.2458	4.87508	15.455}
			{VolumeView "piece7.ply"}
		}
		{bone "piece8"
			{Position 30.6232	12.494	4.59163}
			{VolumeView "piece8.ply"}
		}
		{bone "piece9"
			{Position -10.2549	-25.1457	11.3129}
			{VolumeView "piece9.ply"}
		}
		{bone "sub_piece1"
			{Position -3.7903	18.2353	17.7898}
			{VolumeView "sub_piece1.ply"}
		}
		{bone "sub_piece2"
			{Position -8.02112	-4.76637	23.4245}
			{VolumeView "sub_piece2.ply"}
		}
		{bone "sub_piece3"
			{Position 9.08237	27.6696	10.5921}
			{VolumeView "sub_piece3.ply"}
		}
		{bone "sub_piece4"
			{Position 23.505	-3.75767	7.10353}
			{VolumeView "sub_piece4.ply"}
		}
		{bone "sub_piece5"
			{Position -12.5182	-11.9862	11.811}
			{VolumeView "sub_piece5.ply"}
		}
		{bone "sub_piece6"
			{Position 4.00562	-4.08081	11.6894}
			{VolumeView "sub_piece6.ply"}
		}
		{bone "sub_piece7"
			{Position 4.72589	7.054	28.4778}
			{VolumeView "sub_piece7.ply"}
		}
		{bone "sub_piece8"
			{Position -7.78125	-25.7518	3.54814}
			{VolumeView "sub_piece8.ply"}
		}
		{bone "fx_metall1"
			{Position -1.14404	18.7839	0}
		}
		{bone "fx_wood1"
			{Position -15.3083	-6.30491	13.8675}
		}
		{bone "fx_wood1a"
			{Position 4.07578	-17.0688	16.2142}
		}
		{bone "fx_wood1b"
			{Position 18.9948	8.24919	12.1292}
		}
	}
}
{Volume "piece1"
	{Cylinder 6.18958 13.9437}
	{Bone "piece1"}
	{Matrix34
		0.983722	-0.178233	-0.0228811
		0.115993	0.532566	0.838403
		-0.137246	-0.827409	0.544571
		-0.397859	0.573527	-0.262813
	}
}
{Volume "piece2"
	{Cylinder 5.44478 12.8372}
	{Bone "piece2"}
	{Matrix34
		0.968433	-0.249275	0
		0.0739644	0.287351	0.954966
		-0.238049	-0.924819	0.296719
		-0.164721	-0.140019	0.0389326
	}
}
{Volume "piece3"
	{Box 6.30394 23.981 1.26999}
	{Bone "piece3"}
	{Matrix34
		0.985246	0.119353	-0.122661
		-0.0957269	0.978417	0.183131
		0.14187	-0.168687	0.975406
		-0.106416	0.41337	0.0585704
	}
}
{Volume "piece4"
	{Box 34.0747 1.23835 9.15985}
	{Bone "piece4"}
	{Matrix34
		0.98187	-0.188364	0.0212148
		0.189555	0.975701	-0.10989
		0	0.111919	0.993717
		-1.35868e-005	-0.367083	0
	}
}
{Volume "piece5"
	{Box 5.52415 19.24 18.4629}
	{Bone "piece5"}
	{Matrix34
		0.997623	-0.0689053	0
		0.0689054	0.997623	0
		0	0	1
		0	0	0.318131
	}
}
{Volume "piece6"
	{Box 22.9732 0.933058 15.197}
	{Bone "piece6"}
	{Matrix34
		0.999687	0.0249948	0
		-0.0247258	0.988929	-0.146317
		-0.00365717	0.146272	0.989238
		0.0078462	5.91726	-2.1201
	}
}
{Volume "piece6a"
	{Box 0.751223 11.4384 15.3489}
	{Bone "piece6"}
	{Matrix34
		0.999687	0.0249948	0
		-0.0247258	0.988929	-0.146317
		-0.00365717	0.146272	0.989238
		-11.5618	-0.118448	-1.46209
	}
}
{Volume "piece7"
	{Box 4.51443 15.2777 5.0395}
	{Bone "piece7"}
	{Matrix34
		0.958584	0.205063	0.197653
		-0.28066	0.798178	0.53305
		-0.0484535	-0.566446	0.822673
		-0.38107	-0.108315	0.501742
	}
}
{Volume "piece8"
	{Box 0.761117 16.0953 9.18326}
	{Bone "piece8"}
	{Matrix34
		0.974573	-0.16807	-0.148187
		0.171541	0.985117	0.0108703
		0.144155	-0.0360141	0.9889
		-1.02929e-005	0	0
	}
}
{Volume "piece9"
	{Box 17.9814 10.2624 0.980366}
	{Bone "piece9"}
	{Matrix34
		0.988935	0.0702395	0.130666
		-0.088942	0.985675	0.143301
		-0.118729	-0.153337	0.981015
		0.207395	0.267848	0.0193294
	}
}
{Volume "sub_piece1"
	{Cylinder 5.45046 15.8936}
	{Bone "sub_piece1"}
	{Matrix34
		0.984479	-0.175502	0
		0.0513395	0.28799	0.956257
		-0.167825	-0.941414	0.29253
		0.292755	1.64221	-0.510298
	}
}
{Volume "sub_piece2"
	{Box 16.4056 19.5426 0.718878}
	{Bone "sub_piece2"}
	{Matrix34
		0.998605	0.0283	-0.0445726
		-0.020024	0.984145	0.176234
		0.0488533	-0.175096	0.983339
		1.58591	0.372929	0.0398821
	}
}
{Volume "sub_piece3"
	{Box 8.00546 1.10984 33.7397}
	{Bone "sub_piece3"}
	{Matrix34
		0.996798	-0.0418974	-0.0681064
		0.0335326	0.992252	-0.11963
		0.072591	0.116964	0.99048
		1.16473e-005	0	0
	}
}
{Volume "sub_piece4"
	{Box 19.8651 5.32846 5.15645}
	{Bone "sub_piece4"}
	{Matrix34
		0.807125	-0.253861	-0.533013
		0.31916	0.947154	0.0321867
		0.496674	-0.196095	0.845495
		0.635288	-0.448228	-0.348207
	}
}
{Volume "sub_piece5"
	{Box 9.53825 1.1062 24.4585}
	{Bone "sub_piece5"}
	{Matrix34
		0.998775	-0.00111538	0.0494734
		-0.000187896	0.999653	0.0263306
		-0.0494856	-0.0263076	0.998428
		-1.79004	-3.97624	0
	}
}
{Volume "sub_piece5a"
	{Box 0.858443 5.62129 24.4585}
	{Bone "sub_piece5"}
	{Matrix34
		0.998775	-0.00111538	0.0494734
		-0.000187896	0.999653	0.0263306
		-0.0494856	-0.0263076	0.998428
		-6.64038	-0.508111	0
	}
}
{Volume "sub_piece6"
	{Box 0.661209 18.3755 20.1365}
	{Bone "sub_piece6"}
	{Matrix34
		0.991256	0.025447	-0.129479
		-0.0255828	0.999673	0.000614852
		0.129452	0.00270295	0.991582
		1.44781e-005	0	0
	}
}
{Volume "sub_piece7"
	{Box 8.94931 1.1587 9.77825}
	{Bone "sub_piece7"}
	{Matrix34
		0.98977	-0.142671	0
		0.135773	0.941914	-0.307188
		0.0438267	0.304045	0.951649
		-0.0412397	-0.0497935	0.0326086
	}
}
{Volume "sub_piece8"
	{Box 10.0693 9.14863 7.39522}
	{Bone "sub_piece8"}
	{Matrix34
		0.994204	-0.107512	0
		0.107512	0.994204	0
		0	0	1
		3.13132	-0.44619	0.149476
	}
}
