;Exported by: sana
;Date:        Tue Nov 21 16:44:49 2006
;File:        D:\-Project-\-3DWork-\Entourage\fortifikations_x.max
{Skeleton
	{bone "wire_left_a_x"
		{Orientation
			1	0	0
			0	-1	0
			0	0	1
		}
		{bone "piece01"
			{Position -14.0713	9.29011	21.3795}
			{VolumeView "piece01.ply"}
		}
		{bone "piece02"
			{Position -15.3279	12.1781	14.9444}
			{VolumeView "piece02.ply"}
		}
		{bone "piece03"
			{Position -20.6572	-5.78279	23.1781}
			{VolumeView "piece03.ply"}
		}
		{bone "piece04"
			{Position 8.67579	-13.0946	11.3401}
			{VolumeView "piece04.ply"}
		}
		{bone "piece05"
			{Position 8.0813	-10.6798	20.8552}
			{VolumeView "piece05.ply"}
		}
		{bone "piece06"
			{Position -13.0134	-0.283966	19.9739}
			{VolumeView "piece06.ply"}
		}
		{bone "piece07"
			{Position 17.085	-5.65296	24.607}
			{VolumeView "piece07.ply"}
		}
		{bone "piece08"
			{Matrix34
				-0.339919	-0.68139	-0.648199
				0.393443	-0.729059	0.560067
				-0.8542	-0.0646524	0.515909
				6.9374	10.9849	8.78606
			}
			{VolumeView "piece08.ply"}
		}
		{bone "piece09"
			{Position 0.901726	12.718	14.14}
			{VolumeView "piece09.ply"}
		}
		{bone "piece10"
			{Matrix34
				0.297771	0.207447	-0.931825
				0.0849602	-0.977989	-0.190574
				0.950849	0.0224204	0.308842
				-14.4584	-10.493	8.85863
			}
			{VolumeView "piece10.ply"}
		}
		{bone "piece11"
			{Position -20.1569	6.835	10.3618}
			{VolumeView "piece11.ply"}
		}
		{bone "piece12"
			{Position -12.743	-11.9866	22.81}
			{VolumeView "piece12.ply"}
		}
		{bone "piece13"
			{Matrix34
				0.998621	0.00579846	-0.0521762
				0.0362332	-0.795328	0.605095
				0.0379885	0.606151	0.794442
				20.543	1.99046	18.3088
			}
			{VolumeView "piece13.ply"}
		}
		{bone "piece14"
			{Position 17.8945	2.77658	9.9464}
			{VolumeView "piece14.ply"}
		}
		{bone "piece15"
			{Position 9.26261	0.242325	20.1999}
			{VolumeView "piece15.ply"}
		}
		{bone "fx_wood2"
			{Position -13.0349	-5.64531	10.6754}
		}
		{bone "fx_wood1"
			{Position 14.8503	10.1842	10.6754}
		}
	}
}
{Volume "piece01"
	{Box 2.08897 1.46358 22.8947}
	{Bone "piece01"}
	{Matrix34
		-0.244909	-0.68139	-0.68973
		0.310351	-0.729059	0.610045
		-0.918533	-0.0646529	0.390023
		-1.5976e-005	0	1.78503e-005
	}
}
{Volume "piece02"
	{Box 1.55554 2.09882 15.0948}
	{Bone "piece02"}
	{Matrix34
		0.231769	-0.209258	-0.949997
		-0.0163911	-0.97729	0.211271
		-0.972633	-0.033394	-0.229935
		0	0	0
	}
}
{Volume "piece03"
	{Box 2.61259 2.55149 16.9276}
	{Bone "piece03"}
	{Matrix34
		0.999506	-0.0113207	0.0293165
		-0.00662441	0.836007	0.548679
		-0.0307202	-0.548602	0.835519
		0	0	0
	}
}
{Volume "piece04"
	{Box 1.92625 1.46358 29.916}
	{Bone "piece04"}
	{Matrix34
		-0.376791	-0.021198	-0.926056
		-0.0127849	-0.999524	0.0280817
		-0.92621	0.0224205	0.376341
		0	0	0
	}
}
{Volume "piece05"
	{Box 2.08898 1.46358 29.264}
	{Bone "piece05"}
	{Matrix34
		-0.500824	-0.207447	0.840322
		-0.125865	0.977989	0.166419
		-0.856349	-0.0224198	-0.515911
		0	0	0
	}
}
{Volume "piece06"
	{Box 17.0686 2.58475 2.4785}
	{Bone "piece06"}
}
{Volume "piece07"
	{Box 2.6 2.25168 14.3422}
	{Bone "piece07"}
	{Matrix34
		-0.270968	0.78388	0.558667
		-0.962098	-0.202027	-0.183174
		-0.03072	-0.587127	0.808912
		0	0	0
	}
}
{Volume "piece08"
	{Box 1.90817 1.46358 27.6277}
	{Bone "piece08"}
	{Position 0	0	0}
}
{Volume "piece09"
	{Box 1.98353 2.48327 21.5937}
	{Bone "piece09"}
	{Matrix34
		0.0068283	-0.209258	-0.977836
		0.0326906	-0.97729	0.209369
		-0.999442	-0.0333955	0.000167533
		3.81161e-005	0	0
	}
}
{Volume "piece10"
	{Box 1.86633 1.46358 22.3282}
	{Bone "piece10"}
	{Matrix34
		-1	0	0
		0	-1	0
		0	0	-1
		0	0	0
	}
}
{Volume "piece11"
	{Box 2.61821 3.63001 20.5268}
	{Bone "piece11"}
	{Matrix34
		0.999506	-0.0100628	0.0297717
		-0.00662423	0.858603	0.512599
		-0.0307202	-0.512543	0.858112
		0	0	0
	}
}
{Volume "piece12"
	{Box 2.08897 1.46358 22.7272}
	{Bone "piece12"}
	{Matrix34
		-0.51633	-0.021198	-0.856127
		-0.00825854	-0.999524	0.0297294
		-0.85635	0.0224205	0.515909
		1.4433e-005	2.27789e-005	0
	}
}
{Volume "piece13"
	{Box 2.60001 2.25167 20.3864}
	{Bone "piece13"}
	{Matrix34
		-1	0	0
		0	-1	0
		0	0	-1
		0	0	0
	}
}
{Volume "piece14"
	{Box 2.6 2.25168 20.8189}
	{Bone "piece14"}
	{Matrix34
		-0.270969	0.709373	0.650666
		-0.962098	-0.178013	-0.206588
		-0.0307204	-0.681984	0.730722
		3.05897e-005	0	0
	}
}
{Volume "piece15"
	{Box 23.4038 2.65388 2.61173}
	{Bone "piece15"}
	{Position 0	0	0}
}
