;Exported by: Kislov_A
;Date:        Thu Feb 05 16:45:15 2009
;File:        E:\Black\DESIGN~1\Art\Models\Technics\7A8F~1\4162~1\_XX~1\DSHK_xx.max
{Skeleton
	{bone "basis"
		{Orientation
			1	0	0
			0	-1	0
			0	0	1
		}
		{bone "body"
			{parameters "ID=body;"}
			{Matrix34
				0	0	-1
				0.894838	0.446391	0
				0.446391	-0.894838	0
				-148.975	-32.93	11.4596
			}
			{VolumeView "body.ply"}
			{bone "part4"
				{parameters "ID=Gun;"}
				{Matrix34
					-0.0019593	0.894836	0.44639
					-0.999998	-0.00175321	-0.000874719
					0	-0.446391	0.894838
					-15.7569	147.411	36.6796
				}
				{VolumeView "part4.ply"}
			}
			{bone "part1"
				{parameters "ID=Gun;"}
				{Matrix34
					-0.0019593	0.894836	0.44639
					-0.999998	-0.00175321	-0.000874719
					0	-0.446391	0.894838
					-15.7569	147.411	36.6796
				}
				{VolumeView "part1.ply"}
			}
			{bone "part2"
				{parameters "ID=Gun;"}
				{Matrix34
					1	0	0
					0	0.894835	0.446398
					0	-0.446398	0.894835
					-13.974	147.764	36.8773
				}
				{VolumeView "part2.ply"}
			}
			{bone "part5"
				{parameters "ID=body;"}
				{Position 6.4093e-005	0	0}
				{VolumeView "part5.ply"}
			}
			{bone "turret"
				{parameters "ID=Turret;"}
				{Matrix34
					0	-0.446391	0.894838
					0	0.894838	0.446391
					-1	0	0
					-13.974	147.764	36.8773
				}
				{VolumeView "turret.ply"}
			}
		}
	}
}
{Volume "body"
	{Polyhedron "body.vol"}
	{Bone "body"}
	{Matrix34
		0	-0.446391	0.894838
		0	0.894838	0.446391
		-1	0	0
		11.8088	147.466	36.7532
	}
}
{Volume "part1"
	{Polyhedron "part1.vol"}
	{Bone "part1"}
	{Matrix34
		0.999998	-0.00195932	0
		0.00195932	0.999998	0
		0	0	1
		4.18414	2.95998	-1.94458
	}
}
{Volume "part2"
	{Polyhedron "part2.vol"}
	{Bone "part2"}
	{Matrix34
		0	0	1
		0	1	0
		-1	0	0
		1.41066	-0.400149	-0.0100503
	}
}
{Volume "part4"
	{Polyhedron "part4.vol"}
	{Bone "part4"}
	{Matrix34
		-0.261265	0.558929	-0.786981
		-0.286841	0.733513	0.616182
		0.921663	0.386726	-0.0313171
		-6.89416	2.31918	-4.45486
	}
}
{Volume "part5"
	{Polyhedron "part5.vol"}
	{Bone "part5"}
	{Matrix34
		0	-0.446391	0.894838
		0	0.894838	0.446391
		-1	0	0
		2.22713	146.147	32.6262
	}
}
