;Exported by: sana
;Date:        Tue Apr 24 12:44:00 2007
;File:        D:\-Project-\-3DWork-\Entourage\School_Ru\School_ru_cut3a_x.max
{Skeleton
	{bone "school_ru_wall2_14_x"
		{Orientation
			1	0	0
			0	-1	0
			0	0	1
		}
		{bone "piece04"
			{Position 15.3424	0.216583	-6.42081}
			{VolumeView "piece04.ply"}
			{bone "sub_piece04"
				{Position -0.412048	0	8.87543}
				{VolumeView "sub_piece04.ply"}
			}
		}
		{bone "piece05"
			{Position -6.59076	0.216614	8.81293}
			{VolumeView "piece05.ply"}
			{bone "sub_piece05"
				{Position 9.83588	-6.10352e-005	2.05275}
				{VolumeView "sub_piece05.ply"}
			}
		}
		{bone "piece06"
			{Position 0.541031	-58.3644	14.3844}
			{VolumeView "piece06.ply"}
		}
		{bone "piece07"
			{Position -10.0889	-31.5162	21.4921}
			{VolumeView "piece07.ply"}
		}
		{bone "piece01"
			{Position -4.69073	-54.3829	33.9303}
			{VolumeView "piece01.ply"}
		}
		{bone "piece02"
			{Position 36.0434	-53.8904	33.4931}
			{VolumeView "piece02.ply"}
		}
		{bone "piece03"
			{Position 23.6013	-12.8673	23.9144}
			{VolumeView "piece03.ply"}
			{bone "sub_piece03"
				{Position -31.7664	1.69795	-0.424698}
				{VolumeView "sub_piece03.ply"}
			}
		}
	}
}
{Volume "piece01"
	{Box 46.6984 52.9686 2.51725}
	{Bone "piece01"}
	{Matrix34
		1	0	0
		0	0.968469	-0.249136
		0	0.249136	0.968469
		0.41626	-1.61169	0.206896
	}
}
{Volume "piece02"
	{Box 40.2595 41.5103 2.07654}
	{Bone "piece02"}
	{Matrix34
		1	0	0
		0	0.966915	-0.255099
		0	0.255099	0.966915
		1.46775	-2.41116	0.456436
	}
}
{Volume "piece03"
	{Box 44.4566 41.8739 1.98999}
	{Bone "piece03"}
	{Matrix34
		1	0	0
		0	0.974495	-0.224407
		0	0.224407	0.974495
		0	-0.0458899	0.267341
	}
}
{Volume "piece04"
	{Box 12.6685 3.83699 11.131}
	{Bone "piece04"}
	{Matrix34
		0.984238	0	-0.176847
		0	1	0
		0.176847	0	0.984238
		-0.212591	0	-0.512922
	}
}
{Volume "piece05"
	{Box 15.6718 3.83698 13.9706}
	{Bone "piece05"}
}
{Volume "piece06"
	{Box 66.1538 3.70863 4.32123}
	{Bone "piece06"}
	{Matrix34
		0.97638	-0.149808	-0.155694
		0.151658	0.988433	0
		0.153893	-0.0236122	0.987805
		0.471433	0.114264	-0.267972
	}
}
{Volume "piece07"
	{Box 3.26794 53.2632 4.06484}
	{Bone "piece07"}
	{Matrix34
		1	0	0
		0	0.98547	-0.169852
		0	0.169852	0.98547
		0	0.243154	-0.0855281
	}
}
{Volume "sub_piece03"
	{Box 39.9086 38.478 1.73236}
	{Bone "sub_piece03"}
	{Matrix34
		1	0	0
		0	0.969385	-0.245546
		0	0.245546	0.969385
		0	0.144237	-0.115561
	}
}
{Volume "sub_piece04"
	{Box 10.8494 3.83698 7.77646}
	{Bone "sub_piece04"}
	{Matrix34
		0.772794	0	-0.634657
		0	1	0
		0.634657	0	0.772794
		-0.177633	0	-0.447988
	}
}
{Volume "sub_piece05"
	{Box 11.1129 3.83699 9.86507}
	{Bone "sub_piece05"}
	{Position 3.05176e-005	0	0}
}
