;Exported by: klimenko
;Date:        Thu Mar 29 18:31:21 2007
;File:        D:\-Project-\-3DWork-\idustrial\admin_plant_3x.max
{Skeleton
	{bone "corner3"
		{Orientation
			1	0	0
			0	-1	0
			0	0	1
		}
		{VolumeView "corner3.ply"}
		{bone "ground"
			{parameters "Land;Ground;"}
			{VolumeView "ground.ply" {Ground}}
		}
		{bone "piece01"
			{Position -34.3395	2.55064	54.0526}
			{VolumeView "piece01.ply"}
		}
		{bone "piece02"
			{Position 26.775	46.7682	72.3425}
			{VolumeView "piece02.ply"}
		}
		{bone "piece03"
			{Position -39.2635	-53.9409	50.5412}
			{VolumeView "piece03.ply"}
		}
		{bone "piece04"
			{Position -7.94275	65.8784	72.3425}
			{VolumeView "piece04.ply"}
		}
		{bone "piece05"
			{Position 11.9532	38.4244	51.6839}
			{VolumeView "piece05.ply"}
		}
		{bone "piece06"
			{Position 36.6987	2.55064	67.2419}
			{VolumeView "piece06.ply"}
		}
		{bone "piece07"
			{Position 0.769653	24.9618	72.3425}
			{VolumeView "piece07.ply"}
		}
		{bone "piece08"
			{Position 4.47107	2.55063	49.9618}
			{VolumeView "piece08.ply"}
		}
		{bone "sub_piece01"
			{Position -8.11121	-6.50104	25.9358}
			{VolumeView "sub_piece01.ply"}
		}
		{bone "sub_piece02"
			{Position -35.0284	-34.5735	75.3}
			{VolumeView "sub_piece02.ply"}
		}
		{bone "sub_piece03"
			{Position 5.58398	-49.0151	72.6266}
			{VolumeView "sub_piece03.ply"}
		}
		{bone "sub_piece04"
			{Position 10.7919	-53.9409	43.3352}
			{VolumeView "sub_piece04.ply"}
		}
		{bone "sub_piece05"
			{Position -39.2635	-53.9409	28.0537}
			{VolumeView "sub_piece05.ply"}
		}
		{bone "sub_piece06"
			{Position 9.59863	2.55061	25.8016}
			{VolumeView "sub_piece06.ply"}
		}
		{bone "sub_piece07"
			{Position 11.9554	27.8358	16.7718}
			{VolumeView "sub_piece07.ply"}
		}
	}
}
{Volume "piece01"
	{Box 20.6338 5.01132 19.4125}
	{Bone "piece01"}
	{Matrix34
		0.986162	-0.0882348	-0.140353
		0.0833683	0.995708	-0.0401944
		0.143297	0.0279372	0.989285
		-0.0846424	-0.0555362	-0.334364
	}
}
{Volume "piece02"
	{Box 23.7863 20.859 5.39328}
	{Bone "piece02"}
	{Matrix34
		0.984484	0	0.175477
		0	1	0
		-0.175477	0	0.984484
		0.357026	0	0.25374
	}
}
{Volume "piece03"
	{Box 8.62897 6.93175 14.9975}
	{Bone "piece03"}
	{Matrix34
		0.969049	0	0.24687
		0	1	0
		-0.24687	0	0.969049
		1.20828e-005	0	0
	}
}
{Volume "piece04"
	{Box 20.5103 19.9324 5.94357}
	{Bone "piece04"}
	{Matrix34
		0.995202	0	0.0978364
		0	1	0
		-0.0978364	0	0.995202
		0.0492475	0	-0.501563
	}
}
{Volume "piece05"
	{Box 11.1733 23.5605 25.2158}
	{Bone "piece05"}
	{Position 0	0	0}
}
{Volume "piece06"
	{Box 22.5613 6.16996 16.291}
	{Bone "piece06"}
	{Matrix34
		0.838476	0.31422	0.445223
		-0.277523	0.94935	-0.147362
		-0.468976	0	0.883211
		-0.348425	0	1.00779
	}
}
{Volume "piece07"
	{Box 22.7468 22.6822 6.0359}
	{Bone "piece07"}
	{Matrix34
		0.994458	0	-0.105136
		0	1	0
		0.105136	0	0.994458
		-0.0559685	0	-0.529629
	}
}
{Volume "piece08"
	{Box 21.6848 5.6741 22.0902}
	{Bone "piece08"}
	{Matrix34
		0.602668	0.10321	-0.79129
		-0.231134	0.971672	-0.0492999
		0.763786	0.212605	0.609451
		1.58762	0.605755	0.837546
	}
}
{Volume "sub_piece01"
	{Box 2.67725 18.8945 37.0759}
	{Bone "sub_piece01"}
	{Matrix34
		0.895654	-0.439424	-0.0686375
		0.444549	0.879855	0.168022
		-0.013442	-0.181003	0.983391
		0.00783242	0.10521	-0.571568
	}
}
{Volume "sub_piece02"
	{Box 44.2981 35.7495 1.82011}
	{Bone "sub_piece02"}
	{Matrix34
		0.790487	-0.285416	0.541912
		0.329817	0.943909	0.0160382
		-0.516093	0.166053	0.840282
		0.219047	-0.210855	0.155571
	}
}
{Volume "sub_piece03"
	{Polyhedron "sub_piece03.vol"}
	{Bone "sub_piece03"}
}
{Volume "sub_piece04"
	{Box 8.09222 7.41312 27.446}
	{Bone "sub_piece04"}
	{Matrix34
		0.99471	0	-0.102719
		0	1	0
		0.102719	0	0.99471
		1.88929e-005	0	0
	}
}
{Volume "sub_piece05"
	{Box 8.93763 7.02802 19.0631}
	{Bone "sub_piece05"}
	{Matrix34
		0.976854	0	-0.213906
		0	1	0
		0.213906	0	0.976854
		0.606098	0	0.77156
	}
}
{Volume "sub_piece06"
	{Box 16.2523 6.28698 20.2718}
	{Bone "sub_piece06"}
	{Position 0	0	0}
}
{Volume "sub_piece07"
	{Box 4.98701 17.0258 15.5965}
	{Bone "sub_piece07"}
	{Matrix34
		0.998709	0	-0.0508032
		0	1	0
		0.0508032	0	0.998709
		-3.31039e-005	0	0
	}
}
