;Exported by: klimenko
;Date:        Mon Nov 28 12:27:29 2005
;File:        D:\-Project-\-3DWork-\fences\Entourage_ak.max
{Skeleton
	{bone "arc_up"
		{Orientation
			1	0	0
			0	-1	0
			0	0	1
		}
		{bone "piece1"
			{Position 15.568	0.482727	48.1919}
			{VolumeView "piece1.ply"}
		}
		{bone "piece2"
			{Matrix34
				0.996195	0	0.0871557
				0	1	0
				-0.0871557	0	0.996195
				-0.66658	0.482727	53.7178
			}
			{VolumeView "piece2.ply"}
		}
		{bone "piece3"
			{Position -17.2286	0.482719	48.6439}
			{VolumeView "piece3.ply"}
		}
	}
}
{Volume "piece1"
	{Box 18.3727 11.8655 9.82503}
	{Bone "piece1"}
	{Matrix34
		0.707107	0	-0.707107
		0	1	0
		0.707107	0	0.707107
		-1.149	-0.0135498	-0.41406
	}
}
{Volume "piece2"
	{Box 12.229 11.3962 10.0794}
	{Bone "piece2"}
	{Matrix34
		0.996195	0	-0.0871557
		0	1	0
		0.0871557	0	0.996195
		-0.0445868	-0.0108032	-0.204989
	}
}
{Volume "piece3"
	{Box 9.63053 11.8384 16.7157}
	{Bone "piece3"}
	{Matrix34
		0.642788	0	-0.766044
		0	1	0
		0.766044	0	0.642788
		-1.44092	0	-0.98432
	}
}
