;Exported by: sana
;Date:        Mon Apr 24 14:15:15 2006
;File:        D:\-Project-\-3DWork-\Entourage\e-house3a\e_farm112_new.max
{Skeleton
	{bone "farm_corn2"
		{Orientation
			1	0	0
			0	-1	0
			0	0	1
		}
		{VolumeView "farm_corn2.ply"}
		{bone "exterior"
			{Position -0.00769043	-1.14349	104.769}
			{VolumeView "exterior.ply"}
			{bone "window1"
				{Position -15.9907	-1.94116	-12.2626}
				{VolumeView "window1.ply"}
			}
			{bone "window1_x"
				{Position -15.5865	-1.94116	-12.2626}
				{VolumeView "window1_x.ply"}
			}
		}
		{bone "attach6"
			{Matrix34
				-1	0	0
				0	0	1
				0	1	0
				0.325134	-2.9209	67.7619
			}
		}
		{bone "fix03"
			{Position -0.941284	25.8428	60.3745}
		}
	}
}
{Volume "body1"
	{Box 24.4227 46.0078 9.36936}
	{Bone "farm_corn2"}
	{Matrix34
		0.819152	0	-0.573576
		0.573576	0	0.819152
		0	-1	0
		5.28216	22.5073	92.2021
	}
}
{Volume "body2"
	{Box 16.6075 17.0229 9.46306}
	{Bone "farm_corn2"}
	{Matrix34
		0.422618	0	0.906308
		-0.906308	0	0.422618
		0	-1	0
		14.0458	22.4604	69.6823
	}
}
{Volume "hole"
	{Box 12.4362 16.2957 19.8471}
	{Bone "exterior"}
	{Matrix34
		0	-1	0
		0	0	1
		-1	0	0
		-12.5509	-1.95953	-12.2956
	}
}
{Volume "roof1"
	{Box 51.889 61.9581 5.73138}
	{Bone "exterior"}
	{Matrix34
		0	-1	0
		0.573576	0	0.819152
		-0.819152	0	0.573576
		-1.98299	6.04028	-1.77089
	}
}
{Volume "roof2"
	{Box 24.6305 2.54511 21.9347}
	{Bone "exterior"}
	{Matrix34
		1	0	0
		0	0.707107	0.707107
		0	-0.707107	0.707107
		-8.85419	5.02072	1.73736
	}
}
{Volume "roof3"
	{Box 24.6305 2.54511 21.9347}
	{Bone "exterior"}
	{Matrix34
		1	0	0
		0	0.707107	-0.707107
		0	0.707107	0.707107
		-8.85419	-8.85019	1.73737
	}
}
{Volume "window1"
	{Box 1.66733 16.1355 12.6395}
	{Bone "window1"}
	{Matrix34
		1	0	0
		0	0	1
		0	-1	0
		0.67123	-0.0870414	0.0743988
	}
}
