;Exported by: ubrashaev
;Date:        Fri Feb 10 17:46:12 2006
;File:        D:\-Projects1_5-\-work-\3d\reihstag_buildings\house_reich1_x.max
{Skeleton
	{bone "rh_building_corner_f3"
		{Orientation
			1	0	0
			0	-1	0
			0	0	1
		}
		{bone "piece00"
			{Matrix34
				0.912823	-0.137277	-0.38459
				0.231648	0.949678	0.210834
				0.336294	-0.281543	0.898688
				14.0285	40.0109	-6.01935
			}
			{VolumeView "piece00.ply"}
		}
		{bone "piece01"
			{Position 25.9883	26.9043	-33.1524}
			{VolumeView "piece01.ply"}
		}
		{bone "piece02"
			{Matrix34
				0.853793	-0.0419239	-0.518922
				-0.0419242	0.987979	-0.148798
				0.518922	0.148798	0.841772
				22.7878	26.3225	4.83192
			}
			{VolumeView "piece02.ply"}
		}
		{bone "piece03"
			{Position 14.0285	40.0108	-33.0916}
			{VolumeView "piece03.ply"}
		}
		{bone "piece04"
			{Position 1.05704	26.3399	4.2834}
			{VolumeView "piece04.ply"}
		}
		{bone "piece05"
			{Matrix34
				0	-1	0
				1	0	0
				0	0	1
				-15.936	-0.832684	11.7383
			}
			{VolumeView "piece05.ply"}
		}
		{bone "piece06"
			{Matrix34
				0	-1	0
				1	0	0
				0	0	1
				14.9522	-1.003	4.07813
			}
			{VolumeView "piece06.ply"}
		}
	}
}
{Volume "piece00"
	{Box 5.61005 5.39679 16.2323}
	{Bone "piece00"}
	{Position 0	0	1.29293e-005}
}
{Volume "piece01"
	{Box 2.27649 13.8172 38.0339}
	{Bone "piece01"}
	{Matrix34
		0.984808	0	0.173648
		0	1	0
		-0.173648	0	0.984808
		2.67114e-005	-1.02236e-005	0
	}
}
{Volume "piece02"
	{Box 2.99923 13.8156 37.9349}
	{Bone "piece02"}
	{Matrix34
		0.984808	0	0.173648
		0	1	0
		-0.173648	0	0.984808
		-4.50768e-005	-1.5553e-005	-1.9353e-005
	}
}
{Volume "piece03"
	{Box 5.61005 5.39679 37.9123}
	{Bone "piece03"}
	{Position 3.05711e-005	0	0}
}
{Volume "piece04"
	{Box 27.628 43.452 3.19977}
	{Bone "piece04"}
	{Matrix34
		0.984808	-0.173648	0
		0.173648	0.984808	0
		0	0	1
		3.68041	-0.0336255	0
	}
}
{Volume "piece05"
	{Box 7.87402 23.6891 27.1363}
	{Bone "piece05"}
	{Matrix34
		1	0	0
		0	0.866025	0.5
		0	-0.5	0.866025
		0	1.43928	-1.6015
	}
}
{Volume "piece06"
	{Box 7.87402 20.7774 19.7385}
	{Bone "piece06"}
	{Position 0	-1.27477e-005	-2.62347}
}
