;Exported by: sana
;Date:        Thu Mar 22 14:28:45 2007
;File:        D:\-Project-\-3DWork-\Entourage\SelSovet\SelSovet_cut2_x.max
{Skeleton
	{bone "sels_wall_in6_x"
		{Orientation
			1	0	0
			0	-1	0
			0	0	1
		}
		{bone "piece02"
			{Matrix34
				1	0	0
				0	0.616765	-0.787147
				0	0.787147	0.616765
				32.2745	0.140305	60.3457
			}
			{VolumeView "piece02.ply"}
		}
		{bone "piece01"
			{Position 13.8689	-0.223015	59.7475}
			{VolumeView "piece01.ply"}
		}
		{bone "piece09"
			{Position 9.97925	-2.01271	70.7331}
			{VolumeView "piece09.ply"}
		}
		{bone "piece03"
			{Position 55.8878	3.74532	70.3738}
			{VolumeView "piece03.ply"}
		}
		{bone "piece05"
			{Position -24.2386	-0.433128	18.8649}
			{VolumeView "piece05.ply"}
			{bone "sub_piece05"
				{Position -0.557116	0	-10.6711}
				{VolumeView "sub_piece05.ply"}
			}
		}
		{bone "piece06"
			{Position -4.39436	-0.433113	9.59156}
			{VolumeView "piece06.ply"}
			{bone "sub_piece06"
				{Position 7.90086	0	1.04989}
				{VolumeView "sub_piece06.ply"}
			}
		}
		{bone "piece08"
			{Position -19.251	-0.433128	-7.18566}
			{VolumeView "piece08.ply"}
			{bone "sub_piece08"
				{Position 2.25924	0	-8.58962}
				{VolumeView "sub_piece08.ply"}
			}
		}
		{bone "piece07"
			{Position 17.4133	-0.433113	1.50901}
			{VolumeView "piece07.ply"}
			{bone "sub_piece07"
				{Position 3.37188	0	-12.4794}
				{VolumeView "sub_piece07.ply"}
			}
		}
		{bone "piece04"
			{Position 15.5654	-0.433128	29.1661}
			{VolumeView "piece04.ply"}
			{bone "sub_piece04"
				{Position 0.329216	0	-5.09996}
				{VolumeView "sub_piece04.ply"}
			}
		}
	}
}
{Volume "piece01"
	{Box 39.0765 3.11545 20.7624}
	{Bone "piece01"}
	{Position 0	0	3.05176e-005}
}
{Volume "piece02"
	{Box 3.07311 3.07312 40.9955}
	{Bone "piece02"}
	{Position -1.52588e-005	0	0}
}
{Volume "piece03"
	{Box 41.2742 55.4751 2.17803}
	{Bone "piece03"}
	{Matrix34
		0.91372	0	-0.406345
		0	1	0
		0.406345	0	0.91372
		-3.93192	4.28542	1.23402
	}
}
{Volume "piece04"
	{Box 20.1294 1.96849 7.90112}
	{Bone "piece04"}
	{Position 0	0	0}
}
{Volume "piece05"
	{Box 21.4568 1.96849 12.2547}
	{Bone "piece05"}
	{Matrix34
		0.994751	0	-0.102326
		0	1	0
		0.102326	0	0.994751
		0.2177	0	0.00702327
	}
}
{Volume "piece06"
	{Box 11.8195 1.96854 19.1006}
	{Bone "piece06"}
	{Matrix34
		0.922538	0	0.385907
		0	1	0
		-0.385907	0	0.922538
		-0.938566	0	-0.810659
	}
}
{Volume "piece07"
	{Box 14.2472 1.96851 16.7907}
	{Bone "piece07"}
	{Position 0.635212	0	0.309806}
}
{Volume "piece08"
	{Box 15.31 1.96852 20.9813}
	{Bone "piece08"}
	{Matrix34
		0.931869	0	-0.362795
		0	1	0
		0.362795	0	0.931869
		-0.758581	0	0.625994
	}
}
{Volume "piece09"
	{Box 44.2851 54.2791 2.42259}
	{Bone "piece09"}
	{Matrix34
		0.925668	0	0.378336
		0	1	0
		-0.378336	0	0.925668
		-0.0911605	9.19405	-0.321447
	}
}
{Volume "sub_piece04"
	{Box 11.9563 1.96849 5.81932}
	{Bone "sub_piece04"}
	{Matrix34
		0.985792	0	0.167972
		0	1	0
		-0.167972	0	0.985792
		0.595971	0	-0.0628145
	}
}
{Volume "sub_piece05"
	{Box 15.2617 1.96849 10.6137}
	{Bone "sub_piece05"}
	{Matrix34
		0.993179	0	-0.116595
		0	1	0
		0.116595	0	0.993179
		-0.243145	0	-0.0577316
	}
}
{Volume "sub_piece06"
	{Box 8.04972 1.96854 16.3879}
	{Bone "sub_piece06"}
	{Matrix34
		0.912257	0	0.409618
		0	1	0
		-0.409618	0	0.912257
		0.265698	0	1.01426
	}
}
{Volume "sub_piece07"
	{Box 8.41289 1.96851 12.6719}
	{Bone "sub_piece07"}
	{Position 0	0	-0.0481639}
}
{Volume "sub_piece08"
	{Box 9.16603 1.96852 7.53323}
	{Bone "sub_piece08"}
	{Matrix34
		0.771822	0	-0.635838
		0	1	0
		0.635838	0	0.771822
		-0.0291423	0	0.687873
	}
}
