;Exported by: kolesnikov
;Date:        Thu Sep 22 10:29:50 2005
;File:        D:\-Project-\-3DWork-\Constructions\12.max
{Skeleton
	{bone "dok_build3_w2_x"
		{Orientation
			1	0	0
			0	-1	0
			0	0	1
		}
		{bone "piece2"
			{Matrix34
				1	0	0
				0	1	0
				0	0	1
				67.5126	-38.3435	61.475
			}
			{VolumeView "piece2.ply"}
		}
		{bone "piece3"
			{Matrix34
				1	0	0
				0	1	0
				0	0	1
				29.9007	-36.7125	62.0152
			}
			{VolumeView "piece3.ply"}
		}
		{bone "piece4"
			{Matrix34
				1	0	0
				0	1	0
				0	0	1
				-9.88845	-38.3434	26.3297
			}
			{VolumeView "piece4.ply"}
		}
		{bone "piece1"
			{Matrix34
				1	0	0
				0	1	0
				0	0	1
				22.9961	-37.499	24.2895
			}
			{VolumeView "piece1.ply"}
		}
		{bone "piece5"
			{Matrix34
				1	0	0
				0	1	0
				0	0	1
				-20.8476	-36.3188	57.8164
			}
			{VolumeView "piece5.ply"}
		}
		{bone "piece9"
			{Matrix34
				1	0	0
				0	1	0
				0	0	1
				-14.4256	-25.1293	68.1184
			}
			{VolumeView "piece9.ply"}
		}
		{bone "piece10"
			{Matrix34
				1	0	0
				0	1	0
				0	0	1
				-15.3567	-15.578	27.9654
			}
			{VolumeView "piece10.ply"}
		}
		{bone "piece8"
			{Matrix34
				1	0	0
				0	1	0
				0	0	1
				-14.0132	12.8073	26.7366
			}
			{VolumeView "piece8.ply"}
		}
		{bone "piece7"
			{Matrix34
				1	0	0
				0	1	0
				0	0	1
				-14.8577	8.53164	67.8736
			}
			{VolumeView "piece7.ply"}
		}
		{bone "piece6"
			{Matrix34
				1	0	0
				0	1	0
				0	0	1
				-54.6929	-35.9918	71.9642
			}
			{VolumeView "piece6.ply"}
		}
	}
}
{Volume "body374"
	{Box 34.7445 5.42991 16.221}
	{Bone "piece6"}
	{Matrix34
		-0.984808	0	0.173649
		0	-1	0
		0.173649	0	0.984808
		-0.0126916	-0.650792	-2.14394
	}
}
{Volume "body406"
	{Box 26.2822 5.42991 24.3179}
	{Bone "piece7"}
	{Matrix34
		0	-0.866025	0.5
		1	0	0
		0	0.5	0.866025
		0.87528	0.660534	0.301927
	}
}
{Volume "body407"
	{Box 20.6946 5.42991 20.0974}
	{Bone "piece8"}
	{Matrix34
		0	-0.866025	0.5
		1	0	0
		0	0.5	0.866025
		0.0303732	-1.4342	1.70854
	}
}
{Volume "body405"
	{Box 34.7445 5.42991 16.221}
	{Bone "piece10"}
	{Matrix34
		0	0.342021	0.939692
		1	-1.40367e-005	0
		1.40269e-005	0.939692	-0.342021
		0.650912	-2.10913	0.384763
	}
}
{Volume "body408"
	{Box 20.6946 5.42991 20.0974}
	{Bone "piece9"}
	{Matrix34
		0	-0.34202	0.939693
		1	0	0
		0	0.939693	0.34202
		-0.261401	1.19448	0.562229
	}
}
{Volume "body373"
	{Box 22.8583 5.42991 22.5292}
	{Bone "piece5"}
	{Matrix34
		-0.5	0	0.866026
		0	-1	0
		0.866026	0	0.5
		2.08185	-0.323882	1.24355
	}
}
{Volume "body450"
	{Box 30.0347 1.57467 49.327}
	{Bone "piece1"}
	{Matrix34
		-1	0	0
		0	-1	0
		0	0	1
		-0.102598	0.0797651	0.373987
	}
}
{Volume "body372"
	{Box 19.1218 5.42991 23.7149}
	{Bone "piece4"}
	{Matrix34
		-0.766044	0	0.642788
		0	-1	0
		0.642788	0	0.766044
		1.27739	1.76999	0.167395
	}
}
{Volume "body369"
	{Box 26.5794 5.42991 23.7149}
	{Bone "piece3"}
	{Matrix34
		-1	0	0
		0	-1	0
		0	0	1
		0.57277	0.138877	1.36182
	}
}
{Volume "body368"
	{Box 19.1218 5.42991 23.7149}
	{Bone "piece2"}
	{Matrix34
		-0.642788	0	-0.766044
		0	-1	0
		-0.766044	0	0.642788
		-0.167405	1.77003	1.27745
	}
}
