;Exported by: sana
;Date:        Mon Jan 16 09:44:34 2006
;File:        D:\-Project-\-3DWork-\Entourage\house_euro_105c\house_euro_105c_x.max
{Skeleton
	{bone "105c_corn17"
		{Orientation
			1	0	0
			0	-1	0
			0	0	1
		}
		{bone "piece4"
			{Position -31.4134	-6.09837	149.174}
			{VolumeView "piece4.ply"}
		}
		{bone "piece0"
			{Position 28.6233	-22.2351	105.102}
			{VolumeView "piece0.ply"}
			{bone "sub_piece0"
				{Position -15.267	0	1.72977}
				{VolumeView "sub_piece0.ply"}
			}
		}
		{bone "piece1"
			{Position 20.8018	-22.2351	68.6263}
			{VolumeView "piece1.ply"}
			{bone "sub_piece1"
				{Position -1.12811	0	16.9968}
				{VolumeView "sub_piece1.ply"}
			}
		}
		{bone "piece2"
			{Position -23.9463	-22.2351	109.163}
			{VolumeView "piece2.ply"}
			{bone "sub_piece2"
				{Position -4.362	0	-14.2893}
				{VolumeView "sub_piece2.ply"}
			}
		}
		{bone "piece3"
			{Position -21.6149	-22.2351	65.0163}
			{VolumeView "piece3.ply"}
		}
		{bone "piece5"
			{Position 12.5068	-6.2613	149.139}
			{VolumeView "piece5.ply"}
		}
		{bone "piece6"
			{Position 18.8235	16.3356	62.2674}
			{VolumeView "piece6.ply"}
			{bone "sub_piece6"
				{Position -0.847763	-21.2496	0}
				{VolumeView "sub_piece6.ply"}
			}
		}
		{bone "piece7"
			{Position -18.9876	-6.46357	62.2674}
			{VolumeView "piece7.ply"}
		}
	}
}
{Volume "piece0"
	{Box 19.4034 9.5 25.7208}
	{Bone "piece0"}
	{Position 0	0	0}
}
{Volume "piece1"
	{Box 18.176 9.5 25.9103}
	{Bone "piece1"}
	{Matrix34
		0.717293	0	-0.696772
		0	1	0
		0.696772	0	0.717293
		-0.633238	0	1.73574
	}
}
{Volume "piece2"
	{Box 20.7571 9.5 17.2976}
	{Bone "piece2"}
	{Position 0	0	0}
}
{Volume "piece3"
	{Box 21.9394 9.5 22.4688}
	{Bone "piece3"}
	{Matrix34
		0.937267	0	0.348613
		0	1	0
		-0.348613	0	0.937267
		0.366441	0	1.64065
	}
}
{Volume "piece4"
	{Box 46.2604 4.93492 80.5801}
	{Bone "piece4"}
	{Matrix34
		1	0	0
		0	0.822326	-0.569017
		0	0.569017	0.822326
		0	0.565842	1.16958
	}
}
{Volume "piece5"
	{Box 49.0944 4.90292 81.8765}
	{Bone "piece5"}
	{Matrix34
		1	0	0
		0	0.822326	-0.569017
		0	0.569017	0.822326
		0	0.0562778	0.0135558
	}
}
{Volume "piece6"
	{Box 36.762 32.4287 5.90551}
	{Bone "piece6"}
}
{Volume "piece7"
	{Box 42.141 20.7071 5.90551}
	{Bone "piece7"}
}
{Volume "sub_piece0"
	{Box 13.2364 9.5 19.8546}
	{Bone "sub_piece0"}
	{Position 0	0	0}
}
{Volume "sub_piece1"
	{Box 18.3505 9.5 14.0484}
	{Bone "sub_piece1"}
	{Matrix34
		0.952559	0	0.304353
		0	1	0
		-0.304353	0	0.952559
		-1.27257	0	0.771631
	}
}
{Volume "sub_piece2"
	{Box 13.5373 9.5 15.1918}
	{Bone "sub_piece2"}
	{Position 0	0	0}
}
{Volume "sub_piece6"
	{Box 38.4576 23.9739 5.90551}
	{Bone "sub_piece6"}
	{Position -3.05176e-005	0	0}
}
