;Exported by: sana
;Date:        Thu Dec 14 14:35:35 2006
;File:        D:\-Project-\-3DWork-\Entourage\rus_church\church_cut03_x.max
{Skeleton
	{bone "rusch_mid_door_x"
		{Orientation
			1	0	0
			0	-1	0
			0	0	1
		}
		{bone "piece02"
			{Position -44.8109	3.08578	18.492}
			{VolumeView "piece02.ply"}
		}
		{bone "piece03"
			{Position -39.4354	-4.59113	3.34904}
			{VolumeView "piece03.ply"}
		}
		{bone "piece04"
			{Position -32.9235	-13.6039	-21.4475}
			{VolumeView "piece04.ply"}
		}
		{bone "piece01"
			{Position -46.4941	5.48972	-19.6493}
			{VolumeView "piece01.ply"}
		}
		{bone "fx_wood1"
			{Matrix34
				-0.0621081	-0.20716	0.976334
				0	0.978222	0.20756
				-0.998069	0.0128908	-0.0607557
				-34.2807	-12.7655	-3.97918
			}
		}
		{bone "piece05"
			{Position 41.791	5.10406	-9.13806}
			{VolumeView "piece05.ply"}
		}
		{bone "piece06"
			{Position 33.7058	-2.98112	-4.68878}
			{VolumeView "piece06.ply"}
		}
		{bone "piece07"
			{Position 50.4449	13.758	-23.0198}
			{VolumeView "piece07.ply"}
		}
		{bone "piece08"
			{Position 44.3081	7.62114	17.1127}
			{VolumeView "piece08.ply"}
		}
		{bone "piece09"
			{Position 31.5845	-5.10239	20.4942}
			{VolumeView "piece09.ply"}
		}
		{bone "fx_wood2"
			{Matrix34
				-0.0621081	-0.20716	0.976334
				0	0.978222	0.20756
				-0.998069	0.0128908	-0.0607557
				33.0808	5.42549	-18.8485
			}
		}
	}
}
{Volume "piece01"
	{Box 9.82943 38.4253 4.91155}
	{Bone "piece01"}
	{Matrix34
		0.568635	-0.812968	0.125445
		-0.0490264	0.118735	0.991715
		-0.821128	-0.570074	0.0276598
		2.53113e-005	-2.61289e-005	3.0319e-005
	}
}
{Volume "piece02"
	{Box 9.76006 31.8002 4.91156}
	{Bone "piece02"}
	{Matrix34
		0.573576	-0.819152	0
		0	0	1
		-0.819152	-0.573576	0
		1.61313e-005	1.85408e-005	0
	}
}
{Volume "piece03"
	{Box 9.57072 38.236 4.91155}
	{Bone "piece03"}
	{Matrix34
		0.573576	-0.819152	0
		0	0	1
		-0.819152	-0.573576	0
		0	0	0
	}
}
{Volume "piece04"
	{Box 5.46283 28.7716 4.91155}
	{Bone "piece04"}
	{Matrix34
		0.568985	-0.810775	-0.137476
		0.0808858	-0.111187	0.990502
		-0.81836	-0.574701	0.00231627
		0.432533	-0.61853	0
	}
}
{Volume "piece05"
	{Box 5.91315 31.2838 4.91155}
	{Bone "piece05"}
	{Matrix34
		-0.690355	-0.720819	-0.0618894
		-0.0468226	-0.0408501	0.998067
		-0.721954	0.691919	-0.00554951
		4.10291e-005	1.2753e-005	0
	}
}
{Volume "piece06"
	{Box 6.45329 33.6722 4.91155}
	{Bone "piece06"}
	{Matrix34
		-0.738537	-0.644824	0.196889
		0.154183	0.122758	0.980387
		-0.656346	0.754409	0.0087591
		4.6985e-005	4.36139e-005	0
	}
}
{Volume "piece07"
	{Box 7.17445 36.0125 4.91155}
	{Bone "piece07"}
	{Matrix34
		-0.705227	-0.708553	-0.0246428
		-0.0155698	-0.0192716	0.999693
		-0.708811	0.705394	0.00255884
		4.09755e-005	2.79589e-005	0
	}
}
{Volume "piece08"
	{Box 7.00252 35.9502 4.91155}
	{Bone "piece08"}
	{Matrix34
		-0.707106	-0.707107	0
		0	0	1
		-0.707107	0.707107	0
		0	-1.78009e-005	0
	}
}
{Volume "piece09"
	{Box 8.41492 34.3342 4.91155}
	{Bone "piece09"}
	{Matrix34
		-0.710554	-0.698899	0.0815653
		0.0518896	0.0635569	0.996628
		-0.701726	0.712391	-0.00889503
		-0.376991	-0.534584	1.75912
	}
}
