;Exported by: ubrashaev
;Date:        Fri Dec 09 15:49:24 2005
;File:        D:\-Projects1_5-\-work-\3d\-Model-\-Пушки\155-GPF\155mmGPF_x.max
{Skeleton
	{bone "basis"
		{Orientation
			1	0	0
			0	-1	0
			0	0	1
		}
		{bone "body"
			{parameters "ID=body;"}
			{animation
				{sequence "break" {file "body_b.anm"} {speed 0.5}}
			}
			{Position -16.9232	-0.173028	16.9441}
			{VolumeView "body.ply"}
			{bone "wheell"
				{parameters "ID=wheelleft;Support=1;Radius=0.6;"}
				{Matrix34
					1	0	0
					0	0.193887	-0.981024
					0	0.981024	0.193887
					16.5023	26.6574	-4.79996
				}
				{VolumeView "wheell.ply"}
			}
			{bone "wheelr"
				{parameters "ID=wheelright;Support=1;Radius=0.6;"}
				{Matrix34
					1	0	0
					0	-0.160565	-0.987025
					0	0.987025	-0.160565
					16.5023	-26.6574	-4.79997
				}
				{VolumeView "wheelr.ply"}
			}
			{bone "standl"
				{Matrix34
					-0.939693	0.34202	0
					0	0	1
					0.34202	0.939693	0
					13.6477	15.5144	-8.43854
				}
				{VolumeView "standl.ply"}
			}
			{bone "standr"
				{Matrix34
					-0.939693	-0.34202	0
					0	0	1
					-0.34202	0.939693	0
					13.6477	-14.5427	-8.43855
				}
				{VolumeView "standr.ply"}
			}
			{bone "turret"
				{parameters "ID=turret;"}
				{animation
					{sequence "break" {file "turret_b.anm"} {speed 0.5}}
				}
				{Position 10.6472	0	0}
				{bone "gun_rot"
					{parameters "ID=gun;"}
					{Matrix34
						0.946049	0	0.324024
						0.324024	0	-0.946049
						0	1	0
						-0.337703	0.0656967	4.56958
					}
					{VolumeView "gun_rot.ply"}
					{bone "gun"
						{parameters "ID=gun;"}
						{Matrix34
							1	0	0
							0	-1	0
							0	0	-1
							11.2694	-8.70442	-0.993939
						}
						{VolumeView "gun.ply"}
					}
				}
			}
		}
		{bone "pivot_back"
			{Position -80.1905	-0.176489	3.86713}
		}
		{bone "pivot_front"
			{Position 0.436929	-0.176489	3.86713}
		}
		{bone "support1"
			{Position -112.489	54.6726	0.0994248}
		}
		{bone "support2"
			{Position -111.547	-53.7332	0.0994248}
		}
	}
}
