;Exported by: shevchenko
;Date:        Fri Jul 21 17:53:02 2006
;File:        D:\-Projects1_5-\-3DWork-\bsh\bsh_c135-a1.max
{Skeleton
	{bone "bsh135_w3_1"
		{Orientation
			1	0	0
			0	-1	0
			0	0	1
		}
		{VolumeView "bsh135_w3_1.ply"}
		{bone "window2"
			{Matrix34
				0.707107	-0.707107	0
				0	0	-1
				0.707107	0.707107	0
				2.14309	-11.4691	35.4331
			}
			{VolumeView "../common/window2.ply"}
		}
		{bone "window2_x"
			{Matrix34
				0.707107	0.707107	0
				0	0	-1
				-0.707107	0.707107	0
				2.1431	-11.4691	35.4331
			}
			{visibility 0}
			{VolumeView "../common/window2_x.ply"}
		}
		{bone "attach1"
			{Matrix34
				0.707107	-0.707107	0
				0.707107	0.707107	0
				0	0	1
				-14.2126	1.44926	0
			}
		}
	}
}
{Obstacle "body0"
	{Obb2
		{Center -19.4318 30.2078}
		{Extent 4.87039 4.92126}
		{Axis 1 0}
	}
	{Rotate}
	{Tags  "body"}
}
{Obstacle "body1"
	{Obb2
		{Center -0.643457 14.2501}
		{Extent 4.93106 24.6083}
		{Axis 0.707388 0.706825}
	}
	{Rotate}
	{Tags  "body"}
}
{Obstacle "body2"
	{Obb2
		{Center -2.16637 -17.7293}
		{Extent 18.7808 2.96023}
		{Axis 0.707388 0.706825}
	}
	{Rotate}
	{Tags  "body"}
}
{Volume "body0"
	{Box 9.74079 9.84252 62.0433}
	{Bone "bsh135_w3_1"}
	{Position -19.4318	-30.2078	31.0217}
}
{Volume "body1"
	{Box 49.2126 9.84252 63.7795}
	{Bone "bsh135_w3_1"}
	{Matrix34
		0.707107	0.707107	0
		-0.707107	0.707107	0
		0	0	1
		-0.643454	-14.2501	31.8898
	}
}
{Volume "body2"
	{Box 37.5594 5.90551 60.5118}
	{Bone "bsh135_w3_1"}
	{Matrix34
		-0.707107	0.707107	0
		-0.707107	-0.707107	0
		0	0	1
		-2.16637	17.7293	30.2559
	}
}
{Volume "hole1"
	{Box 23.622 31.4961 19.685}
	{Bone "bsh135_w3_1"}
	{Matrix34
		0.707107	0.707107	0
		0	0	-1
		-0.707107	0.707107	0
		0.403134	-13.905	34.4488
	}
}
{Volume "window2"
	{Box 23.622 31.4961 0.984253}
	{Bone "window2"}
	{Matrix34
		0	0	1
		0	1	0
		-1	0	0
		-1.11167e-005	0.98426	-2.95277
	}
}
