;Exported by: shevchenko
;Date:        Wed Jul 27 10:15:31 2005
;File:        D:\-Projects1_5-\-3DWork-\kaserne_sh_lm_corner_x.max
{Skeleton
	{animation
		{sequence "crush" {speed 0.4}}
	}
	{bone "118_w4"
		{parameters "CommonMesh;"}
		{Orientation
			1	0	0
			0	-1	0
			0	0	1
		}
		{VolumeView "118_w4.ply"}
		{bone "exterior"
			{Position 15.4331	-1.12204	70.9055}
		}
		{bone "piece0"
			{Matrix34
				1	0	0
				0	0	1
				0	-1	0
				19.2048	-5.55118	12.7953
			}
			{VolumeView "piece0.ply"}
		}
		{bone "piece1"
			{Matrix34
				1	0	0
				0	0	1
				0	-1	0
				-9.84251	-5.55118	14.7017
			}
			{VolumeView "piece1.ply"}
		}
		{bone "piece2"
			{Matrix34
				1	0	0
				0	0	1
				0	-1	0
				15.0338	-5.55118	35.4331
			}
			{VolumeView "piece2.ply"}
		}
		{bone "piece5"
			{Matrix34
				1	0	0
				0	0	1
				0	-1	0
				23.6963	-5.55118	58.0709
			}
			{VolumeView "piece5.ply"}
		}
		{bone "piece4"
			{Matrix34
				1	0	0
				0	0	1
				0	-1	0
				-7.87401	-5.55118	59.0551
			}
			{VolumeView "piece4.ply"}
		}
		{bone "piece3"
			{Matrix34
				1	0	0
				0	0	1
				0	-1	0
				-34.0591	-5.55118	38.5934
			}
			{VolumeView "piece3.ply"}
		}
		{bone "piece7"
			{Matrix34
				0	1	0
				0	0	1
				1	0	0
				36.4173	-18.682	54.1339
			}
			{VolumeView "piece7.ply"}
		}
		{bone "piece6"
			{Matrix34
				0	1	0
				0	0	1
				1	0	0
				36.4173	-12.4409	24.6063
			}
			{VolumeView "piece6.ply"}
		}
	}
}
{Volume "piece6"
	{Box 5.90552 16.7323 22.7362}
	{Bone "piece6"}
	{Matrix34
		0	0	1
		1	0	0
		0	1	0
		-1.08232	0.810164	0
	}
}
{Volume "piece7"
	{Box 5.90551 26.377 17.4016}
	{Bone "piece7"}
	{Matrix34
		0	0	1
		0.955791	-0.294047	0
		0.294047	0.955791	0
		-0.61673	1.3781	0
	}
}
{Volume "piece3"
	{Box 8.73535 5.90551 31.7661}
	{Bone "piece3"}
	{Matrix34
		0.994663	0.103171	0
		0	0	-1
		-0.103171	0.994663	0
		1.62886	-0.778102	0
	}
}
{Volume "piece4"
	{Box 29.9213 5.90551 16.1417}
	{Bone "piece4"}
	{Matrix34
		1	0	0
		0	0	-1
		0	1	0
		1.59169	1.31923	0
	}
}
{Volume "piece5"
	{Box 14.4467 5.90551 12.9331}
	{Bone "piece5"}
	{Matrix34
		1	0	0
		0	0	-1
		0	1	0
		0	0.412915	-1.23851e-005
	}
}
{Volume "piece2"
	{Box 27.0279 5.90551 17.0079}
	{Bone "piece2"}
	{Matrix34
		0.993163	-0.116736	0
		0	0	-1
		0.116736	0.993163	0
		-0.765972	0.236593	0
	}
}
{Volume "piece1"
	{Box 21.7717 5.90551 15.7635}
	{Bone "piece1"}
	{Matrix34
		0.951683	-0.307081	0
		0	0	-1
		0.307081	0.951683	0
		0.354037	0.501473	0
	}
}
{Volume "piece0"
	{Box 15.897 5.90551 14.5276}
	{Bone "piece0"}
	{Matrix34
		0.987981	0.154577	0
		0	0	-1
		-0.154577	0.987981	0
		0.78983	-0.370957	0
	}
}
