;Exported by: sk
;Date:        Fri Feb 24 15:29:20 2006
;File:        D:\-Projects1_5-\-3DWork-\City_Du\Bahnhof_house\BB_x.max
{Skeleton
	{bone "fd_corner23_x"
		{Orientation
			1	0	0
			0	-1	0
			0	0	1
		}
		{bone "piece03"
			{Matrix34
				1	0	0
				0	-0.422618	0.906308
				0	-0.906308	-0.422618
				-23.3479	-8.61242	5.82516
			}
			{VolumeView "piece03.ply"}
		}
		{bone "piece04"
			{Matrix34
				0	0.173648	-0.984808
				0	0.984808	0.173648
				1	0	0
				-23.3617	-3.39022	-11.7585
			}
			{VolumeView "piece04.ply"}
		}
		{bone "piece02"
			{Matrix34
				1	0	0
				0	0	1
				0	-1	0
				-23.3479	-0.0980682	-29.7432
			}
			{VolumeView "piece02.ply"}
		}
		{bone "piece01"
			{Matrix34
				1	0	0
				0	0	1
				0	-1	0
				-23.3479	9.48328	6.12958
			}
			{VolumeView "piece01.ply"}
		}
		{bone "piece08"
			{Matrix34
				-1	0	0
				0	0	1
				0	1	0
				-21.614	-8.66563	4.17545
			}
			{VolumeView "piece08.ply"}
		}
		{bone "piece06"
			{Matrix34
				0.173648	0	-0.984808
				-0.984808	0	-0.173648
				0	1	0
				7.12032	-8.6656	8.6024
			}
			{VolumeView "piece06.ply"}
		}
		{bone "piece05"
			{Matrix34
				-1	0	0
				0	0	1
				0	1	0
				17.7339	-8.66563	-15.1568
			}
			{VolumeView "piece05.ply"}
		}
		{bone "piece07"
			{Matrix34
				-1	0	0
				0	0	1
				0	1	0
				-13.3369	-8.66563	-27.7121
			}
			{VolumeView "piece07.ply"}
		}
	}
}
{Volume "piece01"
	{Box 9.84253 19.1121 20.1813}
	{Bone "piece01"}
	{Position 1.59651e-005	0.133554	0.0886901}
}
{Volume "piece02"
	{Box 9.84253 22.012 24.1843}
	{Bone "piece02"}
	{Position 0	0	1.33181e-005}
}
{Volume "piece03"
	{Box 9.84251 23.5676 20.9769}
	{Bone "piece03"}
	{Position 0	0.309453	-0.0149059}
}
{Volume "piece04"
	{Box 16.3304 27.9741 9.84251}
	{Bone "piece04"}
	{Position -0.137811	0.229472	0}
}
{Volume "piece05"
	{Box 31.2069 31.3521 9.84252}
	{Bone "piece05"}
	{Position 1.05728e-005	-1.32854e-005	0}
}
{Volume "piece06"
	{Box 16.4018 30.9166 9.84252}
	{Bone "piece06"}
	{Position 0	1.29365e-005	0}
}
{Volume "piece07"
	{Box 34.2651 26.417 9.84252}
	{Bone "piece07"}
	{Position 1.96989e-005	0	-1.73377e-005}
}
{Volume "piece08"
	{Box 21.4141 22.4351 9.84252}
	{Bone "piece08"}
	{Position -0.288543	-0.0692378	0}
}
