;Exported by: sasha
;Date:        Thu May 22 10:40:59 2008
;File:        D:\-Projects-\-3DWork-\Tent\alg_tent_v1.max
{Skeleton
	{bone "base2"
		{Orientation
			1	0	0
			0	-1	0
			0	0	1
		}
		{VolumeView "base2.ply"}
		{bone "tent"
			{Matrix34
				0.887037	0	0.461699
				0	1	0
				-0.461699	0	0.887037
				-0.899567	-0.052074	42.334
			}
			{VolumeView "tent.ply"}
		}
	}
}
{Obstacle "body03"
	{Obb2
		{Center -9.12967 -12.6859}
		{Extent 1.34722 1.32676}
		{Axis 1 0}
	}
	{Rotate}
	{Tags  "body" "fire"}
}
{Obstacle "body04"
	{Obb2
		{Center -9.12967 12.9291}
		{Extent 1.34722 1.32676}
		{Axis 1 0}
	}
	{Rotate}
	{Tags  "body" "fire"}
}
{Obstacle "body05"
	{Obb2
		{Center 9.64697 12.9291}
		{Extent 1.34722 1.32676}
		{Axis 1 0}
	}
	{Rotate}
	{Tags  "body" "fire"}
}
{Obstacle "body06"
	{Obb2
		{Center 10.1126 -13.6474}
		{Extent 1.34722 1.32676}
		{Axis 1 0}
	}
	{Rotate}
	{Tags  "body" "fire"}
}
{Volume "body01"
	{Box 25.6821 1.22765 31.3123}
	{Bone "base2"}
	{Matrix34
		0.892895	0	0.450265
		-0.450265	0	0.892895
		0	-1	0
		-0.364836	-0.409318	44.1914
	}
}
{Volume "body02"
	{Box 0.9245 4.39568 30.7274}
	{Bone "base2"}
	{Matrix34
		0.99721	0	-0.0746496
		0.0746496	0	0.99721
		0	-1	0
		-11.9919	-0.0707445	36.4928
	}
}
{Volume "body03"
	{Cylinder 1.34722 61.4822}
	{Bone "base2"}
	{Position -9.12967	12.6859	8.70147}
}
{Volume "body04"
	{Cylinder 1.34722 61.4822}
	{Bone "base2"}
	{Position -9.12967	-12.9291	8.70147}
}
{Volume "body05"
	{Cylinder 1.34722 71.3194}
	{Bone "base2"}
	{Position 9.64697	-12.9291	13.62}
}
{Volume "body06"
	{Cylinder 1.34722 71.5801}
	{Bone "base2"}
	{Position 10.1126	13.6474	13.7504}
}
{Volume "body07"
	{Cylinder 0.60936 30.7211}
	{Bone "base2"}
	{Matrix34
		1	0	0
		0	0	1
		0	-1	0
		-10.5078	0.0274191	38.3693
	}
}
{Volume "body08"
	{Cylinder 0.60936 30.7211}
	{Bone "base2"}
	{Matrix34
		1	0	0
		0	0	1
		0	-1	0
		8.9789	0.0274191	48.7953
	}
}
{Volume "body09"
	{Cylinder 0.60936 25.4433}
	{Bone "base2"}
	{Matrix34
		0	-1	0
		-0.462442	0	0.886649
		-0.886649	0	-0.462442
		-0.368025	-14.3804	43.3408
	}
}
{Volume "body10"
	{Cylinder 0.60936 25.4433}
	{Bone "base2"}
	{Matrix34
		0	-1	0
		-0.462442	0	0.886649
		-0.886649	0	-0.462442
		-0.368025	14.3957	43.3408
	}
}
