;Exported by: shevchenko
;Date:        Tue Mar 07 18:04:57 2006
;File:        D:\-Projects1_5-\-3DWork-\euro1_corner2_lm_corner_x.max
{Skeleton
	{bone "101_f2w2"
		{Orientation
			1	0	0
			0	-1	0
			0	0	1
		}
		{bone "piece4"
			{Matrix34
				0	1	0
				0	0	1
				1	0	0
				26.2693	4.88063	-7.17223
			}
			{VolumeView "piece4.ply"}
		}
		{bone "piece0"
			{Matrix34
				0	1	0
				0	0	1
				1	0	0
				26.2693	-1.47673	25.0464
			}
			{VolumeView "piece0.ply"}
		}
		{bone "piece1"
			{Matrix34
				0	1	0
				0	0	1
				1	0	0
				4.74446	10.7225	-22.6378
			}
			{VolumeView "piece1.ply"}
		}
		{bone "piece3"
			{Matrix34
				0	1	0
				0	0	1
				1	0	0
				-7.84338	-9.87538	-22.6378
			}
			{VolumeView "piece3.ply"}
		}
		{bone "piece2"
			{Matrix34
				0	1	0
				0	0	1
				1	0	0
				26.2693	-12.4912	-18.7008
			}
			{VolumeView "piece2.ply"}
		}
		{bone "piece5"
			{Matrix34
				1	0	0
				0	0	1
				0	-1	0
				-12.5694	-15.4277	12.7953
			}
			{VolumeView "piece5.ply"}
		}
		{bone "piece7"
			{Matrix34
				0.422618	0	-0.906308
				0.906308	0	0.422618
				0	-1	0
				-12.3348	-15.4277	-13.8024
			}
			{VolumeView "piece7.ply"}
		}
	}
}
{Volume "piece0"
	{Box 5.90551 25.0984 14.807}
	{Bone "piece0"}
	{Matrix34
		0	0	1
		1	0	0
		0	1	0
		0	0.937042	0
	}
}
{Volume "piece1"
	{Box 31.925 11.5595 3.93701}
	{Bone "piece1"}
	{Matrix34
		0	0	1
		1	0	0
		0	1	0
		-1.9469e-005	0	0
	}
}
{Volume "piece2"
	{Box 5.90552 13.3858 17.7165}
	{Bone "piece2"}
	{Matrix34
		0	0	1
		1	0	0
		0	1	0
		0	0.736156	0
	}
}
{Volume "piece3"
	{Box 46.6243 15.0885 3.93702}
	{Bone "piece3"}
	{Matrix34
		0	0	1
		1	0	0
		0	1	0
		0	0	7.77433
	}
}
{Volume "piece4"
	{Box 5.90551 14.5276 33.4646}
	{Bone "piece4"}
	{Matrix34
		0	0	1
		1	0	0
		0	1	0
		0.784539	-0.734089	1.11311e-005
	}
}
{Volume "piece5"
	{Box 15.748 7.87402 10.5512}
	{Bone "piece5"}
	{Matrix34
		0.642788	-0.766044	0
		0	0	-1
		0.766044	0.642788	0
		-0.171738	-0.248658	0
	}
}
{Volume "piece7"
	{Box 11.4605 7.87402 20.6966}
	{Bone "piece7"}
	{Matrix34
		0.0871557	0.996195	0
		0	0	-1
		-0.996195	0.0871557	0
		-0.147272	-1.04727	0
	}
}
