;Exported by: golanov
;Date:        Fri Mar 17 10:54:20 2006
;File:        D:\-Projects-\-3DWork-\Constructions\Africa\af_house_x01.max
{Skeleton
	{bone "af_h_roof0"
		{Orientation
			1	0	0
			0	-1	0
			0	0	1
		}
		{bone "piece0"
			{Position -1.93127	-3.21533	12.765}
			{VolumeView "piece0.ply"}
		}
		{bone "sub_piece0"
			{Position -5.68627	-25.1336	0.78273}
			{VolumeView "sub_piece0.ply"}
		}
		{bone "piece1"
			{Position 14.0103	17.024	-1.22516}
			{VolumeView "piece1.ply"}
		}
		{bone "sub_piece1"
			{Position -14.679	25.9296	-9.27692}
			{VolumeView "sub_piece1.ply"}
		}
	}
}
{Volume "piece0"
	{Box 20.8097 13.2961 5.3994}
	{Bone "piece0"}
	{Matrix34
		0.906308	0.422618	0
		-0.422618	0.906308	0
		0	0	1
		0.274517	-0.588704	1.33242
	}
}
{Volume "piece1"
	{Box 10.0551 3.21417 17.684}
	{Bone "piece1"}
	{Matrix34
		0.819152	-0.573576	0
		0.439385	0.627507	0.642788
		-0.368688	-0.526541	0.766044
		-0.73029	-1.04296	0.515612
	}
}
{Volume "sub_piece0"
	{Box 13.9093 3.78368 22.2383}
	{Bone "sub_piece0"}
	{Matrix34
		0.984808	-0.111619	-0.133022
		0	0.766045	-0.642787
		0.173648	0.633022	0.754407
		0.114936	-0.0130302	-0.01553
	}
}
{Volume "sub_piece1"
	{Box 11.962 2.9934 15.4503}
	{Bone "sub_piece1"}
	{Matrix34
		0.906308	0.422618	0
		-0.346189	0.742404	0.573576
		0.242404	-0.519837	0.819152
		0.328707	-0.704914	-0.544607
	}
}
