;Exported by: golanov
;Date:        Sat Feb 18 15:20:41 2006
;File:        D:\-Projects-\-3DWork-\Constructions\town_e\house_euro_106c\house_euro_106c_fix.max
{Skeleton
	{bone "106_roof3"
		{Orientation
			1	0	0
			0	-1	0
			0	0	1
		}
		{VolumeView "106_roof3.ply"}
		{bone "window1"
			{Matrix34
				0	-1	0
				1	0	0
				0	0	1
				-13.4113	-32.3929	-10.1341
			}
			{VolumeView "window1.ply"}
		}
		{bone "window1_x"
			{Matrix34
				0	-1	0
				1	0	0
				0	0	1
				-13.4113	-32.296	-10.1341
			}
			{visibility 0}
			{VolumeView "window1_x.ply"}
		}
		{bone "fix24"
			{Position -13.8493	-31.8686	-35.3447}
		}
	}
}
{Volume "body1"
	{Box 5.90551 21.1182 29.7427}
	{Bone "106_roof3"}
	{Matrix34
		0	1	0
		-1	0	0
		0	0	1
		-13.7863	-31.627	-13.5347
	}
}
{Volume "body2"
	{Box 5.90551 19.9744 14.2742}
	{Bone "106_roof3"}
	{Matrix34
		0	1	0
		-1	0	0
		0	0	1
		-14.3099	-31.627	8.41593
	}
}
{Volume "body3"
	{Box 5.90551 23.7544 7.83342}
	{Bone "106_roof3"}
	{Matrix34
		0	1	0
		-1	0	0
		0	0	1
		8.71032	-31.627	-34.162
	}
}
{Volume "body4"
	{Box 5.90551 7.75786 25.5162}
	{Bone "106_roof3"}
	{Matrix34
		0	1	0
		-1	0	0
		0	0	1
		0.667255	-31.627	-17.44
	}
}
{Volume "body5"
	{Box 5.90551 7.75786 15.5011}
	{Bone "106_roof3"}
	{Matrix34
		0	1	0
		-0.707107	0	-0.707107
		-0.707107	0	0.707107
		7.38429	-31.627	-27.895
	}
}
{Volume "hole1"
	{Box 7.87402 15.748 29.5276}
	{Bone "106_roof3"}
	{Matrix34
		1	0	0
		0	0	1
		0	-1	0
		-13.4086	-31.8601	-10.1575
	}
}
{Volume "roof1"
	{Box 1.9685 55.4331 26.1825}
	{Bone "106_roof3"}
	{Matrix34
		-0.707107	0	-0.707107
		0	-1	0
		-0.707107	0	0.707107
		16.1677	-10.7165	-29.5843
	}
}
{Volume "roof2"
	{Box 1.9685 62.9921 45.2957}
	{Bone "106_roof3"}
	{Matrix34
		-0.906308	0	-0.422618
		0	-1	0
		-0.422618	0	0.906308
		-2.72628	-6.44775	0.264207
	}
}
{Volume "window1"
	{Box 7.87402 15.748 1.9685}
	{Bone "window1"}
	{Matrix34
		0	1	0
		0	0	1
		1	0	0
		-0.47733	0.00262625	-0.0233995
	}
}
