;Exported by: sana
;Date:        Sun Jul 10 16:12:00 2005
;File:        D:\-Project-\-3DWork-\Entourage\bench\new_bench_xx.max
{Skeleton
	{bone "new_bench"
		{Orientation
			1	0	0
			0	-1	0
			0	0	1
		}
		{bone "piece1"
			{Position 10.7208	3.99932	16.0666}
			{VolumeView "piece1.ply"}
		}
		{bone "piece2"
			{Position -11.1876	3.99932	16.0666}
			{VolumeView "piece2.ply"}
		}
		{bone "piece3"
			{Position 9.88327	6.71004	21.8961}
			{VolumeView "piece3.ply"}
		}
		{bone "piece4"
			{Position 13.7243	-1.61292	0.973795}
			{VolumeView "piece4.ply"}
		}
		{bone "piece5"
			{Position -13.0406	-1.47064	8.27962}
			{VolumeView "piece5.ply"}
		}
		{bone "piece6"
			{Position -12.8333	1.66468	10.4081}
			{VolumeView "piece6.ply"}
		}
		{bone "piece7"
			{Position 3.34276	-1.47064	8.55771}
			{VolumeView "piece7.ply"}
		}
		{bone "piece8"
			{Position 13.7131	0.258555	5.40491}
			{VolumeView "piece8.ply"}
		}
	}
}
{Volume "piece8"
	{Box 4.91739 5.22848 4.03847}
	{Bone "piece8"}
	{Matrix34
		1	0	0
		0	0	1
		0	-1	0
		0.00329208	-0.0946699	-0.676931
	}
}
{Volume "piece7"
	{Box 9.47001 5.24062 5.12446}
	{Bone "piece7"}
	{Matrix34
		1	0	0
		0	0.580032	0.814594
		0	-0.814594	0.580032
		1.80984	0.213547	-0.421069
	}
}
{Volume "piece6"
	{Box 11.0483 3.83351 5.12446}
	{Bone "piece6"}
	{Matrix34
		1	0	0
		0	0.0103661	0.999946
		0	-0.999946	0.0103661
		-1.14904	0.34502	-0.883915
	}
}
{Volume "piece5"
	{Box 11.0483 3.83351 5.12446}
	{Bone "piece5"}
	{Matrix34
		1	0	0
		0	0.0103661	0.999946
		0	-0.999946	0.0103661
		-1.14134	-0.0525343	0.343596
	}
}
{Volume "piece4"
	{Box 5.79767 11.3055 2.22244}
	{Bone "piece4"}
	{Position 0.057827	-0.047479	0.137426}
}
{Volume "piece3"
	{Box 19.6407 1.72524 4.02579}
	{Bone "piece3"}
	{Matrix34
		1	0	0
		0	0.854941	-0.518726
		0	0.518726	0.854941
		0.209991	0.044795	0.052875
	}
}
{Volume "piece2"
	{Box 16.1054 1.72524 4.30759}
	{Bone "piece2"}
	{Matrix34
		1	0	0
		0	0.968607	-0.248596
		0	0.248596	0.968607
		-0.26997	-0.0394712	-0.0238906
	}
}
{Volume "piece1"
	{Box 16.1054 1.72524 4.30759}
	{Bone "piece1"}
	{Matrix34
		1	0	0
		0	0.968607	-0.248596
		0	0.248596	0.968607
		1.2038	-0.0394712	-0.0238906
	}
}
