;Exported by: sasha
;Date:        Tue Dec 25 10:00:08 2007
;File:        D:\-Project-\-3DWork-\a_house 303\a_house_303.max
{Skeleton
	{bone "303_dw5"
		{Orientation
			1	0	0
			0	-1	0
			0	0	1
		}
		{VolumeView "303_dw5.ply"}
		{bone "window1"
			{Position 10.5582	0.027153	32.0071}
			{VolumeView "window1.ply"}
		}
		{bone "window1_x"
			{Position 10.5582	0.027153	32.0071}
			{visibility 0}
			{VolumeView "window1_x.ply"}
		}
		{bone "attach1"
			{Position -3.937	-0.153349	0}
		}
	}
}
{Obstacle "body1"
	{Obb2
		{Center 16.0854 3.46262}
		{Extent 7.19117 23.231}
		{Axis 1 0}
	}
	{Rotate}
	{Tags  "body"}
}
{Volume "body1"
	{Box 12.5944 46.462 13.0217}
	{Bone "303_dw5"}
	{Matrix34
		-0.988994	0	-0.147951
		0	-1	0
		-0.147951	0	0.988994
		16.0854	-3.46262	5.15474
	}
}
{Volume "body2"
	{Box 10.2905 34.162 40.1211}
	{Bone "303_dw5"}
	{Matrix34
		-0.989214	0	-0.146471
		0	-1	0
		-0.146471	0	0.989214
		10.9831	0.827273	31.227
	}
}
{Volume "body3"
	{Box 10.0857 14.4574 31.4582}
	{Bone "303_dw5"}
	{Matrix34
		-0.989214	0	-0.146471
		0	-1	0
		-0.146471	0	0.989214
		11.6176	-23.2461	26.9422
	}
}
{Volume "hole1"
	{Box 11.811 11.811 15.748}
	{Bone "303_dw5"}
	{Matrix34
		0	0	-1
		0	1	0
		1	0	0
		10.7906	0.0481238	32.1412
	}
}
{Volume "window1"
	{Box 11.811 12.5197 3.18685}
	{Bone "window1"}
	{Matrix34
		0	1	0
		-0.138479	0	0.990365
		0.990365	0	0.138479
		0.0269508	0.0209765	0.0708653
	}
}
