;Exported by: sana
;Date:        Sun Mar 05 15:05:11 2006
;File:        D:\-Project-\-3DWork-\Entourage\kaserne1\Kazarma1_x.max
{Skeleton
	{bone "kaserne_corn1"
		{Orientation
			1	0	0
			0	-1	0
			0	0	1
		}
		{bone "exterior"
			{Position -5.05902	13.2283	60.2559}
		}
		{bone "fx_wood1"
			{Position 7.43073	17.2364	0}
		}
		{bone "piece00"
			{Position -25.2119	-12.2782	56.948}
			{VolumeView "piece00.ply"}
		}
		{bone "piece01"
			{Position -1.89594	8.26096	59.0223}
			{VolumeView "piece01.ply"}
		}
		{bone "piece02"
			{Position -9.99728	1.1767	52.0115}
			{VolumeView "piece02.ply"}
			{bone "sub_piece02"
				{Position 0	-3.61673	-8.97647}
				{VolumeView "sub_piece02.ply"}
			}
		}
		{bone "piece03"
			{Position -9.99728	23.3129	51.1836}
			{VolumeView "piece03.ply"}
			{bone "sub_piece03"
				{Position 0	4.96756	-8.71502}
				{VolumeView "sub_piece03.ply"}
			}
		}
		{bone "piece04"
			{Position -9.99728	4.70628	28.786}
			{VolumeView "piece04.ply"}
			{bone "sub_piece04"
				{Position 0	-5.49045	-3.26814}
				{VolumeView "sub_piece04.ply"}
			}
		}
		{bone "piece05"
			{Position -9.99728	29.4569	27.871}
			{VolumeView "piece05.ply"}
			{bone "sub_piece05"
				{Position 0	-0.740768	-5.35973}
				{VolumeView "sub_piece05.ply"}
			}
		}
		{bone "piece06"
			{Position -9.99728	15.1207	19.2867}
			{VolumeView "piece06.ply"}
		}
		{bone "piece07"
			{Position -21.6368	0.378387	48.0228}
			{VolumeView "piece07.ply"}
			{bone "sub_piece07"
				{Position 1.25482	0	-11.7955}
				{VolumeView "sub_piece07.ply"}
			}
		}
		{bone "piece08"
			{Position 0.260132	38.6455	50.7207}
			{VolumeView "piece08.ply"}
			{bone "sub_piece08"
				{Position -1.06659	0	-10.9799}
				{VolumeView "sub_piece08.ply"}
			}
		}
		{bone "piece09"
			{Position -1.37128	38.6455	23.8044}
			{VolumeView "piece09.ply"}
		}
		{bone "piece10"
			{Position -21.386	0.378387	21.4829}
			{VolumeView "piece10.ply"}
			{bone "sub_piece10"
				{Position -10.7289	0	-3.89001}
				{VolumeView "sub_piece10.ply"}
			}
		}
	}
}
{Volume "piece00"
	{Box 24.5054 27.9963 3.93701}
	{Bone "piece00"}
	{Matrix34
		0.991259	0	0.131927
		0	1	0
		-0.131927	0	0.991259
		0.0430166	3.28953	0.21251
	}
}
{Volume "piece01"
	{Box 41.9711 55.553 3.93701}
	{Bone "piece01"}
	{Matrix34
		0.992123	0	0.125267
		0	1	0
		-0.125267	0	0.992123
		8.60433	6.15398	2.33697
	}
}
{Volume "piece02"
	{Box 5.90552 21.7004 14.2055}
	{Bone "piece02"}
	{Position 0	0	0}
}
{Volume "piece03"
	{Box 5.90552 16.949 14.7371}
	{Bone "piece03"}
	{Position 0	0	0.788035}
}
{Volume "piece04"
	{Box 5.90552 9.58652 16.2204}
	{Bone "piece04"}
	{Position 0	0	0.922253}
}
{Volume "piece05"
	{Box 5.90552 11.706 12.8111}
	{Bone "piece05"}
	{Matrix34
		1	0	0
		0	0.999717	-0.0237708
		0	0.0237708	0.999717
		0	0.579797	1.31411
	}
}
{Volume "piece06"
	{Box 5.90552 10.5886 8.89692}
	{Bone "piece06"}
	{Position 0	0.652908	0.673244}
}
{Volume "piece07"
	{Box 15.1786 3.937 20.2029}
	{Bone "piece07"}
	{Matrix34
		0.970749	0	-0.240098
		0	1	0
		0.240098	0	0.970749
		0.26031	0	0.0542786
	}
}
{Volume "piece08"
	{Box 14.4307 3.93701 19.3246}
	{Bone "piece08"}
	{Position 0	0	0}
}
{Volume "piece09"
	{Box 9.80284 3.93701 16.5139}
	{Bone "piece09"}
	{Matrix34
		0.926926	0	0.375244
		0	1	0
		-0.375244	0	0.926926
		-1.50521	0	0.204913
	}
}
{Volume "piece10"
	{Box 15.5849 3.937 14.7584}
	{Bone "piece10"}
	{Matrix34
		0.999268	0	-0.0382557
		0	1	0
		0.0382557	0	0.999268
		0.137507	0	0.427129
	}
}
{Volume "sub_piece02"
	{Box 5.90552 14.4669 10.1112}
	{Bone "sub_piece02"}
	{Matrix34
		1	0	0
		0	0.959375	-0.282135
		0	0.282135	0.959375
		0	-1.48438	-0.886366
	}
}
{Volume "sub_piece03"
	{Box 5.90552 8.6104 13.6303}
	{Bone "sub_piece03"}
	{Matrix34
		1	0	0
		0	0.556836	-0.830622
		0	0.830622	0.556836
		0	0.710614	-0.318471
	}
}
{Volume "sub_piece04"
	{Box 5.90552 6.71056 11.3426}
	{Bone "sub_piece04"}
	{Matrix34
		1	0	0
		0	0.936806	0.34985
		0	-0.34985	0.936806
		0	-0.363215	-0.491274
	}
}
{Volume "sub_piece05"
	{Box 5.90552 12.9854 7.68664}
	{Bone "sub_piece05"}
	{Matrix34
		1	0	0
		0	0.836327	-0.548231
		0	0.548231	0.836327
		0	-1.60829	-1.06167
	}
}
{Volume "sub_piece07"
	{Box 12.0163 3.937 9.53516}
	{Bone "sub_piece07"}
	{Matrix34
		0.930121	0	0.367253
		0	1	0
		-0.367253	0	0.930121
		1.5311	0	0.11485
	}
}
{Volume "sub_piece08"
	{Box 11.6826 3.93701 8.95957}
	{Bone "sub_piece08"}
	{Matrix34
		0.93862	0	-0.344953
		0	1	0
		0.344953	0	0.93862
		-1.2366	0	-0.984047
	}
}
{Volume "sub_piece10"
	{Box 10.898 3.937 9.95792}
	{Bone "sub_piece10"}
	{Matrix34
		0.981772	0	0.190063
		0	1	0
		-0.190063	0	0.981772
		-0.215488	0	-0.335083
	}
}
