;Exported by: shevchenko
;Date:        Wed Sep 07 18:22:08 2005
;File:        D:\-Projects1_5-\-3DWork-\e_farm_121_lm_corner_chasti_01_x.max
{Skeleton
	{bone "122_f1c3a"
		{Orientation
			1	0	0
			0	-1	0
			0	0	1
		}
		{bone "piece7"
			{Matrix34
				0	-1	0
				0	0	1
				-1	0	0
				23.801	15.9188	22.6378
			}
			{VolumeView "piece7.ply"}
		}
		{bone "piece6"
			{Matrix34
				0	-1	0
				0	0	1
				-1	0	0
				23.801	9.02904	7.87401
			}
			{VolumeView "piece6.ply"}
		}
		{bone "piece5"
			{Matrix34
				0	-1	0
				0	0	1
				-1	0	0
				23.801	-9.67174	13.7795
			}
			{VolumeView "piece5.ply"}
		}
		{bone "piece4"
			{Matrix34
				0	-1	0
				0	0	1
				-1	0	0
				23.801	-20.4985	28.5433
			}
			{VolumeView "piece4.ply"}
		}
		{bone "piece3"
			{Matrix34
				1	0	0
				0	0	1
				0	-1	0
				13.9585	-23.4513	20.6693
			}
			{VolumeView "piece3.ply"}
		}
		{bone "piece2"
			{Matrix34
				1	0	0
				0	0	1
				0	-1	0
				14.9427	-23.4513	6.88976
			}
			{VolumeView "piece2.ply"}
		}
		{bone "piece0"
			{Matrix34
				1	0	0
				0	0	1
				0	-1	0
				-20.4903	-23.4513	10.8268
			}
			{VolumeView "piece0.ply"}
		}
		{bone "piece1"
			{Matrix34
				1	0	0
				0	0	1
				0	-1	0
				-19.5061	-23.4513	26.5748
			}
			{VolumeView "piece1.ply"}
		}
	}
}
{Volume "piece1"
	{Box 11.2992 5.90551 15.2362}
	{Bone "piece1"}
	{Matrix34
		1	0	0
		0	0	-1
		0	1	0
		1.26332	-0.43561	0
	}
}
{Volume "piece0"
	{Box 15.748 5.90551 8.6811}
	{Bone "piece0"}
	{Matrix34
		0.707107	-0.707107	0
		0	0	-1
		0.707107	0.707107	0
		0.134587	0.0822261	0
	}
}
{Volume "piece2"
	{Box 10.5118 5.90551 7.77559}
	{Bone "piece2"}
	{Matrix34
		0.984808	-0.173648	0
		0	0	-1
		0.173648	0.984808	0
		0.260007	0.255602	0
	}
}
{Volume "piece3"
	{Box 10.6102 5.90551 14.7047}
	{Bone "piece3"}
	{Matrix34
		0.996195	0.0871557	0
		0	0	-1
		-0.0871557	0.996195	0
		0.198893	-0.428789	0
	}
}
{Volume "piece4"
	{Box 5.90551 10.6299 14.7047}
	{Bone "piece4"}
	{Matrix34
		0	0	-1
		-1	0	0
		0	1	0
		0.700798	0.213912	0
	}
}
{Volume "piece5"
	{Box 5.90551 16.4567 14.5669}
	{Bone "piece5"}
	{Matrix34
		0	0	-1
		-1	0	0
		0	1	0
		0	0.563335	0
	}
}
{Volume "piece6"
	{Box 5.90551 12.9134 8.85827}
	{Bone "piece6"}
	{Matrix34
		0	0	-1
		-1	0	0
		0	1	0
		0	0.217373	0
	}
}
{Volume "piece7"
	{Box 5.90551 10.3347 15.2362}
	{Bone "piece7"}
	{Matrix34
		0	0	-1
		-0.939693	-0.34202	0
		-0.34202	0.939693	0
		0.501089	-0.290673	0
	}
}
