;Exported by: sana
;Date:        Mon Apr 17 12:23:05 2006
;File:        D:\-Project-\-3DWork-\Entourage\rock_fences.max
{Skeleton
	{bone "rock_fence_1_c1"
		{Orientation
			1	0	0
			0	-1	0
			0	0	1
		}
		{VolumeView "rock_fence_1_c1.ply"}
		{bone "piece1"
			{Matrix34
				1	0	0
				0	0.828887	-0.559416
				0	0.559416	0.828887
				-3.63699	13.8138	11.3256
			}
			{VolumeView "piece1.ply"}
		}
		{bone "piece2"
			{Position -3.63701	-0.893106	10.7988}
			{VolumeView "piece2.ply"}
		}
		{bone "piece3"
			{Position -3.63699	-12.5703	14.8906}
			{VolumeView "piece3.ply"}
		}
	}
}
{Volume "piece1"
	{Box 5.93372 11.5297 7.84627}
	{Bone "piece1"}
	{Matrix34
		1	0	0
		0	0.988612	0.150484
		0	-0.150484	0.988612
		0	1.33419	-0.193273
	}
}
{Volume "piece2"
	{Polyhedron "piece2.vol"}
	{Bone "piece2"}
}
{Volume "piece2_vol01"
	{Box 5.93372 9.51864 7.09855}
	{Bone "piece3"}
	{Matrix34
		1	0	0
		0	0.981704	0.190414
		0	-0.190414	0.981704
		0	-1.65099	-2.26438
	}
}
