;Exported by: shevchenko
;Date:        Sun Jul 10 12:41:17 2005
;File:        D:\-Projects1_5-\-3DWork-\house_euro_ruine2_x.max
{Skeleton
	{animation
		{sequence "crush" {speed 0.4}}
	}
	{bone "w8r_c7_2"
		{parameters "CommonMesh;"}
		{Orientation
			1	0	0
			0	-1	0
			0	0	1
		}
		{VolumeView "w8r_c7_2.ply"}
		{bone "piece4"
			{Matrix34
				0	1	0
				0	0	1
				1	0	0
				-7.41013	-44.0297	26.0944
			}
			{VolumeView "piece4.ply"}
		}
		{bone "piece2"
			{Matrix34
				0	1	0
				0	0	1
				1	0	0
				-7.49997	-31.8307	-2.88222
			}
			{VolumeView "piece2.ply"}
		}
		{bone "piece1"
			{Matrix34
				0	1	0
				0	0	1
				1	0	0
				-7.49997	-3.76932	16.2677
			}
			{VolumeView "piece1.ply"}
		}
		{bone "piece3"
			{Matrix34
				0	1	0
				0	0	1
				1	0	0
				-7.41013	38.144	28.3959
			}
			{VolumeView "piece3.ply"}
		}
		{bone "piece0"
			{Matrix34
				0	1	0
				0	0	1
				1	0	0
				-7.49997	30.4626	-1.12206
			}
			{VolumeView "piece0.ply"}
		}
		{bone "piece7"
			{Position 14.7353	18.0948	-9.00568}
			{VolumeView "piece7.ply"}
		}
		{bone "piece5"
			{Matrix34
				0.27587	0.102414	-0.955723
				-0.34803	0.937483	0
				0.895975	0.332621	0.294267
				36.4561	24.7493	-34.4194
			}
			{VolumeView "piece5.ply"}
		}
		{bone "piece6"
			{Position 12.5544	-25.8557	-9.00568}
			{VolumeView "piece6.ply"}
		}
	}
}
{Volume "piece6"
	{Box 26.1142 29.0069 3.93701}
	{Bone "piece6"}
	{Position -3.9595	0	0}
}
{Volume "piece5"
	{Box 3.93701 18.9933 30.0309}
	{Bone "piece5"}
	{Matrix34
		-0.021424	0.00304133	0.999766
		-0.0429131	0.999071	-0.00395895
		-0.998849	-0.0429879	-0.0212735
		-0.116803	-0.140019	0.1075
	}
}
{Volume "piece7"
	{Box 23.059 44.5283 3.93701}
	{Bone "piece7"}
	{Position -5.59085	0	0}
}
{Volume "piece0"
	{Box 7.87401 24.671 19.6063}
	{Bone "piece0"}
	{Matrix34
		0	0	1
		0.912754	0.40851	0
		-0.40851	0.912754	0
		0.648043	-0.589035	0
	}
}
{Volume "piece3"
	{Box 8.22368 20.7078 33.7795}
	{Bone "piece3"}
	{Matrix34
		0	0	1
		1	0	0
		0	1	0
		0	0.435287	0
	}
}
{Volume "piece1"
	{Box 7.87401 24.2017 33.2962}
	{Bone "piece1"}
	{Matrix34
		0	0	1
		1	0	0
		0	1	0
		1.20057e-005	-0.714911	2.00265e-005
	}
}
{Volume "piece2"
	{Box 7.87402 21.4961 14.2586}
	{Bone "piece2"}
	{Matrix34
		0	0	1
		1	0	0
		0	1	0
		1.17714e-005	0.811085	0
	}
}
{Volume "piece4"
	{Box 8.22368 12.5855 34.0769}
	{Bone "piece4"}
	{Matrix34
		0	0	1
		1	0	0
		0	1	0
		1.05589e-005	-1.01717	0
	}
}
