;Exported by: sasha
;Date:        Tue Dec 25 10:10:43 2007
;File:        D:\-Project-\-3DWork-\a_house 303\a_house_303alt(tunel).max
{Skeleton
	{bone "303_dw3t"
		{Orientation
			1	0	0
			0	-1	0
			0	0	1
		}
		{VolumeView "303_dw3t.ply"}
	}
}
{Obstacle "body1"
	{Obb2
		{Center -16.4767 -12.1587}
		{Extent 7.47831 13.0967}
		{Axis 1 0}
	}
	{Rotate}
	{Tags  "body"}
}
{Obstacle "body3"
	{Obb2
		{Center -17.44 2.69432}
		{Extent 15.7161 2.27992}
		{Axis 1 0}
	}
	{Rotate}
	{Tags  "body"}
}
{Volume "body1"
	{Box 13.175 26.1935 13.0217}
	{Bone "303_dw3t"}
	{Matrix34
		0.988994	0	-0.147951
		0	1	0
		0.147951	0	0.988994
		-16.4767	12.1587	5.15474
	}
}
{Volume "body2"
	{Box 10.0595 26.9387 36.9711}
	{Bone "303_dw3t"}
	{Matrix34
		0.988109	0	-0.153755
		0	1	0
		0.153755	0	0.988109
		-10.6791	11.3332	29.1938
	}
}
{Volume "body3"
	{Box 4.55985 31.4322 31.1975}
	{Bone "303_dw3t"}
	{Matrix34
		0	1	0
		-1	0	0
		0	0	1
		-17.44	-2.69432	15.5116
	}
}
{Volume "body4"
	{Box 5.65421 31.4322 13.7269}
	{Bone "303_dw3t"}
	{Matrix34
		0	0.907558	0.419925
		-1	0	0
		0	-0.419925	0.907558
		-17.44	-5.85018	35.9741
	}
}
{Volume "body5"
	{Box 6.38926 31.4322 12.766}
	{Bone "303_dw3t"}
	{Matrix34
		0	0	-1
		-1	0	0
		0	1	0
		-17.44	-16.3395	42.2291
	}
}
{Volume "body6"
	{Box 10.0595 20.7428 12.2005}
	{Bone "303_dw3t"}
	{Matrix34
		0.988109	0	-0.153755
		0	1	0
		0.153755	0	0.988109
		-8.42011	-12.7789	44.2165
	}
}
