;Exported by: mark
;Date:        Sun May 15 17:00:59 2011
;File:        C:\Users\mark\Documents\3dsmax\scenes\qf4and5inch.max
{Skeleton
	{animation
		{sequence "recoil" {speed 1}}
		{sequence "close" {speed 0.5}}
	}
	{bone revolute "basis"
		{speed 0.004}
		{parameters "Wheelradius=0.67;"}
		{Orientation
			1	0	0
			0	-1	0
			0	0	1
		}
		{bone "body"
			{parameters "ID=body;"}
			{Matrix34
				0.984808	0	0.173648
				0	1	0
				-0.173648	0	0.984808
				20.282	-2.73663	4.41059
			}
			{VolumeView "body.ply"}
			{bone "pivot_front"
				{Matrix34
					0.988904	0	-0.148558
					0	1	0
					0.148558	0	0.988904
					-1.84646	4.4329	16.3805
				}
				{bone revolute "wheell"
					{parameters "ID=wheelleft;Wheelradius=0.6;"}
					{Matrix34
						-0.999973	0.000114863	0.0073558
						0.00735545	0	0.999973
						3.61142e-005	1	0
						0.963339	16.5255	-5.18741
					}
					{VolumeView "wheell.ply"}
				}
				{bone revolute "wheelr"
					{parameters "ID=wheelright;Wheelradius=0.6;"}
					{Matrix34
						-0.999973	0.000114255	0.00735577
						0.00735545	0	0.999973
						3.86786e-005	1	0
						0.963341	-20.7885	-5.18688
					}
					{VolumeView "wheelr.ply"}
				}
			}
			{bone "commander"
				{Matrix34
					0.984808	0	-0.173648
					0	1	0
					0.173648	0	0.984808
					-29.3626	-10.5205	0.0978084
				}
			}
			{bone "gunner"
				{Matrix34
					0.984808	0	-0.173648
					0	1	0
					0.173648	0	0.984808
					-31.9522	13.8935	0.554419
				}
			}
			{bone "driver1"
				{Matrix34
					0.984808	0	-0.173648
					0	1	0
					0.173648	0	0.984808
					-27.1768	15.2739	-0.287606
				}
			}
			{bone "driver2"
				{Matrix34
					0.984808	0	-0.173648
					0	1	0
					0.173648	0	0.984808
					-26.0782	-9.97585	-0.481329
				}
			}
			{bone "seat1"
				{Matrix34
					0.514795	0.849957	-0.11207
					-0.910753	0.383948	0.152031
					0.174512	0.0161972	0.984522
					-43.6588	5.57442	-4.06362
				}
			}
			{bone "seat2"
				{Matrix34
					0.412733	-0.893542	-0.176732
					0.934041	0.312697	-0.172592
					0.211987	-0.0637803	0.975189
					-29.3397	-5.8936	-2.25024
				}
			}
			{bone revolute "turret"
				{parameters "ID=turret;"}
				{limits -3 3}
				{speed 0.01}
				{Matrix34
					0.984808	0	-0.173648
					0	1	0
					0.173648	0	0.984808
					-9.01999	5.60106	31.4622
				}
				{VolumeView "turret.ply"}
				{bone revolute "gun_rot"
					{parameters "ID=gun;"}
					{limits -45 20}
					{speed 0.004}
					{Matrix34
						0.258819	0	-0.965926
						-0.965926	0	-0.258819
						0	1	0
						11.7314	-3.08713	-19.4496
					}
					{VolumeView "gun_rot.ply"}
					{bone "gun"
						{parameters "ID=gun;"}
						{Matrix34
							0	-1	0
							0	0	1
							-1	0	0
							-6.16902	-1.60992	0.313614
						}
						{VolumeView "gun.ply"}
						{bone "fx_invers"
							{Matrix34
								-1	0	0
								0	-1	0
								0	0	1
								-17.9134	-0.281628	0.370811
							}
						}
						{bone "foresight1"
							{Matrix34
								0.996195	0	-0.0871558
								0.0871557	0	0.996195
								0	-1	0
								30.7713	0.210789	0.11228
							}
						}
						{bone "visor"
							{Matrix34
								0.965926	0	-0.258819
								0.258819	0	0.965926
								0	-1	0
								21.2415	-2.02454	2.62504
							}
						}
					}
				}
			}
			{bone "visor2"
				{Matrix34
					0.984808	0	-0.173648
					0.173648	0	0.984808
					0	-1	0
					-8.32162	5.47059	24.6189
				}
			}
			{bone "link1"
				{Matrix34
					0.984808	0	-0.173648
					0	1	0
					0.173648	0	0.984808
					-77.2143	1.36026	24.8852
				}
			}
		}
		{bone "emit2"
			{Position -7.31709	-27.2173	-0.591854}
			{visibility 0}
		}
		{bone "emit1"
			{Position -3.79968	27.9034	-0.591858}
			{visibility 0}
		}
		{bone "fxtracel1"
			{Matrix34
				0.999676	0.000124793	0.0254366
				0	0.999994	0.00351325
				-0.0253887	0.0049023	0.999666
				20.5068	19.641	-0.409551
			}
		}
		{bone "fxtracer1"
			{Matrix34
				0.999676	0.000124397	0.0254361
				0	0.999994	0.00351323
				-0.0253881	0.00490231	0.999666
				20.5067	-19.3798	-0.685498
			}
		}
	}
}
{Volume "body"
	{Polyhedron "body.vol"}
	{Bone "body"}
	{Matrix34
		0.999923	0	0.0123766
		0	1	0
		-0.0123766	0	0.999923
		-34.7491	1.89811	5.42836
	}
}
{Volume "gun"
	{Polyhedron "gun.vol"}
	{Bone "gun_rot"}
	{Matrix34
		0	-1	0
		0	0	1
		-1	0	0
		-6.16902	-1.60993	0.313614
	}
}
{Volume "turret"
	{Polyhedron "turret.vol"}
	{Bone "turret"}
	{Matrix34
		0.864415	0	0.502779
		0	1	0
		-0.502779	0	0.864415
		17.2829	-3.06604	-24.2772
	}
}
{Volume "wheell"
	{Cylinder 16.5132 2.5641}
	{Bone "wheell"}
	{Matrix34
		0.949785	-0.00700123	-7.26451e-005
		0.00700112	0.949786	0
		5.78191e-005	0	1.22563
		-0.0237162	0.400461	-0.242963
	}
}
{Volume "wheelr"
	{Cylinder 16.5132 2.5641}
	{Bone "wheelr"}
	{Matrix34
		0.949785	-0.00700123	-7.52829e-005
		0.00700106	0.949785	0
		5.78191e-005	0	1.27013
		-0.023722	0.399942	-0.322582
	}
}
