;Exported by: sana
;Date:        Mon Jul 18 11:03:41 2005
;File:        D:\-Project-\-3DWork-\Entourage\boat\boat_rack_xx.max
{Skeleton
	{bone "boat_rack"
		{Orientation
			1	0	0
			0	-1	0
			0	0	1
		}
		{bone "piece0"
			{Position 24.619	20.0998	0.234007}
			{VolumeView "piece0.ply"}
		}
		{bone "piece1"
			{Position 39.8918	-0.0305341	0.211591}
			{VolumeView "piece1.ply"}
		}
		{bone "piece2"
			{Position -18.2297	-22.198	0.234009}
			{VolumeView "piece2.ply"}
		}
		{bone "piece3"
			{Position -36.8667	0.0946609	0.211591}
			{VolumeView "piece3.ply"}
		}
		{bone "piece6"
			{Position -37.7599	18.419	7.99179}
			{VolumeView "piece6.ply"}
		}
		{bone "piece5"
			{Position -38.693	6.68112	8.35204}
			{VolumeView "piece5.ply"}
		}
		{bone "piece8"
			{Matrix34
				-1	0	0
				0	-1	0
				0	0	-1
				41.4317	-4.70657	12.5709
			}
			{VolumeView "piece8.ply"}
		}
		{bone "piece9"
			{Matrix34
				-1	0	0
				0	-1	0
				0	0	-1
				41.4719	-16.6309	13.0593
			}
			{VolumeView "piece9.ply"}
		}
		{bone "piece7"
			{Position 41.4317	4.31899	12.5709}
			{VolumeView "piece7.ply"}
		}
		{bone "piece4"
			{Matrix34
				-1	0	0
				0	-1	0
				0	0	-1
				-37.7599	-18.1073	7.99179
			}
			{VolumeView "piece4.ply"}
		}
	}
}
{Volume "piece4"
	{Box 2.37299 15.856 2.85215}
	{Bone "piece4"}
	{Matrix34
		-0.983307	-0.167476	-0.0711297
		0.123484	-0.327102	-0.936886
		-0.13364	0.93003	-0.342322
		0.00860196	-0.000206814	-0.298756
	}
}
{Volume "piece7"
	{Box 2.37299 28.3143 2.85215}
	{Bone "piece7"}
	{Matrix34
		0.993573	-0.0040082	-0.113122
		0.0945406	0.578965	0.809853
		0.0622481	-0.815342	0.575624
		0.17253	-0.0103962	-0.0614258
	}
}
{Volume "piece9"
	{Box 2.49404 25.6694 2.85215}
	{Bone "piece9"}
	{Matrix34
		-0.991098	-0.0285662	0.130038
		-0.113982	-0.3227	-0.939613
		-0.0688045	0.94607	-0.316571
		0.0169792	-0.0681013	-0.118546
	}
}
{Volume "piece8"
	{Box 2.37299 27.7229 2.85215}
	{Bone "piece8"}
	{Matrix34
		-0.993573	-0.106546	0.038218
		-0.0945406	0.595441	-0.797817
		-0.0622479	0.796302	0.601687
		-0.00928799	-0.183592	-0.0128426
	}
}
{Volume "piece5"
	{Box 2.94251 26.3323 2.85215}
	{Bone "piece5"}
	{Matrix34
		0.947742	-0.0426546	0.316173
		-0.146539	0.822098	0.550165
		-0.283392	-0.567746	0.772887
		0.69462	-0.295077	-0.155167
	}
}
{Volume "piece6"
	{Box 2.37299 15.856 2.85215}
	{Bone "piece6"}
	{Matrix34
		0.983307	0.0890779	0.158659
		-0.123483	-0.313738	0.941446
		0.13364	-0.945322	-0.297501
		0.0433931	-0.12605	-0.190865
	}
}
{Volume "piece3"
	{Box 4.42713 43.6676 3.21973}
	{Bone "piece3"}
	{Position 0.111427	-0.0892487	-0.0675216}
}
{Volume "piece2"
	{Box 39.3411 7.04317 3.52158}
	{Bone "piece2"}
	{Matrix34
		0.994375	-0.105919	0
		0.105919	0.994375	0
		0	0	1
		-0.25019	0.950091	0.0609865
	}
}
{Volume "piece1"
	{Box 5.23207 44.2713 4.02467}
	{Bone "piece1"}
	{Position 0.0228806	-0.0646454	0.334945}
}
{Volume "piece0"
	{Box 33.2035 4.62836 3.6222}
	{Bone "piece0"}
	{Position 0.504971	0.0290332	0.111294}
}
