;Exported by: sana
;Date:        Mon May 28 12:09:57 2007
;File:        D:\-Project-\-3DWork-\Entourage\ruins_ru\ruin_ru_141_x.max
{Skeleton
	{bone "ruin_ru_140_woods2_x"
		{Orientation
			1	0	0
			0	-1	0
			0	0	1
		}
		{bone "piece01"
			{Position 9.50797	26.4954	0.137901}
			{VolumeView "piece01.ply"}
		}
		{bone "piece02"
			{Position 9.508	-25.9224	-0.580215}
			{VolumeView "piece02.ply"}
		}
		{bone "piece03"
			{Matrix34
				0.999991	0	0.00419949
				0	1	0
				-0.00419949	0	0.999991
				20.9093	-0.561406	2.21208
			}
			{VolumeView "piece03.ply"}
		}
		{bone "piece04"
			{Position 26.6009	24.9277	-0.00105286}
			{VolumeView "piece04.ply"}
		}
		{bone "piece05"
			{Matrix34
				0.999991	0	0.00419949
				0	1	0
				-0.00419949	0	0.999991
				-30.2307	-0.623572	1.03204
			}
			{VolumeView "piece05.ply"}
		}
		{bone "piece06"
			{Position -30.2307	-14.8484	-21.6339}
			{VolumeView "piece06.ply"}
		}
		{bone "piece07"
			{Position -12.5392	-0.167671	15.8774}
			{VolumeView "piece07.ply"}
		}
		{bone "piece08"
			{Position -5.59668	1.14675	-15.9734}
			{VolumeView "piece08.ply"}
		}
	}
}
{Volume "piece01"
	{Box 2.98992 1.70477 52.9366}
	{Bone "piece01"}
	{Matrix34
		0	0.608874	0.793267
		-1	0	0
		0	-0.793267	0.608874
		0	0	0
	}
}
{Volume "piece02"
	{Box 2.83857 1.70477 53.0592}
	{Bone "piece02"}
	{Matrix34
		0	-0.570132	0.821554
		1	0	0
		0	0.821554	0.570132
		0	0	0
	}
}
{Volume "piece03"
	{Box 1.50652 2.50388 29.4262}
	{Bone "piece03"}
	{Matrix34
		0	-1	0
		0.73787	0	0.674943
		-0.674943	0	0.73787
		-0.159268	0	-0.0891299
	}
}
{Volume "piece04"
	{Box 2.25866 2.60564 56.21}
	{Bone "piece04"}
	{Matrix34
		0.803921	-0.560655	-0.198434
		0.47036	0.395177	0.789048
		-0.363968	-0.727668	0.581401
		2.16923e-005	-1.47385e-005	0
	}
}
{Volume "piece05"
	{Box 1.60856 1.70477 25.3072}
	{Bone "piece05"}
	{Matrix34
		0	-1	0
		1	0	0
		0	0	1
		0	0	0
	}
}
{Volume "piece06"
	{Box 2.38205 2.62842 62.3605}
	{Bone "piece06"}
	{Matrix34
		0	0.151359	-0.988479
		1	0	0
		0	-0.988479	-0.151359
		-3.05176e-005	0	0
	}
}
{Volume "piece07"
	{Box 3.99024 3.74752 51.9685}
	{Bone "piece07"}
	{Matrix34
		0	-1	0
		-0.0382561	0	0.999268
		-0.999268	0	-0.0382561
		0	0	0.0449677
	}
}
{Volume "piece08"
	{Box 2.28563 2.62843 63.9832}
	{Bone "piece08"}
	{Matrix34
		-0.0879576	0	-0.996124
		0	1	0
		0.996124	0	-0.0879576
		-1.70996e-005	0	0
	}
}
