;Exported by: sasha
;Date:        Tue Dec 25 11:59:39 2007
;File:        D:\-Project-\-3DWork-\a_house_301\a_house_301_x.max
{Skeleton
	{bone "301_c4_x"
		{Orientation
			1	0	0
			0	-1	0
			0	0	1
		}
		{bone "piece06"
			{Position 8.42735	-0.958862	49.4871}
			{VolumeView "piece06.ply"}
		}
		{bone "piece01"
			{Position 13.7496	-0.459275	34.2443}
			{VolumeView "piece01.ply"}
			{bone "sub_piece01"
				{Position 0	-1.40988	-6.39867}
				{VolumeView "sub_piece01.ply"}
			}
		}
		{bone "piece02"
			{Position 13.7496	2.03106	11.9032}
			{VolumeView "piece02.ply"}
			{bone "sub_piece02"
				{Position 0	-6.8867	0}
				{VolumeView "sub_piece02.ply"}
			}
		}
		{bone "piece03"
			{Position 6.5801	-13.9888	21.2571}
			{VolumeView "piece03.ply"}
			{bone "sub_piece03"
				{Position -10.8994	0	0}
				{VolumeView "sub_piece03.ply"}
			}
		}
		{bone "piece04"
			{Position 2.0114	-13.9888	38.6636}
			{VolumeView "piece04.ply"}
			{bone "sub_piece04"
				{Position -0.27113	0	9.32687}
				{VolumeView "sub_piece04.ply"}
			}
		}
		{bone "piece05"
			{Position 8.53224	-13.9818	7.91751}
			{VolumeView "piece05.ply"}
		}
		{bone "piece07"
			{Position -0.463449	-3.6593	55.2228}
			{VolumeView "piece07.ply"}
			{bone "sub_piece07"
				{Position 5.17623	2.56784	-2.25521}
				{VolumeView "sub_piece07.ply"}
			}
		}
	}
}
{Volume "piece01"
	{Box 14.9 4.1411 12.2318}
	{Bone "piece01"}
	{Matrix34
		0	0.98159	-0.190998
		-1	0	0
		0	0.190998	0.98159
		-0.0380172	1.30479	0.305677
	}
}
{Volume "piece02"
	{Box 15.3292 4.1411 8.84991}
	{Bone "piece02"}
	{Matrix34
		0	-0.244545	-0.969638
		-1	0	0
		0	0.969638	-0.244545
		0.282161	0.555951	-0.952272
	}
}
{Volume "piece03"
	{Box 17.5795 4.1411 12.8949}
	{Bone "piece03"}
	{Matrix34
		-0.0198992	0	0.999802
		0	1	0
		-0.999802	0	-0.0198992
		-0.440657	-0.0517294	0.122936
	}
}
{Volume "piece04"
	{Box 12.7387 4.1411 11.5453}
	{Bone "piece04"}
	{Matrix34
		0.997212	0	0.0746261
		0	1	0
		-0.0746261	0	0.997212
		0.101042	-0.0517197	0.474793
	}
}
{Volume "piece05"
	{Box 9.52122 4.1411 6.60441}
	{Bone "piece05"}
	{Matrix34
		0.914011	0	0.405688
		0	1	0
		-0.405688	0	0.914011
		-0.227126	-0.058754	-0.0263401
	}
}
{Volume "piece06"
	{Box 11.022 2.40184 17.8308}
	{Bone "piece06"}
	{Matrix34
		0.679827	0	-0.733373
		-0.733373	0	-0.679827
		0	1	0
		-0.0796437	-1.48233	0.12439
	}
}
{Volume "piece07"
	{Box 11.9038 3.11586 10.3419}
	{Bone "piece07"}
	{Matrix34
		0.938184	0	-0.346138
		-0.346138	0	-0.938184
		0	1	0
		0.00681443	-2.52636	0.015837
	}
}
{Volume "sub_piece01"
	{Box 14.9 4.1411 7.45841}
	{Bone "sub_piece01"}
	{Matrix34
		0	0.886922	-0.46192
		-1	0	0
		0	0.46192	0.886922
		-0.038017	-0.474992	-1.50706
	}
}
{Volume "sub_piece02"
	{Box 15.3292 4.1411 8.84991}
	{Bone "sub_piece02"}
	{Matrix34
		0	-0.244545	-0.969638
		-1	0	0
		0	0.969638	-0.244545
		-0.0380163	-0.623731	1.54634
	}
}
{Volume "sub_piece03"
	{Box 15.6457 4.1411 8.42805}
	{Bone "sub_piece03"}
	{Matrix34
		-0.0198992	0	0.999802
		0	1	0
		-0.999802	0	-0.0198992
		-0.0587207	-0.0517259	0.167381
	}
}
{Volume "sub_piece04"
	{Box 12.4877 4.1411 6.34356}
	{Bone "sub_piece04"}
	{Matrix34
		0.998645	0	-0.0520495
		0	1	0
		0.0520495	0	0.998645
		0.283206	-0.0517197	-0.274149
	}
}
{Volume "sub_piece07"
	{Box 1.90883 0.778195 15.914}
	{Bone "sub_piece07"}
	{Matrix34
		0.92349	0	-0.383623
		-0.383622	0	-0.923491
		0	1	0
		-0.00310642	-0.229799	-0.00926736
	}
}
