;Exported by: sana
;Date:        Wed Aug 02 16:24:54 2006
;File:        D:\-Project-\-3DWork-\Entourage\ruins\ruins e_town11_x.max
{Skeleton
	{bone "r_house_stairs"
		{Orientation
			1	0	0
			0	-1	0
			0	0	1
		}
		{VolumeView "r_house_stairs.ply"}
		{bone "fx_stone1b"
			{Position 0.166095	5.36921	11.8478}
		}
		{bone "fx_stone1a"
			{Position 18.7506	-7.25871	11.8478}
		}
		{bone "piece01"
			{Position 19.6927	-8.32571	55.7604}
			{VolumeView "piece01.ply"}
			{bone "sub_piece01"
				{Position 0	5.59101	-4.08144}
				{VolumeView "sub_piece01.ply"}
			}
		}
		{bone "piece03"
			{Position 19.6927	17.7843	51.9585}
			{VolumeView "piece03.ply"}
			{bone "sub_piece03"
				{Position 0	-0.447281	-8.61017}
				{VolumeView "sub_piece03.ply"}
			}
		}
		{bone "piece04"
			{Position 19.6927	30.1405	38.4842}
			{VolumeView "piece04.ply"}
			{bone "sub_piece04"
				{Position 0	0.964066	-9.2243}
				{VolumeView "sub_piece04.ply"}
			}
		}
		{bone "sub_piece05"
			{Position 19.6927	14.746	29.8102}
			{VolumeView "sub_piece05.ply"}
		}
		{bone "piece02"
			{Position 19.6927	-7.39442	29.5306}
			{VolumeView "piece02.ply"}
			{bone "sub_piece02"
				{Position 0	3.57825	8.88972}
				{VolumeView "sub_piece02.ply"}
			}
		}
		{bone "piece05"
			{Position 19.6927	15.6965	22.2623}
			{VolumeView "piece05.ply"}
		}
		{bone "piece06"
			{Position -10.8435	-3.73595	17.7178}
			{VolumeView "piece06.ply"}
		}
	}
}
{Volume "piece01"
	{Box 7.87402 20.0158 11.4985}
	{Bone "piece01"}
	{Matrix34
		1	0	0
		0	0.99077	0.135557
		0	-0.135557	0.99077
		0	0.0770816	-0.563358
	}
}
{Volume "piece02"
	{Box 7.87402 15.637 11.2156}
	{Bone "piece02"}
	{Matrix34
		1	0	0
		0	0.981366	0.19215
		0	-0.19215	0.981366
		0	-0.110585	0.0543886
	}
}
{Volume "piece03"
	{Box 7.87402 11.6293 13.7539}
	{Bone "piece03"}
	{Position 0	0	0}
}
{Volume "piece04"
	{Box 7.87402 9.33253 12.9712}
	{Bone "piece04"}
	{Matrix34
		1	0	0
		0	0.898725	0.438512
		0	-0.438512	0.898725
		0	0.573175	-0.0312892
	}
}
{Volume "piece05"
	{Box 7.87402 14.6485 9.30569}
	{Bone "piece05"}
	{Matrix34
		1	0	0
		0	0.954655	0.297714
		0	-0.297714	0.954655
		0	0.00678645	-0.0960631
	}
}
{Volume "piece06"
	{Box 7.87402 14.2745 9.85678}
	{Bone "piece06"}
	{Matrix34
		1	0	0
		0	0.991134	-0.13287
		0	0.13287	0.991134
		0	0.0260741	0.334423
	}
}
{Volume "sub_piece01"
	{Box 7.87402 7.93701 11.4057}
	{Bone "sub_piece01"}
	{Matrix34
		1	0	0
		0	0.859871	-0.510512
		0	0.510512	0.859871
		0	0.671387	0.16131
	}
}
{Volume "sub_piece02"
	{Box 7.87402 10.9047 5.48143}
	{Bone "sub_piece02"}
	{Matrix34
		1	0	0
		0	0.989999	-0.141072
		0	0.141072	0.989999
		0	0.40725	0.00937484
	}
}
{Volume "sub_piece03"
	{Box 7.87402 10.9584 6.17249}
	{Bone "sub_piece03"}
	{Matrix34
		1	0	0
		0	0.956594	-0.291424
		0	0.291424	0.956594
		0	-0.0676291	-0.399832
	}
}
{Volume "sub_piece04"
	{Box 7.87402 7.82783 5.29762}
	{Bone "sub_piece04"}
	{Position 0	1.52588e-005	0}
}
{Volume "sub_piece05"
	{Box 7.87402 12.0766 6.65331}
	{Bone "sub_piece05"}
	{Matrix34
		1	0	0
		0	0.928767	0.370665
		0	-0.370665	0.928767
		0	-0.184608	0.0721268
	}
}
