;Exported by: sana
;Date:        Fri May 25 10:50:29 2007
;File:        D:\-Project-\-3DWork-\Entourage\ruins_ru\ruin_ru_141.max
{Skeleton
	{bone "ruin_ru_140_roof4"
		{Orientation
			1	0	0
			0	-1	0
			0	0	1
		}
		{VolumeView "ruin_ru_140_roof4.ply"}
		{bone "fix20"
			{Position -12.2509	-21.7398	-27.4891}
		}
	}
}
{Volume "body1"
	{Box 44.3168 22.968 6.28031}
	{Bone "ruin_ru_140_roof4"}
	{Matrix34
		0.999164	0.0105583	-0.0394961
		0.0159436	0.788955	0.614245
		0.037646	-0.614361	0.788127
		2.62465	-18.4369	-7.81171
	}
}
{Volume "body2"
	{Box 40.3283 17.4557 7.66198}
	{Bone "ruin_ru_140_roof4"}
	{Matrix34
		0.0208043	-0.999147	-0.0356634
		0.626299	-0.0147805	0.779443
		-0.779305	-0.0385517	0.625458
		-17.7903	-3.11203	-8.44458
	}
}
{Volume "body3"
	{Box 29.4396 17.4557 7.91319}
	{Bone "ruin_ru_140_roof4"}
	{Matrix34
		0.0198401	-0.999147	-0.0362088
		0.646987	-0.0147804	0.762357
		-0.762242	-0.0385519	0.646143
		-7.9561	5.85172	3.34128
	}
}
