;Exported by: Kislov_A
;Date:        Tue Dec 16 15:24:03 2008
;File:        E:\Black\DESIGN~1\EXPORT~1\A2FD~1\models\3_7CM_~1\001_3_~3\FLAK36~1.MAX
{Skeleton
	{bone revolute "basis"
		{Orientation
			1	0	0
			0	-1	0
			0	0	1
		}
		{bone "body"
			{parameters "ID=body;"}
			{Position -9.70256	-0.459538	0.799278}
			{VolumeView "body.ply"}
			{bone revolute "turret"
				{parameters "id=turret;"}
				{Matrix34
					0.999997	0	0.00237038
					0	1	0
					-0.00237038	0	0.999997
					7.81262	0.105399	2.76745
				}
				{VolumeView "turret.ply"}
				{bone "part4"
					{Position 13.5615	8.61313	4.97114}
					{VolumeView "part4.ply"}
				}
			}
			{bone "part1"
				{Matrix34
					0.955614	0	0.294623
					0.294609	-0.00987339	-0.955567
					0.00290893	0.999951	-0.00943515
					23.3909	-0.426926	22.342
				}
				{VolumeView "part1.ply"}
			}
			{bone "part2"
				{Matrix34
					0.955614	0	0.294623
					0.294608	-0.00987417	-0.955567
					0.00290908	0.999951	-0.00943592
					23.3909	-0.426926	22.342
				}
				{VolumeView "part2.ply"}
			}
			{bone revolute "part3"
				{Matrix34
					0.973106	0.109382	0.202732
					0.203956	0	-0.97898
					-0.107083	0.994	-0.0223092
					6.17261	0.105399	14.1573
				}
				{VolumeView "part3.ply"}
			}
		}
	}
}
{Volume "body"
	{Polyhedron "body.vol"}
	{Bone "body"}
	{Position -0.608414	8.40441	0.773942}
}
{Volume "part1"
	{Polyhedron "part1.vol"}
	{Bone "part1"}
	{Matrix34
		0	0.00987295	-0.999951
		-0.0055784	-0.999936	-0.0098728
		-0.999984	0.00557805	5.52625e-005
		31.4663	-0.064599	0.0203327
	}
}
{Volume "part2"
	{Polyhedron "part2.vol"}
	{Bone "part2"}
	{Matrix34
		0	0.00987283	-0.999951
		-0.0894598	-0.995942	-0.00983322
		-0.99599	0.0894552	0.000883529
		75.4363	-5.73173	-0.0356287
	}
}
{Volume "part3"
	{Polyhedron "part3.vol"}
	{Bone "part3"}
	{Matrix34
		0.994	0	-0.109382
		0	-1	0
		-0.109382	0	-0.994
		2.11193	-0.998016	1.04217
	}
}
{Volume "part4"
	{Polyhedron "part4.vol"}
	{Bone "part4"}
	{Matrix34
		0	-1	0
		0.00237031	0	0.999997
		-0.999997	0	0.00237031
		-0.455452	-0.898534	-0.0627223
	}
}
{Volume "turret1"
	{Polyhedron "turret1.vol"}
	{Bone "turret"}
	{Matrix34
		1	0	0
		0	0	1
		0	-1	0
		14.0267	-9.78403	11.3425
	}
}
{Volume "turret"
	{Polyhedron "turret.vol"}
	{Bone "turret"}
	{Matrix34
		1	0	0
		0	0	1
		0	-1	0
		-5.11091	4.07507	6.27899
	}
}
