;Exported by: butyvsky
;Date:        Wed Feb 21 12:14:52 2007
;File:        D:\-Projects-\-3D Work-\entourage\wood_toilet_x.max
{Skeleton
	{bone "wood_toilet_x"
		{Orientation
			1	0	0
			0	-1	0
			0	0	1
		}
		{bone "piece0"
			{Matrix34
				0.111567	-0.992259	0.0545417
				0.967754	0.120957	0.220955
				-0.225842	0.0281317	0.973758
				12.1413	18.9848	21.1761
			}
			{VolumeView "piece0.ply"}
		}
		{bone "piece1"
			{Matrix34
				0.989056	0.00657472	-0.147395
				0	0.999007	0.0445618
				0.147542	-0.0440741	0.988073
				-11.7129	6.23658	22.1725
			}
			{VolumeView "piece1.ply"}
		}
		{bone "piece2"
			{Matrix34
				0.995711	0	-0.0925198
				-0.0100681	0.994061	-0.108355
				0.0919704	0.108821	0.989798
				-11.7129	1.23008	22.1725
			}
			{VolumeView "piece2.ply"}
		}
		{bone "piece3"
			{Matrix34
				0.9939	0	-0.110287
				0	1	0
				0.110287	0	0.9939
				-11.7129	-3.77641	22.1725
			}
			{VolumeView "piece3.ply"}
		}
		{bone "piece4"
			{Matrix34
				0.992731	0	0.120352
				0	1	0
				-0.120352	0	0.992731
				-11.7129	-7.09732	22.1725
			}
			{VolumeView "piece4.ply"}
		}
		{bone "piece5"
			{Matrix34
				0.990844	0	-0.135011
				0	1	0
				0.135011	0	0.990844
				11.7208	7.75693	22.1725
			}
			{VolumeView "piece5.ply"}
		}
		{bone "piece6"
			{Matrix34
				0.998866	0	-0.0476106
				0	1	0
				0.0476106	0	0.998866
				11.7208	4.36828	22.1725
			}
			{VolumeView "piece6.ply"}
		}
		{bone "piece7"
			{Matrix34
				0.989791	0	0.142529
				-0.00926608	0.997885	0.064348
				-0.142228	-0.0650117	0.987697
				11.7208	0.313626	22.1725
			}
			{VolumeView "piece7.ply"}
		}
		{bone "piece8"
			{Matrix34
				0.989393	0	-0.145266
				0	1	0
				0.145266	0	0.989393
				11.7208	-4.59362	22.1725
			}
			{VolumeView "piece8.ply"}
		}
		{bone "piece9"
			{Matrix34
				0.976163	-0.0455719	-0.212199
				0.0475372	0.998861	0.00416619
				0.211767	-0.0141542	0.977218
				11.7208	-9.42208	22.1725
			}
			{VolumeView "piece9.ply"}
		}
		{bone "piece10"
			{Matrix34
				0.99794	0	-0.0641602
				0	1	0
				0.0641602	0	0.99794
				-11.7129	-11.1603	22.1725
			}
			{VolumeView "piece10.ply"}
		}
		{bone "sub_piece5"
			{Matrix34
				0	0.988729	-0.149716
				-0.998036	0.00937926	0.061941
				0.0626471	0.149422	0.986787
				-8.70132	-13.7146	22.1725
			}
			{VolumeView "sub_piece5.ply"}
		}
		{bone "sub_piece4"
			{Matrix34
				0.00678862	0.99543	-0.0952543
				-0.986252	0.0223928	0.163721
				0.165106	0.0928333	0.981897
				-4.30683	-13.7146	22.1725
			}
			{VolumeView "sub_piece4.ply"}
		}
		{bone "sub_piece3"
			{Matrix34
				-0.0148148	0.995216	0.0965643
				-0.999005	-0.0187963	0.040453
				0.0420746	-0.0958688	0.994504
				0.0876589	-13.7146	22.1725
			}
			{VolumeView "sub_piece3.ply"}
		}
		{bone "sub_piece2"
			{Matrix34
				0	0.984808	-0.173648
				-0.99942	-0.00591485	-0.0335445
				-0.034062	0.173547	0.984236
				3.34824	-13.7146	22.1725
			}
			{VolumeView "sub_piece2.ply"}
		}
		{bone "sub_piece1"
			{Matrix34
				0.00638707	0.999967	0.00499819
				-0.999577	0.00652625	-0.0283447
				-0.0283764	-0.00481503	0.999586
				8.87664	-13.7146	22.1725
			}
			{VolumeView "sub_piece1.ply"}
		}
		{bone "sub_piece0"
			{Position 0.58275	-1.13416	41.8487}
			{VolumeView "sub_piece0.ply"}
		}
		{bone "sub_piece7"
			{Matrix34
				1	0	0
				0	0.994713	-0.102698
				0	0.102698	0.994713
				7.348	8.70635	2.14488
			}
			{VolumeView "sub_piece7.ply"}
		}
		{bone "sub_piece8"
			{Matrix34
				0.99145	-0.0201069	0.128927
				0	0.988057	0.154092
				-0.130486	-0.152774	0.979609
				-8.58357	-5.66148	3.12802
			}
			{VolumeView "sub_piece8.ply"}
		}
		{bone "sub_piece6"
			{Matrix34
				0.940985	-0.32461	-0.0957881
				0.302872	0.933956	-0.189722
				0.151047	0.149514	0.977154
				-9.63322	11.0443	2.97423
			}
			{VolumeView "sub_piece6.ply"}
		}
	}
}
{Volume "piece0"
	{Box 19.3821 1.55412 37.3852}
	{Bone "piece0"}
	{Matrix34
		0.94279	-0.33261	-0.0227632
		0.332242	0.943013	-0.0184978
		0.0276185	0.00987667	0.99957
		-0.100261	-0.284579	0.00558195
	}
}
{Volume "piece10"
	{Box 0.718197 2.97538 40.6047}
	{Bone "piece10"}
	{Position 0	0	0}
}
{Volume "piece1"
	{Box 0.718197 2.97538 40.6047}
	{Bone "piece1"}
	{Position 0	0	0}
}
{Volume "piece2"
	{Box 0.718197 2.97538 40.6047}
	{Bone "piece2"}
	{Position 0	0	0}
}
{Volume "piece3"
	{Box 0.718197 2.97538 40.6047}
	{Bone "piece3"}
	{Position 0	0	0}
}
{Volume "piece4"
	{Box 0.718197 2.97538 40.6047}
	{Bone "piece4"}
	{Position 0	0	0}
}
{Volume "piece5"
	{Box 0.718197 2.97538 40.6047}
	{Bone "piece5"}
	{Position 0	0	0}
}
{Volume "piece6"
	{Box 0.718197 2.97538 40.6047}
	{Bone "piece6"}
	{Position 0	0	0}
}
{Volume "piece7"
	{Box 0.718197 2.97538 40.6047}
	{Bone "piece7"}
	{Position 0	0	0}
}
{Volume "piece8"
	{Box 0.718197 2.97538 40.6047}
	{Bone "piece8"}
	{Position 0	0	0}
}
{Volume "piece9"
	{Box 0.718197 2.97538 40.6047}
	{Bone "piece9"}
	{Position 0	0	0}
}
{Volume "sub_piece0"
	{Box 28.9442 27.7093 1.49305}
	{Bone "sub_piece0"}
	{Position 0	0	0.746527}
}
{Volume "sub_piece1"
	{Box 0.718197 2.97538 40.6047}
	{Bone "sub_piece1"}
	{Position 0	0	0}
}
{Volume "sub_piece2"
	{Box 0.718197 2.97538 40.6047}
	{Bone "sub_piece2"}
	{Position 0	0	0}
}
{Volume "sub_piece3"
	{Box 0.718197 2.97538 40.6047}
	{Bone "sub_piece3"}
}
{Volume "sub_piece4"
	{Box 0.718197 2.97538 40.6047}
	{Bone "sub_piece4"}
	{Position 0	0	0}
}
{Volume "sub_piece5"
	{Box 0.718197 2.97538 40.6047}
	{Bone "sub_piece5"}
	{Position 0	0	0}
}
{Volume "sub_piece6"
	{Box 6.37165 14.8384 2.09449}
	{Bone "sub_piece6"}
	{Position 0	0	0}
}
{Volume "sub_piece7"
	{Box 10.8946 19.3585 2.09449}
	{Bone "sub_piece7"}
	{Position 0	0	0}
}
{Volume "sub_piece8"
	{Box 8.42341 10.758 2.09449}
	{Bone "sub_piece8"}
	{Position 0	0	0}
}
