;Exported by: sergienko
;Date:        Mon Jan 30 15:15:25 2006
;File:        D:\-projets1_5\3dwork\anima\r_side\r_side_new.max
{Skeleton
	{bone "c1_x"
		{Orientation
			1	0	0
			0	-1	0
			0	0	1
		}
		{bone "piece1"
			{Matrix34
				1	0	0
				0	1	0
				0	0	1
				-10.1543	-9.22552	-11.6903
			}
			{VolumeView "piece1.ply"}
		}
		{bone "piece2"
			{Matrix34
				1	0	0
				0	1	0
				0	0	1
				9.74329	-10.3787	-5.74945
			}
			{VolumeView "piece2.ply"}
		}
		{bone "piece3"
			{Matrix34
				1	0	0
				0	1	0
				0	0	1
				-11.0326	1.14557	-29.6689
			}
			{VolumeView "piece3.ply"}
		}
		{bone "piece4"
			{Matrix34
				0.56287	0	-0.826545
				0	1	0
				0.826545	0	0.56287
				15.602	-9.38989	-29.0547
			}
			{VolumeView "piece4.ply"}
		}
		{bone "piece5"
			{Matrix34
				0.56287	0	-0.826545
				0	1	0
				0.826545	0	0.56287
				-1.47071	10.272	-10.4248
			}
			{VolumeView "piece5.ply"}
		}
		{bone "piece6"
			{Matrix34
				0.56287	0	-0.826545
				0	1	0
				0.826545	0	0.56287
				-20.582	6.73765	-14.5357
			}
			{VolumeView "piece6.ply"}
		}
		{bone "piece7"
			{Matrix34
				0	1	0
				0	0	1
				1	0	0
				-5.57529	-21.5184	-36.3185
			}
			{VolumeView "piece7.ply"}
		}
	}
}
{Volume "piece1"
	{Box 22.0466 21.0033 12.2586}
	{Bone "piece1"}
	{Position 0	-2.52975e-005	0}
}
{Volume "piece2"
	{Box 17.3923 18.697 14.2777}
	{Bone "piece2"}
	{Position 0	-2.40217e-005	0}
}
{Volume "piece3"
	{Box 23.4632 22.4595 15.3262}
	{Bone "piece3"}
	{Matrix34
		0.957571	0	-0.288196
		0	1	0
		0.288196	0	0.957571
		0.767879	1.65743	1.6492
	}
}
{Volume "piece4"
	{Box 18.236 21.6169 18.6147}
	{Bone "piece4"}
	{Position -1.15107	1.58865e-005	-0.721128}
}
{Volume "piece5"
	{Box 17.9196 20.1927 20.5643}
	{Bone "piece5"}
	{Position -1.13445	0.850912	0.035275}
}
{Volume "piece6"
	{Box 16.5281 15.5631 13.5677}
	{Bone "piece6"}
	{Matrix34
		0.936277	-0.349929	0.0305724
		0.350227	0.936652	-0.0048314
		-0.0269451	0.0152309	0.999521
		-0.967697	1.35281	0.363542
	}
}
{Volume "piece7"
	{Box 8.79474 18.536 23.6953}
	{Bone "piece7"}
	{Matrix34
		0.963307	-0.268403	0
		0.268403	0.963307	0
		0	0	1
		0.302345	-0.595882	3.55437e-005
	}
}
