;Exported by: sana
;Date:        Tue Jan 03 16:01:11 2006
;File:        D:\-Project-\-3DWork-\Entourage\house_euro_104c\house_euro_104c_x.max
{Skeleton
	{bone "104c_corner9"
		{Orientation
			1	0	0
			0	-1	0
			0	0	1
		}
		{bone "piece0"
			{Position 31.0424	13.2006	55.3456}
			{VolumeView "piece0.ply"}
		}
		{bone "piece1"
			{Position 31.0424	-13.447	33.6868}
			{VolumeView "piece1.ply"}
			{bone "sub_piece1"
				{Position 0	-1.3993	-12.9587}
				{VolumeView "sub_piece1.ply"}
			}
		}
		{bone "piece2"
			{Position 31.0424	12.7747	27.2379}
			{VolumeView "piece2.ply"}
			{bone "sub_piece2"
				{Position 0	1.27763	-14.4797}
				{VolumeView "sub_piece2.ply"}
			}
		}
		{bone "piece3"
			{Position 12.7824	28.2477	55.111}
			{VolumeView "piece3.ply"}
			{bone "sub_piece3"
				{Position 1.39556	0	-14.6837}
				{VolumeView "sub_piece3.ply"}
			}
		}
		{bone "piece4"
			{Position 8.65644	28.2477	20.2222}
			{VolumeView "piece4.ply"}
		}
		{bone "piece5"
			{Position -14.3399	28.2477	54.2009}
			{VolumeView "piece5.ply"}
		}
		{bone "piece6"
			{Position -27.3246	28.2477	31.3259}
			{VolumeView "piece6.ply"}
			{bone "sub_piece6"
				{Position -0.788792	0	-12.8634}
				{VolumeView "sub_piece6.ply"}
			}
		}
		{bone "piece7"
			{Position 7.76689	2.00526	59.0511}
			{VolumeView "piece7.ply"}
			{bone "sub_piece7"
				{Position -14.826	2.36167	0}
				{VolumeView "sub_piece7.ply"}
			}
		}
	}
}
{Volume "piece0"
	{Box 9.75001 16.7916 23.7905}
	{Bone "piece0"}
	{Matrix34
		1	0	0
		0	0.906308	-0.422618
		0	0.422618	0.906308
		0	3.34465	-0.151993
	}
}
{Volume "piece1"
	{Box 9.75001 24.8199 15.193}
	{Bone "piece1"}
	{Matrix34
		1	0	0
		0	0.942964	0.332895
		0	-0.332895	0.942964
		0	-0.705032	0.110572
	}
}
{Volume "piece2"
	{Box 9.75001 21.3339 21.4154}
	{Bone "piece2"}
	{Position 0	1.62296	0}
}
{Volume "piece3"
	{Box 25.12 9.75 24.6734}
	{Bone "piece3"}
	{Position 0	0	0.886816}
}
{Volume "piece4"
	{Box 21.4794 9.75 17.9602}
	{Bone "piece4"}
	{Position 0	0	0}
}
{Volume "piece5"
	{Box 19.2028 9.75 19.3388}
	{Bone "piece5"}
	{Matrix34
		0.997219	0	-0.0745233
		0	1	0
		0.0745233	0	0.997219
		-0.019712	0	-0.0733951
	}
}
{Volume "piece6"
	{Box 16.5234 9.75 19.9759}
	{Bone "piece6"}
	{Matrix34
		0.990561	0	-0.137073
		0	1	0
		0.137073	0	0.990561
		0.368884	0	-0.901504
	}
}
{Volume "piece7"
	{Box 32.3042 39.6546 7.87402}
	{Bone "piece7"}
	{Position 1.88259	0	0}
}
{Volume "sub_piece1"
	{Box 9.75001 17.6434 11.484}
	{Bone "sub_piece1"}
	{Matrix34
		1	0	0
		0	0.949948	0.312409
		0	-0.312409	0.949948
		0	0.430837	-0.829207
	}
}
{Volume "sub_piece2"
	{Box 9.75 19.6511 11.0095}
	{Bone "sub_piece2"}
	{Matrix34
		1	0	0
		0	0.985322	-0.170705
		0	0.170705	0.985322
		-1.64625e-005	-0.278029	-0.354126
	}
}
{Volume "sub_piece3"
	{Box 22.3289 9.75 12.6571}
	{Bone "sub_piece3"}
	{Matrix34
		0.933448	0	-0.358714
		0	1	0
		0.358714	0	0.933448
		-1.06227	0	-0.812131
	}
}
{Volume "sub_piece6"
	{Box 18.0816 9.75 8.94418}
	{Bone "sub_piece6"}
	{Matrix34
		0.957282	0	0.289155
		0	1	0
		-0.289155	0	0.957282
		0.120585	0	-0.294483
	}
}
{Volume "sub_piece7"
	{Box 26.9486 34.9312 7.87402}
	{Bone "sub_piece7"}
}
