;Exported by: sana
;Date:        Wed Sep 26 11:15:37 2007
;File:        D:\-Project-\-3DWork-\Entourage\Lighthouse_westkapelle\LightHouse_Westkapelle05.max
{Skeleton
	{bone "lh_wk_f1_1"
		{Orientation
			1	0	0
			0	-1	0
			0	0	1
		}
		{VolumeView "lh_wk_f1_1.ply"}
		{bone "window1"
			{Position 28.2621	18.9204	49.6115}
			{VolumeView "window1.ply"}
		}
		{bone "window1_x"
			{Position 28.2098	18.9204	49.6115}
			{VolumeView "window1_x.ply"}
		}
		{bone "doorr"
			{Position -8.54331	-34.4046	-27.8275}
			{VolumeView "doorr.ply"}
		}
	}
}
{Obstacle "body"
	{Obb2
		{Center 19.1586 6.2118}
		{Extent 11.836 17.364}
		{Axis 0.866158 0.49977}
	}
	{Rotate}
	{Tags  "body"}
}
{Obstacle "body1"
	{Obb2
		{Center 26.3842 -18.098}
		{Extent 12.1119 17.3609}
		{Axis 1 0}
	}
	{Rotate}
	{Tags  "body"}
}
{Obstacle "body2"
	{Obb2
		{Center 1.82182 26.7547}
		{Extent 10.1265 17.3662}
		{Axis 0.50046 0.86576}
	}
	{Rotate}
	{Tags  "body"}
}
{Obstacle "body3"
	{Obb2
		{Center -15.6777 30.4133}
		{Extent 8.68043 7.38375}
		{Axis 1 0}
	}
	{Rotate}
	{Tags  "body"}
}
{Obstacle "doorr"
	{Obb2
		{Center -16.2141 34.5139}
		{Extent 7.77559 0.492126}
		{Axis 1 0}
	}
	{Rotate}
	{Tags  "fire"}
}
{Obstacle "floor1"
	{Obb2
		{Center -1.4591 9.90279}
		{Extent 12.3292 7.03793}
		{Axis 0.469956 0.88269}
	}
	{Rotate}
}
{Obstacle "floor2"
	{Obb2
		{Center 4.18307 -3.09905}
		{Extent 10.5087 11.0955}
		{Axis 0.866158 0.49977}
	}
	{Rotate}
}
{Obstacle "floor3"
	{Obb2
		{Center 8.94261 -17.3517}
		{Extent 11.0927 10.1906}
		{Axis 1 0}
	}
	{Rotate}
}
{Obstacle "floor4"
	{Obb2
		{Center 7.53393 -32.6128}
		{Extent 5.45249 11.8271}
		{Axis 0.326162 0.945314}
	}
	{Rotate}
}
{Volume "body"
	{Box 15.748 34.7217 101.496}
	{Bone "lh_wk_f1_1"}
	{Matrix34
		0.863356	-0.498458	0.0784591
		0.5	0.866025	0
		-0.0679476	0.0392296	0.996917
		19.1586	-6.21179	-1.13074
	}
}
{Volume "body1"
	{Box 15.7407 34.7217 108.74}
	{Bone "lh_wk_f1_1"}
	{Matrix34
		0.996917	0	0.0784591
		0	1	0
		-0.0784591	0	0.996917
		26.3842	18.098	2.53163
	}
}
{Volume "body2"
	{Box 13.3766 34.7217 87.9331}
	{Bone "lh_wk_f1_1"}
	{Matrix34
		0.498458	-0.863356	0.0784591
		0.866026	0.5	0
		-0.0392295	0.0679476	0.996917
		1.82182	-26.7547	-7.67241
	}
}
{Volume "body3"
	{Box 13.3766 17.3609 18.2534}
	{Bone "lh_wk_f1_1"}
	{Matrix34
		0	-0.996917	0.0784591
		1	0	0
		0	0.0784591	0.996917
		-15.6777	-30.4133	18.8735
	}
}
{Volume "body4"
	{Box 10.1662 31.0759 18.2534}
	{Bone "lh_wk_f1_1"}
	{Matrix34
		0	-1	0
		1	0	0
		0	0	1
		-23.8583	-32.0927	1.09019
	}
}
{Volume "body5"
	{Box 4.13386 4.13386 59.8827}
	{Bone "lh_wk_f1_1"}
	{Matrix34
		0	0	1
		0	1	0
		-1	0	0
		-7.37846	18.7298	7.23182
	}
}
{Volume "doorr"
	{Box 15.5512 0.984252 46.1645}
	{Bone "doorr"}
	{Position -7.67082	-0.109337	0.0802803}
}
{Volume "floor1"
	{Box 14.0623 24.6507 0.984252}
	{Bone "lh_wk_f1_1"}
	{Matrix34
		0.882948	0.469472	0
		-0.469472	0.882948	0
		0	0	1
		-1.4591	-9.90279	15.9445
	}
}
{Volume "floor2"
	{Box 22.1854 21.0116 0.984252}
	{Bone "lh_wk_f1_1"}
	{Matrix34
		0.5	0.866026	0
		-0.866026	0.5	0
		0	0	1
		4.18307	3.09905	15.9445
	}
}
{Volume "floor3"
	{Box 22.1854 20.3813 0.984252}
	{Bone "lh_wk_f1_1"}
	{Position 8.94261	17.3517	15.9445}
}
{Volume "floor4"
	{Box 23.2469 13.631 0.984252}
	{Bone "lh_wk_f1_1"}
	{Matrix34
		0.9441	0.326848	-0.0429685
		-0.272373	0.699955	-0.660209
		-0.185712	0.635006	0.749852
		7.53393	32.6128	11.7613
	}
}
{Volume "hole1"
	{Cylinder 6.45171 17.4089}
	{Bone "lh_wk_f1_1"}
	{Matrix34
		0	0.382683	-0.92388
		0	0.92388	0.382683
		1	0	0
		24.2549	18.9185	49.7693
	}
}
{Volume "window1"
	{Cylinder 6.45171 0.984252}
	{Bone "window1"}
	{Matrix34
		0	0.382683	-0.92388
		0	0.92388	0.382683
		1	0	0
		-0.00982714	-0.00192648	0.157867
	}
}
