;Exported by: shevchenko
;Date:        Mon May 23 18:28:14 2005
;File:        D:\-Projects1_5-\-3DWork-\fortress_complex_lm_corner_fix_x.max
{Skeleton
	{animation
		{sequence "crush" {speed 0.4}}
	}
	{bone "c5_3"
		{parameters "CommonMesh;"}
		{Orientation
			1	0	0
			0	-1	0
			0	0	1
		}
		{VolumeView "c5_3.ply"}
		{bone "piece0"
			{Matrix34
				1	0	0
				0	0	1
				0	-1	0
				19.1209	30.3543	19.8031
			}
			{VolumeView "piece0.ply"}
		}
		{bone "piece1"
			{Matrix34
				1	0	0
				0	0	1
				0	-1	0
				-33.7955	30.3543	45.3937
			}
			{VolumeView "piece1.ply"}
		}
		{bone "piece2"
			{Matrix34
				1	0	0
				0	0	1
				0	-1	0
				33.8997	30.3543	45.3937
			}
			{VolumeView "piece2.ply"}
		}
		{bone "piece3"
			{Matrix34
				1	0	0
				0	0	1
				0	-1	0
				-2.01567	11.0218	-3.82289
			}
			{VolumeView "piece3.ply"}
		}
		{bone "piece4"
			{Matrix34
				-0.186679	0	0.982421
				-0.982421	0	-0.186679
				0	-1	0
				-18.2567	30.3543	14.301
			}
			{VolumeView "piece4.ply"}
		}
		{bone "piece5"
			{Matrix34
				1	0	0
				0	0	1
				0	-1	0
				-53.437	30.3503	22.3819
			}
			{VolumeView "piece5.ply"}
		}
	}
}
{Volume "piece5"
	{Box 11.5607 7.87404 27.8675}
	{Bone "piece5"}
	{Matrix34
		0.989988	0.141154	0
		0	0	-1
		-0.141154	0.989988	0
		-2.31954	1.87045	0
	}
}
{Volume "piece4"
	{Box 28.9764 7.87402 14.9606}
	{Bone "piece4"}
	{Matrix34
		0.995806	0.0914843	0
		0	0	-1
		-0.0914843	0.995806	0
		0.326077	0.134017	0
	}
}
{Volume "piece3"
	{Box 61.5064 18.3022 3.93701}
	{Bone "piece3"}
	{Matrix34
		1	0	0
		0	0	-1
		0	1	0
		0	0	-3.016
	}
}
{Volume "piece2"
	{Box 33.4646 7.87402 14.3307}
	{Bone "piece2"}
	{Matrix34
		1	0	0
		0	0	-1
		0	1	0
		0	-0.40856	0
	}
}
{Volume "piece1"
	{Box 32.2835 7.87402 15.748}
	{Bone "piece1"}
	{Matrix34
		1	0	0
		0	0	-1
		0	1	0
		0	0	0
	}
}
{Volume "piece0"
	{Box 17.1063 7.87402 29.0197}
	{Bone "piece0"}
	{Matrix34
		1	0	0
		0	0	-1
		0	1	0
		0	-0.193755	0
	}
}
