;Exported by: golanov
;Date:        Sun Jun 11 18:10:15 2006
;File:        D:\-Projects-\-3DWork-\Constructions\entourage\train\passenger car_x01.max
{Skeleton
	{bone "heap07_x"
		{Orientation
			1	0	0
			0	-1	0
			0	0	1
		}
		{bone "piece0"
			{Matrix34
				-0.988373	0.0334705	0.148322
				0.0328472	-0.905438	0.423206
				0.148461	0.423157	0.89381
				-29.0532	-7.57343	0.795366
			}
			{VolumeView "piece0.ply"}
		}
		{bone "sub_piece0"
			{Matrix34
				-0.998884	0.00137909	0.0472057
				0.0193866	-0.899493	0.436504
				0.0430632	0.436932	0.898463
				-29.4445	3.85626	-5.92961
			}
			{VolumeView "sub_piece0.ply"}
		}
		{bone "piece1"
			{Matrix34
				0.004274	-0.904094	0.427313
				0.148463	0.423155	0.893811
				-0.988909	0.0596202	0.136033
				-9.75542	-3.30098	1.14516
			}
			{VolumeView "piece1.ply"}
		}
		{bone "sub_piece1"
			{Matrix34
				1	0	0
				0	0.921583	-0.388182
				0	0.388182	0.921583
				-0.961243	-10.7665	-1.43277
			}
			{VolumeView "sub_piece1.ply"}
		}
		{bone "piece2"
			{Matrix34
				0.561169	-0.737858	0.375041
				0.827696	0.501907	-0.251016
				-0.00302181	0.451282	0.892376
				28.9132	-9.25518	-1.24605
			}
			{VolumeView "piece2.ply"}
		}
		{bone "sub_piece2"
			{Matrix34
				-0.673227	0.636302	-0.376676
				0.739097	0.594482	-0.316744
				0.0223824	-0.491641	-0.870511
				13.7907	7.95473	-7.34992
			}
			{VolumeView "sub_piece2.ply"}
		}
	}
}
{Volume "piece0"
	{Box 15.748 9.84252 9.84252}
	{Bone "piece0"}
	{Position 0	0	4.92126}
}
{Volume "piece1"
	{Box 15.748 9.84252 9.84252}
	{Bone "piece1"}
	{Position 0	0	4.92126}
}
{Volume "piece2"
	{Box 15.748 9.84252 9.84252}
	{Bone "piece2"}
	{Position 0	0	4.92126}
}
{Volume "sub_piece0"
	{Box 15.748 9.84252 9.84252}
	{Bone "sub_piece0"}
	{Position 0	0	4.92126}
}
{Volume "sub_piece1"
	{Box 15.748 9.84252 9.84252}
	{Bone "sub_piece1"}
	{Position 0	0	4.92126}
}
{Volume "sub_piece2"
	{Box 11.3261 17.5193 2.72822}
	{Bone "sub_piece2"}
	{Matrix34
		0.995282	0.0479527	-0.0843428
		-0.0477811	0.99885	0.00404906
		0.0844399	0	0.996429
		1.08561	0	0.592139
	}
}
