;Exported by: golanov
;Date:        Mon Jun 19 17:14:50 2006
;File:        D:\-Projects-\-3DWork-\Constructions\entourage\train\passenger car07.max
{Skeleton
	{bone "heap08"
		{Orientation
			1	0	0
			0	-1	0
			0	0	1
		}
		{VolumeView "heap08.ply"}
	}
}
{Obstacle "rectangle08"
	{Obb2
		{Center 0.129425 -0.260284}
		{Extent 11.768 42.7235}
		{Axis -0.981746 0.190196}
	}
	{Rotate}
}
{Volume "body01"
	{Box 15.748 9.84251 9.84252}
	{Bone "heap08"}
	{Matrix34
		0.557174	-0.759495	0.335746
		0.651042	0.650513	0.391122
		-0.515462	0.000661319	0.856912
		-12.3936	9.96728	0.236797
	}
}
{Volume "body02"
	{Box 15.748 9.84252 9.84252}
	{Bone "heap08"}
	{Matrix34
		0.119814	-0.979935	0.159286
		0.849719	0.184194	0.494013
		-0.51344	0.0761585	0.854739
		-6.89542	23.1064	3.44883
	}
}
{Volume "body03"
	{Box 15.748 9.84252 9.84252}
	{Bone "heap08"}
	{Matrix34
		-0.868507	0.127452	-0.479012
		-0.10961	-0.991836	-0.0651644
		-0.483406	-0.00409103	0.875387
		-7.09043	38.775	1.71874
	}
}
{Volume "body04"
	{Box 15.748 9.84252 9.84252}
	{Bone "heap08"}
	{Matrix34
		-0.838239	-0.0346824	-0.544199
		0.0514314	-0.998555	-0.0155817
		-0.542872	-0.0410501	0.838812
		-2.38369	-7.35691	4.94777
	}
}
{Volume "body05"
	{Box 15.748 9.84252 9.84252}
	{Bone "heap08"}
	{Matrix34
		0.996195	0	0.0871557
		0	1	0
		-0.0871557	0	0.996195
		1.51278	-19.0383	2.71386
	}
}
{Volume "body06"
	{Box 15.748 9.84252 9.84252}
	{Bone "heap08"}
	{Matrix34
		-0.0997624	-0.811073	-0.576374
		0.99204	-0.12581	0.00533155
		-0.0768379	-0.571254	0.817169
		14.725	-26.6779	1.19905
	}
}
{Volume "body07"
	{Box 15.748 9.84252 9.84252}
	{Bone "heap08"}
	{Matrix34
		0.993015	0.00989237	-0.11757
		0.0565401	0.834711	0.547778
		0.103556	-0.5506	0.828321
		13.9146	-37.7844	-5.73961
	}
}
{Volume "body08"
	{Box 15.748 9.84252 9.84252}
	{Bone "heap08"}
	{Matrix34
		-0.266542	-0.802737	-0.533449
		0.96372	-0.230056	-0.135341
		-0.01408	-0.55017	0.834934
		1.25042	-33.1439	-3.37555
	}
}
