;Exported by: Mauzer
;Date:        Thu Aug 20 13:14:22 2009
;File:        E:\Autodesk\Low poly\freelance\DMS\PzVI Ausf. E\PzVI Ausf. E_xx.max
{Skeleton
	{bone "basis"
		{Orientation
			1	0	0
			0	-1	0
			0	0	1
		}
		{bone "body"
			{parameters "ID=body;"}
			{Matrix34
				0.99863	-0.00228283	-0.0522862
				0	0.999048	-0.0436194
				0.052336	0.0435596	0.997679
				-1.72804	0.0873568	25.6061
			}
			{VolumeView "body.ply"}
			{bone revolute "turret"
				{parameters "ID=turret;"}
				{speed 0.01}
				{Matrix34
					0.979589	-0.1993	-0.0261769
					0.199368	0.979925	0
					0.0256515	-0.00521884	0.999657
					-2.19974	-0.204059	19.2143
				}
				{VolumeView "turret.ply"}
				;----------->NP
				{bone "gun2"
					{Matrix34
						0.999999	-0.00174522	0
						0.0017452	0.999985	-0.00523612
						0	0.00523612	0.999986
						0.53751	-0.437796	1.85155
					}
					{VolumeView "gun2.ply"}
				}
				{bone "gun3"
					{Matrix34
						0.999999	-0.00174522	0
						0.0017452	0.999985	-0.00523612
						0	0.00523612	0.999986
						0.53751	-0.437796	1.85155
					}
					{VolumeView "gun3.ply"}
				}
				;-----------<NP
				{bone revolute "gun_rot"
					{parameters "ID=gun;"}
					{limits -10 15}
					{speed 0.01}
					{Matrix34
						0.996195	0	-0.0871556
						0.0871558	0	0.996195
						0	-1	0
						23.3514	0.850747	-2.86171
					}
					{VolumeView "gun_rot.ply"}
					{bone "gun1"
						{parameters "ID=gun;"}
						{Matrix34
							1	0	0
							0	0	-1
							0	1	0
							37.5917	0.0617943	0.907897
						}
						{VolumeView "gun1.ply"}
						{bone "gun"
							{parameters "ID=gun;"}
							{Position 0	0	0}
							{VolumeView "gun.ply"}
						}
					}
				}
				{bone "cupola"
					{parameters "ID=turret;"}
					{Position 1.63223	1.60903	0.176041}
					{VolumeView "cupola.ply"}
					{bone "cover"
						{parameters "ID=turret;"}
						{Matrix34
							-0.309017	0.951057	0
							0	0	1
							0.951057	0.309017	0
							-7.47686	2.54616	11.1008
						}
						{VolumeView "cover.ply"}
					}
				}
				{bone "part6"
					{Matrix34
						-0.444961	-0.25397	-0.858784
						-0.261594	0.953982	-0.146584
						0.856492	0.159428	-0.490921
						2.27324	-13.3309	5.87366
					}
					{VolumeView "part6.ply"}
				}
			}
			{bone revolute "wheelr1"
				{parameters "ID=trackRight;Radius=0.35;"}
				{Matrix34
					0.99893	-0.0336366	-0.0317346
					-0.0267425	0.139665	-0.989838
					-0.0377267	-0.989627	-0.138616
					51.6542	-27.107	-11.891
				}
				{VolumeView "wheelr1.ply"}
			}
			{bone revolute "part2"
				{parameters "ID=trackRight;Radius=0.25;"}
				{Matrix34
					1	0	0
					0	0	-1
					0	-1	0
					-46.2513	-27.5778	-14.5101
				}
				{VolumeView "part2.ply"}
			}
			{bone revolute "part5"
				{parameters "ID=trackleft;Radius=0.35;"}
				{Matrix34
					1	0	0
					0	0	-1
					0	1	0
					51.6362	27.1805	-11.5467
				}
				{VolumeView "part5.ply"}
			}
			{bone revolute "wheell10"
				{parameters "ID=trackleft;Radius=0.25;"}
				{Matrix34
					0.999973	-0.00728345	0.00050858
					-0.000508238	-0.138983	-0.990295
					0.00728382	0.990268	-0.138983
					-46.2129	27.3769	-15.243
				}
				{VolumeView "wheell10.ply"}
			}
			{bone "shieldl1"
				{parameters "ID=shieldL1;"}
				{Position 53.4903	27.0775	-0.760227}
				{VolumeView "shieldl1.ply"}
			}
			{bone "shieldl5"
				{parameters "ID=shieldL5;"}
				{Position -39.6452	33.6516	-3.20632}
				{VolumeView "shieldl5.ply"}
			}
			{bone "shieldr2"
				{parameters "ID=shieldR2;"}
				{Position 33.3846	-33.6599	0.576223}
				{VolumeView "shieldr2.ply"}
			}
			{bone "part3"
				{parameters "ID=body;"}
				{Position -15.209	-33.6559	-1.92488}
				{VolumeView "part3.ply"}
			}
			{bone "part1"
				{parameters "ID=body;"}
				{Position -55.0929	-27.1112	-8.64975}
				{VolumeView "part1.ply"}
			}
			{bone "part7"
				{Matrix34
					0.993804	0.109941	0.0163319
					0.0820154	-0.626196	-0.77534
					-0.0750144	0.771876	-0.631333
					33.6639	22.3595	9.27431
				}
				{VolumeView "part7.ply"}
			}
			{bone revolute "mgun_rot2"
				{limits -15 15}
				{Position 45.4884	-11.0237	5.55939}
				{bone revolute "mgun"
					{limits -15 15}
					{Matrix34
						0.862234	-0.127023	-0.490324
						0.407072	-0.402266	0.820045
						-0.301405	-0.906668	-0.295139
						0	0	0
					}
					{VolumeView "mgun.ply"}
				}
			}
			{bone "engine"
				{parameters "ID=engine;"}
				{Matrix34
					0.96406	0.265669	-0.00294542
					-0.265499	0.96374	0.026748
					0.00994471	-0.0250046	0.999638
					-35.4346	2.28308	10.195
				}
				{VolumeView "engine.ply"}
			}
			;----------->NP
			{bone "engine_part"
				{Position -37.9424	0.446691	3.87301}
				{VolumeView "engine_part.ply"}
			}
			{bone "headl1"
				{Position 2	0	12.3}
				{VolumeView "detail5.ply"}
			}
			{bone "headl2"
				{Position 2	0	12.3}
				{VolumeView "detail6.ply"}
			}
			;-----------<NP
		}
		{bone "wheelsl"
			{parameters "wheelsL;"}
			{Position 1.41333	27.8386	0}
			;----------->NP
			{bone revolute "wheell2"
				{parameters "ID=trackleft;Radius=0.35;"}
				{Matrix34
					0.803857	0	-0.594823
					-0.594823	0	-0.803857
					0	1	0
					35.4383	1.491881	9.29583
				}
				{VolumeView "wheell3.ply"}
			}
			{bone revolute "wheell3"
				{parameters "ID=trackleft;Radius=0.35;"}
				{Matrix34
					0.833886	0	0.551937
					0.551937	0	-0.833886
					0	1	0
					25.1012	1.062258	9.29584
				}
				{VolumeView "wheell2.ply"}
			}
			{bone revolute "wheell4"
				{parameters "ID=trackleft;Radius=0.35;"}
				{Matrix34
					0.492424	0	0.870356
					0.870356	0	-0.492424
					0	1	0
					14.984	1.491881	9.29583
				}
				{VolumeView "wheell3.ply"}
			}
			{bone revolute "wheell8"
				{parameters "ID=trackleft;Radius=0.35;"}
				{Matrix34
					0.317305	0	0.948324
					0.948324	0	-0.317305
					0	1	0
					-25.3244	1.491881	9.29583
				}
				{VolumeView "wheell3.ply"}
			}
			{bone revolute "wheell5"
				{parameters "ID=trackleft;Radius=0.35;"}
				{Matrix34
					-0.5	0	0.866025
					0.866025	0	0.5
					0	1	0
					4.71587	1.062258	9.29584
				}
				{VolumeView "wheell2.ply"}
			}
			{bone revolute "wheell7"
				{parameters "ID=trackleft;Radius=0.35;"}
				{Matrix34
					-0.559193	0	-0.829037
					-0.829038	0	0.559193
					0	1	0
					-15.5291	1.062258	9.29584
				}
				{VolumeView "wheell2.ply"}
			}
			{bone revolute "wheell9"
				{parameters "ID=trackleft;Radius=0.35;"}
				{Matrix34
					-0.99863	0	-0.0523359
					-0.0523362	0	0.99863
					0	1	0
					-35.2322	1.062258	9.29584
				}
				{VolumeView "wheell2.ply"}
			}
			;-----------<NP
		}
		{bone "wheelsr"
			{parameters "wheelsR;"}
			{Position 1.41333	-28.1039	0}
			{bone revolute "part4"
				{parameters "ID=trackRight;Radius=0.35;"}
				{Matrix34
					0.996917	0.0784582	0
					0	0	-1
					0.0784584	-0.996917	0
					4.68591	1.07996	9.29584
				}
				{VolumeView "wheelr2.ply"}
			}
			{bone revolute "wheelr2"
				{parameters "ID=trackRight;Radius=0.35;"}
				{Matrix34
					0.636079	0	-0.771624
					-0.771624	0	-0.636079
					0	-1	0
					35.4383	-1.6386559	9.29583
				}
				{VolumeView "wheelr3.ply"}
			}
			{bone revolute "wheelr4"
				{parameters "ID=trackRight;Radius=0.35;"}
				{Matrix34
					-0.870355	0	-0.492424
					-0.492424	0	0.870355
					0	-1	0
					15.023	-1.6386559	9.29583
				}
				{VolumeView "wheelr3.ply"}
			}
			{bone revolute "wheelr6"
				{parameters "ID=trackRight;Radius=0.35;"}
				{Matrix34
					1	0	0
					0	0	-1
					0	-1	0
					-5.30489	-1.6386559	9.29583
				}
				{VolumeView "wheelr3.ply"}
			}
			{bone revolute "wheelr8"
				{parameters "ID=trackRight;Radius=0.35;"}
				{Matrix34
					-0.0174528	0	0.999848
					0.999848	0	0.0174528
					0	-1	0
					-25.3287	-1.6386559	9.29583
				}
				{VolumeView "wheelr3.ply"}
			}
			{bone revolute "wheelr5"
				{parameters "ID=trackRight;Radius=0.35;"}
				{Matrix34
					0.927184	0	0.374607
					0.374607	0	-0.927184
					0	-1	0
					4.71587	-1.00904	9.29584
				}
				{VolumeView "wheelr2.ply"}
			}
			{bone revolute "wheelr7"
				{parameters "ID=trackRight;Radius=0.35;"}
				{Matrix34
					-0.819152	0	-0.573577
					-0.573577	0	0.819152
					0	-1	0
					-15.5291	-1.00904	9.29584
				}
				{VolumeView "wheelr2.ply"}
			}
			{bone revolute "wheelr9"
				{parameters "ID=trackRight;Radius=0.35;"}
				{Matrix34
					0.963631	0	-0.267238
					-0.267238	0	-0.963631
					0	-1	0
					-35.2322	-1.00904	9.29584
				}
				{VolumeView "wheelr2.ply"}
			}
		}
	}
}
{Volume "body1"
	{Polyhedron "body1.vol"}
	{Bone "body"}
	{Position -4.48365	-0.505842	-16.2587}
}
{Volume "body2"
	{Polyhedron "body2.vol"}
	{Bone "body"}
	{Position -4.48365	-0.505842	-16.2587}
}
{Volume "crew"
	{Box 35.2795 34.164 15.1855}
	{Bone "body"}
	{Position 5.0272	-0.00792739	-1.45013}
}
{Volume "engine"
	{Polyhedron "engine.vol"}
	{Bone "engine"}
	{Matrix34
		0.963025	-0.2694	-0.00257835
		0.269242	0.962715	-0.0262451
		0.00955243	0.0245801	0.999652
		-1.82776	-2.07361	-7.89175
	}
}
{Volume "gun"
	{Cylinder 2.54078 79.3538}
	{Bone "gun_rot"}
	{Matrix34
		0	0	-1
		0	1	0
		1	0	0
		39.1726	0.0618045	0.907903
	}
}
{Volume "inventory"
	{Box 21.6687 19.9849 11.8177}
	{Bone "body"}
	{Position 3.24909	-0.00792764	-1.75288}
}
{Volume "mantlet"
	{Box 3.65212 31.48 11.0442}
	{Bone "gun_rot"}
	{Matrix34
		1	0	0
		0	0	-1
		0	1	0
		3.48067	0.145993	0
	}
}
{Volume "part1"
	{Box 9.75198 14.9099 0.660809}
	{Bone "part1"}
	{Matrix34
		0.730625	0.00359362	0.682769
		-0.0137557	0.99986	0.00945717
		-0.682639	-0.0163017	0.730573
		-0.07368	0.440874	0.804878
	}
}
{Volume "part2"
	{Cylinder 6.06776 4.5986}
	{Bone "part2"}
	{Matrix34
		0.99863	-0.0523357	0
		-0.0523335	-0.998592	0.0087269
		0.000457117	0.00871498	0.999962
		-0.00482358	-0.0922482	-0.731029
	}
}
{Volume "part3"
	{Box 24.1705 6.01752 0.513171}
	{Bone "part3"}
	{Matrix34
		0.998135	-0.00266291	0.0609906
		0.0323509	-0.824169	-0.565419
		-0.0517722	-0.566337	0.822546
		-4.12855e-005	0.105094	-0.0295682
	}
}
{Volume "part4"
	{Cylinder 8.06623 9.24613}
	{Bone "part4"}
	{Matrix34
		-1	0	0
		0	-1	0
		0	0	-1
		0	0	-0.0153518
	}
}
{Volume "part5"
	{Cylinder 9.03728 8.708}
	{Bone "part5"}
	{Matrix34
		0.99863	-0.0523361	0
		-0.0523362	-0.998629	0
		0	0	-1
		-0.00977788	-0.186704	-0.0544481
	}
}
{Volume "part6"
	{Box 7.62343 10.4243 1.28901}
	{Bone "part6"}
	{Position -4.61104	-0.127188	0.0545085}
}
{Volume "part7"
	{Cylinder 5.60984 1.50537}
	{Bone "part7"}
	{Position 0.0136795	-5.4162	0.38566}
}
{Volume "shieldl5"
	{Box 24.1705 6.01752 0.513171}
	{Bone "shieldl5"}
	{Matrix34
		0.998135	0.00266273	0.0609906
		0.0323511	0.824169	-0.565419
		-0.0517722	0.566337	0.822546
		-0.0309956	-0.0644334	0.0367046
	}
}
{Volume "shieldr2"
	{Box 24.495 6.01752 0.513171}
	{Bone "shieldr2"}
	{Matrix34
		0.999048	-0.00266291	0.0435615
		0.022478	-0.824169	-0.565897
		-0.0374089	-0.566337	0.823324
		-0.120391	0.109088	0.0456303
	}
}
{Volume "trackleft"
	{Polyhedron "trackleft.vol"}
	{Bone "wheelsr"}
	{Matrix34
		-1	0	0
		0	0	1
		0	1	0
		0.0480182	-5.83006	12.5459
	}
}
{Volume "trackright"
	{Polyhedron "trackright.vol"}
	{Bone "wheelsl"}
	{Matrix34
		-1	0	0
		0	0	1
		0	1	0
		0.0480115	-5.95377	12.5459
	}
}
{Volume "turret1"
	{Polyhedron "turret1.vol"}
	{Bone "turret"}
	{Position -0.171	0	-14.2029}
}
{Volume "turret2"
	{Polyhedron "turret2.vol"}
	{Bone "turret"}
	{Position -24.2708	0	-7.2016}
}
