;Exported by: klimenko
;Date:        Thu Mar 29 18:31:52 2007
;File:        D:\-Project-\-3DWork-\idustrial\admin_plant_3x.max
{Skeleton
	{bone "corner17"
		{Orientation
			1	0	0
			0	-1	0
			0	0	1
		}
		{bone "piece01"
			{Position 44.0997	0.178299	118.137}
			{VolumeView "piece01.ply"}
		}
		{bone "piece02"
			{Position 44.0997	35.1607	120.014}
			{VolumeView "piece02.ply"}
		}
		{bone "sub_piece03"
			{Position 12.8091	-5.80761	140.871}
			{VolumeView "sub_piece03.ply"}
		}
		{bone "piece04"
			{Position -5.29846	47.4308	124.876}
			{VolumeView "piece04.ply"}
		}
		{bone "piece08"
			{Position 39.3551	-24.4877	122.419}
			{VolumeView "piece08.ply"}
		}
		{bone "piece05"
			{Position -29.5966	47.4309	111.387}
			{VolumeView "piece05.ply"}
		}
		{bone "piece03"
			{Position 32.5199	47.4308	90.6098}
			{VolumeView "piece03.ply"}
		}
		{bone "sub_piece08"
			{Position -37.9047	46.2617	109.756}
			{VolumeView "sub_piece08.ply"}
		}
		{bone "piece11"
			{Position 21.1469	47.8211	111.435}
			{VolumeView "piece11.ply"}
		}
		{bone "piece10"
			{Position -6.03772	47.4308	88.9815}
			{VolumeView "piece10.ply"}
		}
		{bone "sub_piece09"
			{Position 26.985	-24.4861	96.4365}
			{VolumeView "sub_piece09.ply"}
		}
		{bone "sub_piece01"
			{Position 25.6366	-8.99265	168.487}
			{VolumeView "sub_piece01.ply"}
		}
		{bone "sub_piece02"
			{Position -50.4628	-13.5109	171.532}
			{VolumeView "sub_piece02.ply"}
		}
		{bone "piece09"
			{Position 44.0997	24.1409	95.8988}
			{VolumeView "piece09.ply"}
		}
		{bone "sub_piece04"
			{Position -39.9291	-7.54475	140.871}
			{VolumeView "sub_piece04.ply"}
		}
		{bone "sub_piece05"
			{Position 66.5869	-5.82977	140.871}
			{VolumeView "sub_piece05.ply"}
		}
		{bone "sub_piece06"
			{Position 4.47083	-30.6654	150.855}
			{VolumeView "sub_piece06.ply"}
		}
		{bone "sub_piece07"
			{Position -61.3757	-15.2796	202.48}
			{VolumeView "sub_piece07.ply"}
		}
		{bone "piece07"
			{Position -59.3334	47.4309	128.388}
			{VolumeView "piece07.ply"}
		}
		{bone "piece06"
			{Position -57.9073	47.4308	89.7255}
			{VolumeView "piece06.ply"}
		}
	}
}
{Volume "piece01"
	{Box 4.92133 25.6545 19.6975}
	{Bone "piece01"}
}
{Volume "piece02"
	{Box 4.92139 17.6276 20.406}
	{Bone "piece02"}
}
{Volume "piece03"
	{Box 32.6436 4.92126 31.8753}
	{Bone "piece03"}
	{Position 0	0	0}
}
{Volume "piece04"
	{Box 38.9463 4.92126 36.7719}
	{Bone "piece04"}
	{Position 0	0	0}
}
{Volume "piece05"
	{Box 34.9898 4.92129 35.2522}
	{Bone "piece05"}
	{Position 6.10352e-005	0	0}
}
{Volume "piece06"
	{Box 29.2283 4.92126 32.4298}
	{Bone "piece06"}
}
{Volume "piece07"
	{Box 31.9359 4.92131 22.6124}
	{Bone "piece07"}
	{Position 0	0	0}
}
{Volume "piece08"
	{Box 39.7716 4.92227 33.7331}
	{Bone "piece08"}
	{Position 0	0	0}
}
{Volume "piece09"
	{Box 4.92126 25.7392 28.9795}
	{Bone "piece09"}
}
{Volume "piece10"
	{Box 28.285 4.92126 27.3689}
	{Bone "piece10"}
}
{Volume "piece11"
	{Box 3.8369 6.84752 35.4477}
	{Bone "piece11"}
	{Position -11.6584	0	0}
}
{Volume "sub_piece01"
	{Box 36.7566 50.4508 1.93448}
	{Bone "sub_piece01"}
	{Matrix34
		1	0	0
		0	0.893748	-0.448568
		0	0.448568	0.893748
		-3.21649	20.3192	-7.36049
	}
}
{Volume "sub_piece02"
	{Box 56.491 34.854 1.58143}
	{Bone "sub_piece02"}
	{Matrix34
		1	0	0
		0	0.888034	-0.459777
		0	0.459777	0.888034
		0	15.4497	-6.4786
	}
}
{Volume "sub_piece03"
	{Box 5.90552 99.5934 5.90552}
	{Bone "sub_piece03"}
	{Matrix34
		1	0	0
		0	0.979043	0.203653
		0	-0.203653	0.979043
		0	0	0
	}
}
{Volume "sub_piece04"
	{Box 5.90558 103.068 5.90552}
	{Bone "sub_piece04"}
	{Matrix34
		0.97142	-0.233764	-0.0412088
		0.237369	0.956669	0.168645
		0	-0.173607	0.984815
		0	0	-1.18829e-005
	}
}
{Volume "sub_piece05"
	{Box 5.90552 99.6378 5.90552}
	{Bone "sub_piece05"}
	{Matrix34
		1	0	0
		0	0.925941	-0.377669
		0	0.377669	0.925941
		0	0	0
	}
}
{Volume "sub_piece06"
	{Box 146.717 5.90552 5.90552}
	{Bone "sub_piece06"}
	{Matrix34
		0.988106	0	-0.153776
		0	1	0
		0.153776	0	0.988106
		2.19987e-005	0	0
	}
}
{Volume "sub_piece07"
	{Box 8.74726 8.91877 51.37}
	{Bone "sub_piece07"}
	{Position 0	0	0}
}
{Volume "sub_piece08"
	{Box 36.6294 2.98915 36.781}
	{Bone "sub_piece08"}
}
{Volume "sub_piece09"
	{Box 40.3761 4.92211 40.8116}
	{Bone "sub_piece09"}
}
