;Exported by: klimenko
;Date:        Thu Dec 22 15:43:40 2005
;File:        D:\-Project-\-3DWork-\dzot\dzot.max
{Skeleton
	{bone "dzot"
		{Orientation
			1	0	0
			0	-1	0
			0	0	1
		}
		{bone "fx_wood1"
			{Position 17.8872	-12.1847	19.6236}
		}
		{bone "fx_wood2"
			{Position 8.60527	10.8069	0}
		}
		{bone "piece1"
			{Position 37.2283	-39.2958	3.22033}
			{VolumeView "piece1.ply"}
		}
		{bone "piece2"
			{Position 19.6002	-39.2602	15.971}
			{VolumeView "piece2.ply"}
		}
		{bone "piece3"
			{Position 43.9386	-33.3335	40.2742}
			{VolumeView "piece3.ply"}
		}
		{bone "piece4"
			{Position -17.185	-49.4385	31.3058}
			{VolumeView "piece4.ply"}
		}
		{bone "piece5"
			{Position -43.0446	25.5477	40.8774}
			{VolumeView "piece5.ply"}
		}
		{bone "piece6"
			{Position 47.8842	-27.6064	35.2186}
			{VolumeView "piece6.ply"}
		}
		{bone "piece7"
			{Position -48.172	5.33131	32.0095}
			{VolumeView "piece7.ply"}
		}
		{bone "piece8"
			{Position -9.67992	38.9381	3.29047}
			{VolumeView "piece8.ply"}
		}
		{bone "piece9"
			{Matrix34
				1	0	0
				0	1	0
				0	0	1
				22.8361	40.3181	14.6078
			}
			{VolumeView "piece9.ply"}
		}
		{bone "piece10"
			{Position 2.59484	43.7848	36.6841}
			{VolumeView "piece10.ply"}
		}
		{bone "piece12"
			{Position -27.3561	-39.3196	5.92311}
			{VolumeView "piece12.ply"}
		}
		{bone "piece13"
			{Matrix34
				1	0	0
				0	1	0
				0	0	1
				-36.2166	27.4859	15.7286
			}
			{VolumeView "piece13.ply"}
		}
		{bone "piece14"
			{Position -39.7331	-35.8778	34.1566}
			{VolumeView "piece14.ply"}
		}
		{bone "piece15"
			{Position 57.8918	-32.3979	17.141}
			{VolumeView "piece15.ply"}
		}
		{bone "piece11"
			{Position -39.0977	-29.6079	19.4987}
			{VolumeView "piece11.ply"}
		}
	}
}
{Volume "piece10"
	{Box 7.04113 7.44555 66.0368}
	{Bone "piece10"}
	{Matrix34
		0.254887	0.0449436	0.965926
		0.173647	-0.984808	0
		0.951251	0.16773	-0.258819
		0	0	0
	}
}
{Volume "piece11"
	{Box 7.07566 7.43979 45.3766}
	{Bone "piece11"}
	{Matrix34
		-0.0355344	-0.18819	0.98149
		0.913114	0.393024	0.108417
		-0.406152	0.900065	0.157873
		0	0	0
	}
}
{Volume "piece12"
	{Box 7.22411 7.44802 47.0733}
	{Bone "piece12"}
	{Matrix34
		0.086824	0.00759622	0.996195
		-0.0871558	0.996195	0
		-0.992404	-0.0868241	0.0871557
		0	0	0
	}
}
{Volume "piece13"
	{Box 7.07567 7.91072 45.3766}
	{Bone "piece13"}
	{Matrix34
		0.0965327	-0.144343	0.984808
		0.780369	0.625136	0.0151329
		-0.617823	0.767053	0.172987
		1.79104e-005	0	0
	}
}
{Volume "piece14"
	{Box 4.85648 56.1088 4.20583}
	{Bone "piece14"}
	{Matrix34
		0.761892	0.647704	0
		-0.645239	0.758993	-0.0871557
		-0.0564511	0.0664033	0.996195
		0	0	0
	}
}
{Volume "piece15"
	{Box 7.07566 7.43979 42.8263}
	{Bone "piece15"}
	{Matrix34
		0	0	1
		0.298239	-0.954491	0
		0.954491	0.298239	0
		0	0	0
	}
}
{Volume "piece1"
	{Box 7.07566 7.5977 40.8801}
	{Bone "piece1"}
	{Matrix34
		0	0	1
		0.258819	0.965926	0
		-0.965926	0.258819	0
		0	0	0
	}
}
{Volume "piece2"
	{Box 7.12713 7.51337 46.6747}
	{Bone "piece2"}
	{Matrix34
		-0.075165	-0.0195825	0.996979
		-0.495273	0.868501	-0.020281
		-0.865479	-0.495301	-0.0749795
		0	0	0
	}
}
{Volume "piece3"
	{Box 7.07566 7.43979 41.2927}
	{Bone "piece3"}
	{Matrix34
		-0.138949	-0.104149	0.984808
		0.666164	-0.745652	0.0151342
		0.732747	0.658146	0.172988
		0	0	0
	}
}
{Volume "piece4"
	{Box 7.07566 8.08975 57.752}
	{Bone "piece4"}
	{Matrix34
		0	0	1
		0.150861	0.988555	0
		-0.988555	0.150861	0
		0	0	0
	}
}
{Volume "piece5"
	{Box 4.85648 55.1826 4.67388}
	{Bone "piece5"}
	{Matrix34
		0.820333	-0.571886	0
		0.563198	0.80787	0.173648
		-0.099307	-0.142449	0.984808
		0	0	0
	}
}
{Volume "piece6"
	{Box 4.85648 41.6949 4.20583}
	{Bone "piece6"}
	{Matrix34
		0.725631	-0.688084	0
		0.688084	0.725631	0
		0	0	1
		0.35422	-0.221573	0
	}
}
{Volume "piece7"
	{Box 7.07566 7.43979 45.3766}
	{Bone "piece7"}
	{Matrix34
		0	0	1
		0.849491	-0.527603	0
		0.527603	0.849491	0
		-1.25851e-005	0	0
	}
}
{Volume "piece8"
	{Box 7.07566 7.4398 45.3766}
	{Bone "piece8"}
	{Matrix34
		0.0848791	0.01979	0.996195
		0.141644	-0.989888	0.00759618
		0.986272	0.14046	-0.086824
		0	0	0
	}
}
{Volume "piece9"
	{Box 7.07529 7.63106 67.5908}
	{Bone "piece9"}
	{Matrix34
		-0.0682396	0.0542216	0.996194
		-0.477195	-0.878667	0.0151368
		0.876144	-0.474346	0.0858341
		0	0	0
	}
}
