;Exported by: Kislov_A
;Date:        Mon Apr 27 15:56:48 2009
;File:        E:\Black\Design doc\Art\Models\Technics\Tanks\R35\R-35_xx.max
{Skeleton
	{bone "basis"
		{Orientation
			1	0	0
			0	-1	0
			0	0	1
		}
		{bone "body"
			{parameters "ID=body;"}
			{Matrix34
				-0.999997	0.000543744	-0.00235577
				-0.00237284	-0.0338715	0.999423
				0.000463637	0.999426	0.0338727
				-4.65885	0.790388	0
			}
			{VolumeView "body.ply"}
			{bone revolute "turret"
				{Matrix34
					0.998694	0.0499586	0.0106886
					0.0094529	0.0249053	-0.999645
					-0.0502071	0.998441	0.0244006
					-3.00482	39.5344	-0.396667
				}
				{VolumeView "turret.ply"}
				{bone revolute "gun_rot"
					{parameters "id=gun;"}
					{Matrix34
						1	0	0
						0	0.0871558	0.996195
						0	-0.996195	0.0871558
						-12.3479	3.28295	-3.20756
					}
					{VolumeView "gun_rot.ply"}
					{bone "gun"
						{parameters "Id=Gun;"}
						{Position -7.25065	1.31304	1.07738}
						{VolumeView "gun.ply"}
					}
				}
				{bone "door1"
					{parameters "Id=Turret;"}
					{Matrix34
						0.999351	-0.00313937	-0.0358814
						0.0360185	0.0870993	0.995548
						0	-0.996195	0.0871558
						13.2531	-0.361679	-4.78013
					}
					{VolumeView "door1.ply"}
				}
			}
			{bone "cover1"
				{parameters "Id=body;"}
				{Position -25.5996	30.8552	5.46842}
				{VolumeView "cover1.ply"}
			}
			{bone "cover2"
				{parameters "Id=Body;"}
				{Position -39.0282	21.2461	5.46823}
				{VolumeView "cover2.ply"}
			}
			{bone revolute "wheelr1"
				{parameters "ID=trackRight;Wheelradius=0.6;"}
				{Position -49.1759	13.8614	-19.0258}
				{VolumeView "wheelr1.ply"}
			}
			{bone revolute "wheell1"
				{parameters "ID=trackLeft;Wheelradius=0.4;"}
				{Position -49.1759	13.8614	18.1723}
				{VolumeView "wheell1.ply"}
			}
			{bone revolute "wheelr10"
				{parameters "ID=trackRight;"}
				{Position -22.784	18.6049	-18.4161}
				{VolumeView "wheelr10.ply"}
			}
			{bone revolute "wheell2"
				{parameters "ID=trackLeft;"}
				{Position -22.784	18.6049	17.6257}
				{VolumeView "wheell2.ply"}
			}
			{bone revolute "wheell3"
				{parameters "ID=trackLeft;"}
				{Position -1.06237	18.6049	17.6257}
				{VolumeView "wheell3.ply"}
			}
			{bone revolute "wheelr9"
				{parameters "ID=trackRight;"}
				{Position -1.06237	18.6049	-18.4161}
				{VolumeView "wheelr9.ply"}
			}
			{bone revolute "wheell4"
				{parameters "ID=trackLeft;"}
				{Position 21.0681	17.8504	17.6257}
				{VolumeView "wheell4.ply"}
			}
			{bone revolute "wheelr8"
				{parameters "ID=trackRight;"}
				{Position 21.0681	17.8504	-18.4161}
				{VolumeView "wheelr8.ply"}
			}
			{bone revolute "wheelr7"
				{parameters "ID=trackRight;Wheelradius=0.6;"}
				{Position 33.3459	9.4285	-19.3222}
				{VolumeView "wheelr7.ply"}
			}
			{bone revolute "wheell5"
				{parameters "ID=trackLeft;Wheelradius=0.4;"}
				{Position 33.3459	9.4285	18.4686}
				{VolumeView "wheell5.ply"}
			}
			{bone "engine"
				{parameters "ID=engine;"}
				{Position 18.4453	27.6462	0.923932}
				{VolumeView "engine.ply"}
			}
		}
		{bone "wheelsl"
			{parameters "id=trackLeft;"}
			{Orientation
				0	-1	0
				0	0	1
				-1	0	0
			}
			{bone revolute "wheell6"
				{parameters "ID=trackLeft;"}
				{Matrix34
					0	0	1
					0	1	0
					-1	0	0
					-18.8846	5.19667	23.6021
				}
				{VolumeView "wheell6.ply"}
			}
			{bone revolute "wheell7"
				{parameters "ID=trackLeft;"}
				{Matrix34
					0	0	1
					0	1	0
					-1	0	0
					-18.8846	5.19667	9.32256
				}
				{VolumeView "wheell7.ply"}
			}
			{bone revolute "wheell8"
				{parameters "ID=trackLeft;"}
				{Matrix34
					0	0	1
					0	1	0
					-1	0	0
					-18.8846	5.19667	-2.24329
				}
				{VolumeView "wheell8.ply"}
			}
			{bone revolute "wheell9"
				{parameters "ID=trackLeft;"}
				{Matrix34
					0	0	1
					0	1	0
					-1	0	0
					-18.8846	5.19667	-16.5228
				}
				{VolumeView "wheell9.ply"}
			}
			{bone revolute "wheell10"
				{parameters "ID=trackLeft;"}
				{Matrix34
					0	0	1
					0	1	0
					-1	0	0
					-18.8846	5.19667	-29.0429
				}
				{VolumeView "wheell10.ply"}
			}
			{bone "trackl"
				{parameters "id=trackLeft;"}
				{Matrix34
					0	0	1
					0	1	0
					-1	0	0
					-23.6925	19.2722	-1.74575
				}
				{VolumeView "trackl.ply"}
			}
			{bone "shassil"
				{parameters "ID=trackLeft;"}
				{Matrix34
					-0.00054358	-0.00235549	0.999997
					0.0338634	0.999424	0.00237255
					-0.999426	0.0338646	-0.000463502
					-0.790388	0	4.65885
				}
				{VolumeView "shassil.ply"}
			}
		}
		{bone "wheelsr"
			{parameters "id=trackRight;"}
			{Orientation
				0	-1	0
				0	0	1
				-1	0	0
			}
			{bone revolute "wheelr2"
				{parameters "ID=trackRight;"}
				{Matrix34
					0	0	1
					0	1	0
					-1	0	0
					18.0942	5.19667	-29.0429
				}
				{VolumeView "wheelr2.ply"}
			}
			{bone revolute "wheelr3"
				{parameters "ID=trackRight;"}
				{Matrix34
					0	0	1
					0	1	0
					-1	0	0
					18.0943	5.19667	-16.5228
				}
				{VolumeView "wheelr3.ply"}
			}
			{bone revolute "wheelr4"
				{parameters "ID=trackRight;"}
				{Matrix34
					0	0	1
					0	1	0
					-1	0	0
					18.0943	5.19667	-2.24329
				}
				{VolumeView "wheelr4.ply"}
			}
			{bone revolute "wheelr5"
				{parameters "ID=trackRight;"}
				{Matrix34
					0	0	1
					0	1	0
					-1	0	0
					18.0943	5.19667	9.32256
				}
				{VolumeView "wheelr5.ply"}
			}
			{bone revolute "wheelr6"
				{parameters "ID=trackRight;"}
				{Matrix34
					0	0	1
					0	1	0
					-1	0	0
					18.0943	5.19667	23.6021
				}
				{VolumeView "wheelr6.ply"}
			}
			{bone "trackr"
				{parameters "Id=trackRight;"}
				{Matrix34
					0	0	1
					0	1	0
					-1	0	0
					13.5506	3.65409	-1.86304
				}
				{VolumeView "trackr.ply"}
			}
			{bone "shassir"
				{parameters "ID=trackRight;"}
				{Matrix34
					-0.00054358	-0.00235549	0.999997
					0.0338634	0.999424	0.00237255
					-0.999426	0.0338646	-0.000463502
					-0.790388	0	4.65885
				}
				{VolumeView "shassir.ply"}
			}
		}
	}
}
{Volume "body1"
	{Polyhedron "body1.vol"}
	{Bone "body"}
	{Position 0.936197	26.9478	-0.531233}
}
{Volume "body2"
	{Polyhedron "body2.vol"}
	{Bone "body"}
	{Position 0.936197	17.881	-0.531233}
}
{Volume "gun"
	{Cylinder 1.14195 7.197}
	{Bone "gun"}
	{Matrix34
		0	-1	0
		0	0	1
		-1	0	0
		1.22243	0.0215638	-0.00674914
	}
}
{Volume "trackleft"
	{Box 99.5547 5.86778 23.0095}
	{Bone "wheelsl"}
	{Matrix34
		0	0	-1
		-1	0	0
		0	1	0
		-19.1479	11.2193	-2.89571
	}
}
{Volume "trackright"
	{Box 99.5547 5.86778 23.0095}
	{Bone "wheelsr"}
	{Matrix34
		0	0	-1
		-1	0	0
		0	1	0
		18.2869	11.2193	-2.89571
	}
}
{Volume "turret"
	{Polyhedron "turret.vol"}
	{Bone "turret"}
	{Matrix34
		1	0	0
		0	0.0871558	0.996195
		0	-0.996195	0.0871558
		0.126999	-0.14639	-7.18772
	}
}
