;Exported by: sana
;Date:        Mon Jul 03 10:28:11 2006
;File:        D:\-Project-\-3DWork-\Entourage\e-house3a\farm_construction_x04.max
{Skeleton
	{bone "ch_farm_corner18"
		{Orientation
			1	0	0
			0	-1	0
			0	0	1
		}
		{VolumeView "ch_farm_corner18.ply"}
		{bone "piece02"
			{Position -17.653	-10.0714	50.2512}
			{VolumeView "piece02.ply"}
			{bone "sub_piece02"
				{Position 0	-7.63513	-10.1801}
				{VolumeView "sub_piece02.ply"}
			}
		}
		{bone "piece03"
			{Position -17.653	-5.54697	26.2148}
			{VolumeView "piece03.ply"}
			{bone "sub_piece03"
				{Position 0	-6.56052	-9.72763}
				{VolumeView "sub_piece03.ply"}
			}
		}
		{bone "piece04"
			{Position -17.653	29.2351	19.3148}
			{VolumeView "piece04.ply"}
			{bone "sub_piece04"
				{Position 0	-11.4244	0.791842}
				{VolumeView "sub_piece04.ply"}
			}
		}
		{bone "piece01"
			{Matrix34
				0.422618	0.906308	0
				-0.906308	0.422618	0
				0	0	1
				-13.5378	-27.9285	25.8633
			}
			{VolumeView "piece01.ply"}
		}
	}
}
{Volume "piece01"
	{Box 4.8585 38.8016 43.0315}
	{Bone "piece01"}
	{Matrix34
		0.995275	0.0971002	0
		-0.0971002	0.995275	0
		0	0	1
		-0.206807	-19.6773	-1.36118
	}
}
{Volume "piece02"
	{Box 7.87402 14.1391 18.7767}
	{Bone "piece02"}
	{Matrix34
		1	0	0
		0	0.996494	0.0836611
		0	-0.0836611	0.996494
		0	-1.66975e-005	-1.71199e-005
	}
}
{Volume "piece03"
	{Box 7.87402 18.6636 17.8175}
	{Bone "piece03"}
	{Matrix34
		1	0	0
		0	0.950111	-0.311913
		0	0.311913	0.950111
		0	0.578149	-1.15432
	}
}
{Volume "piece04"
	{Box 7.87402 16.062 13.008}
	{Bone "piece04"}
	{Position 0	0	-1.25514e-005}
}
{Volume "sub_piece02"
	{Box 7.87402 11.4764 12.6369}
	{Bone "sub_piece02"}
	{Matrix34
		1	0	0
		0	0.722478	0.691394
		0	-0.691394	0.722478
		0	-0.388356	-0.502534
	}
}
{Volume "sub_piece03"
	{Box 7.87402 8.03579 12.2331}
	{Bone "sub_piece03"}
	{Matrix34
		1	0	0
		0	0.610336	0.792143
		0	-0.792143	0.610336
		0	-1.0233	-0.34386
	}
}
{Volume "sub_piece04"
	{Box 7.87402 8.82278 11.4244}
	{Bone "sub_piece04"}
	{Matrix34
		1	0	0
		0	0.990186	0.139758
		0	-0.139758	0.990186
		0	-0.249305	0.00665501
	}
}
