;Exported by: sana
;Date:        Tue Feb 28 19:46:33 2006
;File:        D:\-Project-\-3DWork-\Entourage\e-house3a\e_farm112a_new_x.max
{Skeleton
	{bone "e_farm_c3"
		{Orientation
			1	0	0
			0	-1	0
			0	0	1
		}
		{bone "exterior"
			{Position 1.37793	1.14178	93.8386}
		}
		{bone "piece0"
			{Position 22.7988	-18.4643	95.2097}
			{VolumeView "piece0.ply"}
		}
		{bone "piece1"
			{Position 29.3005	31.3516	88.6685}
			{VolumeView "piece1.ply"}
		}
		{bone "piece2"
			{Position -4.61176	31.3516	109.93}
			{VolumeView "piece2.ply"}
		}
		{bone "piece3"
			{Position -4.61176	-18.4643	109.448}
			{VolumeView "piece3.ply"}
		}
		{bone "piece4"
			{Position -28.0042	31.3516	100.024}
			{VolumeView "piece4.ply"}
		}
		{bone "piece5"
			{Position -32.3102	-18.4643	94.8468}
			{VolumeView "piece5.ply"}
		}
		{bone "piece6"
			{Position -22.3308	-32.4488	97.4469}
			{VolumeView "piece6.ply"}
			{bone "sub_piece6"
				{Position 10.3853	0	-3.67032}
				{VolumeView "sub_piece6.ply"}
			}
		}
		{bone "piece7"
			{Position 7.19861	-32.4488	99.1152}
			{VolumeView "piece7.ply"}
			{bone "sub_piece7"
				{Position -2.54425	0	-8.88383}
				{VolumeView "sub_piece7.ply"}
			}
		}
		{bone "piece8"
			{Position 23.7151	-32.4487	85.5184}
			{VolumeView "piece8.ply"}
			{bone "sub_piece8"
				{Position -10.2185	0	-5.6306}
				{VolumeView "sub_piece8.ply"}
			}
		}
		{bone "piece9"
			{Position -18.7157	2.5423	107.102}
			{VolumeView "piece9.ply"}
		}
		{bone "piece10"
			{Position 9.32825	1.84686	107.102}
			{VolumeView "piece10.ply"}
		}
		{bone "piece11"
			{Position -5.40442	-40.6266	80.8876}
			{VolumeView "piece11.ply"}
		}
		{bone "piece12"
			{Position -3.104	-40.6266	104.068}
			{VolumeView "piece12.ply"}
			{bone "sub_piece12"
				{Position -5.42657	0	1.53358}
				{VolumeView "sub_piece12.ply"}
			}
		}
		{bone "piece13"
			{Position -6.70215	-40.6266	133.325}
			{VolumeView "piece13.ply"}
			{bone "sub_piece13"
				{Position 0	0	-11.148}
				{VolumeView "sub_piece13.ply"}
			}
		}
	}
}
{Volume "piece0"
	{Box 4.12087 43.5865 32.9819}
	{Bone "piece0"}
	{Matrix34
		0.744819	0	0.667266
		0	1	0
		-0.667266	0	0.744819
		-1.96489	0	2.38224
	}
}
{Volume "piece10"
	{Box 3.40958 88.5291 2.95277}
	{Bone "piece10"}
}
{Volume "piece11"
	{Box 14.3922 7.75 17.1054}
	{Bone "piece11"}
	{Position 0	0	0}
}
{Volume "piece12"
	{Box 12.8586 7.75 16.4495}
	{Bone "piece12"}
	{Position 0	0	-1.56662}
}
{Volume "piece13"
	{Box 11.5609 7.75 18.4031}
	{Bone "piece13"}
	{Position 0	0	0}
}
{Volume "piece1"
	{Box 4.20599 47.6386 43.9067}
	{Bone "piece1"}
	{Matrix34
		0.737066	0	0.675821
		0	1	0
		-0.675821	0	0.737066
		-4.11592	-4.53244	4.46689
	}
}
{Volume "piece2"
	{Box 30.0773 56.0454 3.2952}
	{Bone "piece2"}
	{Position 0	0	0.415093}
}
{Volume "piece3"
	{Box 30.0773 43.5865 3.39995}
	{Bone "piece3"}
	{Position 0	0	0.903857}
}
{Volume "piece4"
	{Box 4.32457 48.1991 21.1948}
	{Bone "piece4"}
	{Matrix34
		0.742223	0	-0.670153
		0	1	0
		0.670153	0	0.742223
		1.60456	-4.72198	1.44235
	}
}
{Volume "piece5"
	{Box 4.03289 43.5865 31.5502}
	{Bone "piece5"}
	{Matrix34
		0.744945	0	-0.667126
		0	1	0
		0.667126	0	0.744945
		1.99331	0	3.45328
	}
}
{Volume "piece6"
	{Box 13.7088 7.75 20.3869}
	{Bone "piece6"}
	{Matrix34
		0.948918	0	-0.315522
		0	1	0
		0.315522	0	0.948918
		0.644656	0	-0.102976
	}
}
{Volume "piece7"
	{Box 21.0209 7.75 14.7747}
	{Bone "piece7"}
	{Matrix34
		0.915595	0	-0.402102
		0	1	0
		0.402102	0	0.915595
		-0.292498	0	1.01063
	}
}
{Volume "piece8"
	{Box 15.3977 7.75 12.3701}
	{Bone "piece8"}
	{Matrix34
		0.914169	0	0.405332
		0	1	0
		-0.405332	0	0.914169
		-0.878315	0	0.86604
	}
}
{Volume "piece9"
	{Box 3.40958 89.9199 2.95277}
	{Bone "piece9"}
	{Position 0	0	0}
}
{Volume "sub_piece12"
	{Box 8.1398 7.75 13.2125}
	{Bone "sub_piece12"}
	{Position 0	0	0}
}
{Volume "sub_piece13"
	{Box 11.5609 7.75 7.72104}
	{Bone "sub_piece13"}
	{Matrix34
		0.967602	0	0.252481
		0	1	0
		-0.252481	0	0.967602
		0.00378519	0	-0.592012
	}
}
{Volume "sub_piece6"
	{Box 10.2719 7.75 13.5118}
	{Bone "sub_piece6"}
	{Matrix34
		0.953689	0	-0.300796
		0	1	0
		0.300796	0	0.953689
		0.477679	0	-0.457341
	}
}
{Volume "sub_piece7"
	{Box 13.7345 7.75 9.39184}
	{Bone "sub_piece7"}
	{Matrix34
		0.911032	0	-0.412335
		0	1	0
		0.412335	0	0.911032
		-1.27281	0	-0.933253
	}
}
{Volume "sub_piece8"
	{Box 9.23169 7.75 12.1112}
	{Bone "sub_piece8"}
	{Matrix34
		0.931087	0	0.364798
		0	1	0
		-0.364798	0	0.931087
		-0.341468	0	-0.778867
	}
}
