;Exported by: shevchenko
;Date:        Thu Jul 20 18:58:08 2006
;File:        D:\-Projects1_5-\-3DWork-\bsh\bsh_c90_1_x.max
{Skeleton
	{bone "bsh90_c3_3"
		{Orientation
			1	0	0
			0	-1	0
			0	0	1
		}
		{bone "piece0"
			{Matrix34
				1	0	0
				0	0	1
				0	-1	0
				-8.98104	-33.9592	-21.872
			}
			{VolumeView "piece0.ply"}
		}
		{bone "piece1"
			{Matrix34
				1	0	0
				0	0	1
				0	-1	0
				3.81024	-33.9592	-10.5862
			}
			{VolumeView "piece1.ply"}
		}
		{bone "piece2"
			{Matrix34
				1	0	0
				0	0	1
				0	-1	0
				16.8964	-33.9592	-15.8308
			}
			{VolumeView "piece2.ply"}
		}
		{bone "piece3"
			{Matrix34
				-1	0	0
				0	0	1
				0	1	0
				19.7931	-20.8046	-11.6713
			}
			{VolumeView "piece3.ply"}
		}
		{bone "piece4"
			{Matrix34
				1	0	0
				0	0	1
				0	-1	0
				15.6055	-33.9592	12.0701
			}
			{VolumeView "piece4.ply"}
		}
		{bone "piece5"
			{Matrix34
				-1	0	0
				0	0	1
				0	1	0
				19.7931	-16.5546	17.3076
			}
			{VolumeView "piece5.ply"}
		}
	}
}
{Volume "piece0"
	{Box 10.4798 9.84252 17.4286}
	{Bone "piece0"}
	{Matrix34
		0.939693	0.34202	0
		0	0	-1
		-0.34202	0.939693	0
		1.87344	1.09845	0
	}
}
{Volume "piece1"
	{Box 10.3831 9.84252 19.048}
	{Bone "piece1"}
	{Matrix34
		0.965926	-0.258819	0
		0	0	-1
		0.258819	0.965926	0
		1.0538	-0.781965	0
	}
}
{Volume "piece2"
	{Box 13.69 9.84252 16.0882}
	{Bone "piece2"}
	{Matrix34
		1	0	0
		0	0	-1
		0	1	0
		0.816154	0.0223141	0
	}
}
{Volume "piece3"
	{Box 9.84254 13.9542 29.3291}
	{Bone "piece3"}
	{Matrix34
		-1	0	0
		0	0	1
		0	1	0
		0	-1.31203	-0.746841
	}
}
{Volume "piece4"
	{Box 15.3019 9.84252 19.2836}
	{Bone "piece4"}
	{Matrix34
		0.984808	-0.173648	0
		0	0	-1
		0.173648	0.984808	0
		1.27938	-6.50942	0
	}
}
{Volume "piece5"
	{Box 9.84254 19.6314 28.0715}
	{Bone "piece5"}
	{Matrix34
		-1	0	0
		0	0	1
		0	1	0
		0	1.70223	-1.30747
	}
}
