;MDL File generated by SOEdit
;Model created by: <your name here>
;PLY Geometry by: <insert modeler name>
;VOL Geometry by: <insert modeler name>
{Skeleton
    {bone "basis"
        {Orientation
            1.0000 0.0000 0.0000
            0.0000 -1.0000 0.0000
            0.0000 0.0000 1.0000
        }
        {bone "body"
            {parameters "CommonMesh;ID=body;"}
            {Matrix34
                -0.9848 0.0000 -0.1736
                -0.1736 0.0000 0.9848
                0.0000 1.0000 0.0000
                -0.4139 -0.2247 2.8315
            }
            {VolumeView "body.ply"}
            {bone revolute "part4"
                {parameters "ID=part4;"}
                {speed 0.0100}
                {Matrix34
                    -0.9848 -0.1736 0.0000
                    0.0000 0.0000 1.0000
                    -0.1736 0.9848 0.0000
                    -1.1252 7.7500 -0.1318
                }
                {VolumeView "part4.ply"}
                {bone revolute "part1"
                    {parameters "ID=gun;"}
                    {limits -10.0000 85.0000}
                    {Matrix34
                        1.0000 0.0000 0.0000
                        0.0000 0.0000 1.0000
                        0.0000 -1.0000 0.0000
                        -3.1153 0.1289 9.9949
                    }
                    {VolumeView "part1.ply"}
                    {bone "gun"
                        {parameters "ID=gun;"}
                        {Matrix34
                            0.0000 1.0000 0.0000
                            -1.0000 0.0000 0.0000
                            0.0000 0.0000 1.0000
                            -5.3000 3.0000 0.0000
                        }
                    }
                }
            }
            {bone "openStandL"
                {parameters "ID=body;"}
                {Matrix34
                    -0.8813 0.0000 0.4726
                    0.0000 1.0000 0.0000
                    -0.4726 0.0000 -0.8813
                    -2.1592 -2.4100 4.3
                }
                {bone "part2"
                    {parameters "ID=part2;"}
                    {Matrix34
                        0.7093 -0.0254 -0.7044
                        -0.0254 0.9978 -0.0616
                        0.7044 0.0616 0.7071
                        -2.7879 2.8654 2.0936
                    }
                    {VolumeView "part2.ply"}
                }
            }
            {bone "openStandR"
                {parameters "ID=body;"}
                {Matrix34
                    -0.8443 0.0000 -0.5358
                    0.0000 1.0000 0.0000
                    0.5358 0.0000 -0.8443
                    ;-1.8645 -2.41 -4.3
		-2.1592 -2.41 -4.3
                }
                {bone "part3"
                    {parameters "ID=part3;"}
                    {Matrix34
                        0.7093 -0.0254 0.7044
                        -0.0254 0.9978 0.0616
                        -0.7044 -0.0616 0.7071
                        -2.7879 2.8654 -2.4302
                    }
                    {VolumeView "part3.ply"}
                }
            }
            {bone "OpenWheelL"
                {parameters "ID=body;"}
                {Position -0.3 1.1600 0.8000}
                {bone revolute "wheell"
                    {parameters "ID=wheelleft;Radius=0.5;"}
                    {Matrix34
                        -0.9811 -0.1730 0.0872
                        -0.0858 -0.0151 -0.9962
                        0.1736 -0.9848 0.0000
                        0.2090 -0.8678 16.6579
                    }
                    {VolumeView "wheell.ply"}
                }
            }
            {bone "OpenWheelR"
                {parameters "ID=body;"}
                {Position -0.3 1.1600 -0.9}
                {bone revolute "wheelr"
                    {parameters "ID=wheelright;Radius=0.5;"}
                    {Matrix34
                        -0.9811 -0.1730 -0.0872
                        -0.0858 -0.0151 0.9962
                        -0.1736 0.9848 0.0000
                        0.2091 -0.8678 -15.4169
                    }
                    {VolumeView "wheelr.ply"}
                }
            }
        }
        {bone "pivot_back"
            {Position -36.5545 -0.3775 0.8000}
        }
    }
}
{Volume "body"
    {Box 5.1269 37.6981 2.7143}
    {Bone "body"}
    {Matrix34
        0.0000 0.0000 -1.0000
        -0.9848 -0.1736 0.0000
        -0.1736 0.9848 0.0000
        19.0638 1.9665 0.1435
    }
}
{Volume "part1"
    {Box 11.9880 12.8174 10.0277}
    {Bone "part1"}
    {Matrix34
        0.0000 0.0000 0.6853
        2.7922 0.0000 0.0000
        0.0000 0.4376 0.0000
        10.1012 1.4373 0.2245
    }
}
{Volume "part2"
    {Box 2.4609 37.6981 2.7143}
    {Bone "part2"}
    {Matrix34
        0.0230 -0.0589 -0.9980
        -0.9720 -0.2348 -0.0085
        -0.2338 0.9703 -0.0626
        -12.4579 -5.0831 0.0256
    }
}
{Volume "part3"
    {Box 2.4609 37.6981 2.7143}
    {Bone "part3"}
    {Matrix34
        -0.0107 0.0607 -0.9981
        -0.9722 -0.2341 -0.0038
        -0.2338 0.9703 0.0615
        -12.4530 -5.1160 0.5139
    }
}
{Volume "part4"
    {Box 28.3882 0.3937 30.0888}
    {Bone "part4"}
    {Matrix34
        0.0000 -0.5594 0.0000
        30.7835 0.0000 5.4265
        -0.0855 0.0000 0.4851
        -4.2838 0.0542 5.4450
    }
}
{Volume "wheell"
    {Cylinder 6.93662 3.69442}
    {Bone "wheell"}
    {Matrix34
        -0.0872 0.9962 0.0000
        0.9962 0.0872 0.0000
        0.0000 0.0000 -1.0000
        0.0993 -0.0639 0.0934
    }
}
{Volume "wheelr"
    {Cylinder 6.93662 3.69442}
    {Bone "wheelr"}
    {Matrix34
        0.0872 -0.9962 0.0000
        0.9962 0.0872 0.0000
        0.0000 0.0000 1.0000
        0.1002 -0.0743 -0.0934
    }
}
