;Exported by: shevchenko
;Date:        Sun Jul 10 12:39:56 2005
;File:        D:\-Projects1_5-\-3DWork-\house_euro_ruine2_x.max
{Skeleton
	{bone "wall7r_c1"
		{Orientation
			1	0	0
			0	-1	0
			0	0	1
		}
		{bone "piece2"
			{Matrix34
				0	1	0
				0	0	1
				1	0	0
				-37.6969	-21.3977	27.7384
			}
			{VolumeView "piece2.ply"}
		}
		{bone "piece1"
			{Matrix34
				0	1	0
				0	0	1
				1	0	0
				-37.6969	30.2559	32.4803
			}
			{VolumeView "piece1.ply"}
		}
		{bone "piece3"
			{Matrix34
				0	1	0
				0	0	1
				1	0	0
				-37.6969	3.68109	66.5682
			}
			{VolumeView "piece3.ply"}
		}
		{bone "piece4"
			{Matrix34
				0	1	0
				0	0	1
				1	0	0
				-37.6969	-16.4202	93.2695
			}
			{VolumeView "piece4.ply"}
		}
		{bone "piece0"
			{Matrix34
				0	1	0
				0	0	1
				1	0	0
				-37.5033	29.4583	88.2987
			}
			{VolumeView "piece0.ply"}
		}
		{bone "piece5"
			{Matrix34
				-1	0	0
				0	0	1
				0	1	0
				-22.4477	38.1299	37.3286
			}
			{VolumeView "piece5.ply"}
		}
		{bone "piece6"
			{Matrix34
				-1	0	0
				0	0	1
				0	1	0
				14.5951	38.1299	24.6063
			}
			{VolumeView "piece6.ply"}
		}
		{bone "piece7"
			{Matrix34
				-1	0	0
				0	0	1
				0	1	0
				18.0512	38.1299	58.9688
			}
			{VolumeView "piece7.ply"}
		}
		{bone "piece8"
			{Matrix34
				-1	0	0
				0	0	1
				0	1	0
				-19.1442	38.1299	82.1572
			}
			{VolumeView "piece8.ply"}
		}
		{bone "piece9"
			{Matrix34
				-1	0	0
				0	0	1
				0	1	0
				16.7822	38.1299	95.1514
			}
			{VolumeView "piece9.ply"}
		}
		{bone "piece10"
			{Position -13.1621	-1.14166	59.0521}
			{VolumeView "piece10.ply"}
		}
		{bone "piece11"
			{Position 3.03706	8.55247	59.0521}
			{VolumeView "piece11.ply"}
		}
		{bone "piece12"
			{Matrix34
				0.936567	-0.290471	0.196135
				-0.162135	0.137065	0.977203
				-0.310732	-0.947016	0.0812755
				23.5638	-2.79114	32.961
			}
			{VolumeView "piece12.ply"}
		}
	}
}
{Volume "piece12"
	{Box 22.1263 3.93701 40.6567}
	{Bone "piece12"}
	{Matrix34
		0.997232	-0.0674482	-0.0313025
		-0.0313965	-0.000332264	-0.999507
		0.0674044	0.997723	-0.00244893
		-0.243626	-9.85398	0.074
	}
}
{Volume "piece11"
	{Box 58.8627 24.1446 3.93701}
	{Bone "piece11"}
	{Position 3.1752	11.3022	0}
}
{Volume "piece10"
	{Box 23.4727 41.373 3.93701}
	{Bone "piece10"}
	{Position -9.38211	0.431824	0}
}
{Volume "piece9"
	{Box 27.9747 11.811 28.236}
	{Bone "piece9"}
	{Matrix34
		-1	0	0
		0	0	1
		0	1	0
		0	-0.270406	0
	}
}
{Volume "piece8"
	{Box 43.2284 11.811 23.7572}
	{Bone "piece8"}
	{Matrix34
		-0.333762	-0.942657	0
		0	0	1
		-0.942657	0.333762	0
		1.96321	-2.6572	0
	}
}
{Volume "piece7"
	{Box 33.3325 11.811 24.9718}
	{Bone "piece7"}
	{Matrix34
		-1	0	0
		0	0	1
		0	1	0
		0	0.496719	1.95997e-005
	}
}
{Volume "piece6"
	{Box 34.5095 11.811 20.4134}
	{Bone "piece6"}
	{Matrix34
		-0.766044	-0.642788	0
		0	0	1
		-0.642788	0.766044	0
		0.227669	0.086725	1.88091e-005
	}
}
{Volume "piece5"
	{Box 20.6579 11.811 23.8264}
	{Bone "piece5"}
	{Matrix34
		-1	0	0
		0	0	1
		0	1	0
		1.23397	0.386011	1.19257e-005
	}
}
{Volume "piece0"
	{Box 8.26102 20.9303 34.6187}
	{Bone "piece0"}
	{Matrix34
		0	0	1
		1	0	0
		0	1	0
		0	0.162203	2.28771e-005
	}
}
{Volume "piece4"
	{Box 7.87401 16.5087 24.6923}
	{Bone "piece4"}
	{Matrix34
		0	0	1
		1	0	0
		0	1	0
		0	0.0731297	2.70359e-005
	}
}
{Volume "piece3"
	{Box 7.87401 29.4488 15.5497}
	{Bone "piece3"}
	{Matrix34
		0	0	1
		1	0	0
		0	1	0
		-1.83581e-005	-0.477872	0
	}
}
{Volume "piece1"
	{Box 7.87402 21.4961 44.1142}
	{Bone "piece1"}
	{Matrix34
		0	0	1
		1	0	0
		0	1	0
		-1.58606e-005	1.07864	1.50606e-005
	}
}
{Volume "piece2"
	{Box 7.87401 17.7418 30.4288}
	{Bone "piece2"}
	{Matrix34
		0	0	1
		1	0	0
		0	1	0
		1.00324	1.25118	1.13115e-005
	}
}
