;Exported by: Ekaterina
;Date:        Fri Apr 11 16:28:19 2008
;File:        D:\-Project-\-3DWork-\africa\algere_storage21_x.max
{Skeleton
	{bone "d_build2_w1"
		{Orientation
			1	0	0
			0	-1	0
			0	0	1
		}
		{bone "piece03"
			{Position 14.4631	10.1644	3.74426}
			{VolumeView "piece03.ply"}
		}
		{bone "piece04"
			{Position 14.5779	-19.0661	32.3026}
			{VolumeView "piece04.ply"}
		}
		{bone "piece06"
			{Position 15.2245	-22.9439	56.4826}
			{VolumeView "piece06.ply"}
		}
		{bone "piece01"
			{Position -7.33076	-7.78615	68.4919}
			{VolumeView "piece01.ply"}
		}
		{bone "piece05"
			{Position 26.317	-45.3604	22.042}
			{VolumeView "piece05.ply"}
		}
		{bone "piece02"
			{Position 14.5623	17.9184	50.5393}
			{VolumeView "piece02.ply"}
		}
		{bone "piece07"
			{Position -9.7388	-7.32273	72.9473}
			{VolumeView "piece07.ply"}
		}
		{bone "piece08"
			{Position 14.5779	-19.0661	5.17813}
			{VolumeView "piece08.ply"}
		}
	}
}
{Volume "piece01"
	{Box 49.6767 2.52159 2.81026}
	{Bone "piece01"}
	{Matrix34
		0.980829	0	-0.194869
		0	1	0
		0.194869	0	0.980829
		-0.916689	0	-0.739307
	}
}
{Volume "piece02"
	{Box 6.54483 30.0514 21.6062}
	{Bone "piece02"}
	{Position 0	0	0}
}
{Volume "piece03"
	{Box 7.05232 29.6841 25.5265}
	{Bone "piece03"}
	{Position 0	0	0}
}
{Volume "piece04"
	{Box 8.14483 25.8825 22.8069}
	{Bone "piece04"}
	{Position 0	0	1.2855}
}
{Volume "piece05"
	{Box 23.1456 2.07238 44.5533}
	{Bone "piece05"}
	{Orientation
		0.866791	-0.498672	0
		0.498672	0.866791	0
		0	0	1
	}
}
{Volume "piece06"
	{Box 6.40745 24.9084 16.5751}
	{Bone "piece06"}
}
{Volume "piece07"
	{Box 46.745 43.9243 2.54325}
	{Bone "piece07"}
	{Matrix34
		0	0.999982	-0.00587657
		-0.990834	0.000794685	0.135084
		0.135086	0.00582274	0.990817
		2.98061	0.689089	-0.12064
	}
}
{Volume "piece08"
	{Box 8.14483 25.8825 22.8069}
	{Bone "piece08"}
	{Position 0	0	1.2855}
}
