;Exported by: sasha
;Date:        Thu Jul 24 09:49:58 2008
;File:        D:\-Projects-\-3DWork-\RuinsForHouse\Trash_v03.max
{Skeleton
	{bone "basis_x"
		{Orientation
			1	0	0
			0	-1	0
			0	0	1
		}
		{VolumeView "basis_x.ply"}
		{bone "piece0"
			{Position 27.3494	23.8076	55.1872}
			{VolumeView "piece0.ply"}
			{bone "sub_piece0"
				{Position -5.67365	-7.17751	0}
				{VolumeView "sub_piece0.ply"}
			}
		}
		{bone "piece1"
			{Matrix34
				-0.431566	0.483692	0.761441
				-0.70498	0.345787	-0.61922
				-0.562808	-0.804036	0.191763
				10.3575	22.6027	12.7026
			}
			{VolumeView "piece1.ply"}
			{bone "sub_piece1"
				{Position 7.43866e-005	-12.8874	1.02385}
				{VolumeView "sub_piece1.ply"}
			}
		}
		{bone "piece2"
			{Matrix34
				0.586375	0.35929	-0.725999
				-0.522455	0.852667	0
				0.619035	0.379302	0.687696
				17.8618	-0.277756	24.0685
			}
			{VolumeView "piece2.ply"}
			{bone "sub_piece2"
				{Position -10.2535	2.87103	8.96454e-005}
				{VolumeView "sub_piece2.ply"}
			}
		}
		{bone "piece3"
			{Matrix34
				0.360851	0.53487	0.764003
				-0.828982	0.559275	0
				-0.427288	-0.633345	0.645213
				36.3967	10.5111	32.7735
			}
			{VolumeView "piece3.ply"}
			{bone "sub_piece3"
				{Position -1.13865	2.86102e-005	-14.8037}
				{VolumeView "sub_piece3.ply"}
			}
		}
		{bone "piece4"
			{Matrix34
				0.697056	0.607931	0.380176
				-0.533712	0.79399	-0.291087
				-0.478817	0	0.877915
				-22.718	37.4904	16.1021
			}
			{VolumeView "piece4.ply"}
			{bone "sub_piece4"
				{Position 0	-9.59459	2.27754}
				{VolumeView "sub_piece4.ply"}
			}
		}
		{bone "piece5"
			{Matrix34
				0.845892	0	-0.533355
				0.221185	0.909956	0.350795
				0.485329	-0.414705	0.769724
				-21.803	29.8946	41.0228
			}
			{VolumeView "piece5.ply"}
			{bone "sub_piece5"
				{Position 1.09372	12.1676	-1.90735e-005}
				{VolumeView "sub_piece5.ply"}
			}
		}
		{bone "piece6"
			{Matrix34
				0.48103	-0.37307	0.793366
				-0.230773	0.819146	0.525113
				-0.845786	-0.435682	0.307939
				-12.8122	6.12712	30.7773
			}
			{VolumeView "piece6.ply"}
			{bone "sub_piece6"
				{Position 0	12.7772	-0.318178}
				{VolumeView "sub_piece6.ply"}
			}
		}
		{bone "piece7"
			{Matrix34
				0.57342	0.749627	0.330529
				0.605009	-0.659501	0.446119
				0.552407	-0.0558408	-0.831702
				-25.152	-25.456	36.6143
			}
			{VolumeView "piece7.ply"}
			{bone "sub_piece7"
				{Position -4.57764e-005	-0.266415	-10.0066}
				{VolumeView "sub_piece7.ply"}
			}
		}
		{bone "piece8"
			{Matrix34
				0.469777	0.542197	-0.696658
				-0.864944	0.124843	-0.486094
				-0.176585	0.830925	0.527618
				-10.8958	-11.8326	46.3276
			}
			{VolumeView "piece8.ply"}
			{bone "sub_piece8"
				{Position 0.666954	14.5833	3.05176e-005}
				{VolumeView "sub_piece8.ply"}
			}
		}
		{bone "piece9"
			{Matrix34
				0.785825	0.618448	0
				-0.27002	0.343098	0.899652
				0.556388	-0.706969	0.436608
				-1.78217	-40.2115	27.676
			}
			{VolumeView "piece9.ply"}
			{bone "sub_piece9"
				{Position -14.8579	-8.4877e-005	-0.108486}
				{VolumeView "sub_piece9.ply"}
			}
		}
		{bone "piece10"
			{Matrix34
				0.476666	-0.633174	-0.60982
				0.798917	0.601441	0
				0.366771	-0.487196	0.79254
				43.848	-15.3163	50.5325
			}
			{VolumeView "piece10.ply"}
			{bone "sub_piece10"
				{Position -11.0738	-2.52926	6.48499e-005}
				{VolumeView "sub_piece10.ply"}
			}
		}
		{bone "piece11"
			{Matrix34
				0.414992	0.355804	-0.837368
				-0.650894	0.759169	0
				0.635704	0.545038	0.54664
				24.9402	-26.1074	9.43802
			}
			{VolumeView "piece11.ply"}
			{bone "sub_piece11"
				{Position -12.1548	-3.05176e-005	-2.14734}
				{VolumeView "sub_piece11.ply"}
			}
		}
		{bone "piece12"
			{Matrix34
				0.936919	-0.333829	-0.103638
				0.284316	0.555333	0.781517
				-0.203339	-0.761684	0.615215
				-12.8122	-24.7449	9.81897
			}
			{VolumeView "piece12.ply"}
			{bone "sub_piece12"
				{Position -3.09944e-005	8.23782	-1.84138}
				{VolumeView "sub_piece12.ply"}
			}
		}
		{bone "piece13"
			{Matrix34
				0.486868	-0.537131	0.688803
				0.740923	0.67159	0
				-0.462593	0.51035	0.724949
				0.153564	-14.3961	40.2453
			}
			{VolumeView "piece13.ply"}
			{bone "sub_piece13"
				{Position 32.169	0	4.19617e-005}
				{VolumeView "sub_piece13.ply"}
			}
		}
		{bone "piece14"
			{Matrix34
				0.745802	0.470473	0.471629
				-0.397636	0.882414	-0.251457
				-0.534476	0	0.845184
				7.52325	18.1278	40.2453
			}
			{VolumeView "piece14.ply"}
			{bone "sub_piece14"
				{Position 24.6445	-1.33514e-005	-1.33514e-005}
				{VolumeView "sub_piece14.ply"}
			}
		}
		{bone "piece15"
			{Matrix34
				0.287413	-0.760486	-0.582284
				0.886252	-0.0194074	0.462797
				-0.363251	-0.649064	0.668404
				-45.0267	-6.63062	66.5169
			}
			{VolumeView "piece15.ply"}
			{bone "sub_piece15"
				{Position 32.169	-2.47955e-005	-6.10352e-005}
				{VolumeView "sub_piece15.ply"}
			}
		}
		{bone "fx_dust2a"
			{Matrix34
				0	0	1
				0	1	0
				-1	0	0
				-40.4074	6.20137	32.8424
			}
		}
		{bone "fx_dust2b"
			{Matrix34
				0	0	1
				0	1	0
				-1	0	0
				33.3561	-8.28458	14.381
			}
		}
		{bone "fx_wood1"
			{Matrix34
				0	0	1
				0	1	0
				-1	0	0
				-6.46515	-6.70091	50.8106
			}
		}
		{bone "fx_dust1a"
			{Matrix34
				0	0	1
				0	1	0
				-1	0	0
				-1.99887	37.0006	6.0851
			}
		}
		{bone "fx_dust1b"
			{Matrix34
				0	0	1
				0	1	0
				-1	0	0
				10.0936	-41.8847	14.381
			}
		}
	}
}
{Volume "piece0"
	{Box 17.4994 13.9448 3.93701}
	{Bone "piece0"}
}
{Volume "piece10"
	{Box 15.5854 13.1245 3.93701}
	{Bone "piece10"}
	{Position 0	0	-3.08752e-005}
}
{Volume "piece11"
	{Box 14.7239 5.90552 12.7301}
	{Bone "piece11"}
	{Position 1.46897e-005	-3.06554e-005	-1.57356e-005}
}
{Volume "piece12"
	{Box 5.90552 14.1497 13.8589}
	{Bone "piece12"}
	{Position -3.06208e-005	0	0}
}
{Volume "piece13"
	{Box 27.6244 2.30243 2.17532}
	{Bone "piece13"}
	{Position 0	-1.52264e-005	-1.52588e-005}
}
{Volume "piece14"
	{Box 26.3275 2.30243 2.17532}
	{Bone "piece14"}
	{Position 3.05176e-005	1.52588e-005	-1.52588e-005}
}
{Volume "piece15"
	{Box 27.6244 2.30243 2.17532}
	{Bone "piece15"}
}
{Volume "piece1"
	{Box 5.90553 17.0571 18.8985}
	{Bone "piece1"}
	{Position 0	0	0}
}
{Volume "piece2"
	{Box 11.2105 15.0385 3.93701}
	{Bone "piece2"}
	{Position 0	-3.05762e-005	1.52588e-005}
}
{Volume "piece3"
	{Box 14.4241 5.90552 17.3523}
	{Bone "piece3"}
	{Position 0	0	0}
}
{Volume "piece4"
	{Box 5.90552 13.6651 12.7928}
	{Bone "piece4"}
	{Position 1.52588e-005	-1.52588e-005	-1.52588e-005}
}
{Volume "piece5"
	{Box 10.6637 12.5777 3.93701}
	{Bone "piece5"}
	{Position 0	0	1.52588e-005}
}
{Volume "piece6"
	{Box 5.90552 12.9867 13.5681}
	{Bone "piece6"}
	{Position -3.03154e-005	0	1.38283e-005}
}
{Volume "piece7"
	{Box 5.90552 11.3391 13.8589}
	{Bone "piece7"}
	{Position 0	-3.13436e-005	0}
}
{Volume "piece8"
	{Box 9.56998 16.4057 3.93701}
	{Bone "piece8"}
	{Position 1.52001e-005	0	0}
}
{Volume "piece9"
	{Box 19.4129 5.90552 15.9424}
	{Bone "piece9"}
	{Position 4.56726e-005	0	0}
}
{Volume "sub_piece0"
	{Box 15.4487 12.7144 3.93701}
	{Bone "sub_piece0"}
}
{Volume "sub_piece10"
	{Box 16.1322 9.98013 3.93701}
	{Bone "sub_piece10"}
	{Position -1.54935e-005	0.0001828	1.49012e-005}
}
{Volume "sub_piece11"
	{Box 13.6503 5.90552 11.273}
	{Bone "sub_piece11"}
	{Position -4.61123e-005	-6.06835e-005	4.43459e-005}
}
{Volume "sub_piece12"
	{Box 5.90552 10.8545 13.2774}
	{Bone "sub_piece12"}
	{Position -0.000122219	4.91954e-005	-2.38419e-005}
}
{Volume "sub_piece13"
	{Box 37.9868 2.30241 2.17532}
	{Bone "sub_piece13"}
	{Position 6.09379e-005	-4.5716e-005	0}
}
{Volume "sub_piece14"
	{Box 24.2515 2.30243 2.17532}
	{Bone "sub_piece14"}
	{Position 0	1.51453e-005	-3.06368e-005}
}
{Volume "sub_piece15"
	{Box 37.9868 2.30243 2.17532}
	{Bone "sub_piece15"}
	{Position 0	-3.04528e-005	0}
}
{Volume "sub_piece1"
	{Box 5.90552 13.1805 16.2818}
	{Bone "sub_piece1"}
	{Position 7.54448e-005	9.21593e-005	-1.52588e-005}
}
{Volume "sub_piece2"
	{Box 13.398 11.7574 3.937}
	{Bone "sub_piece2"}
	{Position 1.52588e-005	0	0}
}
{Volume "sub_piece3"
	{Box 14.3157 5.90555 14.8579}
	{Bone "sub_piece3"}
	{Position 2.2224e-005	3.10318e-005	2.67029e-005}
}
{Volume "sub_piece4"
	{Box 5.90552 12.3082 11.9206}
	{Bone "sub_piece4"}
	{Position -1.59693e-005	0	1.4782e-005}
}
{Volume "sub_piece5"
	{Box 9.02313 14.4917 3.937}
	{Bone "sub_piece5"}
	{Position -3.05176e-005	3.80296e-005	0}
}
{Volume "sub_piece6"
	{Box 5.90552 14.2542 14.2542}
	{Bone "sub_piece6"}
	{Position 0	-3.08362e-005	-9.25064e-005}
}
{Volume "sub_piece7"
	{Box 5.90552 9.9823 11.8237}
	{Bone "sub_piece7"}
	{Position 1.56112e-005	-3.12223e-005	0}
}
{Volume "sub_piece8"
	{Box 10.2472 13.3406 3.93701}
	{Bone "sub_piece8"}
	{Position 0	3.06936e-005	1.52588e-005}
}
{Volume "sub_piece9"
	{Box 14.5326 5.90553 17.3523}
	{Bone "sub_piece9"}
	{Position 0	4.50007e-005	4.57764e-005}
}
