;Exported by: sana
;Date:        Fri Jul 07 14:24:37 2006
;File:        D:\-Project-\-3DWork-\Entourage\catholic_church\Catholic_church04.max
{Skeleton
	{bone "catholic_cut04"
		{Orientation
			1	0	0
			0	-1	0
			0	0	1
		}
		{VolumeView "catholic_cut04.ply"}
		{bone "exterior"
			{Position -0.383728	-30.7184	30.3513}
			{VolumeView "exterior.ply"}
		}
		{bone "fix01"
			{Position -37.4317	1.51047	1.66911}
		}
		{bone "fix02"
			{Position 32.0867	-0.555908	-13.8535}
		}
	}
}
{Volume "body1"
	{Box 33.6695 27.7003 13.7795}
	{Bone "catholic_cut04"}
	{Matrix34
		-0.784504	0	0.620123
		0.620123	0	0.784504
		0	1	0
		-13.3091	-0.397551	21.9991
	}
}
{Volume "body"
	{Box 26.3043 63.8021 13.7795}
	{Bone "catholic_cut04"}
	{Matrix34
		-0.836202	0	-0.548422
		-0.548422	0	0.836202
		0	1	0
		2.68843	-0.709514	29.6096
	}
}
{Volume "roof1"
	{Box 44.8133 40.3019 5.8584}
	{Bone "exterior"}
	{Matrix34
		0	-1	0
		0.622637	0	0.782511
		-0.782511	0	0.622637
		-17.4983	2.05355	7.20784
	}
}
{Volume "roof"
	{Box 47.9262 59.5679 5.8584}
	{Bone "exterior"}
	{Matrix34
		0	-1	0
		-0.62378	0	0.7816
		-0.7816	0	-0.62378
		10.7408	1.09172	-0.799574
	}
}
