;Exported by: golanov
;Date:        Tue Dec 20 11:43:18 2005
;File:        D:\-Projects-\-3DWork-\Constructions\LightHouse\LightHouse_Westkapelle_x01.max
{Skeleton
	{bone "lh_wk_up2_x"
		{Orientation
			1	0	0
			0	-1	0
			0	0	1
		}
		{bone "piece0"
			{Position -17.4239	-5.78948	35.111}
			{VolumeView "piece0.ply"}
		}
		{bone "sub_piece0"
			{Position 17.1639	-22.6769	28.9832}
			{VolumeView "sub_piece0.ply"}
		}
		{bone "piece1"
			{Position 25.5776	-22.6699	-28.4877}
			{VolumeView "piece1.ply"}
			{bone "sub_piece1"
				{Position -0.000583649	0	27.1343}
				{VolumeView "sub_piece1.ply"}
			}
		}
		{bone "piece2"
			{Position 24.3768	-22.5759	-49.2901}
			{VolumeView "piece2.ply"}
			{bone "sub_piece2"
				{Position 15.7113	-0.110445	1.91849}
				{VolumeView "sub_piece2.ply"}
			}
		}
		{bone "piece3"
			{Position -8.4252	-22.6679	42.0227}
			{VolumeView "piece3.ply"}
			{bone "sub_piece3"
				{Position 0	-6.48499e-005	6.90149}
				{VolumeView "sub_piece3.ply"}
			}
		}
		{bone "piece4"
			{Matrix34
				0.707107	-0.707107	0
				0.707107	0.707107	0
				0	0	1
				-30.8397	22.7834	-38.3959
			}
			{VolumeView "piece4.ply"}
			{bone "sub_piece4"
				{Matrix34
					0.5	0.866025	0
					-0.866025	0.5	0
					0	0	1
					-12.7993	-0.010102	13.079
				}
				{VolumeView "sub_piece4.ply"}
			}
		}
		{bone "piece5"
			{Matrix34
				0.965926	0.258819	0
				-0.258819	0.965926	0
				0	0	1
				23.023	31.8143	-26.9238
			}
			{VolumeView "piece5.ply"}
		}
		{bone "sub_piece5"
			{Matrix34
				0.965926	0.258819	0
				-0.258819	0.965926	0
				0	0	1
				-5.11081	27.8961	-38.361
			}
			{VolumeView "sub_piece5.ply"}
		}
	}
}
{Volume "piece0"
	{Box 18.7847 19.6806 1.19291}
	{Bone "piece0"}
	{Matrix34
		-0.866025	-0.5	0
		0.433013	-0.749999	0.5
		-0.25	0.433012	0.866025
		-0.531807	-0.280873	-0.014099
	}
}
{Volume "piece1"
	{Box 0.984252 18.7273 19.8819}
	{Bone "piece1"}
	{Matrix34
		-1	0	0
		0	-1	0
		0	0	1
		-0.0366703	0.0126228	-0.0584774
	}
}
{Volume "piece2"
	{Box 5.87747 19.8356 13.2003}
	{Bone "piece2"}
	{Matrix34
		0.998134	0	0.0610487
		0	1	0
		-0.0610486	0	0.998135
		-0.519907	-0.0217987	4.61206
	}
}
{Volume "piece3"
	{Cylinder 5.90551 2.47975}
	{Bone "piece3"}
	{Matrix34
		0.866025	0.5	0
		-0.5	0.866025	0
		0	0	1
		0	-0.186457	-0.00200725
	}
}
{Volume "piece4"
	{Box 28.7402 29.2226 1.06262}
	{Bone "piece4"}
	{Matrix34
		0.258819	0.965925	0
		-0.965925	0.258819	0
		0	0	1
		0.743602	-3.68332	0.0289927
	}
}
{Volume "piece5"
	{Box 33.8583 0.590297 23.622}
	{Bone "piece5"}
	{Matrix34
		0.707106	-0.707107	0
		0.707107	0.707106	0
		0	0	1
		-0.0333771	0.064264	-0.102982
	}
}
{Volume "sub_piece0"
	{Box 18.7847 22.4359 2.85921}
	{Bone "sub_piece0"}
	{Matrix34
		0	1	0
		-0.748955	0	0.66262
		0.66262	0	0.748956
		0.730138	-0.0786102	0.957766
	}
}
{Volume "sub_piece1"
	{Box 0.984252 18.7273 34.6151}
	{Bone "sub_piece1"}
	{Matrix34
		-1	0	0
		0	-1	0
		0	0	1
		-0.0360868	0.0126209	0.0905151
	}
}
{Volume "sub_piece2"
	{Box 26.86 3.10879 15.1803}
	{Bone "sub_piece2"}
	{Position -0.579771	0.0886459	1.23009}
}
{Volume "sub_piece3"
	{Sphere 4.34403}
	{Bone "sub_piece3"}
	{Position 0.0427563	0.0602779	-1.23804}
}
{Volume "sub_piece4"
	{Box 33.8583 0.590297 23.622}
	{Bone "sub_piece4"}
	{Matrix34
		0.965925	0.258818	0
		-0.258818	0.965926	0
		0	0	1
		0.00846304	-0.0304192	-0.106522
	}
}
{Volume "sub_piece5"
	{Box 28.7402 29.2226 1.06262}
	{Bone "sub_piece5"}
	{Matrix34
		0.965925	-0.25882	0
		0.258819	0.965925	0
		0	0	1
		-3.62099	-0.857917	-0.00591946
	}
}
