;Exported by: sana
;Date:        Mon May 15 12:06:25 2006
;File:        D:\-Project-\-3DWork-\Entourage\e-house3a\farm_construction_work3.max
{Skeleton
	{bone "ch_farm_corner15"
		{Orientation
			1	0	0
			0	-1	0
			0	0	1
		}
		{VolumeView "ch_farm_corner15.ply"}
		{bone "exterior"
			{Position 8.64178	7.63762	78.5695}
			{VolumeView "exterior.ply"}
			{bone "window5"
				{Matrix34
					-1	0	0
					0	-0.925832	-0.377935
					0	-0.377935	0.925832
					4.19312	-2.45537	0.745117
				}
				{VolumeView "window5.ply"}
			}
			{bone "window5_x"
				{Matrix34
					-1	0	0
					0	-0.925832	-0.377935
					0	-0.377935	0.925832
					4.19312	-2.45537	-0.0591431
				}
				{visibility 0}
				{VolumeView "window5_x.ply"}
			}
		}
		{bone "fix11"
			{Position 3.27417	-40.5041	17.2913}
		}
		{bone "fix12"
			{Position -57.8058	-39.0957	30.8545}
		}
	}
}
{Area "interior"
	{Obb2
		{Center 19.8977 -7.75943}
		{Extent 38.3401 52.1984}
		{Axis -1 0}
	}
	{Rotate}
}
{Volume "beam"
	{Box 3.32751 3.27011 79.0026}
	{Bone "ch_farm_corner15"}
	{Matrix34
		1	0	0
		0	0	1
		0	-1	0
		-22.5784	3.80618	57.0566
	}
}
{Volume "body1"
	{Box 59.8809 11.7379 2.4826}
	{Bone "ch_farm_corner15"}
	{Position -9.51642	-29.9495	42.8452}
}
{Volume "body"
	{Box 8.72858 33.7815 72.0692}
	{Bone "ch_farm_corner15"}
	{Matrix34
		0	-1	0
		0	0	1
		-1	0	0
		-8.11473	-39.2262	43.0776
	}
}
{Volume "hole"
	{Box 45.8553 55.8207 27.7949}
	{Bone "exterior"}
	{Matrix34
		1	0	0
		0	0.924007	0.382375
		0	-0.382375	0.924007
		2.50049	2.45933	1.67068
	}
}
{Volume "roof"
	{Box 88.5393 123.252 2.75591}
	{Bone "exterior"}
	{Matrix34
		1	0	0
		0	0.9284	0.371583
		0	-0.371583	0.9284
		2.35913	-1.83714	1.29493
	}
}
{Volume "window5"
	{Box 47.196 57.6503 1.95757}
	{Bone "window5"}
	{Position 1.14995	-3.26373	-1.34716}
}
