;Exported by: shevchenko
;Date:        Thu Jul 20 18:58:09 2006
;File:        D:\-Projects1_5-\-3DWork-\bsh\bsh_c90_1_x.max
{Skeleton
	{bone "bsh90_w2_3"
		{Orientation
			1	0	0
			0	-1	0
			0	0	1
		}
		{bone "piece0"
			{Matrix34
				1	0	0
				0	0	1
				0	-1	0
				-8.33138	-0.0797577	-12.107
			}
			{VolumeView "piece0.ply"}
		}
		{bone "piece1"
			{Matrix34
				1	0	0
				0	0	1
				0	-1	0
				-7.82418	-0.0797577	15.2299
			}
			{VolumeView "piece1.ply"}
		}
		{bone "piece2"
			{Matrix34
				1	0	0
				0	0	1
				0	-1	0
				18.6935	-0.0797577	-1.69696
			}
			{VolumeView "piece2.ply"}
		}
	}
}
{Volume "piece0"
	{Box 31.5514 9.84252 22.5499}
	{Bone "piece0"}
	{Matrix34
		0.984808	0.173648	0
		0	0	-1
		-0.173648	0.984808	0
		-5.86503	0.629057	0
	}
}
{Volume "piece1"
	{Box 32.4823 9.84252 17.3074}
	{Bone "piece1"}
	{Matrix34
		0.984808	0.173648	0
		0	0	-1
		-0.173648	0.984808	0
		-0.313674	-0.860031	0
	}
}
{Volume "piece2"
	{Box 21.072 9.84252 28.2635}
	{Bone "piece2"}
	{Matrix34
		0.642788	-0.766044	0
		0	0	-1
		0.766044	0.642788	0
		0.502652	3.28391	0
	}
}
