;Exported by: Normand
;Date:        Mon Jan 14 18:05:01 2013
;File:        C:\Users\Normand\SdKfz250_9_xx.max
{Skeleton
	{bone "basis"
		{Orientation
			1	0	0
			0	-1	0
			0	0	1
		}
		{bone "wheelsl"
			{parameters "ID=trackleft;"}
			{Matrix34
				1	0	0
				0	0.000937442	1
				0	-1	0.000653276
				-26.0517	14.8769	6.92032
			}
			{bone revolute "wheell4"
				{parameters "Radius=0.4;ID=trackleft;"}
				{Matrix34
					-0.998714	0	-0.0507027
					0	1	0
					0.0353566	0	-0.999375
					24.5461	0.17442	-3.25043
				}
				{VolumeView "wheell4.ply"}
			}
			{bone revolute "wheell6"
				{parameters "Radius=0.4;ID=trackleft;"}
				{Matrix34
					-1	0	0
					0	1	0
					0	0	1
					8.05825	0.152385	-3.50104
				}
				{VolumeView "wheell6.ply"}
			}
			{bone revolute "wheell5"
				{parameters "Radius=0.4;ID=trackleft;"}
				{Matrix34
					-1	0	0
					0	1	0
					0	0	1
					16.4177	0.144339	-3.00305
				}
				{VolumeView "wheell5.ply"}
			}
			{bone revolute "wheell7"
				{parameters "Radius=0.4;ID=trackleft;"}
				{Matrix34
					-1	0	0
					0	1	0
					0	0	1
					-0.11162	0.240126	-3.07038
				}
				{VolumeView "wheell7.ply"}
			}
			{bone "trackl"
				{parameters "CommonMesh;ID=trackleft;"}
				{Position 7.06385	0.978125	-1.164}
				{VolumeView "trackl.ply"}
			}
			{bone "fxtracel2"
				{Matrix34
					1	0	0
					0	1	0
					0	0	1
					22.8258	-6.69699	-3.17404
				}
			}
		}
		{bone "pivot_front"
			{Position 40.1887	0.211937	9.13237}
			{VolumeView "pivot_front.ply"}
			{bone revolute "steerl"
				{Matrix34
					0.999993	0.00386515	0
					0.00386515	-0.999993	0
					0	0	1
					-0.17178	15.2619	-0.168826
				}
				{VolumeView "steerl.ply"}
				{bone "fxtracel1"
					{Matrix34
						-0.999993	-0.00386753	0
						0	0	1
						-0.00386753	0.999993	0
						0.466686	-2.22822	-8.79073
					}
				}
				{bone revolute "wheelleft"
					{parameters "ID=wheelleft;Radius=0.5;"}
					{Matrix34
						-0.999932	-0.0116482	0
						2.28041e-005	-0.0019576	0.999998
						0.0116482	-0.99993	-0.00195773
						0.213303	-2.78621	0.322494
					}
					{VolumeView "wheell1.ply"}
				}
			}
			{bone revolute "steerr"
				{Matrix34
					1	0	0
					0	-1	0
					0	0	1
					-0.144363	-15.1916	-0.709062
				}
				{VolumeView "steerr.ply"}
				{bone revolute "part1"
					{parameters "ID=wheelright;Radius=0.5;"}
					{Matrix34
						-0.99997	-0.0077819	0
						1.52362e-005	-0.00195784	0.999998
						0.00778189	-0.999968	-0.0019579
						0.175125	2.72046	0.862726
					}
					{VolumeView "part1.ply"}
				}
				{bone "fxtracer1"
					{Matrix34
						-1	0	0
						0	0	1
						0	1	0
						0.279633	2.48969	-8.3432
					}
				}
			}
		}
		{bone "wheelsr"
			{parameters "ID=trackrght;"}
			{Matrix34
				1	0	0
				0	0.000937442	1
				0	-1	0.000653276
				-26.0872	-12.7831	6.84102
			}
			{bone revolute "wheelr4"
				{parameters "Radius=0.4;ID=trackright;"}
				{Matrix34
					-1	0	0
					0	1	0
					0	0	1
					24.6814	0.200094	5.37223
				}
				{VolumeView "wheelr4.ply"}
			}
			{bone revolute "wheelr6"
				{parameters "Radius=0.4;ID=trackright;"}
				{Matrix34
					-1	0	0
					0	1	0
					0	0	1
					8.09468	0.338646	4.86015
				}
				{VolumeView "wheelr6.ply"}
			}
			{bone revolute "wheelr5"
				{parameters "Radius=0.4;ID=trackright;"}
				{Matrix34
					-1	0	0
					0	1	0
					0	0	1
					16.2706	0.374115	4.93392
				}
				{VolumeView "wheelr5.ply"}
			}
			{bone revolute "wheelr7"
				{parameters "Radius=0.4;ID=trackright;"}
				{Matrix34
					-1	0	0
					0	1	0
					0	0	1
					-0.0764256	0.382493	4.87398
				}
				{VolumeView "wheelr7.ply"}
			}
			{bone "trackr"
				{parameters "CommonMesh;ID=trackright;"}
				{Position 4.62335	0.87511	4.89325}
				{VolumeView "trackr.ply"}
			}
			{bone "fxtracer2"
				{Matrix34
					1	0	0
					0	1	0
					0	0	1
					22.7659	-6.6911	4.44098
				}
			}
		}
		{bone "body"
			{parameters "ID=body;"}
			{Matrix34
				0.999635	-3.90864e-005	-0.0270325
				0	0.999999	-0.00145239
				0.0270325	0.00145187	0.999634
				-8.28616	0.167168	22.0543
			}
			{VolumeView "body.ply"}
			{bone "part3"
				{parameters "ID=body;"}
				{Matrix34
					0.918305	0	-0.395874
					0	1	0
					0.395874	0	0.918305
					-35.9234	11.4175	1.70321
				}
				{VolumeView "part3.ply"}
			}
			{bone "detail2"
				{parameters "ID=body;"}
				{Position -1.63854	-17.6936	10.9839}
				{VolumeView "detail2.ply"}
			}
			{bone "fxfire1"
				{Matrix34
					0.99999	0.00453793	0
					0	0	1
					0.00453793	-0.99999	0
					37.6533	-0.468592	1.52102
				}
			}
			{bone "engine"
				{parameters "ID=engine;"}
				{Position 0	0	0}
				{VolumeView "engine.ply"}
				{bone "part5"
					{parameters "ID=part5;"}
					{Matrix34
						0.0501596	-0.857584	0.511892
						0.0836333	0.514344	0.853497
						-0.995233	0	0.0975219
						38.6898	-7.13105	3.92302
					}
					{VolumeView "engine_cover.ply"}
				}
				{bone "part6"
					{parameters "ID=part6;"}
					{Matrix34
						0.0806474	0.505827	0.858857
						-0.0472894	0.862635	-0.503612
						-0.99562	0	0.0934895
						38.482	7.26762	3.95732
					}
					{VolumeView "engine_cover1.ply"}
				}
				{bone "engine_door1"
					{parameters "ID=body;"}
					{Matrix34
						-0.146743	0.387057	-0.910304
						0.133389	-0.904118	-0.40593
						-0.98014	-0.180991	0.0810437
						36.2152	-11.951	3.45809
					}
					{VolumeView "engine_door1.ply"}
				}
			}
			{bone "part4"
				{parameters "ID=part4;"}
				{Matrix34
					0	-1	0
					0	0	1
					-1	0	0
					37.7601	-0.125538	-7.16234
				}
				{VolumeView "engine_body.ply"}
				{bone revolute "vent"
					{parameters "ID=engine;"}
					{Position 0.0443396	6.69172	-1.90432}
					{VolumeView "vent.ply"}
				}
			}
			{bone revolute "wheell2"
				{parameters "Radius=0.5;ID=trackleft;"}
				{Matrix34
					-1	0	0
					0	0.000937529	1
					0	-1	0.000653363
					21.0149	18.1127	-13.4508
				}
				{VolumeView "wheell2.ply"}
			}
			{bone revolute "wheell3"
				{parameters "Radius=0.5;ID=trackleft;"}
				{Matrix34
					-1	0	0
					0	0.000937529	1
					0	-1	0.000653363
					-27.5013	17.8577	-13.1328
				}
				{VolumeView "wheell3.ply"}
			}
			{bone revolute "wheelr2"
				{parameters "Radius=0.5;ID=trackright;"}
				{Matrix34
					-1	0	0
					0	0.000937529	1
					0	-1	0.000653363
					21.0296	-18.0463	-13.4158
				}
				{VolumeView "wheelr2.ply"}
			}
			{bone revolute "part2"
				{parameters "Radius=0.5;ID=trackright;"}
				{Matrix34
					-1	0	0
					0	0.000937529	1
					0	-1	0.000653363
					-27.5096	-18.4702	-13.2224
				}
				{VolumeView "part2.ply"}
			}
			{bone "detail5"
				{parameters "ID=body;"}
				{Position 17.7348	0.13476	-2.71117}
				{VolumeView "detail5.ply"}
			}
			{bone "detail4"
				{parameters "ID=body;"}
				{Matrix34
					0.999503	0.0220811	0.0224757
					0.030492	-0.498224	-0.866512
					-0.00793559	0.866767	-0.49865
					10.8396	17.1516	-0.969057
				}
				{VolumeView "detail4.ply"}
			}
			{bone revolute "turret"
				{parameters "ID=turret;"}
				{Position -11.2413	-0.0258121	15.912}
				{VolumeView "turret.ply"}
				{bone "doorl"
					{parameters "ID=turret;"}
					{Matrix34
						-0.00318224	0	0.999995
						0	1	0
						-0.999995	0	-0.00318224
						-0.322552	-12.4771	0.973892
					}
					{VolumeView "doorl.ply"}
				}
				{bone "doorr"
					{parameters "ID=turret;"}
					{Matrix34
						0.00447324	0	0.99999
						0	1	0
						-0.99999	0	0.00447324
						-0.364849	12.2044	0.977287
					}
					{VolumeView "doorr.ply"}
				}
				{bone revolute "gun_rot"
					{parameters "ID=gun;"}
					{limits -8 35}
					{Matrix34
						1	0	0
						0	-0.00300471	0.999996
						0	-0.999996	-0.00300471
						0.562973	-0.00137027	0.259071
					}
					{VolumeView "gun_rot.ply"}
					{bone "gun"
						{parameters "ID=gun;"}
						{Matrix34
							1	0	0
							0	-0.00300471	-0.999996
							0	0.999996	-0.00300471
							19.0626	0.0076561	0.10877
						}
						{VolumeView "gun.ply"}
					}
				}
			}
		}
	}
}
{Volume "body"
	{Polyhedron "body.vol"}
	{Bone "body"}
	{Matrix34
		1	-1.57356e-005	0
		0	0	1
		-1.57356e-005	-1	0
		10.9052	13.7862	-9.22706
	}
}
{Volume "engine"
	{Polyhedron "engine.vol"}
	{Bone "engine"}
	{Matrix34
		1	-1.57356e-005	0
		0	0	1
		-1.57356e-005	-1	0
		10.9052	13.7862	-9.22707
	}
}
{Volume "part1"
	{Cylinder 9.9 4}
	{Bone "part1"}
	{Matrix34
		-0.99997	1.25484e-005	0.00777428
		0	0.999998	-0.0019522
		-0.00777428	-0.00195216	-0.999968
		-0.104996	-0.162661	0.367793
	}
}
{Volume "gun"
	{Polyhedron "gun.vol"}
	{Bone "gun"}
	{Matrix34
		0	-1	0
		0	0	1
		-1	0	0
		18.9022	-0.0951103	-0.117374
	}
}
{Volume "turret1"
	{Box 2.3 2 22.5}
	{Bone "turret"}
	{Position 0.143925	0.0800549	-15.3426}
}
{Volume "turret"
	{Polyhedron "turret.vol"}
	{Bone "turret"}
	{Position -0.322388	-0.0519821	-4.22432}
}
{Volume "trackleft"
	{Box 65 16.95 7}
	{Bone "wheelsl"}
	{Matrix34
		1	0	0
		0	1	0.000928392
		0	-0.000650541	1
		14.2261	1.47947	-3.28754
	}
}
{Volume "trackright"
	{Box 65 16.9 7}
	{Bone "wheelsr"}
	{Matrix34
		1	0	0
		0	1	0.000928392
		0	-0.000650541	1
		14.1831	1.68683	4.75756
	}
}
{Volume "wheelleft"
	{Cylinder 9.9 4}
	{Bone "wheelleft"}
	{Matrix34
		-0.99997	1.25484e-005	0.0077757
		0	0.999998	-0.0019522
		-0.00777571	-0.00195216	-0.999968
		0.00325503	-0.0955686	-0.379103
	}
}
