;Exported by: sana
;Date:        Mon Apr 30 11:02:12 2007
;File:        D:\-Project-\-3DWork-\Entourage\School_Ru\School_ru_cut3a_x.max
{Skeleton
	{bone "school_ru_inn_r_2_6_x"
		{Orientation
			1	0	0
			0	-1	0
			0	0	1
		}
		{bone "piece01"
			{Position 0.224365	1.7254	0.263428}
			{VolumeView "piece01.ply"}
			{bone "sub_piece01"
				{Position 0	0.799561	9.62885}
				{VolumeView "sub_piece01.ply"}
			}
		}
		{bone "piece03"
			{Position 0.224411	23.8258	2.8146}
			{VolumeView "piece03.ply"}
			{bone "sub_piece03"
				{Position 0	-5.74771	6.38506}
				{VolumeView "sub_piece03.ply"}
			}
		}
		{bone "piece02"
			{Position 0.224365	-13.8193	2.96094}
			{VolumeView "piece02.ply"}
		}
	}
}
{Volume "piece01"
	{Box 2.95276 14.5949 16.2463}
	{Bone "piece01"}
	{Matrix34
		1	0	0
		0	0.997068	0.0765169
		0	-0.0765169	0.997068
		0	0.0540634	-0.704284
	}
}
{Volume "piece02"
	{Box 2.95276 11.7149 12.2787}
	{Bone "piece02"}
	{Matrix34
		1	0	0
		0	0.988765	-0.149481
		0	0.149481	0.988765
		0	0.63814	0.317503
	}
}
{Volume "piece03"
	{Box 2.95276 17.5709 14.1546}
	{Bone "piece03"}
	{Matrix34
		1	0	0
		0	0.921434	-0.388534
		0	0.388534	0.921434
		0	0.958629	-0.0728892
	}
}
{Volume "sub_piece01"
	{Box 2.95276 16.9208 8.36821}
	{Bone "sub_piece01"}
	{Matrix34
		1	0	0
		0	0.957492	-0.28846
		0	0.28846	0.957492
		0	0.575791	1.03218
	}
}
{Volume "sub_piece03"
	{Box 2.95276 12.6748 11.03}
	{Bone "sub_piece03"}
	{Matrix34
		1	0	0
		0	0.918468	0.395494
		0	-0.395494	0.918468
		0	-0.736737	0.500958
	}
}
