;Exported by: sana
;Date:        Sat Jan 28 14:50:16 2006
;File:        D:\-Project-\-3DWork-\Entourage\house_euro_110\house_euro_110_x.max
{Skeleton
	{bone "110n_corner4"
		{Orientation
			1	0	0
			0	-1	0
			0	0	1
		}
		{bone "piece0"
			{Position 31.9966	7.72126	52.3616}
			{VolumeView "piece0.ply"}
			{bone "sub_piece0"
				{Position -11.5391	-4.39355	0}
				{VolumeView "sub_piece0.ply"}
			}
		}
		{bone "piece1"
			{Position 2.44881	23.5573	52.3616}
			{VolumeView "piece1.ply"}
			{bone "sub_piece1"
				{Position 5.79369	-7.72492	0}
				{VolumeView "sub_piece1.ply"}
			}
		}
		{bone "piece2"
			{Position -1.5102	-15.9846	52.3616}
			{VolumeView "piece2.ply"}
			{bone "sub_piece2"
				{Position 0.241409	11.0563	0}
				{VolumeView "sub_piece2.ply"}
			}
		}
		{bone "piece3"
			{Position -5.24935	-26.3957	49.2305}
			{VolumeView "piece3.ply"}
			{bone "sub_piece3"
				{Position 12.0116	0	-3.74132}
				{VolumeView "sub_piece3.ply"}
			}
		}
		{bone "piece4"
			{Position -5.50809	-26.3957	26.8143}
			{VolumeView "piece4.ply"}
		}
		{bone "piece5"
			{Position 18.6727	-26.3957	21.5233}
			{VolumeView "piece5.ply"}
			{bone "sub_piece5"
				{Position -8.81833	0	-7.28672}
				{VolumeView "sub_piece5.ply"}
			}
		}
		{bone "piece6"
			{Position -12.1219	10.3048	58.209}
			{VolumeView "piece6.ply"}
			{bone "sub_piece6"
				{Position 0	-13.165	-2.7427}
				{VolumeView "sub_piece6.ply"}
			}
		}
	}
}
{Volume "piece0"
	{Box 15.2953 20.6487 3.93701}
	{Bone "piece0"}
	{Matrix34
		0.921645	0.388034	0
		-0.388034	0.921645	0
		0	0	1
		-0.348842	0.808668	0
	}
}
{Volume "piece1"
	{Box 19.714 16.3189 3.93701}
	{Bone "piece1"}
	{Position -1.38794	0.0925407	0}
}
{Volume "piece2"
	{Box 14.4842 14.098 3.93701}
	{Bone "piece2"}
	{Position 0	0	0}
}
{Volume "piece3"
	{Box 21.9227 7.87402 25.4671}
	{Bone "piece3"}
}
{Volume "piece4"
	{Box 21.3496 7.87402 12.924}
	{Bone "piece4"}
	{Matrix34
		0.999297	0	0.0374907
		0	1	0
		-0.0374907	0	0.999297
		-0.149522	0	0.620509
	}
}
{Volume "piece5"
	{Box 19.2193 7.87402 12.4561}
	{Bone "piece5"}
	{Matrix34
		0.867377	0	-0.497651
		0	1	0
		0.497651	0	0.867377
		0.55908	0	-1.12208
	}
}
{Volume "piece6"
	{Box 7.87402 18.6504 14.1706}
	{Bone "piece6"}
	{Position 0	0	0}
}
{Volume "sub_piece0"
	{Box 13.3641 15.2567 3.93701}
	{Bone "sub_piece0"}
	{Matrix34
		0.917591	0.397525	0
		-0.397525	0.917591	0
		0	0	1
		-1.05579	-1.57017	0
	}
}
{Volume "sub_piece1"
	{Box 15.1042 10.0173 3.93701}
	{Bone "sub_piece1"}
	{Matrix34
		0.89138	0.453257	0
		-0.453257	0.89138	0
		0	0	1
		0.867123	-1.48825	0
	}
}
{Volume "sub_piece2"
	{Box 14.3877 12.2633 3.93701}
	{Bone "sub_piece2"}
	{Position 0	0	0}
}
{Volume "sub_piece3"
	{Box 14.4401 7.87402 15.6216}
	{Bone "sub_piece3"}
	{Position 0	0	0}
}
{Volume "sub_piece5"
	{Box 12.2139 7.87402 10.6321}
	{Bone "sub_piece5"}
	{Matrix34
		0.912995	0	0.407972
		0	1	0
		-0.407972	0	0.912995
		-0.865508	0	0.571189
	}
}
{Volume "sub_piece6"
	{Box 7.87402 9.50802 9.4166}
	{Bone "sub_piece6"}
	{Position 0	0	0}
}
