;Exported by: sergienko
;Date:        Thu Jun 29 19:07:53 2006
;File:        D:\-projets1_5\3dwork\anima\construction\e_house021_corner\e_house021_corner01.max
{Skeleton
	{bone "022_corner13"
		{Orientation
			1	0	0
			0	-1	0
			0	0	1
		}
		{VolumeView "022_corner13.ply"}
		{bone "fix6"
			{Position 72.0313	17.6673	95.8232}
		}
		{bone "fix7"
			{Position 72.0313	-37.122	95.8232}
		}
		{bone "fix8"
			{Position -6.17861	-61.156	88.6199}
		}
		{bone "fix9"
			{Position -77.8601	-41.1692	88.6199}
		}
		{bone "fix10"
			{Position -77.8601	21.307	88.6199}
		}
		{bone "fix11"
			{Position -14.1807	49.8455	88.6199}
		}
	}
}
{Volume "roof1"
	{Box 85.9036 24.1443 5.1121}
	{Bone "022_corner13"}
	{Matrix34
		1	0	0
		0	0.742335	-0.670029
		0	0.670029	0.742335
		-2.7525	3.37847	157.229
	}
}
{Volume "roof2"
	{Box 70.2265 37.3593 5.1121}
	{Bone "022_corner13"}
	{Matrix34
		1	0	0
		0	0.726849	0.686798
		0	-0.686798	0.726849
		4.76105	-19.2247	153.28
	}
}
{Volume "roof3"
	{Box 27.149 31.2855 5.1121}
	{Bone "022_corner13"}
	{Matrix34
		1	0	0
		0	0.742335	-0.670029
		0	0.670029	0.742335
		-9.33789	23.4024	139.156
	}
}
