;Exported by: shevchenko
;Date:        Tue Mar 14 11:55:00 2006
;File:        D:\-Projects1_5-\-3DWork-\euro1_corner2_lm_corner_x.max
{Skeleton
	{bone "101_f4c2"
		{Orientation
			1	0	0
			0	-1	0
			0	0	1
		}
		{bone "piece2"
			{Matrix34
				0	1	0
				0	0	1
				1	0	0
				49.2124	0.118179	-20.2322
			}
			{VolumeView "piece2.ply"}
		}
		{bone "piece1"
			{Matrix34
				0	1	0
				0	0	1
				1	0	0
				49.2124	23.7932	-1.22943
			}
			{VolumeView "piece1.ply"}
		}
		{bone "piece0"
			{Matrix34
				0	0.766044	-0.642788
				0	0.642788	0.766044
				1	0	0
				49.2124	-2.42828	5.06314
			}
			{VolumeView "piece0.ply"}
		}
		{bone "piece3"
			{Matrix34
				0	1	0
				0	0	1
				1	0	0
				49.2124	-25.7192	-19.5534
			}
			{VolumeView "piece3.ply"}
		}
		{bone "sub_piece2"
			{Matrix34
				0	-1	0
				0	0	-1
				1	0	0
				44.5614	36.1875	0.639038
			}
			{VolumeView "sub_piece2.ply"}
		}
		{bone "sub_piece1"
			{Matrix34
				0	-1	0
				0	0	-1
				1	0	0
				19.6917	27.3861	11.5794
			}
			{VolumeView "sub_piece1.ply"}
		}
		{bone "sub_piece0"
			{Matrix34
				0	-1	0
				0	0	-1
				1	0	0
				-8.85909	30.0929	8.19766
			}
			{VolumeView "sub_piece0.ply"}
		}
		{bone "piece10"
			{Matrix34
				0	-1	0
				0	0	1
				-1	0	0
				-19.0614	-6.634	17.0053
			}
			{VolumeView "piece10.ply"}
		}
		{bone "piece9"
			{Matrix34
				0	1	0
				0	0	-1
				-1	0	0
				-29.423	8.15192	34.3781
			}
			{VolumeView "piece9.ply"}
		}
		{bone "piece12"
			{Matrix34
				0	-1	0
				0	0	1
				-1	0	0
				-9.98428	-23.0295	-3.66403
			}
			{VolumeView "piece12.ply"}
		}
		{bone "piece11"
			{Matrix34
				0	-1	0
				0	0	1
				-1	0	0
				-23.8255	22.9443	17.0053
			}
			{VolumeView "piece11.ply"}
		}
		{bone "piece5"
			{Matrix34
				0	-1	0
				0	0	1
				-1	0	0
				28.8779	-6.83115	21.6387
			}
			{VolumeView "piece5.ply"}
		}
		{bone "piece7"
			{Matrix34
				0	-1	0
				0	0	1
				-1	0	0
				29.1254	27.5346	14.7608
			}
			{VolumeView "piece7.ply"}
		}
		{bone "piece8"
			{Matrix34
				0	-1	0
				0	0	1
				-1	0	0
				-19.732	24.3479	18.8378
			}
			{VolumeView "piece8.ply"}
		}
		{bone "piece6"
			{Matrix34
				0	-1	0
				0	0	1
				-1	0	0
				-15.8222	-5.37848	22.8859
			}
			{VolumeView "piece6.ply"}
		}
		{bone "piece4"
			{Matrix34
				0	-1	0
				0	0	1
				-1	0	0
				32.2899	-38.1037	-20.071
			}
			{VolumeView "piece4.ply"}
		}
	}
}
{Volume "piece0"
	{Box 5.90552 15.4179 32.6779}
	{Bone "piece0"}
	{Matrix34
		0	0	1
		0.998968	0.0454087	0
		-0.0454087	0.998968	0
		-4.42788	0.816931	0
	}
}
{Volume "piece10"
	{Box 53.7435 3.93702 3.93701}
	{Bone "piece10"}
	{Matrix34
		0	0	-1
		-1	0	0
		0	1	0
		0	0	0
	}
}
{Volume "piece11"
	{Box 54.0452 3.93702 3.93701}
	{Bone "piece11"}
	{Matrix34
		0	0	-1
		-1	0	0
		0	1	0
		0	0	0
	}
}
{Volume "piece12"
	{Box 57.8349 3.93702 3.93701}
	{Bone "piece12"}
	{Matrix34
		0	0	-1
		-1	0	0
		0	1	0
		0	0	0
	}
}
{Volume "piece1"
	{Box 5.90552 13.5827 27.5735}
	{Bone "piece1"}
	{Matrix34
		0	0	1
		0.962018	-0.272987	0
		0.272987	0.962018	0
		-0.928557	-0.683529	1.33981e-005
	}
}
{Volume "piece2"
	{Box 5.90552 27.4409 14.6013}
	{Bone "piece2"}
	{Matrix34
		0	0	1
		0.976992	-0.213274	0
		0.213274	0.976992	0
		1.41327	0.425119	-1.43346e-005
	}
}
{Volume "piece3"
	{Box 5.9055 17.5394 16.8898}
	{Bone "piece3"}
	{Matrix34
		0	0	1
		1	0	0
		0	1	0
		0	0.563138	-2.6365e-005
	}
}
{Volume "piece4"
	{Box 34.638 1.9685 36.4805}
	{Bone "piece4"}
	{Matrix34
		0	0	-1
		-0.783323	-0.621615	0
		-0.621615	0.783323	0
		-5.65337	8.55752	-6.91952
	}
}
{Volume "piece5"
	{Box 34.638 1.9685 36.4805}
	{Bone "piece5"}
	{Matrix34
		0	0	-1
		-0.783323	-0.621615	0
		-0.621615	0.783323	0
		2.71738	-4.29272	-7.77114
	}
}
{Volume "piece6"
	{Box 20.09 1.9685 36.4805}
	{Bone "piece6"}
	{Matrix34
		0	0	-1
		-0.783323	-0.621615	0
		-0.621615	0.783323	0
		-2.92389	3.39951	-4.01605
	}
}
{Volume "piece7"
	{Box 35.9007 1.9685 45.6059}
	{Bone "piece7"}
	{Matrix34
		0	0	-1
		-0.787041	0.616901	0
		0.616901	0.787041	0
		3.37945	4.37765	-4.158
	}
}
{Volume "piece8"
	{Box 22.2584 1.9685 41.0453}
	{Bone "piece8"}
	{Matrix34
		0	0	-1
		-0.787041	0.616901	0
		0.616901	0.787041	0
		2.61742	3.39399	2.45088
	}
}
{Volume "piece9"
	{Box 48.1396 5.90553 5.90553}
	{Bone "piece9"}
	{Matrix34
		0	0	-1
		1	0	0
		0	-1	0
		0	-2.09808e-005	1.48561e-005
	}
}
{Volume "sub_piece0"
	{Box 3.40961 3.34646 45.8125}
	{Bone "sub_piece0"}
	{Matrix34
		0	0	1
		-0.774745	-0.632274	0
		0.632274	-0.774745	0
		0.615893	-0.148984	0
	}
}
{Volume "sub_piece1"
	{Box 3.40963 3.34646 54.6899}
	{Bone "sub_piece1"}
	{Matrix34
		0	0	1
		-0.789438	-0.613831	0
		0.613831	-0.789438	0
		0.398268	0.545192	1.84505e-005
	}
}
{Volume "sub_piece2"
	{Box 3.40958 3.35988 37.6589}
	{Bone "sub_piece2"}
	{Matrix34
		0	0	1
		-0.781375	-0.624062	0
		0.624062	-0.781375	0
		0.51902	-0.127364	0
	}
}
