;Exported by: klimenko
;Date:        Sat Dec 24 16:23:00 2005
;File:        D:\-Project-\-3DWork-\fences\breakwater.max
{Skeleton
	{bone "breakwater3"
		{Orientation
			1	0	0
			0	-1	0
			0	0	1
		}
		{VolumeView "breakwater3.ply"}
	}
}
{Obstacle "body1"
	{Obb2
		{Center -3.30511 -48.8733}
		{Extent 3.50672 3.22419}
		{Axis 1 0}
	}
	{Rotate}
	{Tags  "body"}
}
{Obstacle "body2"
	{Obb2
		{Center -3.30187 -40.2134}
		{Extent 11.4798 3.85233}
		{Axis 0.602189 0.798353}
	}
	{Rotate}
	{Tags  "body"}
}
{Obstacle "body3"
	{Obb2
		{Center 1.25693 -12.0074}
		{Extent 12.2466 3.56298}
		{Axis 0.874744 0.484585}
	}
	{Rotate}
	{Tags  "body"}
}
{Obstacle "body4"
	{Obb2
		{Center -3.56183 33.4302}
		{Extent 14.0627 3.84441}
		{Axis 0.616024 0.787727}
	}
	{Rotate}
	{Tags  "body"}
}
{Obstacle "body5"
	{Obb2
		{Center -0.888312 48.9017}
		{Extent 19.182 2.88065}
		{Axis 1 0}
	}
	{Rotate}
	{Tags  "body"}
}
{Volume "body1"
	{Box 7.01344 6.44838 40.8215}
	{Bone "breakwater3"}
	{Position -3.30511	48.8733	2.00079}
}
{Volume "body2"
	{Box 5.82482 4.96705 45.8349}
	{Bone "breakwater3"}
	{Matrix34
		0.970605	-0.0623167	0.232469
		0.122745	0.95901	-0.255408
		-0.207024	0.276435	0.938469
		-3.30187	40.2134	4.9925
	}
}
{Volume "body3"
	{Box 5.0026 5.14739 39.5946}
	{Bone "breakwater3"}
	{Matrix34
		0.913605	0.153898	-0.376351
		-0.0529482	0.962751	0.265156
		0.403139	-0.222321	0.887723
		1.25694	12.0074	1.52102
	}
}
{Volume "body4"
	{Box 5.31057 5.3546 44.0677}
	{Bone "breakwater3"}
	{Matrix34
		0.945798	0.0127719	0.324506
		0.113182	0.923616	-0.366229
		-0.304396	0.383107	0.872108
		-3.56183	-33.4302	1.28293
	}
}
{Volume "body5"
	{Box 45.9443 5.4346 5.75854}
	{Bone "breakwater3"}
	{Matrix34
		0.749512	-0.00354753	-0.661981
		0.0217414	0.999578	0.0192594
		0.661633	-0.0288275	0.749273
		-0.888312	-48.9017	-0.0487627
	}
}
