;Exported by: sasha
;Date:        Tue Dec 25 09:13:34 2007
;File:        D:\-Project-\-3DWork-\a_house 303\a_house_303alt(room).max
{Skeleton
	{bone "303_dw3r"
		{Orientation
			1	0	0
			0	-1	0
			0	0	1
		}
		{VolumeView "303_dw3r.ply"}
		{bone "window1"
			{Matrix34
				0	0	-1
				-1	0	0
				0	1	0
				-35.0536	13.1659	31.4777
			}
			{VolumeView "window1.ply"}
		}
		{bone "exterior"
			{Position -33.0799	-7.16953	45.8825}
			{VolumeView "exterior.ply"}
		}
		{bone "attach1"
			{Matrix34
				0	1	0
				-1	0	0
				0	0	1
				-35.0241	3.46049	0
			}
		}
		{bone "window1_x"
			{Matrix34
				0	0	-1
				-1	0	0
				0	1	0
				-35.0536	13.1659	31.4777
			}
			{visibility 0}
			{VolumeView "window1_x.ply"}
		}
	}
}
{Obstacle "body1"
	{Obb2
		{Center -56.7754 4.97691}
		{Extent 4.67019 24.7772}
		{Axis 1 0}
	}
	{Rotate}
	{Tags  "body"}
}
{Obstacle "body2"
	{Obb2
		{Center -34.3459 -18.3225}
		{Extent 24.7772 6.97645}
		{Axis 1 0}
	}
	{Rotate}
	{Tags  "body"}
}
{Area "interior"
	{Obb2
		{Center -32.0389 7.15265}
		{Extent 22.0998 22.2114}
		{Axis -1 0}
	}
	{Rotate}
}
{Volume "body1"
	{Box 6.34833 49.5544 16.2921}
	{Bone "303_dw3r"}
	{Matrix34
		0.981627	0	-0.190809
		0	1	0
		0.190809	0	0.981627
		-56.7754	-4.97691	7.33199
	}
}
{Volume "body2"
	{Box 11.0472 49.5544 16.2921}
	{Bone "303_dw3r"}
	{Matrix34
		0	-0.981627	-0.190809
		1	0	0
		0	-0.190809	0.981627
		-34.3459	18.3225	7.33199
	}
}
{Volume "body3"
	{Box 4.76409 41.0254 28.3608}
	{Bone "303_dw3r"}
	{Matrix34
		0.979874	0	-0.199614
		0	1	0
		0.199614	0	0.979874
		-52.8635	-6.16811	28.5282
	}
}
{Volume "body4"
	{Polyhedron "body4.vol"}
	{Bone "303_dw3r"}
	{Matrix34
		0	-0.979875	-0.199614
		1	0	0
		0	-0.199614	0.979875
		-33.0482	16.5507	14.6332
	}
}
{Volume "body5"
	{Box 9.32273 8.78903 33.0687}
	{Bone "303_dw3r"}
	{Matrix34
		0.986249	0	-0.165263
		0	1	0
		0.165263	0	0.986249
		-10.0833	18.75	30.9401
	}
}
{Volume "body6"
	{Box 10.5347 42.0564 8.59785}
	{Bone "303_dw3r"}
	{Position -8.26925	-6.46669	45.5749}
}
{Volume "hole1"
	{Box 11.811 11.811 15.748}
	{Bone "303_dw3r"}
	{Matrix34
		0	0	-1
		1	0	0
		0	-1	0
		-35.1251	13.7238	29.5125
	}
}
{Volume "roof1"
	{Box 44.1897 43.7641 2.95276}
	{Bone "exterior"}
	{Matrix34
		0.98807	0	0.154004
		0	1	0
		-0.154004	0	0.98807
		-0.13086	-0.0712357	-0.0374903
	}
}
{Volume "window1"
	{Box 11.811 12.5197 3.18685}
	{Bone "window1"}
	{Matrix34
		0	1	0
		-0.990365	0	-0.138479
		-0.138479	0	0.990365
		1.96517	0.0714538	0.557807
	}
}
