;Exported by: sana
;Date:        Sun Mar 05 15:05:29 2006
;File:        D:\-Project-\-3DWork-\Entourage\kaserne1\Kazarma1_x.max
{Skeleton
	{bone "kaserne_corn8"
		{Orientation
			1	0	0
			0	-1	0
			0	0	1
		}
		{bone "exterior"
			{Position -6.10352e-005	-3.83859	74.8031}
		}
		{bone "piece04"
			{Position -7.66043	-4.60574	74.6127}
			{VolumeView "piece04.ply"}
		}
		{bone "piece05"
			{Position -12.2012	-28.6148	77.2394}
			{VolumeView "piece05.ply"}
		}
		{bone "piece06"
			{Position -11.2963	-28.58	67.7637}
			{VolumeView "piece06.ply"}
		}
		{bone "piece00"
			{Position 11.3259	-14.2523	58.9506}
			{VolumeView "piece00.ply"}
			{bone "sub_piece00"
				{Position 0	15.1089	-0.0712662}
				{VolumeView "sub_piece00.ply"}
			}
		}
		{bone "piece01"
			{Position 11.3259	19.9566	55.331}
			{VolumeView "piece01.ply"}
			{bone "sub_piece01"
				{Position 0	-0.213806	-16.0354}
				{VolumeView "sub_piece01.ply"}
			}
		}
		{bone "piece02"
			{Position 11.3259	7.34224	18.8606}
			{VolumeView "piece02.ply"}
			{bone "sub_piece02"
				{Position 0	4.41864	-6.7705}
				{VolumeView "sub_piece02.ply"}
			}
		}
		{bone "piece03"
			{Position 11.3259	-19.3122	27.9116}
			{VolumeView "piece03.ply"}
			{bone "sub_piece03"
				{Position 0	-0.855225	-14.4675}
				{VolumeView "sub_piece03.ply"}
			}
		}
	}
}
{Volume "piece00"
	{Box 5.90552 21.4019 15.9641}
	{Bone "piece00"}
	{Position 0	0.650093	0}
}
{Volume "piece01"
	{Box 5.90552 15.9299 23.607}
	{Bone "piece01"}
	{Matrix34
		1	0	0
		0	0.983426	0.181311
		0	-0.181311	0.983426
		0	-0.539073	0.759038
	}
}
{Volume "piece02"
	{Box 5.90552 22.327 11.1549}
	{Bone "piece02"}
	{Position 0	0	0.668297}
}
{Volume "piece03"
	{Box 5.90552 13.7862 18.5512}
	{Bone "piece03"}
	{Matrix34
		1	0	0
		0	0.957144	-0.289613
		0	0.289613	0.957144
		0	1.29259	-1.4551
	}
}
{Volume "piece04"
	{Box 43.6639 61.9697 3.93701}
	{Bone "piece04"}
	{Matrix34
		0.934394	0	-0.356241
		0	1	0
		0.356241	0	0.934394
		5.47882	0.852867	0.915235
	}
}
{Volume "piece05"
	{Box 50.926 3.40956 3.39458}
	{Bone "piece05"}
	{Matrix34
		0.931364	0	-0.36409
		0	1	0
		0.36409	0	0.931364
		-0.166376	0	-0.00020233
	}
}
{Volume "piece06"
	{Box 41.7035 3.40959 3.76295}
	{Bone "piece06"}
	{Position -5.27674e-005	0	0.800907}
}
{Volume "sub_piece00"
	{Box 5.90552 9.89492 15.3812}
	{Bone "sub_piece00"}
	{Matrix34
		1	0	0
		0	0.97464	-0.223778
		0	0.223778	0.97464
		0	-0.162649	-0.57236
	}
}
{Volume "sub_piece01"
	{Box 5.90552 12.8283 13.3757}
	{Bone "sub_piece01"}
	{Position 0	0	-0.504602}
}
{Volume "sub_piece02"
	{Box 5.90552 15.9641 8.34126}
	{Bone "sub_piece02"}
	{Matrix34
		1	0	0
		0	0.947478	0.319821
		0	-0.319821	0.947478
		0	0.42122	-1.24787
	}
}
{Volume "sub_piece03"
	{Box 5.90552 14.5388 9.78373}
	{Bone "sub_piece03"}
	{Matrix34
		1	0	0
		0	0.993041	0.117765
		0	-0.117765	0.993041
		0	0.233392	0.137162
	}
}
