;Exported by: sana
;Date:        Tue Dec 27 15:46:27 2005
;File:        D:\-Project-\-3DWork-\Entourage\house_euro_115c\house_euro_115s_n_x.max
{Skeleton
	{bone "115s_corner14"
		{Orientation
			1	0	0
			0	-1	0
			0	0	1
		}
		{bone "piece0"
			{Position 31.4402	-6.14737	181.162}
			{VolumeView "piece0.ply"}
			{bone "sub_piece0"
				{Position -11.0636	0	-6.2861}
				{VolumeView "sub_piece0.ply"}
			}
		}
		{bone "piece1"
			{Position -19.7286	-6.14737	174.436}
			{VolumeView "piece1.ply"}
			{bone "sub_piece1"
				{Position 0.251442	0	-15.7153}
				{VolumeView "sub_piece1.ply"}
			}
		}
		{bone "piece2"
			{Position 8.59422	-6.14737	140.365}
			{VolumeView "piece2.ply"}
		}
		{bone "piece3"
			{Position -24.6592	-6.14737	136.216}
			{VolumeView "piece3.ply"}
		}
		{bone "piece4"
			{Position -15.4114	7.52176	119.861}
			{VolumeView "piece4.ply"}
		}
	}
}
{Volume "piece0"
	{Box 30.4657 8.25 20.3161}
	{Bone "piece0"}
	{Position 0.84734	1.52588e-005	0.0731058}
}
{Volume "piece1"
	{Box 28.8208 8.25 26.1817}
	{Bone "piece1"}
	{Matrix34
		0.997073	0	0.0764555
		0	1	0
		-0.0764555	0	0.997073
		-0.271581	0	-1.4365
	}
}
{Volume "piece2"
	{Box 20.7995 8.25 32.8135}
	{Bone "piece2"}
	{Position 1.23797	0	0}
}
{Volume "piece3"
	{Box 32.3106 8.25 20.2187}
	{Bone "piece3"}
	{Matrix34
		0.995937	0	-0.0900504
		0	1	0
		0.0900504	0	0.995937
		0.131572	0	-0.860121
	}
}
{Volume "piece4"
	{Box 72.9405 13.8333 5.90551}
	{Bone "piece4"}
	{Position 6.58206	0	0}
}
{Volume "sub_piece0"
	{Box 21.3045 8.25 14.8679}
	{Bone "sub_piece0"}
	{Matrix34
		0.808691	0	-0.588234
		0	1	0
		0.588234	0	0.808691
		-2.16935	1.52588e-005	-1.43155
	}
}
{Volume "sub_piece1"
	{Box 24.931 8.25 12.9713}
	{Bone "sub_piece1"}
	{Matrix34
		0.949513	0	0.313728
		0	1	0
		-0.313728	0	0.949513
		1.56386	0	-1.4103
	}
}
