;Exported by: sana
;Date:        Mon Apr 30 15:59:32 2007
;File:        D:\-Project-\-3DWork-\Entourage\School_Ru\School_ru_cut3a_x01.max
{Skeleton
	{bone "school_ru_inn_l_1_11_x"
		{Orientation
			1	0	0
			0	-1	0
			0	0	1
		}
		{bone "piece05"
			{Position 12.0913	-12.2987	-15.0966}
			{VolumeView "piece05.ply"}
			{bone "sub_piece05"
				{Position -0.00104523	-2.15027	4.68867}
				{VolumeView "sub_piece05.ply"}
			}
		}
		{bone "piece02"
			{Position 12.0902	2.46082	-1.5319}
			{VolumeView "piece02.ply"}
		}
		{bone "piece04"
			{Position 12.0902	-15.0167	10.6486}
			{VolumeView "piece04.ply"}
			{bone "sub_piece04"
				{Position 3.05176e-005	-1.43475	-6.90999}
				{VolumeView "sub_piece04.ply"}
			}
		}
		{bone "piece03"
			{Position 12.0903	6.97015	15.245}
			{VolumeView "piece03.ply"}
			{bone "sub_piece03"
				{Position 0	1.89435	-7.27061}
				{VolumeView "sub_piece03.ply"}
			}
		}
		{bone "piece07"
			{Position 1.12476	17.894	-5.3439}
			{VolumeView "piece07.ply"}
		}
		{bone "piece06"
			{Position -1.0672	18.3016	12.817}
			{VolumeView "piece06.ply"}
		}
		{bone "piece01"
			{Position -11.2234	20.0708	8.64319}
			{VolumeView "piece01.ply"}
			{bone "sub_piece01"
				{Position 1.43762	-0.264923	-5.52192}
				{VolumeView "sub_piece01.ply"}
			}
		}
		{bone "piece08"
			{Position 9.69757	16.3941	13.1426}
			{VolumeView "piece08.ply"}
			{bone "sub_piece08"
				{Position -2.63281	0.448608	-1.50774}
				{VolumeView "sub_piece08.ply"}
			}
		}
	}
}
{Volume "piece01"
	{Box 4.69078 1.16766 24.4008}
	{Bone "piece01"}
	{Matrix34
		0.987595	-0.157024	0
		0.157024	0.987595	0
		0	0	1
		0	0	0
	}
}
{Volume "piece02"
	{Box 2.95279 6.89864 14.2132}
	{Bone "piece02"}
	{Position -3.05176e-005	0	0}
}
{Volume "piece03"
	{Box 2.95277 12.0161 10.4221}
	{Bone "piece03"}
	{Position -3.05176e-005	0	-0.710594}
}
{Volume "piece04"
	{Box 2.95274 11.9047 8.21782}
	{Bone "piece04"}
	{Matrix34
		1	0	0
		0	0.996442	0.0842746
		0	-0.0842746	0.996442
		0	-0.47739	-0.221747
	}
}
{Volume "piece05"
	{Box 2.95482 12.2386 10.7461}
	{Bone "piece05"}
	{Matrix34
		1	0	0
		0	0.966532	0.256547
		0	-0.256547	0.966532
		-1.52588e-005	0.135082	-1.28801
	}
}
{Volume "piece06"
	{Box 4.4622 1.16285 16.0532}
	{Bone "piece06"}
	{Matrix34
		0.985171	-0.154561	0.0744981
		0.154992	0.987916	0
		-0.0735978	0.0115466	0.997221
		0	0	0
	}
}
{Volume "piece07"
	{Box 3.53799 1.15808 16.78}
	{Bone "piece07"}
	{Matrix34
		0.978826	-0.187536	0.0820358
		0.18817	0.982136	0
		-0.0805704	0.0154367	0.996629
		-2.88826e-005	0	0
	}
}
{Volume "piece08"
	{Box 4.21271 1.13996 15.402}
	{Bone "piece08"}
	{Matrix34
		0.984608	-0.169314	0.0433596
		0.169474	0.985535	0
		-0.0427324	0.00734831	0.99906
		0.35148	-1.57028e-005	0
	}
}
{Volume "sub_piece01"
	{Box 3.1752 1.20504 17.7991}
	{Bone "sub_piece01"}
	{Orientation
		0.988384	-0.151976	0
		0.151976	0.988384	0
		0	0	1
	}
}
{Volume "sub_piece03"
	{Box 2.95277 8.22749 9.35935}
	{Bone "sub_piece03"}
	{Position -3.05176e-005	0	-0.352232}
}
{Volume "sub_piece04"
	{Box 2.9528 9.03519 5.61755}
	{Bone "sub_piece04"}
	{Matrix34
		1	0	0
		0	0.994857	0.101286
		0	-0.101286	0.994857
		-1.52588e-005	-0.0593406	0.130829
	}
}
{Volume "sub_piece05"
	{Box 2.95277 10.5325 6.62757}
	{Bone "sub_piece05"}
	{Matrix34
		1	0	0
		0	0.886323	0.463068
		0	-0.463068	0.886323
		1.52588e-005	0.130757	0.585934
	}
}
{Volume "sub_piece08"
	{Box 2.86149 1.11218 18.4175}
	{Bone "sub_piece08"}
	{Matrix34
		0.987273	-0.154127	0.0392175
		0.154246	0.988032	0
		-0.0387482	0.00604913	0.999231
		-0.338191	-1.50699e-005	0
	}
}
