;Exported by: dima
;Date:        Mon Feb 18 16:03:41 2008
;File:        D:\Попов Дмитрий\Домик\house 102\Krit\church_crit_new_x.max
{Skeleton
	{bone "c2_krit_x"
		{Orientation
			1	0	0
			0	-1	0
			0	0	1
		}
		{bone "piece01"
			{Position 25.1751	40.8987	17.7541}
			{VolumeView "piece01.ply"}
		}
		{bone "piece02"
			{Matrix34
				-1	0	0
				0	0.34202	0.939693
				0	0.939693	-0.34202
				25.1751	3.8073	38.7245
			}
			{VolumeView "piece02.ply"}
		}
		{bone "piece03"
			{Matrix34
				0	-1	0
				-0.34202	0	0.939693
				-0.939693	0	-0.34202
				8.02161	-28.8488	25.0116
			}
			{VolumeView "piece03.ply"}
		}
		{bone "piece04"
			{Matrix34
				0	1	0
				-1	0	0
				0	0	1
				10.3026	-27.0496	62.2727
			}
			{VolumeView "piece04.ply"}
		}
		{bone "piece05"
			{Position 24.3566	23.5673	64.0784}
			{VolumeView "piece05.ply"}
		}
		{bone "piece06"
			{Position -6.72112	10.4259	81.2149}
			{VolumeView "piece06.ply"}
		}
	}
}
{Volume "piece01"
	{Box 12.3943 25.4926 23.2127}
	{Bone "piece01"}
	{Position 0	0	0}
}
{Volume "piece02"
	{Box 12.3943 25.4926 23.2127}
	{Bone "piece02"}
	{Position 0	0	0}
}
{Volume "piece03"
	{Box 9.91544 20.3941 18.5702}
	{Bone "piece03"}
	{Position 0.0594788	0.269131	0.0178375}
}
{Volume "piece04"
	{Box 8.59554 21.7508 19.6638}
	{Bone "piece04"}
	{Position -0.0377502	0.220291	-0.195183}
}
{Volume "piece05"
	{Box 10.7444 23.1103 24.5797}
	{Bone "piece05"}
}
{Volume "piece06"
	{Box 43.1847 48.5069 1.72403}
	{Bone "piece06"}
	{Matrix34
		1	0	0
		0	0.984808	0.173648
		0	-0.173648	0.984808
		0.508179	-0.150384	0.39031
	}
}
