;Exported by: sergienko
;Date:        Fri Feb 17 19:14:33 2006
;File:        D:\-projets1_5\3dwork\anima\construction\bridge\bidge_arc.max
{Skeleton
	{bone "bridge_arc_basis_r"
		{Orientation
			1	0	0
			0	-1	0
			0	0	1
		}
		{VolumeView "bridge_arc_basis_r.ply"}
		{bone "fix1"
			{Matrix34
				0.999997	-0.00226164	0
				0	-0.000105901	1
				-0.00226164	-0.999997	-0.000105902
				60.1692	-5.86052	-9.43198
			}
		}
	}
}
{Volume "body10"
	{Box 25.9517 9.76641 20.2333}
	{Bone "bridge_arc_basis_r"}
	{Matrix34
		0.999999	-0.00161409	0
		0	0	1
		-0.00161409	-0.999999	0
		-119.522	-5.44377	-11.6995
	}
}
{Volume "body11"
	{Cylinder 1.10355 163.835}
	{Bone "bridge_arc_basis_r"}
	{Matrix34
		0.632426	-0.021127	-0.774333
		0.0333877	0.999443	0
		0.773901	-0.0258531	0.632779
		-52.0419	-7.59033	66.627
	}
}
{Volume "body12"
	{Box 120.239 22.5604 3.035}
	{Bone "bridge_arc_basis_r"}
	{Matrix34
		0.999999	-0.00161409	0
		0	0	1
		-0.00161409	-0.999999	0
		72.8032	-3.09383	10.9295
	}
}
{Volume "body13"
	{Box 126.251 22.5604 3.035}
	{Bone "bridge_arc_basis_r"}
	{Matrix34
		0.992464	-0.00160193	0.122523
		-0.122523	0.000197719	0.992466
		-0.00161409	-0.999999	0
		-48.6132	-2.898	3.03219
	}
}
{Volume "body1"
	{Box 9.02382 111.856 9.0748}
	{Bone "bridge_arc_basis_r"}
	{Matrix34
		0.999999	-0.00161409	0
		0	0	1
		-0.00161409	-0.999999	0
		13.5095	-8.6594	65.8712
	}
}
{Volume "body2"
	{Box 18.0476 34.7676 14.2874}
	{Bone "bridge_arc_basis_r"}
	{Matrix34
		0.999999	-0.00161409	0
		0	0	1
		-0.00161409	-0.999999	0
		13.5073	-10.0047	-6.69251
	}
}
{Volume "body3"
	{Box 6.04596 103.454 4.90039}
	{Bone "bridge_arc_basis_r"}
	{Matrix34
		0.999999	-0.00161409	0
		0	0	1
		-0.00161409	-0.999999	0
		97.8656	-10.6623	51.7706
	}
}
{Volume "body4"
	{Box 3.92987 118.403 4.90039}
	{Bone "bridge_arc_basis_r"}
	{Matrix34
		0.728332	-0.0011756	-0.685223
		0.685222	-0.00110606	0.728333
		-0.00161412	-0.999999	0
		55.9747	-10.595	56.1583
	}
}
{Volume "body5"
	{Box 3.92987 65.1217 4.90039}
	{Bone "bridge_arc_basis_r"}
	{Matrix34
		0.831308	-0.00134181	-0.555811
		0.55581	-0.000897174	0.831309
		-0.00161412	-0.999999	0
		114.2	-10.6887	27.2564
	}
}
{Volume "body6"
	{Box 3.73727 55.3534 4.90039}
	{Bone "bridge_arc_basis_r"}
	{Matrix34
		-0.832548	0.00134381	-0.553951
		0.55395	-0.000894053	-0.832549
		-0.00161405	-0.999999	0
		115.076	-10.6899	76.527
	}
}
{Volume "body7"
	{Box 3.62627 33.2121 4.90039}
	{Bone "bridge_arc_basis_r"}
	{Matrix34
		0.00269813	0	-0.999996
		0.999995	-0.0016121	0.00269814
		-0.00161211	-0.999999	0
		115.955	-10.6915	100.754
	}
}
{Volume "body8"
	{Box 3.62627 84.0819 4.90039}
	{Bone "bridge_arc_basis_r"}
	{Matrix34
		-0.236297	0.000381406	-0.971681
		0.97168	-0.00156831	-0.236297
		-0.00161402	-0.999999	0
		56.6148	-10.5957	110.283
	}
}
{Volume "body9"
	{Box 13.8779 37.8967 12.7158}
	{Bone "bridge_arc_basis_r"}
	{Matrix34
		0.999999	-0.00161409	0
		0	0	1
		-0.00161409	-0.999999	0
		-119.522	-5.53545	2.73714
	}
}
