;Exported by: garry
;Date:        Thu Sep 04 15:23:21 2008
;File:        D:\-Projects-\-3DWork-\Model\Пушки\sg\sg_small_hp.max
{Skeleton
	{animation
		{sequence "fire02"}
		{sequence "recoil"}
	}
	{bone "basis"
		{Orientation
			1	0	0
			0	-1	0
			0	0	1
		}
		{bone "body"
			{parameters "ID=body;"}
			{Position -0.282246	-0.0264549	0}
			{bone "engine"
				{parameters "ID=engine;"}
			}
			{bone "wheell1"
				{parameters "ID=wheelleft1;"}
			}
			{bone "wheell2"
				{parameters "ID=wheelleft2;"}
			}
			{bone "wheelr1"
				{parameters "ID=wheelright1;"}
			}
			{bone "wheelr2"
				{parameters "ID=wheelright2;"}
			}
			{bone "emit1"
				{Position -32.3159	-0.0140643	-14.9606}
				{visibility 0}
			}
			{bone "emit2"
				{Matrix34
					0	1	0
					-1	0	0
					0	0	1
					18.397	-28.0792	-14.9606
				}
				{visibility 0}
			}
		}
		{bone revolute "turret"
			{parameters "ID=turret;"}
			{speed 0.04}
			{Matrix34
				1	0	0
				0	-1	0
				0	0	1
				0.00864792	-0.0131788	0.302517
			}
			{VolumeView "turret.ply"}
			{bone revolute "gun_rot"
				{parameters "ID=turret;"}
				{limits -10 50}
				{Matrix34
					1	0	0
					0	0	1
					0	-1	0
					0.289246	-0.00327943	23.7643
				}
				{VolumeView "gun_rot.ply"}
				{bone "shooter02"
					{parameters "ID=gun;"}
					{Matrix34
						1	0	0
						0	1	0
						0	0	-1
						15.6702	3.80063	-7.32717
					}
					{LODView
						{VolumeView "shooter02.ply"}
						{VolumeView "shooter02_lod1.ply"}
					}
				}
				{bone "gun2"
					{parameters "ID=gun;"}
					{Matrix34
						1	0	0
						0	0	-1
						0	1	0
						3.77441	1.50435	-0.00325741
					}
					{VolumeView "gun2.ply"}
					{bone "shooter00"
						{Matrix34
							0.999962	-0.00872544	0
							-0.00872544	-0.999962	1.38283e-005
							0	-1.38285e-005	-1
							22.0015	1.62274e-005	0.146729
						}
					}
					{bone "fxshell2"
						{Matrix34
							-0.0754791	-0.86273	0.499999
							-0.996195	0.0871558	0
							-0.043578	-0.498097	-0.866026
							-2.38407	0.87012	1.84548
						}
					}
				}
				{bone "foresight3"
					{Matrix34
						0.999962	0.0087261	0
						-0.0087261	0.999962	0
						0	0	1
						23.3514	2.04048	0.190015
					}
				}
			}
			{bone "gunner"
				{Matrix34
					1	0	0
					0	-1	0
					0	0	1
					-11.262	-0.0110706	-0.342262
				}
			}
			{bone "seat2"
				{Matrix34
					1	0	0
					0	-1	0
					0	0	1
					-10.3925	13.7281	-0.410537
				}
			}
		}
		{bone "seat1"
			{Matrix34
				0.906308	0	0.422618
				0	1	0
				-0.422618	0	0.906308
				28.7465	-6.33581	-4.84958
			}
		}
		{bone "driver"
			{Matrix34
				0.906308	0	0.422618
				0	1	0
				-0.422618	0	0.906308
				28.7465	6.46274	-4.84958
			}
		}
	}
}
{Volume "body"
	{Box 89.1282 47.7308 17.5385}
	{Bone "body"}
	{Position 11.7299	0	6.20513}
}
{Volume "engine"
	{Box 5.1282 5.1282 5.1282}
	{Bone "engine"}
}
{Volume "turret"
	{Box 0.843023 20.0921 20.359}
	{Bone "turret"}
	{Matrix34
		0.96819	0	0.250218
		0	-1	0
		-0.250218	0	0.96819
		4.72957	0.00324455	24.8133
	}
}
{Volume "wheell1"
	{Box 5.1282 5.1282 5.1282}
	{Bone "wheell1"}
}
{Volume "wheell2"
	{Box 5.1282 5.1282 5.1282}
	{Bone "wheell2"}
}
{Volume "wheelr1"
	{Box 5.1282 5.1282 5.1282}
	{Bone "wheelr1"}
}
{Volume "wheelr2"
	{Box 5.1282 5.1282 5.1282}
	{Bone "wheelr2"}
}
