;Exported by: golanov
;Date:        Sun Jun 11 18:10:21 2006
;File:        D:\-Projects-\-3DWork-\Constructions\entourage\train\passenger car_x01.max
{Skeleton
	{bone "heap02_x"
		{Orientation
			1	0	0
			0	-1	0
			0	0	1
		}
		{bone "piece0"
			{Matrix34
				0	1	0
				-1	0	0
				0	0	1
				15.66	1.62785	-3.80553
			}
			{VolumeView "piece0.ply"}
		}
		{bone "sub_piece0"
			{Matrix34
				0	1	0
				-1	0	0
				0	0	1
				14.5153	-17.5471	-3.80553
			}
			{VolumeView "sub_piece0.ply"}
		}
		{bone "piece1"
			{Matrix34
				0.171463	0.474103	0.863613
				-0.981919	0.0108573	0.188992
				0.080225	-0.880403	0.467392
				50.2439	-13.879	8.9798
			}
			{VolumeView "piece1.ply"}
		}
		{bone "sub_piece1"
			{Matrix34
				0.122518	-0.991706	-0.0388353
				0.989731	0.119183	0.0789221
				-0.073639	-0.0481058	0.996124
				49.5277	-8.27412	0.311958
			}
			{VolumeView "sub_piece1.ply"}
		}
		{bone "piece2"
			{Matrix34
				0.956562	-0.0704123	-0.2829
				0.287568	0.387348	0.875937
				0.0479038	-0.919241	0.39077
				-23.4	-10.4226	8.90972
			}
			{VolumeView "piece2.ply"}
		}
		{bone "sub_piece2"
			{Matrix34
				0.956562	-0.0704123	-0.2829
				0.287568	0.387348	0.875937
				0.0479038	-0.919241	0.39077
				-3.15584	-10.0196	7.37593
			}
			{VolumeView "sub_piece2.ply"}
		}
		{bone "piece3"
			{Matrix34
				0.623314	-0.759665	-0.18544
				-0.781782	-0.60017	-0.169152
				0.0172034	0.250408	-0.967988
				-11.2745	-18.732	2.86018
			}
			{VolumeView "piece3.ply"}
		}
		{bone "sub_piece3"
			{Matrix34
				-0.999286	-0.0282656	-0.0250717
				-0.0336389	0.967727	0.249745
				0.0172034	0.25041	-0.967987
				-21.8115	-19.2052	2.81504
			}
			{VolumeView "sub_piece3.ply"}
		}
		{bone "piece4"
			{Matrix34
				0.00231705	-0.0065949	-0.999976
				0.0381391	0.999251	-0.00650175
				0.99927	-0.0381231	0.00256683
				24.4514	-19.5838	7.26962
			}
			{VolumeView "piece4.ply"}
		}
		{bone "sub_piece4"
			{Matrix34
				-0.557076	-0.760832	-0.332869
				0.826103	-0.548701	-0.128378
				-0.0849712	-0.3465	0.934194
				33.8742	-28.6432	1.12175
			}
			{VolumeView "sub_piece4.ply"}
		}
		{bone "piece5"
			{Matrix34
				-0.258181	-0.843611	-0.470812
				0.965926	-0.23457	-0.109382
				-0.0181624	-0.48301	0.875427
				45.9708	-33.2803	-11.6936
			}
			{VolumeView "piece5.ply"}
		}
		{bone "sub_piece5"
			{Matrix34
				-0.144548	-0.917091	-0.371552
				0.988928	-0.146639	-0.022788
				-0.0335853	-0.370732	0.928133
				31.7526	-38.6813	-14.6219
			}
			{VolumeView "sub_piece5.ply"}
		}
		{bone "piece6"
			{Matrix34
				0.975822	-0.21763	-0.0202313
				0.214756	0.937468	0.273922
				-0.0406476	-0.271644	0.961539
				-37.097	-20.1131	3.37608
			}
			{VolumeView "piece6.ply"}
		}
		{bone "sub_piece6"
			{Matrix34
				0.906308	-0.422618	0
				0.397131	0.851651	0.34202
				-0.144544	-0.309976	0.939693
				-41.324	-16.3097	-9.27008
			}
			{VolumeView "sub_piece6.ply"}
		}
		{bone "piece7"
			{Matrix34
				0.960651	-0.277757	0
				0.277757	0.960651	0
				0	0	1
				11.5287	-10.1611	3.20966
			}
			{VolumeView "piece7.ply"}
		}
		{bone "sub_piece7"
			{Matrix34
				0.0273334	0.40453	-0.914116
				-0.881982	0.440163	0.168416
				0.470489	0.801631	0.368819
				-2.00117	-28.2762	-10.6206
			}
			{VolumeView "sub_piece7.ply"}
		}
		{bone "piece8"
			{Position -37.2783	4.41938	-0.850517}
			{VolumeView "piece8.ply"}
		}
		{bone "sub_piece8"
			{Position -38.2639	-4.42431	-9.02238}
			{VolumeView "sub_piece8.ply"}
		}
	}
}
{Volume "piece0"
	{Box 16.3364 15.0464 1.93577}
	{Bone "piece0"}
	{Matrix34
		0.996195	0.0871557	0
		-0.0871557	0.996195	0
		0	0	1
		-0.720579	0.114717	0
	}
}
{Volume "piece1"
	{Box 24.7108 13.8664 1.96851}
	{Bone "piece1"}
	{Matrix34
		0.965926	0.258819	0
		-0.258819	0.965926	0
		0	0	1
		0.496326	1.24446	0
	}
}
{Volume "piece2"
	{Box 20.2899 13.0691 1.9685}
	{Bone "piece2"}
	{Matrix34
		0.939693	0.34202	0
		-0.34202	0.939693	0
		0	0	1
		-0.169729	-0.992121	0
	}
}
{Volume "piece3"
	{Box 9.78427 6.11517 6.11517}
	{Bone "piece3"}
	{Position 0	0	0}
}
{Volume "piece4"
	{Box 15.748 9.84252 9.84252}
	{Bone "piece4"}
	{Position 0	0	0}
}
{Volume "piece5"
	{Box 15.748 9.84252 9.84252}
	{Bone "piece5"}
	{Position 0	0	0}
}
{Volume "piece6"
	{Box 15.748 9.84252 9.84252}
	{Bone "piece6"}
	{Position 0	0	0}
}
{Volume "piece7"
	{Box 15.748 9.84252 9.84252}
	{Bone "piece7"}
	{Position 0	0	0}
}
{Volume "piece8"
	{Box 21.0891 12.5861 5.3308}
	{Bone "piece8"}
	{Matrix34
		0.939693	-0.34202	0
		0.34202	0.939693	0
		0	0	1
		-0.0902957	1.26413	0.251417
	}
}
{Volume "sub_piece0"
	{Box 15.7152 17.4327 1.93577}
	{Bone "sub_piece0"}
	{Position 0	0	0}
}
{Volume "sub_piece1"
	{Box 12.4863 7.80394 7.80394}
	{Bone "sub_piece1"}
	{Position 0	0	0}
}
{Volume "sub_piece2"
	{Box 9.646 13.7984 1.9685}
	{Bone "sub_piece2"}
	{Matrix34
		0.996195	0.0871557	0
		-0.0871558	0.996195	0
		0	0	1
		0.768336	0.0672217	0
	}
}
{Volume "sub_piece3"
	{Box 9.78427 6.11517 6.11517}
	{Bone "sub_piece3"}
	{Position 0	0	0}
}
{Volume "sub_piece4"
	{Box 15.748 9.84252 9.84252}
	{Bone "sub_piece4"}
	{Position 0	0	0}
}
{Volume "sub_piece5"
	{Box 15.748 9.84252 9.84252}
	{Bone "sub_piece5"}
	{Position 0	0	0}
}
{Volume "sub_piece6"
	{Box 15.748 9.84252 9.84252}
	{Bone "sub_piece6"}
	{Position 0	0	0}
}
{Volume "sub_piece7"
	{Box 9.78427 6.11517 6.11517}
	{Bone "sub_piece7"}
	{Position 0	0	0}
}
{Volume "sub_piece8"
	{Box 9.78427 6.11517 6.11517}
	{Bone "sub_piece8"}
}
