;Exported by: kolesnikov
;Date:        Tue Sep 27 15:00:11 2005
;File:        D:\-Project-\-3DWork-\xx covers\Pz_4Gxx.max
{Skeleton
	{bone "pz_4g-dead"
		{Orientation
			1	0	0
			0	-1	0
			0	0	1
		}
		{VolumeView "pz_4g-dead.ply"}
	}
}
{Obstacle "body01"
	{Obb2
		{Center -5.83538 1.55568}
		{Extent 49.8125 27.0447}
		{Axis 1 0}
	}
	{Rotate}
}
{Volume "body01"
	{Box 99.625 51.8441 28.0252}
	{Bone "pz_4g-dead"}
	{Matrix34
		1	0	0
		0	0.996195	-0.0871557
		0	0.0871557	0.996195
		-5.83538	-1.55568	7.10177
	}
}
{Volume "body02"
	{Box 83.0465 51.2681 15.3563}
	{Bone "pz_4g-dead"}
	{Matrix34
		1	0	0
		0	0.996195	-0.0871557
		0	0.0871558	0.996195
		-12.981	-0.436649	24.6799
	}
}
{Volume "body03"
	{Box 51.4888 31.7862 13.8206}
	{Bone "pz_4g-dead"}
	{Matrix34
		0.939692	-0.342021	0
		0.340719	0.936117	-0.0871557
		0.029809	0.0818996	0.996195
		-12.5594	3.26699	38.8054
	}
}
