;Exported by: skr
;Date:        Wed May 15 22:59:47 2013
;File:        E:\Documents\3dsmax\scenes\Cannone da 105-28 modello 1913\Cannone da 105-28_x.max
{Skeleton
	{bone "basis"
		{Orientation
			1	0	0
			0	-1	0
			0	0	1
		}
		{bone "body"
			{parameters "ID=body;"}
			{Position 0.000237405	-0.0186729	12.5839}
			{VolumeView "body.ply"}
			{bone revolute "turret"
				{parameters "ID=turret;"}
				{limits -7 7}
				{speed 0.001}
				{Position -0.000237404	0.0186729	-0.109519}
				{VolumeView "turret.ply"}
				{bone revolute "soshnik"
					{parameters "ID=turret;"}
					{Matrix34
						-0.109387	0	-0.993999
						0.993999	0	-0.109387
						0	-1	0
						-67.0591	0.00585178	-12.0405
					}
					{VolumeView "soshnik.ply"}
				}
				{bone revolute "stoporr"
					{parameters "ID=turret;"}
					{Matrix34
						-0.987357	0	-0.158513
						-0.158513	0	0.987357
						0	-1	0
						-26.7574	-4.84839	-2.02401
					}
					{VolumeView "stoporr.ply"}
				}
				{bone revolute "stoporl"
					{parameters "ID=turret;"}
					{Matrix34
						-0.988229	0	-0.152982
						-0.152982	0	0.988229
						0	1	0
						-26.7675	4.79012	-2.03
					}
					{VolumeView "stoporl.ply"}
				}
				{bone "shield"
					{parameters "ID=shield;"}
					{Matrix34
						-0.997424	0	-0.071728
						-0.071728	0	0.997424
						0	1	0
						4.71307	0	10.7927
					}
					{VolumeView "shield.ply"}
					{bone revolute "shield1"
						{parameters "ID=shield;"}
						{Matrix34
							0.997424	0.0717279	0
							-0.0717279	0.997424	0
							0	0	1
							-9.02885	-7.84876	11.123
						}
						{VolumeView "shield1.ply"}
					}
					{bone revolute "covershield"
						{Matrix34
							0.194894	-0.128503	-0.97237
							-0.811794	0.535251	-0.233445
							0.55046	0.834861	0
							5.94879	8.34394	9.13093
						}
						{VolumeView "covershield.ply"}
					}
				}
				{bone revolute "gun_rot"
					{parameters "ID=gun;"}
					{limits -5 37}
					{speed 0.003}
					{Matrix34
						0.839412	0	0.543496
						-0.543496	0	0.839412
						0	-1	0
						-0.385451	0.00147874	8.96437
					}
					{VolumeView "gun_rot.ply"}
					{bone "gun"
						{parameters "ID=gun;"}
						{Matrix34
							1	0	0
							0	0	-1
							0	1	0
							-34.1009	0.665314	0.00146416
						}
						{VolumeView "gun.ply"}
					}
				}
				{bone "pricel"
					{Matrix34
						-0.999991	-0.00414257	0
						0	0	1
						-0.00414257	0.999991	0
						-0.07352	6.60806	9.13234
					}
					{VolumeView "pricel.ply"}
				}
				{bone "detail1"
					{Matrix34
						-0.165933	0	0.986137
						0.00258579	0.999997	0.000434877
						-0.986134	0.0026221	-0.165933
						-23.4814	4.83402	-5.23334
					}
					{VolumeView "detail1.ply"}
				}
				{bone "detail2"
					{Matrix34
						0.986013	0	0.166667
						0	1	0
						-0.166667	0	0.986013
						-28.3654	-4.84411	-5.48539
					}
					{VolumeView "detail2.ply"}
				}
				{bone "stoiki"
					{Position -73.9964	-0.0411642	-10.4597}
					{VolumeView "stoiki.ply"}
					{bone "dyshlo"
						{Position -11.1305	0.0610754	9.27701}
						{VolumeView "dyshlo.ply"}
					}
				}
			}
			{bone revolute "wheell"
				{parameters "ID=wheelleft;Radius=0.625;support=1;"}
				{Matrix34
					-1	0	0
					0	0	1
					0	-1	0
					0.045054	14.8312	-0.130672
				}
				{VolumeView "wheell.ply"}
			}
			{bone revolute "wheelr"
				{parameters "ID=wheelright;Radius=0.625;support=1;"}
				{Matrix34
					-1	0	0
					0	0	1
					0	1	0
					0.0450534	-16.2762	-0.130664
				}
				{VolumeView "wheelr.ply"}
			}
		}
	}
}
