;Exported by: golanov
;Date:        Tue Dec 20 11:43:29 2005
;File:        D:\-Projects-\-3DWork-\Constructions\LightHouse\LightHouse_Westkapelle_x01.max
{Skeleton
	{bone "lh_wk_f2_3_x"
		{Orientation
			1	0	0
			0	-1	0
			0	0	1
		}
		{bone "piece0"
			{Position 22.6162	7.81064	59.8102}
			{VolumeView "piece0.ply"}
		}
		{bone "sub_piece0"
			{Position -1.61588	1.88758	72.6301}
			{VolumeView "sub_piece0.ply"}
		}
		{bone "piece1"
			{Position 11.0699	11.2825	11.0634}
			{VolumeView "piece1.ply"}
		}
		{bone "sub_piece1"
			{Position -13.6511	-7.01318	21.0859}
			{VolumeView "sub_piece1.ply"}
		}
		{bone "piece2"
			{Position -1.21667	6.76643	-10.0151}
			{VolumeView "piece2.ply"}
		}
		{bone "sub_piece2"
			{Position 20.3992	14.5078	-37.7062}
			{VolumeView "sub_piece2.ply"}
		}
		{bone "piece3"
			{Position -20.1214	-7.32191	-41.3427}
			{VolumeView "piece3.ply"}
		}
		{bone "sub_piece3"
			{Position -3.77412	10.3704	-70.718}
			{VolumeView "sub_piece3.ply"}
		}
	}
}
{Volume "piece0"
	{Box 8.23463 20.5957 8.98754}
	{Bone "piece0"}
	{Matrix34
		0	0.996917	0.0784591
		-1	0	0
		0	-0.0784591	0.996917
		0.0804238	-0.0398943	0.366229
	}
}
{Volume "piece1"
	{Box 9.96391 8.36013 18.9752}
	{Bone "piece1"}
	{Matrix34
		0	-1	0
		1	0	0
		0	0	1
		-1.04344	-0.03694	0.0834904
	}
}
{Volume "piece2"
	{Box 9.96391 25.3959 23.1903}
	{Bone "piece2"}
	{Matrix34
		0.5	-0.866026	0
		0.866025	0.5	0
		0	0	1
		1.3077	-0.323905	-0.774421
	}
}
{Volume "piece3"
	{Box 14.8462 26.8155 28.0444}
	{Bone "piece3"}
	{Matrix34
		0.866025	-0.5	0
		0.5	0.866026	0
		0	0	1
		1.05974	-1.22136	0.992907
	}
}
{Volume "sub_piece0"
	{Box 8.23463 17.0945 18.4245}
	{Bone "sub_piece0"}
	{Matrix34
		-0.5	0.863356	0.0679474
		-0.866025	-0.498459	-0.0392295
		0	-0.0784589	0.996917
		2.40108	-0.65633	-2.84245
	}
}
{Volume "sub_piece1"
	{Box 9.96391 15.7738 25.6421}
	{Bone "sub_piece1"}
	{Matrix34
		0.866025	-0.5	0
		0.5	0.866026	0
		0	0	1
		0.860734	0.281689	-0.0970154
	}
}
{Volume "sub_piece2"
	{Box 10.9603 21.9871 18.5975}
	{Bone "sub_piece2"}
	{Matrix34
		0	-1	0
		0.996195	0	0.0871557
		-0.0871557	0	0.996195
		-1.15789	0.192405	-0.0621245
	}
}
{Volume "sub_piece3"
	{Box 12.5459 36.4693 21.6017}
	{Bone "sub_piece3"}
	{Matrix34
		0.521557	-0.852441	-0.0363638
		0.709406	0.409576	0.573576
		-0.474046	-0.32495	0.818344
		1.4208	-1.01048	2.25682
	}
}
