;Exported by: shevchenko
;Date:        Fri Jul 21 17:26:41 2006
;File:        D:\-Projects1_5-\-3DWork-\bsh\bsh_c90_1_alternative_x.max
{Skeleton
	{bone "bsh90_c7_3t"
		{Orientation
			1	0	0
			0	-1	0
			0	0	1
		}
		{bone "piece0"
			{Matrix34
				0.906308	-0.422618	0
				0	0	1
				-0.422618	-0.906308	0
				-0.0376008	8.12796	1.23187
			}
			{VolumeView "piece0.ply"}
		}
		{bone "piece1"
			{Matrix34
				0.965926	0.258819	0
				0	0	1
				0.258819	-0.965926	0
				-21.9921	-7.10751	-12.8806
			}
			{VolumeView "piece1.ply"}
		}
		{bone "piece2"
			{Matrix34
				0.866025	-0.5	0
				0	0	1
				-0.5	-0.866025	0
				-1.01087	7.76881	-18.9068
			}
			{VolumeView "piece2.ply"}
		}
		{bone "piece3"
			{Matrix34
				0.965926	0.258819	0
				0	0	1
				0.258819	-0.965926	0
				-24.5045	-11.5043	12.3887
			}
			{VolumeView "piece3.ply"}
		}
		{bone "piece4"
			{Matrix34
				0.965926	-0.258819	0
				0	0	1
				-0.258819	-0.965926	0
				-7.65918	5.31398	18.3717
			}
			{VolumeView "piece4.ply"}
		}
		{bone "piece5"
			{Matrix34
				0.34202	-0.939693	0
				0	0	1
				-0.939693	-0.34202	0
				26.446	2.11952	1.23187
			}
			{VolumeView "piece5.ply"}
		}
	}
}
{Volume "piece0"
	{Box 9.84252 7.73606 19.5246}
	{Bone "piece0"}
	{Matrix34
		-0.707107	0	-0.707106
		-0.707106	0	0.707107
		0	1	0
		-0.421958	-0.54028	0.421936
	}
}
{Volume "piece1"
	{Box 9.84252 24.4934 13.9058}
	{Bone "piece1"}
	{Matrix34
		-0.707107	0	-0.707106
		-0.40558	0.819152	0.40558
		0.579228	0.573577	-0.579228
		-1.57473	-1.1233	1.5747
	}
}
{Volume "piece2"
	{Box 9.84252 22.6265 9.16601}
	{Bone "piece2"}
	{Matrix34
		-0.707107	0	-0.707106
		-0.579228	0.573576	0.579228
		0.40558	0.819152	-0.40558
		-0.598844	-0.164096	0.59883
	}
}
{Volume "piece3"
	{Box 9.84252 7.19363 21.8867}
	{Bone "piece3"}
	{Matrix34
		-0.707107	0	-0.707106
		-0.707106	0	0.707107
		0	1	0
		-1.03199	0.137928	1.03198
	}
}
{Volume "piece4"
	{Box 9.84252 14.7025 7.34259}
	{Bone "piece4"}
	{Matrix34
		-0.707107	0	-0.707106
		-0.640856	0.422618	0.640857
		0.298836	0.906308	-0.298836
		2.53513	0.48792	-2.53512
	}
}
{Volume "piece5"
	{Box 9.84252 7.73606 19.5246}
	{Bone "piece5"}
	{Matrix34
		-0.707107	0	-0.707106
		-0.707106	0	0.707107
		0	1	0
		-0.421951	-0.540277	0.421936
	}
}
