;Exported by: sasha
;Date:        Wed Mar 12 11:27:39 2008
;File:        D:\-Project-\-3DWork-\Afrika\Stena2-1.max
{Skeleton
	{bone "tw_wood"
		{Orientation
			1	0	0
			0	-1	0
			0	0	1
		}
		{VolumeView "tw_wood.ply"}
	}
}
{Obstacle "obstacle01"
	{Obb2
		{Center 12.7679 -1.03397}
		{Extent 2.70552 13.7898}
		{Axis -1 0}
	}
	{Rotate}
}
{Obstacle "obstacle02"
	{Obb2
		{Center -12.9715 13.2694}
		{Extent 2.00575 2.23312}
		{Axis -1 0}
	}
	{Rotate}
}
{Obstacle "obstacle03"
	{Obb2
		{Center -12.5159 -13.7516}
		{Extent 2.00575 2.23312}
		{Axis -1 0}
	}
	{Rotate}
}
{Volume "body01"
	{Cylinder 0.984252 64.8756}
	{Bone "tw_wood"}
	{Position 11.8639	-12.594	32.4378}
}
{Volume "body02"
	{Cylinder 0.984252 68.1849}
	{Bone "tw_wood"}
	{Position 11.8639	13.2262	34.0924}
}
{Volume "body03"
	{Cylinder 0.984252 71.5941}
	{Bone "tw_wood"}
	{Matrix34
		1	0	0
		0	0.999953	0.00972494
		0	-0.00972494	0.999953
		-12.3229	12.8781	35.7954
	}
}
{Volume "body04"
	{Cylinder 0.984252 66.1796}
	{Bone "tw_wood"}
	{Position -12.3229	-12.594	33.0898}
}
{Volume "body05"
	{Box 2.83466 25.5905 0.787403}
	{Bone "tw_wood"}
	{Matrix34
		0.087156	-0.996195	0
		0.996195	0.087156	0
		0	0	1
		-0.0974121	7.96574	36.1416
	}
}
{Volume "body06"
	{Box 3.93701 25.5905 0.787403}
	{Bone "tw_wood"}
	{Matrix34
		0	-1	0
		1	0	0
		0	0	1
		-0.0974274	3.15315	36.1416
	}
}
{Volume "body07"
	{Box 2.6378 25.5905 0.787403}
	{Bone "tw_wood"}
	{Matrix34
		0	-1	0
		1	0	0
		0	0	1
		-0.268814	5.64946	63.2833
	}
}
{Volume "body08"
	{Box 3.93701 25.5906 0.787403}
	{Bone "tw_wood"}
	{Matrix34
		-0.0871554	-0.996195	0
		0.996195	-0.0871554	0
		0	0	1
		1.35657	10.1144	63.2833
	}
}
{Volume "body09"
	{Box 3.5874 25.5905 0.787403}
	{Bone "tw_wood"}
	{Matrix34
		0	-1	0
		1	0	0
		0	0	1
		-0.0974274	-8.77141	63.2833
	}
}
{Volume "body10"
	{Box 3.5874 28.6614 0.787399}
	{Bone "tw_wood"}
	{Matrix34
		-0.0871285	-0.00220304	-0.996195
		0.995876	0.0251807	-0.0871563
		0.0252769	-0.99968	0
		-0.0874481	11.1131	67.073
	}
}
{Volume "body11"
	{Box 2.54706 28.6614 0.787399}
	{Bone "tw_wood"}
	{Matrix34
		0.0690802	0.00154674	-0.99761
		0.997457	-0.0176828	0.0690422
		-0.0175338	-0.999842	-0.00276434
		0.273751	11.0725	39.5483
	}
}
{Volume "body12"
	{Box 3.20929 28.6614 0.787399}
	{Bone "tw_wood"}
	{Matrix34
		-0.000554692	0.00154677	-0.999999
		0.999844	-0.0176774	-0.000581949
		-0.0176785	-0.999842	-0.00153672
		0.789474	11.0725	43.5944
	}
}
{Volume "body13"
	{Cylinder 0.984253 29.5276}
	{Bone "tw_wood"}
	{Matrix34
		0	0	1
		0	-1	0
		1	0	0
		-0.398487	-13.686	33.4899
	}
}
{Volume "body14"
	{Cylinder 0.984253 31.4961}
	{Bone "tw_wood"}
	{Matrix34
		0	0	1
		-1	0	0
		0	-1	0
		10.1246	-0.207229	35.0409
	}
}
{Volume "body15"
	{Cylinder 0.984254 31.4961}
	{Bone "tw_wood"}
	{Matrix34
		0	-0.422619	0.906307
		-1	0	0
		0	-0.906307	-0.422619
		13.5432	1.26824	17.4978
	}
}
{Volume "body16"
	{Cylinder 0.984253 31.4961}
	{Bone "tw_wood"}
	{Matrix34
		0	0	1
		-0.999998	0.00184339	0
		-0.00184339	-0.999998	0
		-10.1338	-0.20716	35.0409
	}
}
{Volume "body17"
	{Cylinder 0.984253 29.5276}
	{Bone "tw_wood"}
	{Matrix34
		0	0	1
		0	-1	0
		1	0	0
		-0.398474	-13.686	60.0631
	}
}
{Volume "body18"
	{Cylinder 0.984253 29.5276}
	{Bone "tw_wood"}
	{Matrix34
		0	0	1
		0	-1	0
		1	0	0
		-0.398483	14.1215	60.1807
	}
}
{Volume "body19"
	{Cylinder 0.984253 31.4961}
	{Bone "tw_wood"}
	{Matrix34
		0	0	1
		-1	0	0
		0	-1	0
		-10.5585	-0.207229	61.8937
	}
}
{Volume "body20"
	{Cylinder 0.984253 31.4961}
	{Bone "tw_wood"}
	{Matrix34
		0	0	1
		-1	0	0
		0	-1	0
		10.1246	-0.207229	61.8937
	}
}
{Volume "body21"
	{Cylinder 0.984253 34.5472}
	{Bone "tw_wood"}
	{Matrix34
		0.499905	-0.00974259	0.866026
		-0.0194853	-0.99981	0
		0.865861	-0.0168748	-0.5
		-0.205714	-13.6351	47.3297
	}
}
{Volume "body22"
	{Cylinder 0.984254 35.0173}
	{Bone "tw_wood"}
	{Matrix34
		-0.499979	0.0047666	0.866025
		-0.00953317	-0.999955	0
		0.865986	-0.00825597	0.500001
		0	13.9769	47.2223
	}
}
{Volume "body23"
	{Cylinder 0.984253 29.5276}
	{Bone "tw_wood"}
	{Matrix34
		0	0	1
		0	-1	0
		1	0	0
		-0.39847	14.1215	33.4899
	}
}
