;Exported by: Sergey
;Date:        Tue Aug 21 16:54:06 2012
;File:        D:\Documents\3dsmax\scenes\81mm Brandt mle 27-31\81mm Brandt mle 27-31_xx.max
{Skeleton
	{bone "basis"
		{Orientation
			1	0	0
			0	-1	0
			0	0	1
		}
		{bone "part1"
			{parameters "ID=part1;"}
			{Matrix34
				0.988085	0	-0.153911
				0	1	0
				0.153911	0	0.988085
				0.238139	0	0.597169
			}
			{VolumeView "part1.ply"}
		}
		{bone "part2"
			{parameters "ID=gun;"}
			{Matrix34
				0.797711	0.603032	-0.00295258
				0	0.00489624	0.999988
				0.60304	-0.797702	0.00390582
				1.29227	-9.64692	0.127855
			}
			{VolumeView "part2.ply"}
		}
		{bone revolute "part3"
			{parameters "ID=part3;"}
			{Matrix34
				0.0512716	-0.998068	0.0350836
				0.000864551	-0.0350854	-0.999384
				0.998684	0.0512703	-0.000936009
				13.2743	22.9527	0.947605
			}
			{VolumeView "part3.ply"}
		}
		{bone "part4"
			{parameters "ID=part4;"}
			{Matrix34
				-0.999281	0	0.0379098
				0	1	0
				-0.0379098	0	-0.999281
				27.7698	30.36	0.547388
			}
			{VolumeView "part4.ply"}
		}
	}
}
{Volume "part1"
	{Box 7.91467 10.1895 2.84359}
	{Bone "part1"}
	{Matrix34
		0.988085	0	0.153911
		0	1	0
		-0.153911	0	0.988085
		-0.255653	-0.0174017	0.220185
	}
}
{Volume "part2"
	{Cylinder 1.33039 27.4799}
	{Bone "part2"}
	{Matrix34
		0.999995	0	0.00315426
		0	1	0
		-0.00315428	0	0.999995
		0.0565153	-0.110859	11.8308
	}
}
{Volume "part3"
	{Cylinder 1.15044 9.84252}
	{Bone "part3"}
	{Matrix34
		-0.0168526	0.999858	0
		-0.0512716	-0.000864332	-0.998684
		-0.998543	-0.0168304	0.0512788
		5.54177	0.862821	0.0744074
	}
}
{Volume "part4"
	{Box 7.7748 4.69169 1.20643}
	{Bone "part4"}
	{Matrix34
		-0.999281	0	-0.0379096
		0	1	0
		0.0379096	0	-0.999281
		2.17404	1.48838	0.0266095
	}
}
