;Exported by: kolesnikov
;Date:        Mon Jul 11 10:35:50 2005
;File:        D:\-Project-\-3DWork-\Constructions\barricade_hlam.max
{Skeleton
	{bone "suitcase_x"
		{Orientation
			1	0	0
			0	-1	0
			0	0	1
		}
		{bone "piece5"
			{Matrix34
				0.987789	0	-0.155799
				0	1	0
				0.155799	0	0.987789
				0.232574	-3.37865	0.592028
			}
			{VolumeView "piece5.ply"}
		}
		{bone "piece1"
			{Matrix34
				0.987789	0	-0.155799
				0	-1	0
				-0.155799	0	-0.987789
				1.10879	-5.20458	8.18205
			}
			{VolumeView "piece1.ply"}
		}
		{bone "piece2"
			{Matrix34
				0.987789	0	-0.155799
				0	1	0
				0.155799	0	0.987789
				0.358175	-0.708309	6.18982
			}
			{VolumeView "piece2.ply"}
		}
		{bone "piece3"
			{Matrix34
				0.987789	0	-0.155799
				0	1	0
				0.155799	0	0.987789
				0.582173	-0.620266	8.20499
			}
			{VolumeView "piece3.ply"}
		}
		{bone "piece4"
			{Matrix34
				0.987789	0	-0.155799
				0	-1	0
				-0.155799	0	-0.987789
				1.18934	0.0384484	9.71575
			}
			{VolumeView "piece4.ply"}
		}
		{bone "piece6"
			{Matrix34
				0.987789	0	-0.155799
				0	-1	0
				-0.155799	0	-0.987789
				0.992269	-4.05371	8.46647
			}
			{VolumeView "piece6.ply"}
		}
		{bone "piece7"
			{Matrix34
				0.987789	0	-0.155799
				0	-1	0
				-0.155799	0	-0.987789
				0.966423	-5.84363	8.30245
			}
			{VolumeView "piece7.ply"}
		}
	}
}
{Volume "body19"
	{Box 3.50135 5.79587 0.135105}
	{Bone "piece7"}
	{Matrix34
		0	-0.109382	-0.994
		0	-0.994	0.109382
		-1	0	0
		-0.070065	-0.298256	-0.128221
	}
}
{Volume "body18"
	{Box 5.73991 6.66192 0.135105}
	{Bone "piece6"}
	{Matrix34
		0	0	-1
		0	-1	0
		-1	0	0
		-0.0700674	-0.234852	-0.350493
	}
}
{Volume "body17"
	{Box 5.73991 6.66192 0.135105}
	{Bone "piece4"}
	{Matrix34
		0	0	-1
		0	-1	0
		-1	0	0
		-0.0700756	-0.176289	-0.102453
	}
}
{Volume "body16"
	{Box 5.73991 8.65185 0.135105}
	{Bone "piece3"}
	{Matrix34
		0	0	1
		0	1	0
		-1	0	0
		-0.172866	0.0168044	-0.283726
	}
}
{Volume "body15"
	{Box 5.73991 8.65185 0.135105}
	{Bone "piece2"}
	{Matrix34
		-0.0447358	0	0.998999
		0	1	0
		-0.998999	0	-0.044736
		-0.00395371	0.274851	-0.127967
	}
}
{Volume "body14"
	{Box 6.83323 8.65185 0.470105}
	{Bone "piece1"}
	{Matrix34
		0	0	-1
		0	-1	0
		-1	0	0
		-0.116195	-0.176971	0.197492
	}
}
{Volume "body13"
	{Box 11.5438 16.3504 3.3936}
	{Bone "piece5"}
	{Matrix34
		0.0871557	0	0.996194
		0	1	0
		-0.996195	0	0.0871554
		1.81735	0.820517	5.56941
	}
}
{Volume "body12"
	{Box 11.8816 16.352 3.22719}
	{Bone "piece5"}
	{Matrix34
		-0.288077	0	0.957607
		0	1	0
		-0.957607	0	-0.288076
		-2.54867	0.82052	5.16526
	}
}
