;Exported by: Sergey
;Date:        Fri Aug 03 11:50:23 2012
;File:        D:\Documents\3dsmax\scenes\5 cm le Gr W 36\xx\5cm-legrw-36_xx_01.max
{Skeleton
	{bone "basis"
		{Orientation
			1	0	0
			0	-1	0
			0	0	1
		}
		{bone "part1"
			{parameters "ID=part1;"}
			{Position -0.00497291	-0.0041885	0.00135341}
			{VolumeView "part1.ply"}
		}
		{bone revolute "part2"
			{parameters "ID=part2;"}
			{Matrix34
				0.686262	0.727354	0
				0.064284	-0.0606523	0.996087
				0.724508	-0.683577	-0.0883807
				5.92744	-6.14559	0.651273
			}
			{VolumeView "part2.ply"}
		}
		{bone revolute "part3"
			{parameters "ID=part3;"}
			{Position -0.534821	-9.1475	0.966063}
			{VolumeView "part3.ply"}
		}
	}
}
{Volume "paet3"
	{Cylinder 0.682226 6.24198}
	{Bone "part3"}
	{Matrix34
		0	-1	0
		0	0	1
		-1	0	0
		3.18242	0.0227694	-0.465744
	}
}
{Volume "part1"
	{Box 8.1241 4.12161 1.6677}
	{Bone "part1"}
	{Matrix34
		0.31512	-0.949052	0
		0.949052	0.31512	0
		0	0	1
		-0.12607	0.415393	0.417982
	}
}
{Volume "part2"
	{Cylinder 0.791958 11.388}
	{Bone "part2"}
	{Matrix34
		-0.0223211	0.161894	-0.986556
		0	0.986801	0.161934
		0.999751	0.00361128	-0.022027
		5.50827	0.0157193	-0.122956
	}
}
