;Exported by: kolesnikov
;Date:        Thu Jul 28 11:33:26 2005
;File:        D:\-Project-\-3DWork-\control office_remake.max
{Skeleton
	{bone "c06_x"
		{Orientation
			1	0	0
			0	-1	0
			0	0	1
		}
		{bone "piece2"
			{Matrix34
				1	0	0
				0	0.866025	0.5
				0	-0.5	0.866025
				-22.0013	-9.27304	91.1283
			}
			{VolumeView "piece2.ply"}
		}
		{bone "piece3"
			{Matrix34
				0	1	0
				-0.866025	0	0.5
				0.5	0	0.866025
				-1.15386	-19.7257	91.1283
			}
			{VolumeView "piece3.ply"}
		}
		{bone "piece4"
			{Matrix34
				-1	0	0
				0	-1	0
				0	0	1
				-1.82704	-20.764	90.9657
			}
			{VolumeView "piece4.ply"}
		}
		{bone "piece1"
			{Position -26.0683	-23.8999	0}
			{VolumeView "piece1.ply"}
		}
	}
}
{Volume "body2_vol97"
	{Box 9.70816 0.143981 50.2642}
	{Bone "piece1"}
	{Matrix34
		0.707106	0.707107	0
		-0.707107	0.707106	0
		0	0	1
		-1.0754	-0.998585	82.905
	}
}
{Volume "body2_vol80"
	{Box 19.4127 0.380109 33.6912}
	{Bone "piece4"}
	{Position 0.447867	0.0264195	-0.0672665}
}
{Volume "body2_vol79"
	{Box 19.4127 7.19902 19.4747}
	{Bone "piece3"}
	{Matrix34
		0	0.984807	-0.17365
		-1	0	0
		0	0.17365	0.984807
		0.314118	1.25639	-0.23688
	}
}
{Volume "body2_vol78"
	{Box 19.4127 7.19902 19.4747}
	{Bone "piece2"}
	{Matrix34
		0	0.984807	-0.17365
		-1	0	0
		0	0.17365	0.984807
		0.314117	1.25644	-0.236889
	}
}
