;Exported by: butyvsky
;Date:        Mon Feb 27 12:51:29 2006
;File:        D:\-Projects-\-3D Work-\entourage\spade_x.max
{Skeleton
	{bone "basis"
		{Orientation
			1	0	0
			0	-1	0
			0	0	1
		}
		{bone "piece1"
			{Position 0	0.471792	9.31963}
			{VolumeView "piece1.ply"}
		}
	}
}
{Obstacle "piece1_1"
	{Obb2
		{Center -9.31323e-009 0.0378703}
		{Extent 0.584032 0.584032}
		{Axis 0.96596 0.258691}
	}
	{Rotate}
}
{Obstacle "piece1_2"
	{Obb2
		{Center -0.832742 -1.1193}
		{Extent 1.49676 0.762511}
		{Axis 1 0}
	}
	{Rotate}
}
{Obstacle "piece1_3"
	{Obb2
		{Center -0.113843 -0.320464}
		{Extent 1.21615 0.606924}
		{Axis 0.485282 0.874358}
	}
	{Rotate}
}
{Obstacle "piece1"
	{Obb2
		{Center 0.00522452 -0.0542055}
		{Extent 2.87252 0.450382}
		{Axis 0.990278 0.139103}
	}
	{Rotate}
}
{Volume "piece1_1"
	{Cylinder 0.604613 10.659}
	{Bone "piece1"}
	{Position 0	-0.509662	3.23132}
}
{Volume "piece1_2"
	{Box 2.62606 0.811181 3.17311}
	{Bone "piece1"}
	{Matrix34
		0.993038	0	0.117795
		0.0273209	0.972731	-0.230322
		-0.114583	0.231936	0.965959
		-0.832742	0.647509	15.9587
	}
}
{Volume "piece1_3"
	{Cylinder 0.604613 5.5055}
	{Bone "piece1"}
	{Matrix34
		0.993693	0	0.112138
		0.0223951	0.979855	-0.198452
		-0.109879	0.199711	0.973675
		-0.113843	-0.151328	11.4215
	}
}
{Volume "piece1"
	{Box 5.73858 0.85628 6.73594}
	{Bone "piece1"}
	{Matrix34
		0.989169	-0.146779	0
		0.146779	0.989169	0
		0	0	1
		0.00522447	-0.417586	-5.6188
	}
}
