;Exported by: Ekaterina
;Date:        Tue Apr 08 12:18:06 2008
;File:        D:\-Project-\-3DWork-\camp_afric.max
{Skeleton
	{bone "desk"
		{Orientation
			1	0	0
			0	-1	0
			0	0	1
		}
		{VolumeView "desk.ply"}
	}
}
{Obstacle "abstacl01"
	{Obb2
		{Center -1.66619 12.3324}
		{Extent 17.0724 31.4292}
		{Axis -1 0}
	}
	{Rotate}
}
{Volume "body10"
	{Box 4.09909 20.4828 3.92123}
	{Bone "desk"}
	{Matrix34
		0.99998	0	0.0063705
		-0.0063705	0	0.99998
		0	-1	0
		12.0791	-39.2254	10.4568
	}
}
{Volume "body11"
	{Box 4.09909 20.4828 3.92123}
	{Bone "desk"}
	{Matrix34
		0.99998	0	0.0063705
		-0.0063705	0	0.99998
		0	-1	0
		12.0791	15.6921	10.4568
	}
}
{Volume "body1"
	{Box 28.2891 61.3397 3.95418}
	{Bone "desk"}
	{Matrix34
		0.99998	0	0.0063705
		0	1	0
		-0.0063705	0	0.99998
		0.211078	-12.1924	20.6017
	}
}
{Volume "body2"
	{Box 4.09909 28.9186 3.92123}
	{Bone "desk"}
	{Matrix34
		0.541007	0.0450248	-0.839812
		0.836918	0.0696518	0.542877
		0.0829374	-0.996555	0
		-3.79961	-39.7932	46.2553
	}
}
{Volume "body3"
	{Box 4.09909 56.8966 3.92123}
	{Bone "desk"}
	{Matrix34
		0.99998	0	0.0063705
		-0.0063705	0	0.99998
		0	-1	0
		-15.0193	-37.9087	28.7298
	}
}
{Volume "body4"
	{Box 4.09909 56.8966 3.92123}
	{Bone "desk"}
	{Matrix34
		0.99998	0	0.0063705
		-0.0063705	0	0.99998
		0	-1	0
		-15.0193	14.103	28.7298
	}
}
{Volume "body5"
	{Box 4.09909 28.9186 3.92123}
	{Bone "desk"}
	{Matrix34
		0.463818	0	-0.885931
		0.885931	0	0.463818
		0	-1	0
		-3.26922	15.1246	44.9215
	}
}
{Volume "body6"
	{Box 4.09909 56.8966 3.92123}
	{Bone "desk"}
	{Matrix34
		0.99998	0	0.0063705
		-0.00217884	-0.939693	0.342013
		0.00598631	-0.34202	-0.939674
		-13.1948	-11.1368	11.3205
	}
}
{Volume "body7"
	{Box 4.09909 56.8966 3.92123}
	{Bone "desk"}
	{Matrix34
		0.99998	0	0.0063705
		0.00184336	-0.957221	-0.289353
		0.00609798	0.289359	-0.957202
		-13.1946	-9.90518	10.4483
	}
}
{Volume "body8"
	{Box 4.09909 56.8966 3.92123}
	{Bone "desk"}
	{Matrix34
		0.99998	0	0.0063705
		-0.00175264	-0.96141	0.275113
		0.00612467	-0.275118	-0.961391
		9.7966	-11.1997	10.0803
	}
}
{Volume "body9"
	{Box 4.09909 56.8966 3.92123}
	{Bone "desk"}
	{Matrix34
		0.99998	0	0.00637051
		0.00203384	-0.947667	-0.319253
		0.00603711	0.319259	-0.947648
		8.7409	-11.5775	10.6626
	}
}
