;Exported by: butyvsky
;Date:        Fri Jul 06 20:17:57 2007
;File:        D:\-Projects-\-3D Work-\marine\sk_bot\Destroy.max
{Skeleton
	{animation
		{sequence "drift" {speed 0.3}}
	}
	{bone "basis"
		{Orientation
			1	0	0
			0	-1	0
			0	0	1
		}
		{bone "body"
			{parameters "ID=body;"}
			{Position 0	0	0}
			{VolumeView "body.ply"}
			{bone "attach_gun1"
				{Position 406.125	-0.714254	98.8583}
			}
			{bone "emit1"
				{Matrix34
					0	1	0
					-1	0	0
					0	0	1
					407.125	-119.776	17.7659
				}
				{visibility 0}
			}
			{bone "emit2"
				{Matrix34
					0	-1	0
					1	0	0
					0	0	1
					407.44	108.036	15.2616
				}
				{visibility 0}
			}
			{bone "fx_bulb1"
				{Matrix34
					-0.965926	0.258819	0
					-0.258819	-0.965926	0
					0	0	1
					-660.51	26.4867	13.4957
				}
			}
			{bone "fx_bulb2"
				{Matrix34
					-0.965926	-0.25882	0
					-0.25882	0.965926	0
					0	0	1
					-661.324	-28.1222	13.5056
				}
			}
			{bone "fx_bulb_norm_engine1"
				{Matrix34
					-1	0	0
					0	-1	0
					0	0	1
					-664.624	-0.372335	13.2062
				}
			}
			{bone "fx_bulb_norm_front1"
				{Matrix34
					0.422619	0.906308	0
					-0.906308	0.422619	0
					0	0	1
					484.806	45.1862	12.501
				}
			}
			{bone "fx_bulb_norm_front2"
				{Matrix34
					0.500001	-0.866025	0
					0.866025	0.500001	0
					0	0	1
					480.904	-51.1949	12.5109
				}
			}
			{bone "fx_bulb_small_back1"
				{Matrix34
					0	1	0
					-1	0	0
					0	0	1
					-657.849	30.2706	12.6637
				}
			}
			{bone "fx_bulb_small_back2"
				{Matrix34
					0	-1	0
					1	0	0
					0	0	1
					-658.663	-29.5819	12.6736
				}
			}
			{bone "fx_bulb_small_center1"
				{Matrix34
					0	1	0
					-1	0	0
					0	0	1
					546.049	28.7255	12.1888
				}
			}
			{bone "fx_bulb_small_center2"
				{Matrix34
					0	-1	0
					1	0	0
					0	0	1
					546.049	-31.3693	12.1888
				}
			}
			{bone "fx_bulb_small_center19"
				{Matrix34
					0	1	0
					-1	0	0
					0	0	1
					580.329	24.4271	11.3016
				}
			}
			{bone "fx_bulb_small_center18"
				{Matrix34
					0	-1	0
					1	0	0
					0	0	1
					584.492	-18.1556	11.3016
				}
			}
			{bone "fx_bulb_small_center21"
				{Matrix34
					0.0871562	0.996195	0
					-0.996195	0.0871562	0
					0	0	1
					448.701	53.218	11.9681
				}
			}
			{bone "fx_bulb_small_center10"
				{Matrix34
					0.0871557	-0.996195	0
					0.996195	0.0871557	0
					0	0	1
					447.969	-56.2961	11.9681
				}
			}
			{bone "node_l1"
				{Matrix34
					0	1	0
					1	0	0
					0	0	1
					406.2	49.2143	91.129
				}
			}
			{bone "node_r1"
				{Matrix34
					0	-1	0
					1	0	0
					0	0	1
					403.462	-46.6371	91.2421
				}
			}
			{bone "driver"
				{Matrix34
					0.999391	0	0.0348995
					0	1	0
					-0.0348995	0	0.999391
					14.4329	-0.454466	62.9335
				}
			}
			{bone "attach_gun2"
				{Matrix34
					-1	0	0
					0	-1	0
					0	0	1
					-398.882	-1.01138	47.0491
				}
			}
			{bone "fx_bulb_small_center12"
				{Matrix34
					-0.207354	0.978266	0
					-0.978266	-0.207354	0
					0	0	1
					-365.316	70.3524	11.2897
				}
			}
			{bone "fx_bulb_small_back3"
				{Matrix34
					-0.140421	-0.990092	0
					0.990092	-0.140421	0
					0	0	1
					-523.437	-55.101	11.3471
				}
			}
			{bone "fx_bulb_small_center4"
				{Matrix34
					0	1	0
					-1	0	0
					0	0	1
					-157.489	77.5018	11.4285
				}
			}
			{bone "fx_bulb_small_center20"
				{Matrix34
					0	-1	0
					1	0	0
					0	0	1
					-170.806	-79.2723	11.4229
				}
			}
			{bone "fx_bulb_small_center3"
				{Matrix34
					0.00427109	0.999991	0
					-0.999991	0.00427109	0
					0	0	1
					183.193	76.1505	11.2417
				}
			}
			{bone "fx_bulb_small_center5"
				{Matrix34
					-0.0869667	0.996189	0.00671239
					-0.996181	-0.0870146	0.00721715
					0.00777372	-0.0060591	0.999951
					31.2303	76.5052	11.1139
				}
			}
			{bone "fx_bulb_small_center6"
				{Matrix34
					-0.0187613	-0.999817	0.00382327
					0.999801	-0.0187867	-0.00671663
					0.00678722	0.0036965	0.99997
					8.86817	-78.2237	11.2924
				}
			}
			{bone "fx_bulb_small_center7"
				{Matrix34
					0.0871514	-0.996195	0.000872136
					0.996145	0.0871558	0.00996972
					-0.0100078	0	0.99995
					174.481	-77.285	11.3711
				}
			}
			{bone "fx_bulb_small_center8"
				{Matrix34
					0.0871425	0.996195	0.00152111
					-0.996043	0.0871558	-0.017386
					-0.0174524	0	0.999848
					259.993	73.8046	11.2547
				}
			}
			{bone "fx_bulb_small_center9"
				{Matrix34
					0.0963306	-0.995349	0
					0.995349	0.0963306	0
					0	0	1
					253.996	-73.9079	11.2817
				}
			}
			{bone "fx_bulb_small_center17"
				{Matrix34
					-0.0249353	-0.999682	0.00387143
					0.999688	-0.0249294	0.00158587
					-0.00148886	0.00390977	0.999991
					81.4677	-77.7161	11.2034
				}
			}
			{bone "fx_bulb_small_center11"
				{Matrix34
					-0.0145744	-0.999888	0.00342082
					0.999855	-0.0145437	0.00883568
					-0.00878494	0.0035491	0.999955
					-93.7504	-78.2586	11.5425
				}
			}
			{bone "fx_bulb_small_center13"
				{Matrix34
					-0.0921252	-0.995747	0
					0.995747	-0.0921252	0
					0	0	1
					-348.431	-71.5798	11.1122
				}
			}
			{bone "fx_bulb_small_center14"
				{Matrix34
					0	1	0
					-1	0	0
					0	0	1
					99.7894	76.5203	11.0877
				}
			}
			{bone "fx_bulb_small_center15"
				{Matrix34
					-0.0739732	0.997248	0.00496195
					-0.997224	-0.0739271	-0.00890375
					-0.00851243	-0.00560681	0.999948
					-68.16	76.8281	11.5246
				}
			}
			{bone "fx_bulb_small_center16"
				{Matrix34
					-0.0815139	0.996635	0.00865973
					-0.996666	-0.0814805	-0.00415022
					-0.00343066	-0.00896916	0.999954
					-238.494	74.7105	11.3693
				}
			}
			{bone "fx_bulb_small_back4"
				{Matrix34
					-0.0815139	0.996635	0.00865973
					-0.996666	-0.0814805	-0.00415022
					-0.00343066	-0.00896916	0.999954
					-512.769	55.7231	10.258
				}
			}
			{bone "node_l2"
				{Matrix34
					0	-1	0
					-1	0	0
					0	0	1
					-396.911	41.2302	42.0341
				}
			}
			{bone "node_r2"
				{Matrix34
					0	1	0
					-1	0	0
					0	0	1
					-399.649	-46.6371	42.1472
				}
			}
			{bone "emit3"
				{Matrix34
					0	1	0
					-1	0	0
					0	0	1
					-397.961	-101.831	17.7659
				}
				{visibility 0}
			}
			{bone "emit4"
				{Matrix34
					0	-1	0
					1	0	0
					0	0	1
					-397.645	97.8966	15.2616
				}
				{visibility 0}
			}
		}
	}
}
{Volume "ballast1"
	{Box 492.855 43.4973 60.2923}
	{Bone "body"}
	{Position 63.3072	-81.7092	-16.7028}
}
{Volume "ballast2"
	{Box 500.038 43.1359 61.2059}
	{Bone "body"}
	{Position 58.3338	72.5327	-16.246}
}
{Volume "ballast3"
	{Box 467.513 41.5368 58.9221}
	{Bone "body"}
	{Matrix34
		0.996195	-0.0871557	0
		0.0871557	0.996195	0
		0	0	1
		-420.738	-62.129	-14.4534
	}
}
{Volume "ballast4"
	{Box 467.295 41.5368 58.4653}
	{Bone "body"}
	{Matrix34
		0.996195	0.0871557	0
		-0.0871557	0.996195	0
		0	0	1
		-424	53.1581	-14.6818
	}
}
{Volume "ballast5"
	{Box 305.57 43.4973 60.7491}
	{Bone "body"}
	{Matrix34
		0.984808	0.173648	0
		-0.173648	0.984808	0
		0	0	1
		464.049	-55.2009	-16.4744
	}
}
{Volume "ballast6"
	{Box 305.57 43.4973 60.7491}
	{Bone "body"}
	{Matrix34
		0.984808	-0.173648	0
		0.173648	0.984808	0
		0	0	1
		463.904	46.7431	-16.4744
	}
}
{Volume "body1"
	{Polyhedron "body1.vol"}
	{Bone "body"}
	{Position -53.4341	-1.07271	-38.3139}
}
{Volume "body2"
	{Box 532.211 139.583 52.1335}
	{Bone "body"}
	{Position -53.4341	-1.07271	61.21}
}
{Volume "body3"
	{Box 129.753 159.669 102.182}
	{Bone "body"}
	{Position 202.414	-1.07271	123.863}
}
{Volume "body4"
	{Box 65.0581 36.4046 142.033}
	{Bone "body"}
	{Position 50.22	-1.07271	143.788}
}
