;Exported by: shevchenko
;Date:        Fri Jul 21 17:52:51 2006
;File:        D:\-Projects1_5-\-3DWork-\bsh\bsh_c135-a1.max
{Skeleton
	{bone "bsh135_w1_3"
		{Orientation
			1	0	0
			0	-1	0
			0	0	1
		}
		{VolumeView "bsh135_w1_3.ply"}
		{bone "attach1"
			{Matrix34
				-0.707106	0.707107	0
				-0.707107	-0.707106	0
				0	0	1
				30.0431	21.1624	-30.2228
			}
		}
		{bone "attach2"
			{Matrix34
				-0.707106	0.707107	0
				-0.707107	-0.707106	0
				0	0	1
				-0.664291	-9.545	-30.2228
			}
		}
		{bone "window1"
			{Matrix34
				-0.707106	0.707107	0
				0	0	-1
				-0.707107	-0.707106	0
				15.1987	35.7636	-1.71417
			}
			{VolumeView "../common/window1.ply"}
		}
		{bone "window1_x"
			{Matrix34
				-0.707107	-0.707107	0
				0	0	-1
				0.707107	-0.707107	0
				15.1987	35.7636	-1.71414
			}
			{visibility 0}
			{VolumeView "../common/window1_x.ply"}
		}
		{bone "window2"
			{Matrix34
				-0.707106	0.707107	0
				0	0	-1
				-0.707107	-0.707106	0
				-15.4241	5.14085	-1.71414
			}
			{VolumeView "../common/window1.ply"}
		}
		{bone "window2_x"
			{Matrix34
				-0.707107	-0.707107	0
				0	0	-1
				0.707107	-0.707107	0
				-15.4241	5.14086	-1.71414
			}
			{visibility 0}
			{VolumeView "../common/window1_x.ply"}
		}
		{bone "fix22"
			{Position -63.8915	-12.9239	-31.5326}
		}
		{bone "fix23"
			{Position 42.2522	62.7931	-31.7791}
		}
	}
}
{Volume "body1"
	{Box 78.7402 9.84252 45.2756}
	{Bone "bsh135_w1_3"}
	{Matrix34
		0.707107	0.707107	0
		-0.707107	0.707107	0
		0	0	1
		-0.0151415	20.5258	-3.68266
	}
}
{Volume "body2"
	{Polyhedron "body2.vol"}
	{Bone "bsh135_w1_3"}
	{Matrix34
		-0.707107	0.707107	0
		-0.707107	-0.707107	0
		0	0	1
		-20.9974	-13.2053	-22.7057
	}
}
{Volume "body3"
	{Polyhedron "body3.vol"}
	{Bone "bsh135_w1_3"}
	{Matrix34
		-0.707107	0.707107	0
		-0.707107	-0.707107	0
		0	0	1
		35.147	39.0764	-26.3205
	}
}
{Volume "body4"
	{Box 32.2441 9.84252 69.7134}
	{Bone "bsh135_w1_3"}
	{Matrix34
		-0.707107	0.707107	0
		-0.707107	-0.707107	0
		0	0	1
		12.5813	6.23414	-2.22197
	}
}
{Volume "floor1"
	{Box 33.9824 100.813 3.93701}
	{Bone "bsh135_w1_3"}
	{Matrix34
		-0.707107	0.707107	0
		-0.707107	-0.707107	0
		0	0	1
		10.3833	-0.78324	-30.9314
	}
}
{Volume "hole1"
	{Box 17.7166 29.5276 19.685}
	{Bone "bsh135_w1_3"}
	{Matrix34
		-0.707107	-0.707107	0
		0	0	-1
		0.707107	-0.707107	0
		14.8506	36.1116	-1.71417
	}
}
{Volume "hole2"
	{Box 17.7166 29.5276 19.685}
	{Bone "bsh135_w1_3"}
	{Matrix34
		-0.707107	-0.707107	0
		0	0	-1
		0.707107	-0.707107	0
		-15.7721	5.4888	-1.71414
	}
}
{Volume "roof1"
	{Box 23.0377 3.93701 42.0436}
	{Bone "bsh135_w1_3"}
	{Matrix34
		0.707107	0.707106	0
		-0.541675	0.541675	0.642788
		0.454519	-0.454519	0.766045
		42.8643	49.7415	-9.44521
	}
}
{Volume "roof2"
	{Box 82.6772 3.93701 37.8504}
	{Bone "bsh135_w1_3"}
	{Matrix34
		0.707107	0.707107	0
		-0.353553	0.353553	0.866026
		0.612372	-0.612372	0.5
		8.15172	12.3589	27.7137
	}
}
{Volume "roof3"
	{Box 18.0815 3.93701 47.5114}
	{Bone "bsh135_w1_3"}
	{Matrix34
		0.707107	0.707107	0
		-0.541675	0.541675	0.642788
		0.454519	-0.454519	0.766044
		-27.6065	-20.1897	-7.39116
	}
}
{Volume "roof4"
	{Box 27.6378 3.93701 59.2952}
	{Bone "bsh135_w1_3"}
	{Matrix34
		0.950527	0.199677	-0.237966
		0	0.766044	0.642788
		0.310642	-0.610987	0.728146
		-36.7768	-26.8855	-5.15
	}
}
{Volume "window1"
	{Box 17.7166 29.5276 0.984253}
	{Bone "window1"}
	{Matrix34
		0	0	1
		0	1	0
		-1	0	0
		-1.74944e-005	1.12012e-005	5.92267e-005
	}
}
{Volume "window2"
	{Box 17.7166 29.5276 0.984253}
	{Bone "window2"}
	{Matrix34
		0	0	1
		0	1	0
		-1	0	0
		-1.2577e-005	0	2.98343e-005
	}
}
