;Exported by: shevchenko
;Date:        Sun Jul 10 12:39:59 2005
;File:        D:\-Projects1_5-\-3DWork-\house_euro_ruine2_x.max
{Skeleton
	{bone "w5r_c1_1"
		{Orientation
			1	0	0
			0	-1	0
			0	0	1
		}
		{bone "piece6"
			{Matrix34
				-1	0	0
				0	0	1
				0	1	0
				34.2644	37.8937	19.2167
			}
			{VolumeView "piece6.ply"}
		}
		{bone "piece5"
			{Matrix34
				-1	0	0
				0	0	1
				0	1	0
				4.02915	37.8937	50.1398
			}
			{VolumeView "piece5.ply"}
		}
		{bone "piece8"
			{Matrix34
				-1	0	0
				0	0	1
				0	1	0
				-28.3065	37.8937	20.5244
			}
			{VolumeView "piece8.ply"}
		}
		{bone "piece7"
			{Matrix34
				-1	0	0
				0	0	1
				0	1	0
				-37.9476	37.8937	60.0916
			}
			{VolumeView "piece7.ply"}
		}
		{bone "piece2"
			{Matrix34
				0	1	0
				0	0	1
				1	0	0
				-56.1024	31.4959	22.115
			}
			{VolumeView "piece2.ply"}
		}
		{bone "piece3"
			{Matrix34
				0	1	0
				0	0	1
				1	0	0
				-56.1024	28.6253	61.4892
			}
			{VolumeView "piece3.ply"}
		}
		{bone "piece1"
			{Matrix34
				0	1	0
				0	0	1
				1	0	0
				-56.1024	-2.46063	63.9764
			}
			{VolumeView "piece1.ply"}
		}
		{bone "piece0"
			{Matrix34
				0	1	0
				0	0	1
				1	0	0
				-56.1024	-23.7742	42.3228
			}
			{VolumeView "piece0.ply"}
		}
		{bone "piece11"
			{Position -30.5118	-7.38336	59.0551}
			{VolumeView "piece11.ply"}
		}
		{bone "piece10"
			{Position -12.8853	15.2292	59.0551}
			{VolumeView "piece10.ply"}
		}
		{bone "piece9"
			{Matrix34
				0.829595	0.513446	0.219421
				-0.246226	-0.0162986	0.969076
				0.501144	-0.857967	0.112902
				18.2649	13.6271	24.8833
			}
			{VolumeView "piece9.ply"}
		}
	}
}
{Volume "piece9"
	{Box 26.8852 3.93701 42.4603}
	{Bone "piece9"}
	{Matrix34
		0.957852	-0.287258	0.00152345
		0.00205965	0.0015641	-0.999997
		0.287255	0.957852	0.00208979
		-2.60316	0.253346	-0.0294123
	}
}
{Volume "piece10"
	{Box 69.1329 21.4734 3.93701}
	{Bone "piece10"}
	{Position -4.14724	5.89597	0}
}
{Volume "piece11"
	{Box 40.6002 30.8038 3.93701}
	{Bone "piece11"}
	{Position -1.6323	-2.67743	0}
}
{Volume "piece0"
	{Box 7.87402 23.6435 27.1063}
	{Bone "piece0"}
	{Matrix34
		0	0	1
		1	0	0
		0	1	0
		1.05849e-005	1.10433	-1.32099e-005
	}
}
{Volume "piece1"
	{Box 7.87402 29.4488 18.4055}
	{Bone "piece1"}
	{Matrix34
		0	0	1
		0.986306	-0.164927	0
		0.164927	0.986306	0
		0.454094	0.517849	-1.23723e-005
	}
}
{Volume "piece3"
	{Box 7.87402 23.2416 38.4873}
	{Bone "piece3"}
	{Matrix34
		0	0	1
		1	0	0
		0	1	0
		0.942682	0.870741	0
	}
}
{Volume "piece2"
	{Box 7.87402 17.9826 20.3723}
	{Bone "piece2"}
	{Matrix34
		0	0	1
		1	0	0
		0	1	0
		0	0.616876	0
	}
}
{Volume "piece7"
	{Box 26.163 11.811 32.6772}
	{Bone "piece7"}
	{Matrix34
		1	0	0
		0	0	-1
		0	1	0
		0	-0.812803	0
	}
}
{Volume "piece8"
	{Box 22.1206 11.811 21.3714}
	{Bone "piece8"}
	{Matrix34
		1	0	0
		0	0	-1
		0	1	0
		-1.42127	0.659693	2.68881e-005
	}
}
{Volume "piece5"
	{Box 23.5433 11.811 39.1493}
	{Bone "piece5"}
	{Matrix34
		1	0	0
		0	0	-1
		0	1	0
		0	-1.26944	1.75232e-005
	}
}
{Volume "piece6"
	{Box 22.6251 11.811 21.2402}
	{Bone "piece6"}
	{Matrix34
		0.69901	0.715111	0
		0	0	-1
		-0.715111	0.69901	0
		-1.25311	-1.14874	1.13694e-005
	}
}
