;Exported by: sana
;Date:        Mon Jul 03 10:28:44 2006
;File:        D:\-Project-\-3DWork-\Entourage\e-house3a\farm_construction_x04.max
{Skeleton
	{bone "ch_farm_corner15"
		{Orientation
			1	0	0
			0	-1	0
			0	0	1
		}
		{bone "piece01"
			{Position -35.891	-39.1967	48.121}
			{VolumeView "piece01.ply"}
			{bone "sub_piece01"
				{Position 12.7958	0	-9.79006}
				{VolumeView "sub_piece01.ply"}
			}
		}
		{bone "piece02"
			{Position 16.6661	-39.1967	46.3176}
			{VolumeView "piece02.ply"}
			{bone "sub_piece02"
				{Position -14.6851	0	-8.24426}
				{VolumeView "sub_piece02.ply"}
			}
		}
		{bone "piece03"
			{Position -22.6268	8.89511	57.1143}
			{VolumeView "piece03.ply"}
		}
		{bone "piece04"
			{Position -22.7216	5.64307	74.9958}
			{VolumeView "piece04.ply"}
		}
		{bone "piece07"
			{Position -23.5859	11.8523	81.567}
			{VolumeView "piece07.ply"}
		}
		{bone "piece06"
			{Position 50.7201	19.8559	83.0302}
			{VolumeView "piece06.ply"}
		}
		{bone "piece05"
			{Position -3.33911	-33.8962	65.8899}
			{VolumeView "piece05.ply"}
		}
	}
}
{Volume "piece01"
	{Box 24.0939 7.87402 18.0343}
	{Bone "piece01"}
	{Position 0.703308	0	0}
}
{Volume "piece02"
	{Box 30.0572 7.87402 20.9542}
	{Bone "piece02"}
	{Position 0	0	0}
}
{Volume "piece03"
	{Box 2.95276 68.474 2.95276}
	{Bone "piece03"}
}
{Volume "piece04"
	{Box 1.96851 52.5155 3.54331}
	{Bone "piece04"}
	{Matrix34
		1	0	0
		0	0.915925	0.401349
		0	-0.401349	0.915925
		0	-14.4543	-6.35314
	}
}
{Volume "piece05"
	{Box 78.0802 34.373 2.75591}
	{Bone "piece05"}
	{Matrix34
		1	0	0
		0	0.92776	0.373177
		0	-0.373177	0.92776
		0	-0.319938	0.114736
	}
}
{Volume "piece06"
	{Box 41.492 77.1532 2.75591}
	{Bone "piece06"}
	{Matrix34
		1	0	0
		0	0.928353	0.3717
		0	-0.3717	0.928353
		0	-2.46901	1.28772
	}
}
{Volume "piece07"
	{Box 24.1265 52.8845 2.75591}
	{Bone "piece07"}
	{Matrix34
		1	0	0
		0	0.9284	0.371583
		0	-0.371583	0.9284
		0	-0.377428	0.521753
	}
}
{Volume "sub_piece01"
	{Box 12.6756 7.87402 15.9733}
	{Bone "sub_piece01"}
	{Matrix34
		0.642788	0	-0.766044
		0	1	0
		0.766044	0	0.642788
		0.440323	0	-0.855283
	}
}
{Volume "sub_piece02"
	{Box 15.1145 7.87402 17.2511}
	{Bone "sub_piece02"}
	{Matrix34
		0.765283	0	0.643694
		0	1	0
		-0.643694	0	0.765283
		-0.619918	0	-1.6126
	}
}
