;Exported by: sana
;Date:        Wed Aug 02 16:00:26 2006
;File:        D:\-Project-\-3DWork-\Entourage\ruins\ruins e_town11_x.max
{Skeleton
	{bone "r_house_trash2_x"
		{Orientation
			1	0	0
			0	-1	0
			0	0	1
		}
		{VolumeView "r_house_trash2_x.ply"}
		{bone "piece03"
			{Position 7.5804	-54.0631	19.5411}
			{VolumeView "piece03.ply"}
		}
		{bone "piece02"
			{Position 7.58042	-19.2874	20.0013}
			{VolumeView "piece02.ply"}
			{bone "sub_piece02"
				{Position 0	-1.03564	8.57451}
				{VolumeView "sub_piece02.ply"}
			}
		}
		{bone "piece01"
			{Position 7.58043	29.4388	23.1775}
			{VolumeView "piece01.ply"}
			{bone "sub_piece01"
				{Position 0	-10.034	5.41403}
				{VolumeView "sub_piece01.ply"}
			}
		}
		{bone "fx_stone1a"
			{Position 7.734	18.0465	19.407}
		}
		{bone "fx_stone1"
			{Position 6.86642	-36.2736	17.5046}
		}
	}
}
{Volume "piece01"
	{Box 7.87403 19.1007 12.4306}
	{Bone "piece01"}
	{Matrix34
		1	0	0
		0	0.97829	-0.207239
		0	0.207239	0.97829
		0	0.578336	0.275195
	}
}
{Volume "piece02"
	{Box 7.87403 21.3442 12.6212}
	{Bone "piece02"}
	{Matrix34
		1	0	0
		0	0.992219	0.124502
		0	-0.124502	0.992219
		0	0.0501515	-0.399669
	}
}
{Volume "piece03"
	{Box 7.87403 15.4214 9.57482}
	{Bone "piece03"}
	{Matrix34
		1	0	0
		0	0.939692	0.34202
		0	-0.34202	0.939692
		0	0.638965	0.321555
	}
}
{Volume "sub_piece01"
	{Box 7.87402 9.34677 11.0359}
	{Bone "sub_piece01"}
	{Matrix34
		1	0	0
		0	0.978415	-0.20665
		0	0.20665	0.978415
		0	-0.0232774	-0.110181
	}
}
{Volume "sub_piece02"
	{Box 7.87402 15.1213 5.59237}
	{Bone "sub_piece02"}
	{Matrix34
		1	0	0
		0	0.99073	0.135845
		0	-0.135845	0.99073
		0	0.0777879	0.137023
	}
}
