;Exported by: sana
;Date:        Wed Feb 22 11:56:07 2006
;File:        D:\-Project-\-3DWork-\Entourage\build_euro\build-20_cut02_x.max
{Skeleton
	{bone "b_euro_corn5"
		{Orientation
			1	0	0
			0	-1	0
			0	0	1
		}
		{bone "piece00"
			{Position -20.4354	17.8628	43.8808}
			{VolumeView "piece00.ply"}
		}
		{bone "piece01"
			{Position -4.96096	17.8628	40.6962}
			{VolumeView "piece01.ply"}
			{bone "sub_piece01"
				{Position 1.39046	0	-10.4509}
				{VolumeView "sub_piece01.ply"}
			}
		}
		{bone "piece02"
			{Position -5.72347	17.8628	16.5649}
			{VolumeView "piece02.ply"}
		}
		{bone "piece03"
			{Position 6.09404	-19.4531	44.663}
			{VolumeView "piece03.ply"}
			{bone "sub_piece03"
				{Position 0	0.999672	-8.5426}
				{VolumeView "sub_piece03.ply"}
			}
		}
		{bone "piece04"
			{Position 6.09404	-21.2252	21.2617}
			{VolumeView "piece04.ply"}
			{bone "sub_piece04"
				{Position 0	-0.954231	-10.0876}
				{VolumeView "sub_piece04.ply"}
			}
		}
		{bone "piece05"
			{Position 6.09404	9.94622	38.7105}
			{VolumeView "piece05.ply"}
			{bone "sub_piece05"
				{Position 0	0.363518	-10.6328}
				{VolumeView "sub_piece05.ply"}
			}
		}
		{bone "piece06"
			{Position 6.09404	8.67385	16.8086}
			{VolumeView "piece06.ply"}
		}
	}
}
{Volume "piece00"
	{Box 17.5826 5.90552 9.50897}
	{Bone "piece00"}
	{Position 0	0	0}
}
{Volume "piece01"
	{Box 12.0584 5.90552 15.8782}
	{Bone "piece01"}
	{Position 0.562039	0	0}
}
{Volume "piece02"
	{Box 10.5855 5.90552 15.1605}
	{Bone "piece02"}
	{Position 0	0	0}
}
{Volume "piece03"
	{Box 5.90552 18.5611 9.28054}
	{Bone "piece03"}
	{Matrix34
		1	0	0
		0	0.98504	-0.172323
		0	0.172323	0.98504
		0	-0.187391	-0.0300963
	}
}
{Volume "piece04"
	{Box 5.90551 11.7888 12.7794}
	{Bone "piece04"}
	{Matrix34
		1	0	0
		0	0.993489	-0.113928
		0	0.113928	0.993489
		0	-0.270612	-0.77591
	}
}
{Volume "piece05"
	{Box 5.90551 18.2666 14.1771}
	{Bone "piece05"}
	{Position 0	0	0}
}
{Volume "piece06"
	{Box 5.90552 16.0855 11.1454}
	{Bone "piece06"}
	{Matrix34
		1	0	0
		0	0.986541	-0.163516
		0	0.163516	0.986541
		0	-0.491766	-0.14092
	}
}
{Volume "sub_piece01"
	{Box 10.0472 5.90551 9.8678}
	{Bone "sub_piece01"}
	{Position 0	0	0}
}
{Volume "sub_piece03"
	{Box 5.90551 9.08787 7.94462}
	{Bone "sub_piece03"}
	{Matrix34
		1	0	0
		0	0.991034	-0.133609
		0	0.133609	0.991034
		0	-0.527754	-0.0678564
	}
}
{Volume "sub_piece04"
	{Box 5.90551 10.9055 6.35424}
	{Bone "sub_piece04"}
	{Matrix34
		1	0	0
		0	0.995065	-0.0992214
		0	0.0992214	0.995065
		0	-0.207148	0.0683045
	}
}
{Volume "sub_piece05"
	{Box 5.90551 11.5416 8.28269}
	{Bone "sub_piece05"}
	{Matrix34
		1	0	0
		0	0.994127	0.108224
		0	-0.108224	0.994127
		0	0.291495	-0.116584
	}
}
