;Exported by: Артем
;Date:        Tue Jan 22 10:48:54 2013
;File:        D:\Autodesk\Low poly\freelance\DMS\Tanks\Tiger II\Tiger II 2009 b.max
{Skeleton
	{animation
		{sequence "start" {speed 0.7}}
		{sequence "stop" {speed 0.7}}
		{sequence "fire" {speed 0.6}}
		{sequence "hit" {speed 0.5}}
		{sequence "fire_mgun"}
		{sequence "open" {resume}}
		{sequence "open2" {resume}}
	}
	{bone "basis"
		{Orientation
			1	0	0
			0	-1	0
			0	0	1
		}
		{bone "wheelsr"
			{parameters "wheelsR;"}
			{Position -0.483	-22.7813	11.3919}
			{VolumeView "wheelsr.ply"}
			{bone "trackr"
				{parameters "ID=trackright;"}
				{Position 3.69107	-4.92263	2.52208}
				{VolumeView "trackr.ply"}
			}
			{bone "fxtracer2"
				{Matrix34
					-1	0	0
					0	-1	0
					0	0	1
					-26.3083	-4.9651	-11.4751
				}
			}
			{bone "fxtracer1"
				{Matrix34
					-1	0	0
					0	-1	0
					0	0	1
					20.1996	-4.9651	-11.4751
				}
			}
			{bone "fxtracer3"
				{Matrix34
					-0.957598	-0.168851	0.233444
					0.173649	-0.984808	0
					0.229897	0.0405376	0.97237
					-38.5596	-4.96509	-11.4751
				}
			}
			{bone revolute "wheelr2"
				{parameters "ID=trackRight;Radius=0.40;"}
				{Matrix34
					0.996917	0	0.0784591
					0.0784591	0	-0.996917
					0	1	0
					45.7961	-7.14685	-1.5078
				}
				{VolumeView "wheelr2.ply"}
			}
			{bone revolute "wheelr3"
				{parameters "ID=trackRight;Radius=0.40;"}
				{Matrix34
					1	0	0
					0	0	-1
					0	1	0
					35.6226	-5.12202	-1.5078
				}
				{VolumeView "wheelr3.ply"}
			}
			{bone revolute "wheelr4"
				{parameters "ID=trackRight;Radius=0.40;"}
				{Matrix34
					0.241922	0	0.970296
					0.970296	0	-0.241922
					0	1	0
					25.4018	-7.14685	-1.5078
				}
				{VolumeView "wheelr4.ply"}
			}
			{bone revolute "wheelr7"
				{parameters "ID=trackRight;Radius=0.40;"}
				{Matrix34
					1	0	0
					0	0	-1
					0	1	0
					-5.22829	-5.12202	-1.5078
				}
				{VolumeView "wheelr3.ply"}
			}
			{bone revolute "wheelr8"
				{parameters "ID=trackRight;Radius=0.40;"}
				{Matrix34
					0.994522	0	0.104528
					0.104528	0	-0.994522
					0	1	0
					-15.449	-7.14685	-1.5078
				}
				{VolumeView "wheelr4.ply"}
			}
			{bone revolute "wheelr6"
				{parameters "ID=trackRight;Radius=0.40;"}
				{Matrix34
					0.62932	0	-0.777146
					-0.777146	0	-0.62932
					0	1	0
					4.94526	-7.14685	-1.5078
				}
				{VolumeView "wheelr2.ply"}
			}
			{bone revolute "wheelr10"
				{parameters "ID=trackRight;Radius=0.40;"}
				{Matrix34
					1	0	0
					0	0	-1
					0	1	0
					-36.046	-7.14685	-1.5078
				}
				{VolumeView "wheelr2.ply"}
			}
			{bone revolute "wheelr9"
				{parameters "ID=trackRight;Radius=0.40;"}
				{Matrix34
					0.48481	0	-0.87462
					-0.87462	0	-0.48481
					0	1	0
					-25.8365	-5.12202	-1.5078
				}
				{VolumeView "wheelr3.ply"}
			}
			{bone revolute "wheelr5"
				{parameters "ID=trackRight;Radius=0.40;"}
				{Matrix34
					1	0	0
					0	0	-1
					0	1	0
					15.1399	-5.12202	-1.5078
				}
				{VolumeView "wheelr3.ply"}
			}
		}
		{bone "wheelsl"
			{parameters "wheelsL;"}
			{Position -0.483	22.9742	11.3919}
			{VolumeView "wheelsl.ply"}
			{bone "trackl"
				{parameters "ID=trackLeft;"}
				{Position 3.69107	4.99755	2.52208}
				{VolumeView "trackl.ply"}
			}
			{bone "fxtracel3"
				{Matrix34
					-0.967043	0.101641	0.233444
					-0.104529	-0.994522	0
					0.232165	-0.0244014	0.97237
					-38.5596	5.18501	-11.4751
				}
			}
			{bone "fxtracel1"
				{Matrix34
					-1	0	0
					0	-1	0
					0	0	1
					20.1996	5.18498	-11.4751
				}
			}
			{bone "fxtracel2"
				{Matrix34
					-1	0	0
					0	-1	0
					0	0	1
					-26.3083	5.185	-11.4751
				}
			}
			{bone revolute "wheell2"
				{parameters "ID=trackleft;Radius=0.40;"}
				{Matrix34
					1	0	0
					0	0	-1
					0	1	0
					45.795	7.14688	-1.5078
				}
				{VolumeView "wheell2.ply"}
			}
			{bone revolute "wheell4"
				{parameters "ID=trackleft;Radius=0.40;"}
				{Matrix34
					0.939693	0	0.34202
					0.34202	0	-0.939693
					0	1	0
					25.3921	7.14688	-1.5078
				}
				{VolumeView "wheell4.ply"}
			}
			{bone revolute "wheell3"
				{parameters "ID=trackleft;Radius=0.40;"}
				{Matrix34
					1	0	0
					0	0	-1
					0	1	0
					35.6226	5.12205	-1.5078
				}
				{VolumeView "wheell3.ply"}
			}
			{bone revolute "wheell8"
				{parameters "ID=trackleft;Radius=0.40;"}
				{Matrix34
					0.97237	0	-0.233445
					-0.233445	0	-0.97237
					0	1	0
					-15.4612	7.14688	-1.5078
				}
				{VolumeView "wheell4.ply"}
			}
			{bone revolute "wheell7"
				{parameters "ID=trackleft;Radius=0.40;"}
				{Matrix34
					0.93358	0	0.358368
					0.358368	0	-0.93358
					0	1	0
					-5.23074	5.12206	-1.5078
				}
				{VolumeView "wheell3.ply"}
			}
			{bone revolute "wheell6"
				{parameters "ID=trackleft;Radius=0.40;"}
				{Matrix34
					1	0	0
					0	0	-1
					0	1	0
					4.94172	7.14688	-1.5078
				}
				{VolumeView "wheell2.ply"}
			}
			{bone revolute "wheell10"
				{parameters "ID=trackleft;Radius=0.40;"}
				{Matrix34
					1	0	0
					0	0	-1
					0	1	0
					-36.0556	7.14688	-1.5078
				}
				{VolumeView "wheell2.ply"}
			}
			{bone revolute "wheell9"
				{parameters "ID=trackleft;Radius=0.40;"}
				{Matrix34
					1	0	0
					0	0	-1
					0	1	0
					-25.8253	5.12206	-1.5078
				}
				{VolumeView "wheell3.ply"}
			}
			{bone revolute "wheell5"
				{parameters "ID=trackleft;Radius=0.40;"}
				{Matrix34
					0.976296	0	-0.21644
					-0.21644	0	-0.976296
					0	1	0
					15.1406	5.12205	-1.5078
				}
				{VolumeView "wheell3.ply"}
			}
		}
		{bone "emit5"
			{Matrix34
				0	-1	0
				1	0	0
				0	0	1
				-31.0382	54.0553	1.29158e-005
			}
		}
		{bone "emit1"
			{Matrix34
				0	-1	0
				1	0	0
				0	0	1
				3.42238	53.8586	1.29158e-005
			}
		}
		{bone "emit6"
			{Matrix34
				0	-1	0
				1	0	0
				0	0	1
				-45.7983	54.0553	1.29158e-005
			}
		}
		{bone "emit3"
			{Matrix34
				0	1	0
				-1	0	0
				0	0	1
				-31.3047	-52.9396	1.25124e-005
			}
		}
		{bone "emit2"
			{Matrix34
				0	1	0
				-1	0	0
				0	0	1
				3.42238	-53.9935	1.25124e-005
			}
		}
		{bone "emit4"
			{Matrix34
				0	1	0
				-1	0	0
				0	0	1
				-45.4633	-52.9396	1.25124e-005
			}
		}
		{bone "body"
			{parameters "ID=body;"}
			{animation
				{sequence "repair" {file "body_r.anm"} {speed 0.9}}
			}
			{Position -2.54425	0.0963898	24.763}
			{VolumeView "body.ply"}
			{bone revolute "turret"
				{parameters "ID=turret;"}
				{animation
					{sequence "repair" {file "turret_r.anm"}}
				}
				{speed 0.01}
				{Position 1.74348	0.0676727	20.0816}
				{VolumeView "turret.ply"}
                {bone "visor11"
					{Matrix34
						-330.979925	-330.199368	0
						330.199368	0.979925	0
						0	0	1
						-25.682715	6.52132	22.799
					}
				}
				{bone "visor12"
					{Matrix34
						-330.979925	0.199368	0
						-0.199368	-0.979925	0
						0	0	1
						-25.682715	6.52132	22.799
					}
				}
				{bone "visor13"
					{Matrix34
						-330.979925	330.199368	0
						330.199368	0.979925	0
						0	0	1
						-25.682715	6.52132	22.799
					}
				}
				{bone "visor14"
					{Matrix34
						0.979925	110.199368	0
						-0.199368	0.979925	0
						0	0	1
						-25.682715	6.52132	22.799
					}
				}
				{bone "visor15"
					{Matrix34
						300.979925	330.199368	0
						-330.199368	0.979925	0
						0	0	1
						-25.682715	6.52132	22.799
					}
				}
				{bone "visor16"
					{Matrix34
						0.979925	0.199368	0
						-0.199368	0.979925	0
						0	0	1
						-25.682715	6.52132	22.799
					}
				}
				{bone "visor17"
					{Matrix34
						330.979925	-330.199368	0
						0.199368	0.979925	0
						0	0	1
						-25.682715	6.52132	22.799
					}
				}
			    {bone "visor18"
					{Matrix34
						0.979925	-110.199368	0
						-0.199368	0.979925	0
						0	0	1
						-25.682715	6.52132	22.799
					}
				}				
				{bone revolute "gun_rot"
					{parameters "ID=gun;"}
					{animation
						{sequence "repair" {file "gun_r.anm"}}
					}
					{limits -7 15}
					{speed 0.01}
					{Matrix34
						1	0	0
						0	0	1
						0	-1	0
						28.1039	-1.14491	0.940224
					}
					{VolumeView "gun_rot.ply"}
					{bone "gun"
						{parameters "ID=gun;"}
						{Matrix34
							1	0	0
							0	0	-1
							0	1	0
							56.9345	-0.2533	-0.5484
						}
						{VolumeView "gun.ply"}
						{bone "foresight1"
							{Matrix34
								1	0	0
								0	1	0
								0	0	1
								40.7335	0.00289917	-0.00170517
							}
						}
					}
					{bone "foresight5"
						{Matrix34
							1	0	0
							0	0	-1
							0	1	0
							3.70923	0.978676	5.92574
						}
					}
				}
				{bone revolute "turret_mgun"
					{limits -150 50}
					{speed 0.03}
					{Position -4.31585	8.77385	17.5162}
					{VolumeView "turret_mgun.ply"}
					{bone revolute "mgun_rot"
						{limits -20 40}
						{speed 0.03}
						{Matrix34
							0.996195	0	0.0871557
							-0.0871558	0	0.996195
							0	-1	0
							7.72952	0.00528526	0.290596
						}
						{bone revolute "mgun2"
							{Matrix34
								0.996195	-0.0871558	0
								0.0871557	0.996195	0
								0	0	1
								-2.0434	1.14735	-0.0777369
							}
						}
					}
					{bone "gunner2"
						{Matrix34
							0.988978	0.00863059	0.147809
							-0.00872663	0.999962	0
							-0.147804	-0.00129008	0.989016
							1.50848	-0.0515633	-21.4654
						}
					}
				}
				{bone "cover1"
					{parameters "ID=turret;"}
					{Position -2.60437	16.258	15.8476}
					{VolumeView "cover1.ply"}
				}
				{bone "cover2"
					{parameters "ID=turret;"}
					{Position -4.51256	-10.6418	12.8234}
					{VolumeView "cover2.ply"}
				}
				{bone "visor1"
					{Matrix34
						1	0	0
						0	1	0
						0	0	1
						3.57434	8.75539	14.9762
					}
				}
				{bone "fxfire3"
					{Matrix34
						0	0	1
						0	1	0
						-1	0	0
						-4.25502	8.74098	14.8423
					}
				}
				{bone "enumerator"
					{Matrix34
						0.970296	0.241922	0
						-0.227332	0.91178	0.34202
						0.0827422	-0.331861	0.939693
						-17.2413	19.7554	3.249
					}
					{VolumeView "enumerator.ply"}
				}
			}
			{bone "engine"
				{parameters "ID=engine;"}
				{animation
					{sequence "repair" {file "engine_r.anm"}}
				}
				{Position -44.793	-1.52588e-005	13.8859}
				{VolumeView "engine.ply"}
			}
			{bone "detail5"
				{Position 33.1359	-22.7483	13.1412}
				{VolumeView "detail5.ply"}
			}
			{bone "detail2"
				{Position 36.3773	24.0133	13.4438}
				{VolumeView "detail2.ply"}
			}
			{bone "detail1"
				{Position 36.8278	27.7613	10.6567}
				{VolumeView "detail1.ply"}
			}
			{bone "detail3"
				{Position -23.5966	27.1599	11.8849}
				{VolumeView "detail3.ply"}
			}
			{bone "detail4"
				{Position -64.273	-19.6734	7.08048}
				{VolumeView "detail4.ply"}
			}
			{bone "shieldl7"
				{parameters "ID=shieldL7;"}
				{Position -62.8817	26.1583	-3.5644}
				{VolumeView "shieldl7.ply"}
			}
			{bone "shieldl6"
				{parameters "ID=shieldL6;"}
				{Position -50.273	34.2323	-0.848396}
				{VolumeView "shieldl6.ply"}
			}
			{bone "shieldl5"
				{parameters "ID=shieldL5;"}
				{Position -25.4208	33.9331	-0.0472488}
				{VolumeView "shieldl5.ply"}
			}
			{bone "shieldl4"
				{parameters "ID=shieldL4;"}
				{Position -0.233624	33.8045	0.532726}
				{VolumeView "shieldl4.ply"}
			}
			{bone "shieldl3"
				{parameters "ID=shieldL3;"}
				{Position 24.9831	33.021	1.26973}
				{VolumeView "shieldl3.ply"}
			}
			{bone "shieldl2"
				{parameters "ID=shieldL2;"}
				{Position 48.0202	32.9937	1.7634}
				{VolumeView "shieldl2.ply"}
			}
			{bone "shieldl1"
				{parameters "ID=shieldL1;"}
				{Position 65.1342	28.4155	1.49555}
				{VolumeView "shieldl1.ply"}
			}
			{bone "shieldr1"
				{parameters "ID=shieldR1;"}
				{Position 65.1342	-28.4153	1.49555}
				{VolumeView "shieldr1.ply"}
			}
			{bone "shieldr2"
				{parameters "ID=shieldR2;"}
				{Position 48.0202	-32.9936	1.7634}
				{VolumeView "shieldr2.ply"}
			}
			{bone "shieldr3"
				{parameters "ID=shieldR3;"}
				{Position 24.9831	-33.3425	1.26973}
				{VolumeView "shieldr3.ply"}
			}
			{bone "shieldr4"
				{parameters "ID=shieldR4;"}
				{Position -0.233624	-33.6961	0.532928}
				{VolumeView "shieldr4.ply"}
			}
			{bone "shieldr5"
				{parameters "ID=shieldR5;"}
				{Position -25.4208	-33.8392	-0.0472488}
				{VolumeView "shieldr5.ply"}
			}
			{bone "shieldr6"
				{parameters "ID=shieldR6;"}
				{Position -50.273	-34.104	-0.704697}
				{VolumeView "shieldr6.ply"}
			}
			{bone "shieldr7"
				{parameters "ID=shieldR7;"}
				{Position -62.8817	-26.1582	-3.5644}
				{VolumeView "shieldr7.ply"}
			}
			{bone revolute "wheelr11"
				{parameters "ID=trackRight;Radius=0.30;"}
				{Matrix34
					1	0	0
					0	0	-1
					0	1	0
					-49.6885	-27.9861	-11.1767
				}
				{VolumeView "wheelr11.ply"}
			}
			{bone revolute "wheell11"
				{parameters "ID=trackleft;Radius=0.30;"}
				{Matrix34
					1	0	0
					0	0	-1
					0	1	0
					-49.6885	27.9862	-11.1767
				}
				{VolumeView "wheell11.ply"}
			}
			{bone revolute "wheell1"
				{parameters "ID=trackleft;Radius=0.48;"}
				{Matrix34
					1	0	0
					0	0	-1
					0	1	0
					59.8143	27.2825	-7.29802
				}
				{VolumeView "wheell1.ply"}
			}
			{bone revolute "wheelr1"
				{parameters "ID=trackRight;Radius=0.48;"}
				{Matrix34
					1	0	0
					0	0	-1
					0	1	0
					59.8143	-27.2824	-7.29802
				}
				{VolumeView "wheelr1.ply"}
			}
			{bone "at1"
				{Position -51.9762	-23.3512	15.4697}
				{VolumeView "at1.ply"}
				{bone "at2"
					{Position -0.0103378	0	12.7622}
					{VolumeView "at2.ply"}
					{bone "at3"
						{Position -0.0103302	0	12.754}
						{VolumeView "at3.ply"}
						{bone "at4"
							{Position -0.0051651	0	6.34735}
							{VolumeView "at4.ply"}
						}
					}
				}
			}
			{bone "fxshot"
				{Matrix34
					0	1	0
					-1	0	0
					0	0	1
					7.14035	-0.0519257	-14.7974
				}
			}
			{bone revolute "mgun_rot2"
				{limits -15 15}
				{Matrix34
					1	0	0
					0	0	1
					0	-1	0
					55.582	-11.9975	7.00845
				}
				{bone revolute "gunn"
					{limits -15 15}
					{Matrix34
						1	0	0
						0	0	-1
						0	1	0
						0	0	0
					}
					{VolumeView "gunn.ply"}
					{bone "foresight4"
						{Matrix34
							1	0	0
							0	1	0
							0	0	1
							10.5067	-0.710654	0.0876617
						}
					}
				}
			}
			{bone "headlightl"
				{Matrix34
					1	0	0
					0	1	0
					0	0	1
					62.695	0.0852966	10.4442
				}
			}
			{bone "fxlight"
				{Matrix34
					1	0	0
					0	1	0
					0	0	1
					62.7042	0.0411377	10.4674
				}
			}
			{bone "visor2"
				{Matrix34
					1	0	0
					0	1	0
					0	0	1
					48.1482	10.0718	13.6242
				}
			}
			{bone "fxfire1"
				{Matrix34
					0	0	1
					0	1	0
					-1	0	0
					-40.0872	-0.182053	10.8203
				}
			}
			{bone "fxsmoke2"
				{Matrix34
					-0.991261	-0.0096125	0.131567
					-0.0118039	0.999804	-0.0158865
					-0.131389	-0.0173007	-0.99118
					-72.7348	-7.53806	12.2413
				}
			}
			{bone "fxsmoke1"
				{Matrix34
					-0.999837	0.00115536	0.0180069
					0.00085705	0.999862	-0.0165654
					-0.0180237	-0.0165473	-0.999701
					-72.6169	7.55525	12.1668
				}
			}
			{bone "seat02"
				{Matrix34
					0.104528	-0.994522	0
					0.994522	0.104528	0
					0	0	1
					-53.3675	-27.4065	6.67908
				}
			}
			{bone "seat03"
				{Matrix34
					0.0523361	0.99863	0
					-0.99863	0.0523361	0
					0	0	1
					-38.3513	27.2642	6.6839
				}
			}
			{bone revolute "seat04"
				{Matrix34
					-0.0871546	0.996195	0
					-0.996195	-0.0871546	0
					0	0	1
					-51.4917	27.2642	6.6791
				}
			}
			{bone "seat01"
				{Matrix34
					-0.12187	-0.992546	0
					0.992546	-0.12187	0
					0	0	1
					-39.9048	-27.4065	6.68387
				}
			}
		}
	}
}
{Volume "body1"
	{Polyhedron "body1.vol"}
	{Bone "body"}
	{Position 18.3404	-0.0400391	6.73478}
}
{Volume "body2"
	{Polyhedron "body2.vol"}
	{Bone "body"}
	{Position 5.85192	-0.04004	-5.05753}
}
{Volume "body3"
	{Polyhedron "body3.vol"}
	{Bone "body"}
	{Position 9.7357	-0.0400152	-9.25843}
}
{Volume "crew"
	{Box 65.5701 31.2801 15.0572}
	{Bone "body"}
	{Matrix34
		1	0	0
		0	1	0
		0	0	1
		16.1737	0.88164	2.08764
	}
}
{Volume "engine"
	{Polyhedron "engine.vol"}
	{Bone "engine"}
	{Position -0.354851	-0.039999	-8.04882}
}
{Volume "gun"
	{Cylinder 2.13819 92.5782}
	{Bone "gun_rot"}
	{Matrix34
		0	0	-1
		0	1	0
		1	0	0
		50.4759	-0.253301	-0.548401
	}
}
{Volume "inventory"
	{Box 24.987 6.62486 8.21523}
	{Bone "body"}
	{Matrix34
		1	0	0
		0	1	0
		0	0	1
		-2.86663	-9.38855	0.210023
	}
}
{Volume "mantlet"
	{Polyhedron "mantlet.vol"}
	{Bone "gun_rot"}
	{Matrix34
		0	0	-1
		0	1	0
		1	0	0
		0	0	0
	}
}
{Volume "shieldl1"
	{Polyhedron "shieldl1.vol"}
	{Bone "shieldl1"}
	{Matrix34
		-1	0	0
		0	0	1
		0	1	0
		0.28138	-9.01062	0.564705
	}
}
{Volume "shieldl2"
	{Polyhedron "shieldl2.vol"}
	{Bone "shieldl2"}
	{Matrix34
		-0.99863	0	-0.052336
		-0.052336	0	0.99863
		0	1	0
		0.224068	0.442238	-1.50356
	}
}
{Volume "shieldl3"
	{Polyhedron "shieldl3.vol"}
	{Bone "shieldl3"}
	{Matrix34
		-0.99863	0	-0.052336
		-0.052336	0	0.99863
		0	1	0
		0.0781059	0.667656	-1.69139
	}
}
{Volume "shieldl4"
	{Polyhedron "shieldl4.vol"}
	{Bone "shieldl4"}
	{Matrix34
		-0.99863	0	-0.052336
		-0.052336	0	0.99863
		0	1	0
		0.0836153	0.186646	-1.62084
	}
}
{Volume "shieldl5"
	{Polyhedron "shieldl5.vol"}
	{Bone "shieldl5"}
	{Matrix34
		-0.99863	0	-0.052336
		-0.052336	0	0.99863
		0	1	0
		0.0651588	0.359337	-1.71766
	}
}
{Volume "shieldl6"
	{Polyhedron "shieldl6.vol"}
	{Bone "shieldl6"}
	{Matrix34
		-0.99863	0	-0.052336
		-0.052336	0	0.99863
		0	1	0
		0.597679	0.362434	-1.54486
	}
}
{Volume "shieldl7"
	{Box 11.2587 1.15473 13.3303}
	{Bone "shieldl7"}
	{Matrix34
		0.766045	0	0.642788
		-0.642788	0	0.766045
		0	-1	0
		-0.191147	0.00579453	-0.573342
	}
}
{Volume "shieldr1"
	{Polyhedron "shieldr1.vol"}
	{Bone "shieldr1"}
	{Position 0.28138	-0.035202	0.085907}
}
{Volume "shieldr2"
	{Polyhedron "shieldr2.vol"}
	{Bone "shieldr2"}
	{Position 0.224098	-0.457054	-0.978355}
}
{Volume "shieldr3"
	{Polyhedron "shieldr3.vol"}
	{Bone "shieldr3"}
	{Position 0.0781364	-0.360916	-1.06216}
}
{Volume "shieldr4"
	{Polyhedron "shieldr4.vol"}
	{Bone "shieldr4"}
	{Position 0.0836396	-0.309723	-0.994286}
}
{Volume "shieldr5"
	{Polyhedron "shieldr5.vol"}
	{Bone "shieldr5"}
	{Position 0.0651894	-0.46785	-1.08849}
}
{Volume "shieldr6"
	{Polyhedron "shieldr6.vol"}
	{Bone "shieldr6"}
	{Position 0.597679	-0.50547	-1.10433}
}
{Volume "shieldr7"
	{Polyhedron "shieldr7.vol"}
	{Bone "shieldr7"}
	{Position -0.191147	-0.0206032	-0.573341}
}
{Volume "trackleft"
	{Polyhedron "trackleft.vol"}
	{Bone "wheelsl"}
	{Matrix34
		-1	0	0
		0	0	1
		0	1	0
		-5.11466	-2.64481	-0.110157
	}
}
{Volume "trackright"
	{Polyhedron "trackright.vol"}
	{Bone "wheelsr"}
	{Matrix34
		-1	0	0
		0	0	1
		0	1	0
		-5.11466	-12.6157	-0.110161
	}
}
{Volume "turret"
	{Polyhedron "turret.vol"}
	{Bone "turret"}
	{Position -6.34039	-0.50264	-7.28551}
}
