;Exported by: sana
;Date:        Mon May 07 14:56:24 2007
;File:        D:\-Project-\-3DWork-\Entourage\send11\.src\house_ru3room01b.max
{Skeleton
	{bone "hr3r_c05_x"
		{Orientation
			1	0	0
			0	-1	0
			0	0	1
		}
		{bone "piece5"
			{Matrix34
				-1	0	0
				0	-0.757253	0.653121
				0	0.653121	0.757253
				-19.5889	18.6481	82.1514
			}
			{VolumeView "piece5.ply"}
		}
		{bone "piece1"
			{Matrix34
				-1	0	0
				0	0	1
				0	1	0
				-19.9563	37.8255	37.2792
			}
			{VolumeView "piece1.ply"}
		}
		{bone "piece2"
			{Matrix34
				0	1	0
				-0.786542	0	0.617537
				0.617537	0	0.786542
				10.795	-10.8885	79.2816
			}
			{VolumeView "piece2.ply"}
		}
		{bone "piece3"
			{Matrix34
				0	1	0
				0	0	1
				1	0	0
				29.4826	30.8192	42.427
			}
			{VolumeView "piece3.ply"}
		}
		{bone "piece4"
			{Matrix34
				0	1	0
				0	0	1
				1	0	0
				29.4827	-9.02851	39.4839
			}
			{VolumeView "piece4.ply"}
		}
		{bone "ruin"
			{Position 4.0401	0.413811	5.90551}
			{VolumeView "ruin.ply"}
		}
		{bone "piece6"
			{Position 26.5298	14.6591	61.7573}
			{VolumeView "piece6.ply"}
		}
	}
}
{Volume "piece1"
	{Box 20.3477 35.5628 5.90551}
	{Bone "piece1"}
	{Position -0.0518799	1.00658	-2.95275}
}
{Volume "piece2"
	{Box 27.1508 45.9689 1.9685}
	{Bone "piece2"}
	{Matrix34
		1	0	0
		0	-1	0
		0	0	-1
		-0.694626	0.843628	-0.984191
	}
}
{Volume "piece3"
	{Box 14.0094 30.2338 5.90552}
	{Bone "piece3"}
	{Position 0.0737457	-1.75861	-2.95276}
}
{Volume "piece4"
	{Box 21.7514 37.8779 5.90552}
	{Bone "piece4"}
	{Position 1.02701	-2.95415	-2.95276}
}
{Volume "piece5"
	{Box 34.3088 49.7085 1.9685}
	{Bone "piece5"}
	{Matrix34
		1	0	0
		0	-1	0
		0	0	-1
		0.256226	-2.19329	-0.984206
	}
}
{Volume "piece6"
	{Box 5.90552 18.6115 16.3265}
	{Bone "piece6"}
	{Matrix34
		1	0	0
		0	0.526716	0.850041
		0	-0.850041	0.526716
		0	-0.564669	1.13672
	}
}
