;Exported by: sana
;Date:        Wed Dec 27 15:54:39 2006
;File:        D:\-Project-\-3DWork-\Entourage\fortifikations.max
{Skeleton
	{bone "wire_right_trash"
		{Orientation
			1	0	0
			0	-1	0
			0	0	1
		}
		{VolumeView "wire_right_trash.ply"}
	}
}
{Obstacle "obstacle"
	{Polygon2
		{Radius 0}
		{Vertex 21.18 13.5831}
		{Vertex -21.8996 13.5831}
		{Vertex -21.8996 -14.4306}
		{Vertex 21.18 -14.4306}
	}
	{Rotate}
}
{Volume "body1"
	{Box 3.04619 26.8252 2.76045}
	{Bone "wire_right_trash"}
	{Matrix34
		-0.376798	-0.925761	0.0314494
		0.919112	-0.36944	0.136922
		-0.115138	0.0804972	0.990083
		-9.3386	6.53661	3.34294
	}
}
{Volume "body2"
	{Box 2.77203 30.5509 2.01035}
	{Bone "wire_right_trash"}
	{Matrix34
		0.218101	0.975926	0
		-0.975926	0.218101	0
		0	0	1
		5.57985	-9.30178	1.6036
	}
}
{Volume "body3"
	{Box 2.21763 29.0234 2.01035}
	{Bone "wire_right_trash"}
	{Matrix34
		-0.0548344	0.998495	0
		-0.998495	-0.0548344	0
		0	0	1
		5.57985	13.841	14.1074
	}
}
{Volume "body4"
	{Box 2.7192 35.2953 2.83499}
	{Bone "wire_right_trash"}
	{Matrix34
		-0.159206	-0.773629	-0.613312
		-0.123624	-0.600724	0.789841
		-0.979475	0.201568	0
		17.6959	0.94983	14.7278
	}
}
{Volume "body5"
	{Box 2.7192 33.5305 2.83499}
	{Bone "wire_right_trash"}
	{Matrix34
		-0.352329	-0.730713	0.584741
		0.0361526	0.613713	0.788701
		-0.935178	0.299022	-0.189812
		19.0931	-0.75953	15.563
	}
}
{Volume "body6"
	{Box 2.21763 50.7096 2.47273}
	{Bone "wire_right_trash"}
	{Matrix34
		-0.0395636	0.985769	0.163385
		-0.855866	0.0509552	-0.514681
		-0.515681	-0.160198	0.84167
		-0.355619	12.2096	14.3865
	}
}
{Volume "body7"
	{Box 2.77203 26.2738 2.01035}
	{Bone "wire_right_trash"}
	{Matrix34
		0.00371475	0.999993	0
		-0.778144	0.00289063	-0.62808
		-0.628075	0.00233316	0.778149
		11.8974	0.213098	15.3762
	}
}
{Volume "body"
	{Box 3.04619 24.8381 2.61085}
	{Bone "wire_right_trash"}
	{Matrix34
		0.794839	-0.60682	0
		0.60682	0.794839	0
		0	0	1
		-12.192	-1.78846	1.40679
	}
}
