;Exported by: butyvsky
;Date:        Tue Jan 15 15:35:02 2008
;File:        D:\-Projects-\-3D Work-\canon\LG40\LG_40(no_rocket)_xx.max
{Skeleton
	{bone revolute "basis"
		{Orientation
			1	0	0
			0	-1	0
			0	0	1
		}
		{bone "body"
			{parameters "ID=body;"}
			{Matrix34
				0.989889	0.0127624	-0.141272
				0.141846	-0.0935095	0.985462
				-0.00063341	-0.995537	-0.0943743
				1.4713	0	6.39636
			}
			{VolumeView "body.ply"}
			{bone "pivot_front"
				{parameters "ID=body;"}
				{Matrix34
					0.977946	0.154534	0.140502
					0.153273	-0.0740346	-0.985407
					-0.141877	0.98521	-0.0960877
					0.240343	-2.19716	-0.0297565
				}
				{VolumeView "pivot_front.ply"}
				{bone revolute "wheell"
					{parameters "ID=wheelleft;"}
					{Matrix34
						-0.975063	-0.173409	0.138499
						-0.174639	0.214451	-0.960995
						0.136944	-0.961218	-0.239387
						-2.84262	10.2876	-0.749754
					}
					{VolumeView "wheell.ply"}
				}
				{bone revolute "wheelr"
					{parameters "ID=wheelright;"}
					{Matrix34
						-0.984615	-0.106752	0.138342
						-0.107983	-0.250723	-0.962018
						0.137382	-0.962155	0.235338
						0.124541	-10.5128	-0.749746
					}
					{VolumeView "wheelr.ply"}
				}
			}
			{bone "pivot_back"
				{Matrix34
					1	0	0
					0	0	-1
					0	1	0
					-20.4058	-6.54694	0
				}
			}
			{bone revolute "turret"
				{parameters "ID=body;"}
				{Matrix34
					0.997922	-0.0600671	0.0233229
					0.0572175	0.992506	0.107975
					-0.0296338	-0.106416	0.99388
					-2.52327	6.11136	0
				}
				{VolumeView "turret.ply"}
				{bone "part1"
					{parameters "ID=gun;"}
					{Matrix34
						0.977936	-0.114469	0.174752
						0.107347	0.992978	0.0497088
						-0.179215	-0.0298529	0.983357
						0.444129	0.841147	0
					}
					{VolumeView "part1.ply"}
				}
			}
			{bone "standr"
				{Matrix34
					0.921778	0.045904	0.384992
					-0.0992135	0.987833	0.119762
					-0.37481	-0.14859	0.915117
					0.753473	-3.62204	1.82987
				}
				{VolumeView "standr.ply"}
			}
			{bone "standl"
				{Matrix34
					0.966505	0.179855	-0.183087
					-0.181599	0.983345	0.00733959
					0.181358	0.0261547	0.983069
					0.91579	-3.59342	-1.86277
				}
				{VolumeView "standl.ply"}
				{bone "torus"
					{Matrix34
						0.866026	0	0.5
						0.5	0	-0.866026
						0	1	0
						-18.4509	-2.36141	-9.47566
					}
					{VolumeView "torus.ply"}
				}
			}
			{bone "part2"
				{Matrix34
					0.963739	0.265632	-0.0254155
					-0.23619	0.893469	0.382006
					0.124181	-0.362151	0.92381
					1.52557	-1.24463	-0.0118761
				}
				{VolumeView "part2.ply"}
			}
			{bone "support1"
				{Position -15.9794	-9.05542	-11.4594}
			}
			{bone "support2"
				{Position -15.9794	-6.91333	11.4415}
			}
		}
	}
}
{Volume "body1"
	{Box 3.54433 4.56476 1.53858}
	{Bone "body"}
	{Matrix34
		1	0	0
		0	0	-1
		0	1	0
		0.89466	-1.23319	-0.0329248
	}
}
{Volume "body2"
	{Box 5.68572 3.92569 2.30418}
	{Bone "body"}
	{Matrix34
		0.866025	-0.5	0
		0	0	-1
		0.5	0.866025	0
		-0.462145	4.91122	-0.0329244
	}
}
{Volume "body3"
	{Box 4.05968 3.92569 1.79214}
	{Bone "body"}
	{Matrix34
		1	0	0
		0	0	-1
		0	1	0
		0.84508	2.91922	-0.0331316
	}
}
{Volume "body"
	{Cylinder 2.57082 2.14763}
	{Bone "body"}
	{Matrix34
		1	0	0
		0	0	-1
		0	1	0
		0.879861	0.888947	-0.116856
	}
}
{Volume "part1_1"
	{Polyhedron "part1_1.vol"}
	{Bone "part1"}
	{Matrix34
		0	0	1
		0	1	0
		-1	0	0
		-11.1203	-0.835142	0.00576293
	}
}
{Volume "part1_2"
	{Box 2.53891 5.06729 5.20821}
	{Bone "part1"}
	{Matrix34
		1	0	0
		0	0	-1
		0	1	0
		-3.44646	-0.879664	0.0168751
	}
}
{Volume "part1_3"
	{Cylinder 1.12004 15.9858}
	{Bone "part1"}
	{Matrix34
		0	0	1
		0	1	0
		-1	0	0
		3.54142	-0.835141	0.0057624
	}
}
{Volume "part2"
	{Cylinder 0.500486 9.69026}
	{Bone "part2"}
	{Matrix34
		0.578833	0.815446	0
		0	0	-1
		-0.815446	0.578833	0
		3.28586	-2.07454	-0.0870398
	}
}
{Volume "standl"
	{Cylinder 0.778113 19.3513}
	{Bone "standl"}
	{Matrix34
		0.5	0	-0.866026
		-0.224143	0.965926	-0.129409
		0.836516	0.258819	0.482963
		-9.32621	-0.15055	-5.06761
	}
}
{Volume "standr"
	{Cylinder 0.630272 20.5124}
	{Bone "standr"}
	{Matrix34
		-0.431988	-0.218651	-0.874973
		-0.327286	0.942037	-0.073824
		0.840399	0.254475	-0.47851
		-8.64584	-0.0162144	4.83582
	}
}
{Volume "turret"
	{Cylinder 0.867103 2.23032}
	{Bone "turret"}
	{Position 0	0	-3.00909}
}
{Volume "wheelleft"
	{Cylinder 3.55549 1.56981}
	{Bone "wheell"}
	{Matrix34
		-1	0	0
		0	-1	0
		0	0	1
		0	0	0.326712
	}
}
{Volume "wheelright"
	{Cylinder 3.5555 1.16833}
	{Bone "wheelr"}
	{Position 0	0	-0.184476}
}
