;Exported by: kolesnikov
;Date:        Tue Sep 27 16:00:43 2005
;File:        D:\-Project-\-3DWork-\Constructions\12.max
{Skeleton
	{bone "tm1_x"
		{Orientation
			1	0	0
			0	-1	0
			0	0	1
		}
		{bone "piece5"
			{Position -34.3013	4.04939	74.9802}
			{VolumeView "piece5.ply"}
		}
		{bone "piece6"
			{Position -14.3713	18.9737	72.569}
			{VolumeView "piece6.ply"}
		}
		{bone "piece4"
			{Position 12.6598	18.9737	59.9702}
			{VolumeView "piece4.ply"}
		}
		{bone "piece3"
			{Position 33.1043	6.40121	65.3255}
			{VolumeView "piece3.ply"}
		}
		{bone "piece2"
			{Position -11.5674	2.41267	99.4105}
			{VolumeView "piece2.ply"}
		}
		{bone "piece1"
			{Position 0.00170244	7.07175	111.133}
			{VolumeView "piece1.ply"}
		}
	}
}
{Volume "body163"
	{Box 2.81105 46.4553 23.1927}
	{Bone "piece1"}
	{Position -45.1738	-1.16259	0.398538}
}
{Volume "body164"
	{Box 93.7017 19.0717 2.78312}
	{Bone "piece1"}
	{Position 0.777807	12.535	-10.3541}
}
{Volume "body162"
	{Box 93.7017 3.16281 23.1927}
	{Bone "piece1"}
	{Position 0.777811	23.168	0.39853}
}
{Volume "body169"
	{Box 19.1119 3.16281 21.6291}
	{Bone "piece2"}
	{Matrix34
		0.34202	0.939693	0
		0	0	1
		0.939693	-0.34202	0
		-2.3229	0.171492	-1.1625
	}
}
{Volume "body147"
	{Box 23.1674 3.16281 20.0802}
	{Bone "piece3"}
	{Matrix34
		0	-0.996195	0.0871557
		1	0	0
		0	0.0871557	0.996195
		-0.0122049	-0.350241	0.00276088
	}
}
{Volume "body145"
	{Box 19.1119 3.16281 26.0592}
	{Bone "piece4"}
	{Matrix34
		0.965926	0	-0.258819
		0	1	0
		0.258819	0	0.965926
		-0.431915	0.376462	1.20189
	}
}
{Volume "body146"
	{Box 23.8899 3.16281 27.3622}
	{Bone "piece6"}
	{Matrix34
		0.984808	0	0.173648
		0	1	0
		-0.173648	0	0.984808
		-0.716254	0.376535	-0.175467
	}
}
{Volume "body150"
	{Box 26.1792 3.16281 31.3673}
	{Bone "piece5"}
	{Matrix34
		0	-0.984808	-0.173648
		1	0	0
		0	-0.173648	0.984808
		0.713371	-0.257639	-0.549284
	}
}
