;Exported by: sana
;Date:        Thu Jul 06 15:44:23 2006
;File:        D:\ss\store_1\store_03n_x.max
{Skeleton
	{bone "store3_wall8"
		{Orientation
			1	0	0
			0	-1	0
			0	0	1
		}
		{bone "piece01"
			{Position 14.3031	12.1102	32.494}
			{VolumeView "piece01.ply"}
			{bone "sub_piece01"
				{Position 1.06885	-1.86157e-005	-10.2699}
				{VolumeView "sub_piece01.ply"}
			}
		}
		{bone "piece02"
			{Position 4.44153	12.1102	21.9564}
			{VolumeView "piece02.ply"}
			{bone "sub_piece02"
				{Position -0.92932	-1.72794e-005	-7.57463}
				{VolumeView "sub_piece02.ply"}
			}
		}
		{bone "piece03"
			{Position -13.4952	12.1103	29.7987}
			{VolumeView "piece03.ply"}
			{bone "sub_piece03"
				{Position 5.20471	-1.68987e-005	-5.9017}
				{VolumeView "sub_piece03.ply"}
			}
		}
		{bone "piece04"
			{Position -17.551	12.1103	16.09}
			{VolumeView "piece04.ply"}
		}
		{bone "piece05"
			{Position 24.4354	-6.28177	42.5313}
			{VolumeView "piece05.ply"}
			{bone "sub_piece05"
				{Position 0	-3.60003	-5.67693}
				{VolumeView "sub_piece05.ply"}
			}
		}
		{bone "piece06"
			{Position 24.4354	7.37988	33.762}
			{VolumeView "piece06.ply"}
			{bone "sub_piece06"
				{Position 0	0.507698	-8.58465}
				{VolumeView "sub_piece06.ply"}
			}
		}
		{bone "piece07"
			{Position 24.4354	-9.69718	19.6388}
			{VolumeView "piece07.ply"}
			{bone "sub_piece07"
				{Position 0	4.24619	-6.13848}
				{VolumeView "sub_piece07.ply"}
			}
		}
	}
}
{Volume "piece01"
	{Box 13.3834 5.90551 13.0117}
	{Bone "piece01"}
	{Matrix34
		0.993492	0	0.113902
		0	1	0
		-0.113902	0	0.993492
		1.71643e-005	0	0
	}
}
{Volume "piece02"
	{Box 11.3387 5.90551 10.2272}
	{Bone "piece02"}
	{Matrix34
		0.986113	0	-0.166074
		0	1	0
		0.166074	0	0.986113
		-0.0747464	0	-0.127384
	}
}
{Volume "piece03"
	{Box 15.8928 5.90552 10.954}
	{Bone "piece03"}
	{Matrix34
		0.814552	0	0.58009
		0	1	0
		-0.58009	0	0.814552
		-0.0818683	-1.09856e-005	-0.183857
	}
}
{Volume "piece04"
	{Box 15.4282 5.90551 7.30233}
	{Bone "piece04"}
	{Matrix34
		0.945685	0	-0.325085
		0	1	0
		0.325085	0	0.945685
		0.665766	0	0.123814
	}
}
{Volume "piece05"
	{Box 5.90552 12.2955 11.4462}
	{Bone "piece05"}
	{Matrix34
		1	0	0
		0	0.996767	0.080345
		0	-0.080345	0.996767
		0	0	0
	}
}
{Volume "piece06"
	{Box 5.90552 12.7386 11.4462}
	{Bone "piece06"}
	{Matrix34
		1	0	0
		0	0.99635	-0.0853667
		0	0.0853667	0.99635
		0	0	0
	}
}
{Volume "piece07"
	{Box 5.90552 10.7078 17.354}
	{Bone "piece07"}
	{Position 0	0	0}
}
{Volume "sub_piece01"
	{Box 9.94464 5.90551 9.57287}
	{Bone "sub_piece01"}
	{Position 0	0	0}
}
{Volume "sub_piece02"
	{Box 9.85168 5.90551 7.13783}
	{Bone "sub_piece02"}
	{Matrix34
		0.943371	0	-0.331739
		0	1	0
		0.331739	0	0.943371
		-0.765757	0	-0.277481
	}
}
{Volume "sub_piece03"
	{Box 10.5023 5.90551 7.12203}
	{Bone "sub_piece03"}
	{Matrix34
		0.810403	0	0.585872
		0	1	0
		-0.585872	0	0.810403
		0.28173	0	-0.958901
	}
}
{Volume "sub_piece05"
	{Box 5.90552 10.5232 7.6053}
	{Bone "sub_piece05"}
	{Matrix34
		1	0	0
		0	0.845411	-0.534116
		0	0.534116	0.845411
		0	-0.341074	-0.966863
	}
}
{Volume "sub_piece06"
	{Box 5.90552 9.32315 6.21605}
	{Bone "sub_piece06"}
	{Matrix34
		1	0	0
		0	0.997007	-0.0773153
		0	0.0773153	0.997007
		0	-0.0237675	0.087281
	}
}
{Volume "sub_piece07"
	{Box 5.90552 7.15575 10.5093}
	{Bone "sub_piece07"}
	{Matrix34
		1	0	0
		0	0.795682	-0.605714
		0	0.605714	0.795682
		0	1.14919	-0.340947
	}
}
