;Exported by: shevchenko
;Date:        Tue Mar 14 15:12:58 2006
;File:        D:\-Projects1_5-\-3DWork-\euro1_corner2_lm_corner.max
{Skeleton
	{bone "101_f3w1"
		{Orientation
			1	0	0
			0	-1	0
			0	0	1
		}
		{VolumeView "101_f3w1.ply"}
		{bone "attach1"
			{Matrix34
				0	1	0
				-1	0	0
				0	0	1
				-12.1519	15.8575	-38.737
			}
		}
		{bone "window3"
			{Matrix34
				0	1	0
				0	0	1
				1	0	0
				-12.1522	30.6212	-9.2095
			}
			{VolumeView "../common/window3.ply"}
		}
		{bone "window3_x"
			{Matrix34
				0	1	0
				0	0	1
				1	0	0
				-12.1522	30.385	-9.2095
			}
			{visibility 0}
			{VolumeView "../common/window3_x.ply"}
		}
		{bone "fix50"
			{Position 18.3555	-18.4637	-57.1544}
		}
		{bone "fix51"
			{Position 18.3555	42.6952	-31.3316}
		}
		{bone "fix52"
			{Position 18.3555	-43.0089	-31.3316}
		}
		{bone "fix53"
			{Position 18.3555	16.7408	-54.5197}
		}
	}
}
{Volume "body1"
	{Box 5.90552 74.8032 31.4961}
	{Bone "101_f3w1"}
	{Position 18.3555	0.10791	-32.8315}
}
{Volume "body2"
	{Box 19.685 9.84252 103.74}
	{Bone "101_f3w1"}
	{Position -20.0303	-1.84025	1.48374}
}
{Volume "body3"
	{Box 24.0945 5.90551 35.6545}
	{Bone "101_f3w1"}
	{Position 3.51743	30.6197	-18.9413}
}
{Volume "body4"
	{Box 30.1181 5.90551 50.245}
	{Bone "101_f3w1"}
	{Matrix34
		0.819152	0	0.573576
		0	1	0
		-0.573576	0	0.819152
		-14.5457	30.6197	-3.99923
	}
}
{Volume "floor1"
	{Box 23.7598 63.3661 1.9685}
	{Bone "101_f3w1"}
	{Position 4.24275	-4.03474	-39.7213}
}
{Volume "floor2"
	{Box 23.7598 51.3266 1.9685}
	{Bone "101_f3w1"}
	{Position -19.5029	-9.34486	-39.7213}
}
{Volume "hole1"
	{Box 11.811 23.622 19.685}
	{Bone "101_f3w1"}
	{Matrix34
		-1	0	0
		0	0	1
		0	1	0
		-12.1519	31.6055	-9.2095
	}
}
{Volume "roof1"
	{Box 66.1417 82.6772 1.9685}
	{Bone "101_f3w1"}
	{Matrix34
		0.707107	0	-0.707107
		0	1	0
		0.707107	0	0.707107
		-2.25166	0.107903	7.3854
	}
}
{Volume "roof2"
	{Box 28.4409 43.8189 1.9685}
	{Bone "101_f3w1"}
	{Matrix34
		0.707107	0	-0.707107
		0	1	0
		0.707107	0	0.707107
		30.4166	-10.4598	-25.2828
	}
}
{Volume "window3"
	{Box 11.811 23.622 1.9685}
	{Bone "window3"}
	{Matrix34
		0	0	-1
		0	1	0
		1	0	0
		4.01139e-005	0	0.000274375
	}
}
