;Exported by: sergienko
;Date:        Thu Feb 09 11:22:04 2006
;File:        D:\-projets1_5\3dwork\anima\construction\Bahnhof_house\Bahnhof_house_x_test_без.max
{Skeleton
	{animation
		{sequence "crush" {speed 0.2}}
	}
	{bone "bh_corner28"
		{Orientation
			1	0	0
			0	-1	0
			0	0	1
		}
		{bone "piece4"
			{Matrix34
				0	-1	0
				1	0	0
				0	0	1
				-52.8674	108.366	84.5107
			}
			{VolumeView "piece4.ply"}
		}
		{bone "piece1"
			{Matrix34
				0	-1	0
				1	0	0
				0	0	1
				20.1208	108.366	146.627
			}
			{VolumeView "piece1.ply"}
		}
		{bone "piece2"
			{Matrix34
				0	-1	0
				1	0	0
				0	0	1
				-17.2246	108.366	146.627
			}
			{VolumeView "piece2.ply"}
		}
		{bone "piece3"
			{Matrix34
				0	-1	0
				1	0	0
				0	0	1
				-58.3298	108.366	123.543
			}
			{VolumeView "piece3.ply"}
		}
		{bone "piece5"
			{Matrix34
				0	-1	0
				1	0	0
				0	0	1
				-22.0288	108.366	92.2437
			}
			{VolumeView "piece5.ply"}
		}
		{bone "piece6"
			{Matrix34
				0	-1	0
				1	0	0
				0	0	1
				21.4319	108.366	94.5316
			}
			{VolumeView "piece6.ply"}
		}
		{bone "exterior"
			{Position 2.4184	-42.5957	0}
		}
		{bone "roof"
			{parameters "CommonMesh;"}
			{Position 1.19861	-7.08362	213.089}
			{VolumeView "roof.ply"}
		}
		{bone "fx_dust1"
			{Position -6.12708	119.748	122.624}
		}
	}
}
{Volume "piece1"
	{Box 21.4893 16.551 15.1501}
	{Bone "piece1"}
	{Matrix34
		0	0.999762	0.0218358
		0	-0.0218357	0.999762
		1	0	0
		0	-5.63005	1.22719
	}
}
{Volume "piece2"
	{Box 21.4893 16.551 15.1501}
	{Bone "piece2"}
	{Matrix34
		0	0.984808	-0.173648
		0	0.173648	0.984808
		1	0	0
		0	-2.65183e-005	0
	}
}
{Volume "piece3"
	{Box 24.1364 24.1567 15.1501}
	{Bone "piece3"}
	{Matrix34
		0	0.996195	-0.0871557
		0	0.0871557	0.996195
		1	0	0
		1.46742e-005	2.35357	1.01148
	}
}
{Volume "piece4"
	{Box 34.6245 20.9933 15.1501}
	{Bone "piece4"}
	{Matrix34
		0	0.422618	-0.906308
		0	0.906308	0.422618
		1	0	0
		3.37181e-005	-6.84855e-005	-1.40143e-005
	}
}
{Volume "piece5"
	{Box 31.4646 18.7787 15.1501}
	{Bone "piece5"}
	{Matrix34
		0	-0.939693	-0.34202
		0	-0.34202	0.939693
		-1	0	0
		-1.66933e-005	-0.300784	-3.16812
	}
}
{Volume "piece6"
	{Box 30.8876 15.7326 15.1501}
	{Bone "piece6"}
	{Matrix34
		0	1	0
		0	0	1
		1	0	0
		4.73877e-005	-3.36407e-005	0
	}
}
