;Exported by: garry
;Date:        Mon Apr 17 10:25:07 2006
;File:        \\bestplay\design\DESIGN\-Projects-\-3DWork-\Constructions\במקונטששו\barrel_x.max
{Skeleton
	{bone "body"
		{Orientation
			1	0	0
			0	-1	0
			0	0	1
		}
		{bone "piece1"
			{Matrix34
				0	0.951403	0.307947
				0	-0.307947	0.951403
				1	0	0
				-12.5396	6.096	66.5226
			}
			{VolumeView "piece1.ply"}
			{bone "fx_water1"
				{Matrix34
					-0.143061	-0.441988	-0.88554
					-0.272701	-0.842505	0.464564
					-0.951403	0.307948	0
					-4.04424	-14.1309	-26.8592
				}
			}
			{bone "fx_water1a"
				{Matrix34
					0.2415	0.746115	0.620475
					0.191073	0.590323	-0.784226
					-0.951404	0.307947	0
					-3.94154	6.99206	21.4594
				}
			}
			{bone "fx_dust1"
				{Matrix34
					0	0	1
					0.307946	0.951404	0
					-0.951404	0.307946	0
					-6.0573	0.455411	21.4735
				}
			}
		}
		{bone "piece6"
			{Matrix34
				0	0.999966	0.0082058
				0	-0.0082058	0.999966
				1	0	0
				0.125582	-0.319269	44.6133
			}
			{VolumeView "piece6.ply"}
		}
		{bone "piece4"
			{Matrix34
				0	0.999966	0.0082058
				0	-0.0082058	0.999966
				1	0	0
				30.4124	-0.0536319	52.6074
			}
			{VolumeView "piece4.ply"}
		}
		{bone "piece5"
			{Matrix34
				0	0.999966	0.0082058
				0	-0.0082058	0.999966
				1	0	0
				-7.38153	-28.1694	52.1449
			}
			{VolumeView "piece5.ply"}
		}
		{bone "sub_piece4"
			{Matrix34
				0	0.999966	0.0082058
				0	-0.0082058	0.999966
				1	0	0
				0.7263	27.3468	25.4795
			}
			{VolumeView "sub_piece4.ply"}
		}
		{bone "sub_piece15"
			{Matrix34
				0	0.999966	0.0082058
				0	-0.0082058	0.999966
				1	0	0
				0.0794313	-11.8979	21.4137
			}
			{VolumeView "sub_piece15.ply"}
		}
		{bone "piece9"
			{Matrix34
				0	0.999966	0.0082058
				0	-0.0082058	0.999966
				1	0	0
				29.9111	8.97623	19.1667
			}
			{VolumeView "piece9.ply"}
		}
		{bone "sub_piece2"
			{Matrix34
				0	0.999966	0.0082058
				0	-0.0082058	0.999966
				1	0	0
				29.3013	-12.3422	22.6097
			}
			{VolumeView "sub_piece2.ply"}
		}
		{bone "sub_piece3"
			{Matrix34
				0	0.999966	0.00820579
				-0.0902146	-0.00817235	0.995889
				0.995922	-0.000740256	0.0902118
				-28.6527	7.15685	23.4537
			}
			{VolumeView "sub_piece3.ply"}
		}
		{bone "piece7"
			{Matrix34
				0	0.999966	0.0082058
				0	-0.0082058	0.999966
				1	0	0
				0.108847	-0.457755	44.5825
			}
			{VolumeView "piece7.ply"}
		}
		{bone "sub_piece1"
			{Matrix34
				0	0.999966	0.0082058
				0	-0.0082058	0.999966
				1	0	0
				0.38722	14.4928	44.3416
			}
			{VolumeView "sub_piece1.ply"}
		}
		{bone "piece3"
			{Matrix34
				0	0.999966	0.0082058
				0	-0.0082058	0.999966
				1	0	0
				-11.0468	1.36533	92.8796
			}
			{VolumeView "piece3.ply"}
		}
		{bone "piece2"
			{Matrix34
				0	0.999999	-0.0011245
				0	0.0011245	0.999999
				1	0	0
				-37.6959	6.4773	93.481
			}
			{VolumeView "piece2.ply"}
		}
		{bone "fx_wood1"
			{Matrix34
				1	0	0
				0	0	1
				0	-1	0
				-29.0195	25.6956	6.34848
			}
		}
	}
}
{Volume "piece1"
	{Cylinder 15.1021 50.8671}
	{Bone "piece1"}
	{Matrix34
		-0.30791	-0.951289	0.0155538
		-0.951404	0.307947	0
		-0.00478898	-0.0147982	-0.999879
		-0.36362	-2.13308	2.11397
	}
}
{Volume "piece2"
	{Polyhedron "piece2.vol"}
	{Bone "piece2"}
	{Matrix34
		0.000102207	-0.0909911	0.995852
		0.999999	0.00112478	0
		-0.00112012	0.995851	0.0909912
		4.45631	-1.36495	26.455
	}
}
{Volume "piece3"
	{Box 56.7561 2.57397 2.57397}
	{Bone "piece3"}
	{Matrix34
		-0.000746626	-0.0909881	0.995852
		0.999966	-0.00820526	0
		0.00817122	0.995818	0.0909912
		-0.325676	0.515747	-0.0769928
	}
}
{Volume "piece4"
	{Box 57.599 17.8409 0.935987}
	{Bone "piece4"}
	{Position 0	0	0}
}
{Volume "piece5"
	{Box 1.77694 17.0785 44.3102}
	{Bone "piece5"}
	{Position 0	0	0}
}
{Volume "piece6"
	{Box 56.9987 2.40278 60.6921}
	{Bone "piece6"}
	{Position 0	0	0}
}
{Volume "piece7"
	{Polyhedron "piece7.vol"}
	{Bone "piece7"}
	{Position 0	0	0}
}
{Volume "piece9"
	{Polyhedron "piece9.vol"}
	{Bone "piece9"}
	{Position 0.0331246	4.03654	0}
}
{Volume "sub_piece15"
	{Box 4.07516 2.92717 59.5292}
	{Bone "sub_piece15"}
	{Matrix34
		1	0	0
		0	0.929952	-0.367682
		0	0.367681	0.929952
		0	0	0
	}
}
{Volume "sub_piece1"
	{Box 2.63483 3.02535 60.0481}
	{Bone "sub_piece1"}
	{Position 0	0	0}
}
{Volume "sub_piece2"
	{Box 2.80779 46.1729 2.5012}
	{Bone "sub_piece2"}
	{Position 0	0	0}
}
{Volume "sub_piece3"
	{Box 41.5649 46.4597 4.12442}
	{Bone "sub_piece3"}
	{Position 0	0	0}
}
{Volume "sub_piece4"
	{Box 4.10103 3.20631 61.5114}
	{Bone "sub_piece4"}
	{Matrix34
		1	0	0
		0	0.851933	0.523651
		0	-0.523651	0.851933
		0	0	0
	}
}
