;Exported by: Butyvsky
;Date:        Thu Mar 02 16:28:47 2006
;File:        D:\-Projects-\-3D Work-\canon\20mm_Oerlikon_AA_USN\Oerlikon_xx.max
{Skeleton
	{bone "basis"
		{Orientation
			1	0	0
			0	-1	0
			0	0	1
		}
		{bone "body"
			{parameters "ID=body;"}
			{Matrix34
				1	0	0
				0	0.996801	0.0799286
				0	-0.0799286	0.996801
				5.16286	0.103081	8.63037
			}
			{VolumeView "body.ply"}
			{bone "pivot_front"
				{Position 2.51413	0.143311	-5.16738}
				{VolumeView "pivot_front.ply"}
				{bone "standl2"
					{parameters "ID=body;"}
					{Matrix34
						1	0	0
						0	0.198181	-0.980165
						0	0.980165	0.198181
						5.71185	2.93851	0.254792
					}
					{VolumeView "standl2.ply"}
				}
				{bone "steer_r"
					{Matrix34
						0.996195	-0.087156	0
						0.087156	0.996195	0
						0	0	1
						0.0194774	-8.89344	0.00822351
					}
					{visibility 0}
					{bone "lever_r"
						{Matrix34
							0.996195	0.0871562	0
							0	0	1
							0.0871562	-0.996195	0
							-0.0179962	-0.00157561	-0.00747013
						}
						{VolumeView "lever_r.ply"}
					}
				}
			}
			{bone "pivot_back"
				{Position -31.1515	0.143316	-5.16738}
				{visibility 0}
				{bone "standl1"
					{parameters "ID=body;"}
					{Matrix34
						0.94805	-0.317786	-0.0146109
						0.317722	0.948161	-0.00658627
						0.0159465	0.00160192	0.999872
						33.4291	3.71865	-0.439726
					}
					{VolumeView "standl1.ply"}
				}
				{bone "standr1"
					{parameters "ID=body;"}
					{Matrix34
						0.866025	0.499458	0.0232766
						-0.499988	0.865389	0.0333673
						-0.00347779	-0.0405349	0.999172
						33.3615	-4.10021	-0.499399
					}
					{VolumeView "standr1.ply"}
				}
			}
			{bone "turret"
				{parameters "ID=turret;"}
				{Matrix34
					0.994197	-0.10591	0.0188444
					0.102776	0.986902	0.124344
					-0.0317669	-0.121686	0.99206
					0.405155	-0.00288965	6.63942
				}
				{VolumeView "turret.ply"}
				{bone "gun_rot"
					{parameters "ID=gun;"}
					{Matrix34
						1	0	0
						0	0	-1
						0	1	0
						-1.27368	-0.0109288	2.63826
					}
					{VolumeView "gun_rot.ply"}
					{bone "part1"
						{Matrix34
							0.828434	0.490508	-0.270369
							0.28572	0.0450788	0.957252
							0.481727	-0.87027	-0.102803
							1.69139	-0.928159	-0.0213566
						}
						{VolumeView "part1.ply"}
					}
					{bone "part3"
						{Position -19.6654	4.42392	0.562402}
						{VolumeView "part3.ply"}
					}
					{bone "fxfire1"
						{Matrix34
							-0.173648	-0.984808	0
							0	0	1
							-0.984808	0.173648	0
							-1.96732	10.6151	-0.0965242
						}
					}
				}
			}
			{bone "part2"
				{Matrix34
					-1	0	0
					0	-0.995907	0.0903884
					0	0.0903884	0.995907
					20.9648	-15.9204	-6.10239
				}
			}
		}
	}
}
{Volume "body"
	{Polyhedron "body.vol"}
	{Bone "body"}
	{Position 0	0	0.683575}
}
{Volume "gun_rot2"
	{Box 13.5185 0.973422 1.20743}
	{Bone "gun_rot"}
	{Position -15.0713	10.2102	-2.96131}
}
{Volume "gun_rot3"
	{Box 13.5185 0.973422 1.20743}
	{Bone "gun_rot"}
	{Position -15.0713	10.2102	2.90519}
}
{Volume "gun_rot4"
	{Box 23.387 0.924751 0.905576}
	{Bone "gun_rot"}
	{Matrix34
		0.973098	0.22798	0.0332433
		-0.227847	0.973666	-0.00778376
		-0.0341424	0	0.999417
		-10.9859	-1.81228	-5.07971
	}
}
{Volume "gun_rot6"
	{Box 21.2822 0.823028 0.905576}
	{Bone "gun_rot"}
	{Matrix34
		0.981145	0.143016	0.130001
		-0.140223	0.989652	-0.0304401
		-0.133009	0.0116371	0.991046
		-9.65278	0.206516	-5.91101
	}
}
{Volume "gun_rot7"
	{Box 4.6604 2.90142 6.84213}
	{Bone "gun_rot"}
	{Matrix34
		0.975197	-0.22134	0
		0.22134	0.975197	0
		0	0	1
		1.3507	2.2008	0.123318
	}
}
{Volume "part1_1"
	{Cylinder 0.881542 38.0755}
	{Bone "part1"}
	{Matrix34
		0	-1	0
		0	0	1
		-1	0	0
		6.71818	-0.0412899	0.0024482
	}
}
{Volume "part1"
	{Cylinder 2.32782 2.44113}
	{Bone "part1"}
	{Matrix34
		0	-1	0
		0	0	1
		-1	0	0
		-0.727232	-2.32584	2.31393
	}
}
{Volume "part2_1"
	{Cylinder 0.921611 12.7812}
	{Bone "part2"}
	{Matrix34
		-0.882776	-0.469177	0.0240794
		0.0620558	-0.0656477	0.995911
		-0.465678	0.880661	0.0870674
		1.4248	-2.65204	3.50247
	}
}
{Volume "part2_2"
	{Box 2.75976 3.39265 5.68377}
	{Bone "part2"}
	{Matrix34
		1	0	0
		0	0.994497	0.104759
		0	-0.104759	0.994497
		-2.0484	4.85023	1.77897
	}
}
{Volume "part2"
	{Cylinder 0.99534 9.4017}
	{Bone "part2"}
	{Matrix34
		-0.320014	-0.947316	0.0135499
		0.0423037	0	0.999105
		-0.946468	0.3203	0.040075
		8.44079	-10.2451	2.65884
	}
}
{Volume "part3_1"
	{Box 3.14624 1.01127 5.77383}
	{Bone "part3"}
	{Matrix34
		-0.0871556	-0.96225	0.257834
		0.996195	-0.084186	0.0225575
		0	0.258819	0.965926
		-3.3975	-1.96102	0.644844
	}
}
{Volume "part3"
	{Box 6.42089 1.98288 7.58354}
	{Bone "part3"}
	{Matrix34
		1	0	0
		0	0.965926	-0.258819
		0	0.258819	0.965926
		0	1.85876	-0.00524946
	}
}
{Volume "standl1_1"
	{Box 2.75976 3.39265 3.52394}
	{Bone "standl1"}
	{Matrix34
		-0.866025	-0.500001	0
		0.500001	-0.866024	0
		0	0	1
		-33.2726	0.267065	-3.02733
	}
}
{Volume "standl1"
	{Box 31.9555 3.12122 3.40823}
	{Bone "standl1"}
	{Position -22.0632	-0.419093	0.313995}
}
{Volume "standl2"
	{Box 23.6049 2.89353 4.44536}
	{Bone "standl2"}
	{Matrix34
		0.62287	0.31095	0.717874
		-0.039294	0.928892	-0.36826
		-0.781337	0.20117	0.590798
		9.03083	3.26012	7.79038
	}
}
{Volume "standr1"
	{Box 31.9425 2.74232 2.13896}
	{Bone "standr1"}
	{Position -21.3359	0.101681	0.813817}
}
{Volume "turret1"
	{Box 5.61817 1.31327 1.22841}
	{Bone "turret"}
	{Position -0.867439	3.06319	4.53891}
}
{Volume "turret"
	{Box 9.34414 4.15868 3.4009}
	{Bone "turret"}
	{Position -2.42433	-0.136873	2.05333}
}
