;Exported by: sana
;Date:        Thu Jul 20 11:44:02 2006
;File:        D:\-Project-\-3DWork-\Entourage\kaserne1\Kazarma1_cut.max
{Skeleton
	{bone "kaserne_corn6"
		{Orientation
			1	0	0
			0	-1	0
			0	0	1
		}
		{VolumeView "kaserne_corn6.ply"}
		{bone "exterior"
			{Position 1.61893	0	79.6659}
			{VolumeView "exterior.ply"}
		}
		{bone "fix03"
			{Position -7.85693	33.719	28.2903}
		}
		{bone "fix04"
			{Position 39.8928	33.9972	61.3568}
		}
	}
}
{Obstacle "body1"
	{Obb2
		{Center 18.5425 -32.2861}
		{Extent 19.5122 3.51764}
		{Axis 1 0}
	}
	{Rotate}
	{Tags  "body"}
}
{Obstacle "body"
	{Obb2
		{Center -8.78918 -32.2861}
		{Extent 25.6248 3.51763}
		{Axis 1 0}
	}
	{Rotate}
	{Tags  "body"}
}
{Area "interior"
	{Obb2
		{Center -0.632629 -21.4948}
		{Extent 38.6656 11.8055}
		{Axis -1 0}
	}
	{Rotate}
}
{Volume "body1"
	{Box 28.7128 30.4554 7.03526}
	{Bone "kaserne_corn6"}
	{Matrix34
		-0.37648	0	-0.926425
		0.926425	0	-0.37648
		0	-1	0
		18.5425	32.2861	69.7459
	}
}
{Volume "body"
	{Box 18.8404 47.661 7.03526}
	{Bone "kaserne_corn6"}
	{Matrix34
		0.369921	0	-0.929063
		0.929063	0	0.369921
		0	-1	0
		-8.7892	32.2861	71.2053
	}
}
{Volume "roof1"
	{Box 51.9083 58.6718 3.93701}
	{Bone "exterior"}
	{Matrix34
		0.929399	0	0.369075
		0	1	0
		-0.369075	0	0.929399
		-14.7208	10.7577	-0.745978
	}
}
{Volume "roof"
	{Box 32.618 79.8282 3.93701}
	{Bone "exterior"}
	{Matrix34
		0.93007	0	-0.367381
		0	1	0
		0.367381	0	0.93007
		23.3467	0.546265	2.7842
	}
}
