;Exported by: shevchenko
;Date:        Sun Jul 10 12:39:55 2005
;File:        D:\-Projects1_5-\-3DWork-\house_euro_ruine2_x.max
{Skeleton
	{bone "wall7r_c3"
		{Orientation
			1	0	0
			0	-1	0
			0	0	1
		}
		{bone "piece0"
			{Matrix34
				0.998465	0.0519933	-0.0190661
				-0.0318722	0.257966	-0.965628
				-0.0452879	0.964754	0.259228
				-4.6596	-5.49631	32.9181
			}
			{VolumeView "piece0.ply"}
		}
		{bone "piece1"
			{Position 15.6362	-1.35577	59.0591}
			{VolumeView "piece1.ply"}
		}
		{bone "piece2"
			{Matrix34
				1	0	0
				0	0	1
				0	-1	0
				-5.75097	-38.0512	76.2395
			}
			{VolumeView "piece2.ply"}
		}
		{bone "piece3"
			{Matrix34
				1	0	0
				0	0	1
				0	-1	0
				27.1063	-38.0512	76.7526
			}
			{VolumeView "piece3.ply"}
		}
		{bone "piece4"
			{Matrix34
				0	-1	0
				0	0	1
				-1	0	0
				42.8785	27.8918	27.7384
			}
			{VolumeView "piece4.ply"}
		}
		{bone "piece5"
			{Matrix34
				0	-1	0
				0	0	1
				-1	0	0
				42.8785	-2.1676	66.5682
			}
			{VolumeView "piece5.ply"}
		}
		{bone "piece6"
			{Matrix34
				0	-1	0
				0	0	1
				-1	0	0
				42.8785	-30.5193	32.4803
			}
			{VolumeView "piece6.ply"}
		}
		{bone "piece7"
			{Matrix34
				0	-1	0
				0	0	1
				-1	0	0
				42.685	-29.7218	83.2959
			}
			{VolumeView "piece7.ply"}
		}
		{bone "piece8"
			{Matrix34
				1	0	0
				0	0	1
				0	-1	0
				-3.8579	-38.0512	24.6063
			}
			{VolumeView "piece8.ply"}
		}
		{bone "piece9"
			{Matrix34
				1	0	0
				0	0	1
				0	-1	0
				-24.7303	-38.0512	46.6087
			}
			{VolumeView "piece9.ply"}
		}
		{bone "piece10"
			{Matrix34
				1	0	0
				0	0	1
				0	-1	0
				-47.5135	-38.0511	73.6734
			}
			{VolumeView "piece10.ply"}
		}
		{bone "piece11"
			{Matrix34
				1	0	0
				0	0	1
				0	-1	0
				32.1269	-38.0512	27.0402
			}
			{VolumeView "piece11.ply"}
		}
	}
}
{Volume "piece11"
	{Box 20.409 11.811 24.3805}
	{Bone "piece11"}
	{Matrix34
		1	0	0
		0	0	-1
		0	1	0
		1.05792	0.44514	0
	}
}
{Volume "piece10"
	{Box 24.3439 11.811 30.7311}
	{Bone "piece10"}
	{Matrix34
		0.979533	0.201283	0
		0	0	-1
		-0.201283	0.979533	0
		-0.778651	-0.0355812	0
	}
}
{Volume "piece9"
	{Box 32.1831 11.811 24.0354}
	{Bone "piece9"}
	{Matrix34
		0.965926	-0.258819	0
		0	0	-1
		0.258819	0.965926	0
		0.203728	-0.237008	1.51672e-005
	}
}
{Volume "piece8"
	{Box 33.4198 11.811 19.0748}
	{Bone "piece8"}
	{Matrix34
		0.766044	0.642788	0
		0	0	-1
		-0.642788	0.766044	0
		1.7457	0.583523	-1.80554e-005
	}
}
{Volume "piece7"
	{Box 8.26105 19.9216 35.9009}
	{Bone "piece7"}
	{Matrix34
		0	0	-1
		-1	0	0
		0	1	0
		5.07038e-005	-0.0316906	1.41384e-005
	}
}
{Volume "piece6"
	{Box 7.87402 21.0236 44.6457}
	{Bone "piece6"}
	{Matrix34
		0	0	-1
		-1	0	0
		0	1	0
		-1.86333e-005	0.351007	0
	}
}
{Volume "piece5"
	{Box 7.87402 29.1142 15.3601}
	{Bone "piece5"}
	{Matrix34
		0	0	-1
		-1	0	0
		0	1	0
		3.59947e-005	-0.273942	4.11239e-005
	}
}
{Volume "piece4"
	{Box 7.87402 18.7733 30.4288}
	{Bone "piece4"}
	{Matrix34
		0	0	-1
		-1	0	0
		0	1	0
		0.610075	1.10844	0
	}
}
{Volume "piece3"
	{Box 46.4173 11.811 21.6454}
	{Bone "piece3"}
	{Matrix34
		0.461887	0.886939	0
		0	0	-1
		-0.886939	0.461887	0
		2.02196	-1.65524	0
	}
}
{Volume "piece2"
	{Box 31.0404 11.811 21.9614}
	{Bone "piece2"}
	{Matrix34
		0.754455	0.656352	0
		0	0	-1
		-0.656352	0.754455	0
		-0.52171	-1.03875	2.94819e-005
	}
}
{Volume "piece1"
	{Box 22.8169 51.7812 3.93701}
	{Bone "piece1"}
	{Position 12.2761	-2.63907	0}
}
{Volume "piece0"
	{Box 3.93701 26.2294 31.6246}
	{Bone "piece0"}
	{Matrix34
		-0.0137131	-0.00794848	-0.999874
		0.981661	-0.19026	-0.0119514
		-0.190141	-0.981701	0.010412
		0.531939	0.805943	-0.12992
	}
}
