;Exported by: ??????
;Date:        Sun Sep 29 13:52:54 2019
;File:        E:\3? ???\????????\??7\??7_XX.max
{Skeleton
	{bone "basis"
		{Orientation
			1	0	0
			0	-1	0
			0	0	1
		}
		{bone "body"
			{parameters "ID=body;"}
			{Position 0	0	15.2651}
			{VolumeView "body.ply"}
			{bone revolute "wheell1"
				{parameters "ID=trackleft;"}
				{Matrix34
					-0.999962	-0.000178354	0.00871886
					0.00871566	-0.0543606	0.998483
					0.000295879	0.998521	0.0543601
					48.1889	19.1202	-2.10771
				}
				{VolumeView "wheell1.ply"}
			}
			{bone revolute "wheelr1"
				{parameters "ID=trackright;"}
				{Matrix34
					-0.999962	-0.000178354	0.00871886
					0.00871566	-0.0543606	0.998483
					0.000295879	0.998521	0.0543601
					48.1776	-18.8066	-4.17243
				}
				{VolumeView "wheelr1.ply"}
			}
			{bone revolute "wheelr6"
				{parameters "ID=trackright;"}
				{Matrix34
					-0.999962	-0.000178354	0.00871886
					0.00871566	-0.0543606	0.998483
					0.000295879	0.998521	0.0543601
					-48.4152	-19.1324	-4.76388
				}
				{VolumeView "wheelr6.ply"}
			}
			{bone revolute "turret"
				{parameters "ID=turret;"}
				{Matrix34
					0.869951	-0.489455	-0.0601514
					0.493061	0.86547	0.0886113
					0.00868795	-0.106746	0.994248
					14.904	-0.792352	14.473
				}
				{VolumeView "turret.ply"}
				{bone revolute "mgun_rot"
					{parameters "ID=mgun_rot;"}
					{limits -30 30}
					{Matrix34
						1	0	0
						0	0	1
						0	-1	0
						-22.058	0	7.40201
					}
				}
				{bone revolute "gun_rot"
					{parameters "ID=gun;"}
					{Matrix34
						-0.00317988	-0.994379	-0.105829
						0.059875	-0.105829	0.99258
						-0.998201	-0.00318018	0.0598749
						15.268	-0.81979	7.75014
					}
					{VolumeView "gun_rot.ply"}
					{bone "gun"
						{parameters "ID=gun;"}
						{Matrix34
							0	0	-1
							-1	0	0
							0	1	0
							0.000108719	-0.191975	-9.76942
						}
						{VolumeView "gun.ply"}
					}
				}
			}
		}
		{bone "wheelsl"
			{parameters "ID=trackleft;"}
			{Position 0	0	16.1579}
			{VolumeView "wheelsl.ply"}
			{bone revolute "wheell2"
				{parameters "ID=trackleft;"}
				{Matrix34
					-1	0	0
					0	0	1
					0	1	0
					31.94	19.3667	-7.26092
				}
				{VolumeView "wheell2.ply"}
			}
			{bone revolute "wheell3"
				{parameters "ID=trackleft;"}
				{Matrix34
					-1	0	0
					0	0	1
					0	1	0
					9.51189	19.5024	-7.26099
				}
				{VolumeView "wheell3.ply"}
			}
			{bone revolute "wheell4"
				{parameters "ID=trackleft;"}
				{Matrix34
					-1	0	0
					0	0	1
					0	1	0
					-14.8131	19.5024	-7.26107
				}
				{VolumeView "wheell4.ply"}
			}
			{bone revolute "wheell5"
				{parameters "ID=trackleft;"}
				{Matrix34
					-1	0	0
					0	0	1
					0	1	0
					-32.7049	19.5024	-7.2609
				}
				{VolumeView "wheell5.ply"}
			}
			{bone "trackl"
				{parameters "ID=trackleft;"}
				{Position -1.04968	19.3834	-6.54673}
				{VolumeView "trackl.ply"}
			}
		}
		{bone "wheelsr"
			{parameters "ID=trackright;"}
			{Position 0	0	16.1579}
			{VolumeView "wheelsr.ply"}
			{bone revolute "wheelr3"
				{parameters "ID=trackright;"}
				{Matrix34
					-1	0	0
					0	0	1
					0	1	0
					9.51184	-19.5024	-7.26099
				}
				{VolumeView "wheelr3.ply"}
			}
			{bone revolute "wheelr4"
				{parameters "ID=trackright;"}
				{Matrix34
					-1	0	0
					0	0	1
					0	1	0
					-14.8131	-19.5024	-7.26106
				}
				{VolumeView "wheelr4.ply"}
			}
			{bone revolute "wheelr5"
				{parameters "ID=trackright;"}
				{Matrix34
					-1	0	0
					0	0	1
					0	1	0
					-32.7049	-19.5024	-7.26089
				}
				{VolumeView "wheelr5.ply"}
			}
			{bone revolute "wheelr2"
				{parameters "ID=trackright;"}
				{Matrix34
					-1	0	0
					0	0	1
					0	1	0
					31.9399	-19.3667	-7.26092
				}
				{VolumeView "wheelr2.ply"}
			}
			{bone "trackr"
				{parameters "ID=trackright;"}
				{Position -0.280985	-19.3834	-6.75436}
				{VolumeView "trackr.ply"}
			}
		}
	}
}
{Volume "body"
	{Polyhedron "body.vol"}
	{Bone "body"}
	{Orientation
		0.999962	0.000177533	-0.00871881
		0.000296697	0.998521	0.0543602
		0.00871557	-0.0543607	0.998483
	}
}
{Volume "engine"
	{Box 20 30 15}
	{Bone "body"}
	{Matrix34
		0.999962	0.000177533	-0.00871881
		0.000296697	0.998522	0.0543602
		0.00871557	-0.0543607	0.998483
		-39.9628	-0.105713	4.14647
	}
}
{Volume "gun"
	{Polyhedron "gun.vol"}
	{Bone "gun"}
	{Position -13.4073	0.798932	-0.810993}
}
{Volume "inventory"
	{Box 20 20 20}
	{Bone "body"}
	{Matrix34
		0.999962	0.000177533	-0.00871881
		0.000296697	0.998522	0.0543602
		0.00871557	-0.0543607	0.998483
		1.57178	-0.15647	2.86554
	}
}
{Volume "mantlet"
	{Polyhedron "mantlet.vol"}
	{Bone "gun_rot"}
	{Matrix34
		0	0	-1
		-1	0	0
		0	1	0
		-0.798969	-1.00298	3.63796
	}
}
{Volume "trackleft"
	{Polyhedron "trackleft.vol"}
	{Bone "wheelsl"}
	{Position -0.741428	19.3836	-6.62229}
}
{Volume "trackright"
	{Polyhedron "trackright.vol"}
	{Bone "wheelsr"}
	{Matrix34
		1	0	0
		0	-1	0
		0	0	-1
		-0.761313	-19.4155	-6.62222
	}
}
{Volume "turret"
	{Polyhedron "turret.vol"}
	{Bone "turret"}
	{Position 0.354833	0	0}
}
