;Exported by: Admin
;Date:        Wed May 27 20:41:21 2009
;File:        E:\the game\humanskin\cha_tankcom.max
{Skeleton
	{bone revolute "basis"
		{limits -30 30}
		{speed 0.1}
		{Orientation
			1	0	0
			0	-1	0
			0	0	1
		}
		{bone "body"
			{Matrix34
				0	0	1
				0	-1	0
				1	0	0
				0	0.0344553	19.9224
			}
			{bone "foot1l"
				{Matrix34
					-0.993535	-0.0202547	0.111703
					0.111666	0.00297584	0.993741
					0.0204604	-0.99979	0.000694829
					-0.143509	-2.13095	-0.488995
				}
				{bone "foot2l"
					{Matrix34
						0.952385	-0.304899	-0.000108004
						0.304899	0.952385	-4.08255e-005
						0.0001153	0	1
						9.37838	-0.0471724	0
					}
					{bone "bone06"
						{Matrix34
							0.22138	0.973964	0.0488401
							-0.972284	0.216583	0.0880677
							0.0751968	-0.0669829	0.994916
							8.74023	0.113252	0.00567937
						}
					}
					{bone "foot3l"
						{Matrix34
							0.0905581	0.979615	0.179314
							0.00345631	-0.180362	0.983594
							0.995885	-0.0884531	-0.0197191
							9.2003	-0.34629	-0.0729969
						}
						{bone "bone07"
							{Position 2.60015	0	0}
						}
					}
				}
			}
			{bone "foot1r"
				{Matrix34
					-0.993573	0.0113964	0.112617
					0.112605	-0.0016877	0.993638
					0.0115138	0.999934	0.000393572
					-0.143518	2.17103	-0.488755
				}
				{bone "foot2r"
					{Matrix34
						0.951792	-0.306744	-0.000104403
						0.306744	0.951792	-3.95044e-005
						0.000111662	0	1
						9.37831	-0.0472316	0
					}
					{bone "bone03"
						{Matrix34
							0.221381	0.973964	0.04884
							-0.972284	0.216582	0.0880676
							0.0751969	-0.066983	0.994917
							8.74023	0.113252	0.00567985
						}
					}
					{bone "foot3r"
						{Matrix34
							0.0880245	0.974738	0.205275
							0.00721196	0.205446	-0.978642
							-0.996092	0.0876248	0.0110543
							9.2003	-0.346289	-0.0729966
						}
						{bone "bone05"
							{Position 2.60015	0	0}
						}
					}
				}
			}
			{bone revolute "ik_leftright"
				{limits -20 20}
				{speed 0.1}
				{Matrix34
					0	0	1
					0	-1	0
					1	0	0
					1.90368	0.0344548	0
				}
				{bone revolute "ik_updown"
					{limits -40 20}
					{speed 0.1}
					{Matrix34
						1	0	0
						0	0	1
						0	-1	0
						0	0	1.66801
					}
					{bone "head"
						{Matrix34
							1	0	0
							0	0	-1
							0	1	0
							0	7.21458	0
						}
						{bone "visor"
							{Matrix34
								1	0	0
								0	1	0
								0	0	1
								2.31916	0	2.33291
							}
						}
					}
					{bone "gun_back"
						{Matrix34
							0.0064783	0.996053	0.0885295
							-0.106389	0.0887156	-0.990359
							-0.994303	-0.00300279	0.106544
							-4.16774	-4.2536	2.42593
						}
					}
					{bone "clavicle_right"
						{Position -0.13918	6.12487	1.17253}
						{bone "hand1r"
							{Matrix34
								0.0908817	-0.24685	0.964783
								0.967395	0.251863	-0.0266857
								-0.236406	0.935751	0.261692
								0.0503405	-0.225973	2.95337
							}
							{bone "hand2r"
								{Matrix34
									0.516186	0.856476	0
									-0.856476	0.516186	0
									0	0	1
									6.26813	0	0
								}
								{bone "hand3r"
									{Matrix34
										0.982611	-0.185677	0
										0.185676	0.982611	0
										0	0	1
										5.19218	0	0
									}
								}
								{bone "right_hand"
									{Matrix34
										0.997179	0.075064	0.000306368
										-0.0690742	0.915993	0.395203
										0.0293852	-0.394109	0.918594
										6.26416	1.39944	0.337036
									}
								}
								{bone "hand_rot1r"
									{Matrix34
										0.00333593	-0.999958	0.00855801
										-0.999992	-0.00331783	0.00210719
										-0.00207882	-0.00856492	-0.999961
										5.19224	0	0
									}
									{bone "palm1r"
										{Matrix34
											-0.987462	-0.121604	-0.100652
											-0.0703692	-0.231655	0.97025
											-0.141302	0.965168	0.220194
											0.121388	-0.163002	0.149548
										}
										{bone "palm2r_hide"
											{Matrix34
												-0.00761818	0.507053	-0.861881
												0.00254744	0.861914	0.50705
												0.999968	0.0016683	-0.00786034
												0.146144	0.242287	-1.25751
											}
											{bone "palm3r_hide"
												{Matrix34
													0.576833	0.816862	0
													-0.816862	0.576833	0
													0	0	1
													0.581881	-0.000112534	0
												}
												{bone "palm4r_hide"
													{Matrix34
														1	0	0
														0	1	0
														0	0	1
														0.534458	0	0
													}
												}
											}
										}
										{bone "palm2r"
											{Matrix34
												-0.00762005	0.507053	-0.861881
												0.00254652	0.861914	0.507049
												0.999968	0.00166658	-0.00785916
												0.146145	0.242285	-1.25751
											}
											{bone "palm3r"
												{Matrix34
													0.576833	0.816863	0
													-0.816862	0.576832	0
													0	0	1
													0.581881	-0.000116348	0
												}
											}
										}
									}
								}
							}
						}
					}
					{bone "clavicle_left"
						{Position -0.13918	6.12487	-1.18112}
						{bone "hand1l"
							{Matrix34
								0.0902631	-0.247199	-0.964752
								0.967476	0.251618	0.026046
								0.236311	-0.935725	0.261871
								0.0503408	-0.225973	-2.95273
							}
							{bone "hand2l"
								{Matrix34
									0.514127	0.857714	0
									-0.857714	0.514127	0
									0	0	1
									6.26813	0	0
								}
								{bone "hand3l"
									{Matrix34
										0.982611	-0.185677	0
										0.185677	0.982611	0
										0	0	1
										5.19218	0	0
									}
								}
								{bone "left_hand"
									{Matrix34
										0.275672	0.823505	-0.495827
										0.00418834	-0.516838	-0.856073
										-0.961242	0.233919	-0.145928
										5.99778	-0.667302	0.409925
									}
								}
								{bone "hand_rot1l"
									{Matrix34
										0.00130188	-0.999931	0.0116373
										-0.999999	-0.0013144	-0.00103848
										0.00105352	-0.0116361	-0.999932
										5.25744	-0.000654221	-0.00162125
									}
									{bone "palm1l"
										{Matrix34
											0.965404	0.249251	-0.0766091
											-0.0261253	-0.199862	-0.979476
											-0.259446	0.947591	-0.186435
											0.0886898	-0.337659	-0.09161
										}
										{bone "palm2l"
											{Matrix34
												-0.00577322	0.491337	-0.87095
												-0.00434843	-0.870969	-0.491319
												-0.999974	0.000951171	0.00716364
												-0.0738368	0.242491	-1.26342
											}
											{bone "palm3l"
												{Matrix34
													0.578449	-0.815719	0
													0.815719	0.578449	0
													0	0	1
													0.578552	0.000164032	0
												}
											}
										}
										{bone "palm2l_hide"
											{Matrix34
												-0.00577351	0.491337	-0.87095
												-0.00434792	-0.870969	-0.491319
												-0.999974	0.000951946	0.00716363
												-0.0738368	0.242491	-1.26342
											}
											{bone "palm3l_hide"
												{Matrix34
													0.578448	-0.815719	0
													0.815719	0.578449	0
													0	0	1
													0.57855	0.000164032	0
												}
												{bone "palm4l_hide"
													{Matrix34
														1	0	0
														0	1	0
														0	0	1
														0.511904	-3.43323e-005	0
													}
												}
											}
										}
									}
								}
							}
						}
					}
				}
			}
			{bone revolute "placement"
				{Matrix34
					0	1	0
					-1	0	0
					0	0	1
					0.783108	0	0
				}
			}
		}
		{bone "ik_chain05"
			{Position 5.02638	-12.6404	28.3041}
		}
		{bone "ik_chain03"
			{Matrix34
				1	0	0
				0	-1	0
				0	0	1
				-1.09561	2.53715	1.86587
			}
		}
		{bone "ik_chain04"
			{Matrix34
				1	0	0
				0	-1	0
				0	0	1
				3.29347	3.4301	0.0514984
			}
		}
		{bone "ik_chain02"
			{Position 3.29347	-3.36689	0.0514994}
		}
		{bone "ik_chain01"
			{Position -1.09561	-2.34785	1.86587}
		}
		{bone "ik_chain06"
			{Position 5.02646	12.6404	28.3042}
		}
		{bone revolute "foresight2rot"
			{limits -20 20}
			{speed 0.1}
			{Position 13.7429	0.0246876	27.5947}
		}
		{bone "palm_ik_holder_right02"
			{Matrix34
				0.875463	-0.475152	0.088294
				0.421518	0.840088	0.34143
				-0.236406	-0.261692	0.935751
				0.480818	-10.1733	27.8457
			}
			{bone "palm_ik_holder_right01"
				{Matrix34
					0.00333641	-0.999958	0.00855836
					-0.999992	-0.00331786	0.00210727
					-0.00207857	-0.00856483	-0.999961
					5.19224	0	0
				}
				{bone "palm_ik_holder_right"
					{Matrix34
						-0.987462	-0.121604	-0.100652
						-0.0703698	-0.231655	0.970249
						-0.141303	0.965167	0.220193
						0.119856	-0.164879	0.148731
					}
					{bone "ik_chain07"
						{Matrix34
							0.999955	0.00324076	-0.00886273
							2.7895e-005	0.938188	0.346125
							0.00943684	-0.34611	0.938147
							0.13865	1.07072	-1.80207
						}
					}
				}
			}
		}
		{bone "palm_ik_holder_left02"
			{Matrix34
				0.876224	0.473665	0.0887249
				0.419986	-0.840872	0.34139
				0.23631	-0.261871	-0.935725
				0.476942	10.181	27.8435
			}
			{bone "palm_ik_holder_left01"
				{Matrix34
					0.00130192	-0.999931	0.0116376
					-0.999999	-0.00131423	-0.0010383
					0.00105385	-0.0116362	-0.999932
					5.25744	-0.000656128	-0.00162315
				}
				{bone "palm_ik_holder_left"
					{Matrix34
						0.965404	0.249251	-0.0766092
						-0.0261247	-0.199861	-0.979476
						-0.259446	0.947591	-0.186436
						0.0856133	-0.338799	-0.0894642
					}
					{bone "ik_chain08"
						{Matrix34
							0.999967	-0.0028626	0.00758453
							0.000204533	0.944171	0.329455
							-0.00810432	-0.329442	0.944141
							-0.073647	1.03671	-1.81879
						}
					}
				}
			}
		}
		{bone "skin"
			{Matrix34
				0.906308	0	-0.422618
				0	-1	0
				0.422618	0	0.906308
				0.992398	-6.89244e-005	26.9396
			}
			{VolumeView "skin.ply"}
		}
	}
}
