;Exported by: sana
;Date:        Fri Apr 07 10:29:38 2006
;File:        D:\-Project-\-3DWork-\Entourage\build_euro\build-20_cut02.max
{Skeleton
	{bone "b_euro_corn27"
		{Orientation
			1	0	0
			0	-1	0
			0	0	1
		}
		{VolumeView "b_euro_corn27.ply"}
		{bone "window8"
			{Matrix34
				0	-1	0
				1	0	0
				0	0	1
				7.05596	0.201202	104.322
			}
			{VolumeView "window8.ply"}
		}
		{bone "window6_x"
			{Position -20.9558	0.0138702	104.322}
			{visibility 0}
			{VolumeView "window6_x.ply"}
		}
		{bone "window8_x"
			{Position 7.05596	0.29245	104.322}
			{visibility 0}
			{VolumeView "window8_x.ply"}
		}
		{bone "window6"
			{Matrix34
				0	-1	0
				1	0	0
				0	0	1
				-20.9558	-0.110443	104.322
			}
			{VolumeView "window6.ply"}
		}
		{bone "fix36"
			{Position -40.7684	-3.04008	89.9667}
		}
		{bone "fix37"
			{Position 24.0558	-1.10442	68.8305}
		}
	}
}
{Volume "body1"
	{Box 41.2956 26.8179 10.2878}
	{Bone "b_euro_corn27"}
	{Matrix34
		-1	0	0
		0	0	1
		0	1	0
		-7.08442	-0.127519	142.148
	}
}
{Volume "body2"
	{Box 57.2977 39.7991 10.2878}
	{Bone "b_euro_corn27"}
	{Matrix34
		-0.777995	0	-0.628271
		-0.628271	0	0.777995
		0	1	0
		-11.8109	0.647061	114.002
	}
}
{Volume "body3"
	{Box 57.2977 38.4026 10.2878}
	{Bone "b_euro_corn27"}
	{Matrix34
		-0.750701	0	0.660642
		0.660642	0	0.750701
		0	1	0
		10.3192	0.647065	105.342
	}
}
{Volume "body"
	{Box 34.5979 15.9475 5.50315}
	{Bone "b_euro_corn27"}
	{Matrix34
		-1	0	0
		0	0	1
		0	1	0
		-8.54467	-0.129255	163.387
	}
}
{Volume "hole1"
	{Box 10.0692 19.7755 17.8902}
	{Bone "b_euro_corn27"}
	{Matrix34
		-1	0	0
		0	0	1
		0	1	0
		7.02498	0.0783758	104.333
	}
}
{Volume "hole2"
	{Box 10.0692 19.7755 17.8902}
	{Bone "b_euro_corn27"}
	{Matrix34
		-1	0	0
		0	0	1
		0	1	0
		-20.9459	0.0783796	104.333
	}
}
{Volume "roof1"
	{Box 48.3901 40.2014 3.93701}
	{Bone "b_euro_corn27"}
	{Matrix34
		0	1	0
		-0.789146	0	0.614206
		0.614206	0	0.789146
		28.1144	20.4394	115.083
	}
}
{Volume "roof3"
	{Box 69.1796 18.9327 3.93701}
	{Bone "b_euro_corn27"}
	{Matrix34
		0	1	0
		-0.784516	0	-0.620108
		-0.620108	0	0.784516
		-12.9011	37.9829	138.209
	}
}
{Volume "roof4"
	{Box 46.4055 45.4856 3.93701}
	{Bone "b_euro_corn27"}
	{Matrix34
		0	1	0
		-0.784516	0	-0.620108
		-0.620108	0	0.784516
		-38.198	19.042	118.907
	}
}
{Volume "roof"
	{Box 69.1287 26.9808 3.93701}
	{Bone "b_euro_corn27"}
	{Matrix34
		0	1	0
		-0.789146	0	0.614206
		0.614206	0	0.789146
		2.68749	30.4773	135.762
	}
}
{Volume "window6"
	{Box 10.0692 19.7755 1.25231}
	{Bone "window6"}
	{Matrix34
		0	-1	0
		0	0	1
		-1	0	0
		-0.395201	-0.0261922	0.0108977
	}
}
{Volume "window8"
	{Box 10.0692 19.7755 1.25231}
	{Bone "window8"}
	{Matrix34
		0	-1	0
		0	0	1
		-1	0	0
		-0.0835453	-0.0309854	0.0108977
	}
}
