;Exported by: shevchenko
;Date:        Tue Mar 14 15:12:56 2006
;File:        D:\-Projects1_5-\-3DWork-\euro1_corner2_lm_corner.max
{Skeleton
	{bone "101_f3c4"
		{Orientation
			1	0	0
			0	-1	0
			0	0	1
		}
		{VolumeView "101_f3c4.ply"}
		{bone "attach1"
			{Position 31.1886	21.4123	-31.4896}
		}
		{bone "window1"
			{Matrix34
				1	0	0
				0	0	1
				0	-1	0
				47.909	21.418	-7.86765
			}
			{VolumeView "../common/window1.ply"}
		}
		{bone "window1_x"
			{Matrix34
				1	0	0
				0	0	1
				0	-1	0
				47.6728	21.418	-7.86765
			}
			{visibility 0}
			{VolumeView "../common/window1_x.ply"}
		}
		{bone "fix60"
			{Position 47.912	45.7673	-17.6333}
		}
		{bone "fix61"
			{Position 47.912	-1.68414	-52.514}
		}
		{bone "fix62"
			{Position 18.3844	-43.3709	-33.5793}
		}
	}
}
{Volume "body1"
	{Box 5.90552 55.5602 39.9759}
	{Bone "101_f3c4"}
	{Position 47.912	10.1841	-22.8102}
}
{Volume "body2"
	{Box 5.90552 49.423 32.7559}
	{Bone "101_f3c4"}
	{Matrix34
		1	0	0
		0	0.946324	-0.32322
		0	0.32322	0.946324
		47.912	18.5861	6.16736
	}
}
{Volume "body3"
	{Box 5.90552 16.8364 15.258}
	{Bone "101_f3c4"}
	{Position 18.3844	-26.215	-37.2992}
}
{Volume "body4"
	{Box 29.5276 5.90552 31.4961}
	{Bone "101_f3c4"}
	{Position 36.101	-20.9095	-25.9783}
}
{Volume "body5"
	{Box 5.90552 23.7393 38.7553}
	{Bone "101_f3c4"}
	{Matrix34
		0.707107	0	-0.707107
		0	1	0
		0.707107	0	0.707107
		17.7811	1.80461	-46.6707
	}
}
{Volume "floor1"
	{Box 18.1483 53.5217 1.9685}
	{Bone "101_f3c4"}
	{Position 35.9906	8.69072	-32.4738}
}
{Volume "floor2"
	{Box 29.0372 28.9017 1.9685}
	{Bone "101_f3c4"}
	{Position 12.1324	27.7413	-32.4738}
}
{Volume "floor3"
	{Box 20.6164 18.7283 1.9685}
	{Bone "101_f3c4"}
	{Position 5.6115	-19.8321	-32.4738}
}
{Volume "hole1"
	{Box 15.748 23.622 19.685}
	{Bone "101_f3c4"}
	{Matrix34
		0	1	0
		0	0	1
		1	0	0
		50.8736	21.4184	-7.86752
	}
}
{Volume "roof1"
	{Box 86.7518 50.6486 1.9685}
	{Bone "101_f3c4"}
	{Matrix34
		0	-0.622962	-0.782252
		1	0	0
		0	-0.782252	0.622962
		31.2671	-6.16672	6.16418
	}
}
{Volume "roof2"
	{Box 31.2307 43.0513 1.9685}
	{Bone "101_f3c4"}
	{Matrix34
		0	-0.622962	-0.782252
		1	0	0
		0	-0.782252	0.622962
		-15.5789	11.1063	27.8539
	}
}
{Volume "roof3"
	{Box 27.1707 55.9667 1.9685}
	{Bone "101_f3c4"}
	{Matrix34
		-0.707107	-0.440501	-0.553136
		0.707107	-0.440501	-0.553136
		0	-0.782252	0.622962
		-3.78417	-5.10112	7.50226
	}
}
{Volume "roof4"
	{Box 72.004 23.5212 1.9685}
	{Bone "101_f3c4"}
	{Matrix34
		0.770348	0	-0.637624
		0	1	0
		0.637624	0	0.770348
		5.37986	-20.1603	-14.8064
	}
}
{Volume "window1"
	{Box 15.748 23.622 1.9685}
	{Bone "window1"}
	{Matrix34
		0	0	-1
		0	1	0
		1	0	0
		0.0118215	9.89397e-005	-0.000409728
	}
}
