;Exported by: vic
;Date:        Fri Aug 19 17:06:48 2005
;File:        D:\Obmen\SS\house_euro_117a_v_fix_x.max
{Skeleton
	{bone "117a_f3w2_x"
		{Orientation
			1	0	0
			0	-1	0
			0	0	1
		}
		{bone "piece0"
			{Matrix34
				0	1	0
				0	0	1
				1	0	0
				-14.6486	-12.3081	18.6833
			}
			{VolumeView "piece0.ply"}
		}
		{bone "piece1"
			{Matrix34
				0	1	0
				0	0	1
				1	0	0
				-14.6486	-1.26089	-18.2672
			}
			{VolumeView "piece1.ply"}
		}
		{bone "piece2"
			{Position 3.18285	13.8363	-18.7262}
			{VolumeView "piece2.ply"}
		}
		{bone "piece3"
			{Matrix34
				0	1	0
				0	0	1
				1	0	0
				-14.6486	-3.76274	-3.61597
			}
			{VolumeView "piece3.ply"}
		}
		{bone "sub_piece0"
			{Matrix34
				0	1	0
				0	0	1
				1	0	0
				-14.6486	3.51058	14.9909
			}
			{VolumeView "sub_piece0.ply"}
		}
		{bone "sub_piece1"
			{Position -2.72266	-8.80145	-18.7262}
			{VolumeView "sub_piece1.ply"}
		}
		{bone "sub_piece2"
			{Position 12.0411	-15.6912	-18.7262}
			{VolumeView "sub_piece2.ply"}
		}
	}
}
{Volume "sub_piece2"
	{Box 8.74089 3.93701 11.7424}
	{Bone "sub_piece2"}
	{Matrix34
		-0.993793	0.111243	0
		0	0	1
		0.111243	0.993793	0
		0.737177	0.621571	-0.0624139
	}
}
{Volume "sub_piece1"
	{Box 12.668 3.93701 16.5386}
	{Bone "sub_piece1"}
	{Matrix34
		-0.994045	-0.108967	0
		0	0	1
		-0.108967	0.994045	0
		0.942938	0.288249	-0.0624146
	}
}
{Volume "sub_piece0"
	{Box 8.57798 7.87402 15.9424}
	{Bone "sub_piece0"}
	{Matrix34
		-0.977609	0.210431	0
		0	0	1
		0.210431	0.977609	0
		0.20053	0.855279	0.0323383
	}
}
{Volume "piece3"
	{Box 14.6924 7.87402 15.2881}
	{Bone "piece3"}
	{Matrix34
		-0.987919	-0.15497	0
		0	0	1
		-0.15497	0.987919	0
		-0.897031	-0.211769	0.0323468
	}
}
{Volume "piece2"
	{Box 24.3615 3.93701 18.1743}
	{Bone "piece2"}
	{Matrix34
		-0.992229	0.124426	0
		0	0	1
		0.124426	0.992229	0
		0.434757	-0.705719	-0.0624154
	}
}
{Volume "piece1"
	{Box 24.9024 7.87402 9.86326}
	{Bone "piece1"}
	{Matrix34
		-0.987919	-0.15497	0
		0	0	1
		-0.15497	0.987919	0
		1.09188	-0.170384	0.0323421
	}
}
{Volume "piece0"
	{Box 15.5963 7.87402 20.1802}
	{Bone "piece0"}
	{Matrix34
		-0.99993	0.0118554	0
		0	0	1
		0.0118554	0.99993	0
		-0.113641	-0.632207	0.0323401
	}
}
