;Exported by: Normand
;Date:        Sun Nov 03 18:01:28 2013
;File:        C:\Users\Normand\sdkfz_221_1.max
{Skeleton
	{bone "basis"
		{parameters "SteerMax=30;WheelRadius=0.4;"}
		{Orientation
			1	0	0
			0	-1	0
			0	0	1
		}
		{bone "emit1"
			{Matrix34
				0.0094363	-0.999955	0
				0.999955	0.0094363	0
				0	0	1
				11.2901	42.4911	0
			}
		}
		{bone "pivot_back"
			{Matrix34
				-0.000824137	-1	0
				1	-0.000824137	0
				0	0	1
				-27.8853	0.670219	9.30902
			}
			{VolumeView "pivot_back.ply"}
			{bone "suspr2"
				{Position 5.75491	-0.139196	11.1788}
				{VolumeView "suspr2.ply"}
				{bone "springr2"
					{Position 4.53907	0.131559	-6.43409}
					{VolumeView "springr2.ply"}
				}
				{bone revolute "wheelr2"
					{Matrix34
						-0.00557341	-0.999984	0
						0.0037346	-2.08148e-005	0.999993
						-0.999977	0.00557337	0.00373465
						10.8678	0.33811	-11.2354
					}
					{VolumeView "wheelr2.ply"}
				}
			}
			{bone "suspl2"
				{Position -6.32311	-0.10866	11.1788}
				{VolumeView "suspl2.ply"}
				{bone "springl2"
					{Position -4.17063	0.069746	-6.56789}
					{VolumeView "springl2.ply"}
				}
				{bone revolute "wheell2"
					{Matrix34
						-0.00557293	-0.999984	0
						0.00373448	-2.08421e-005	0.999993
						-0.999977	0.00557289	0.00373454
						-10.7224	0.279823	-11.2354
					}
					{VolumeView "wheell2.ply"}
				}
			}
			{bone "fxtracel2"
				{Matrix34
					0.000824169	-1	0
					1	0.000824169	0
					0	0	1
					-17.1768	0.211716	-9.29834
				}
			}
			{bone "fxtracer2"
				{Matrix34
					0.000824169	-1	0
					1	0.000824169	0
					0	0	1
					16.3098	0.238123	-9.29834
				}
			}
		}
		{bone "body"
			{parameters "ID=body;"}
			{animation
				{sequence "break" {file "body_b.anm"} {speed 0.7}}
			}
			{Matrix34
				-0.000824137	-1	0
				1	-0.000824137	0
				0	0	1
				-2.66479	0.569432	20.4878
			}
			{VolumeView "body.ply"}
			{bone "fxsmoke2"
				{Matrix34
					0.29418	-0.131684	-0.946635
					-0.922132	0.221278	-0.317347
					0.251259	0.966279	-0.0563349
					9.85033	-31.1535	-10.2342
				}
			}
			{bone "fxsmoke1"
				{Matrix34
					-0.327691	-0.132197	-0.935491
					-0.888557	-0.293367	0.352707
					-0.321069	0.946815	-0.0213309
					-10.3751	-31.2277	-10.2155
				}
			}
			{bone "link2"
				{Matrix34
					-0.000824257	1	0
					-1	-0.000824257	0
					0	0	1
					-0.141236	-47.0335	-7.28974
				}
			}
			{bone "visor2"
				{Matrix34
					-0.000824257	1	0
					-1	-0.000824257	0
					0	0	1
					-4.66542	26.4264	12.0574
				}
			}
			{bone "headlightl"
				{Matrix34
					-0.000824257	1	0
					-1	-0.000824257	0
					0	0	1
					-14.4111	43.5121	1.93692
				}
			}
			{bone "headlightr"
				{Matrix34
					-0.000824257	1	0
					-1	-0.000824257	0
					0	0	1
					13.7177	43.5386	1.93692
				}
			}
			{bone "enumerator"
				{parameters "ID=enumerator;"}
				{Matrix34
					-0.000823501	0.999083	-0.0427995
					-1	-0.000824257	0
					-3.52777e-005	0.0427995	0.999084
					2.47979	40.4468	0.555582
				}
				{VolumeView "enumerator.ply"}
			}
			{bone "driver"
				{Matrix34
					-0.00075703	0.918439	0.395562
					-1	-0.000824257	0
					0.000326045	-0.395562	0.918439
					-6.40263	14.3604	-6.37805
				}
			}
			{bone "doorr"
				{Matrix34
					0.814501	0	-0.580162
					0	1	0
					0.580162	0	0.814501
					13.1325	8.80504	0
				}
				{VolumeView "doorr.ply"}
			}
			{bone "doorl"
				{Matrix34
					0.805452	0	0.592661
					0	1	0
					-0.592661	0	0.805452
					-13.9054	8.78276	0
				}
				{VolumeView "doorl.ply"}
			}
			{bone "detail1"
				{parameters "ID=body;"}
				{Position 0	0	0}
				{VolumeView "detail1.ply"}
			}
			{bone "shield"
				{parameters "ID=body;"}
				{Position -0.0352221	42.7377	-9.78896}
				{VolumeView "shield.ply"}
			}
			{bone "engine"
				{parameters "ID=engine;"}
				{animation
					{sequence "break" {file "engine_b.anm"} {speed 0.5}}
				}
				{Position 0	0	0}
				{VolumeView "engine.ply"}
				{bone "engine_hatch"
					{parameters "ID=engine;"}
					{Matrix34
						0.00266913	-0.0418685	0.99912
						0	0.999123	0.0418686
						-0.999996	-0.00010974	0.00266688
						0.0216176	-26.2357	13.2554
					}
					{VolumeView "engine_hatch.ply"}
				}
				{bone "engine_doorr"
					{parameters "ID=body;"}
					{VolumeView "engine_doorr.ply"}
				}
				{bone "engine_doorl"
					{parameters "ID=body;"}
					{Matrix34
						-0.999999	-0.00164843	0
						-0.00164843	0.999999	0
						0	0	1
						-1.20743	-0.000994682	0
					}
					{VolumeView "engine_doorl.ply"}
				}
			}
			{bone "fxfire1"
				{Matrix34
					-0.000824257	1	0
					-1	-0.000824257	0
					0	0	1
					-0.154019	-31.5224	4.30747
				}
			}
			{bone "fxfire2"
				{Matrix34
					-0.000824257	1	0
					-1	-0.000824257	0
					0	0	1
					-0.179932	-0.0801077	3.2383
				}
			}
			{bone "fxlight"
				{Matrix34
					-0.000824257	1	0
					-1	-0.000824257	0
					0	0	1
					0.608952	48.2693	3.9116
				}
			}
			{bone revolute "turret"
				{parameters "ID=turret;"}
				{animation
					{sequence "break" {file "turret_b.anm"} {speed 0.7}}
				}
				{Position -0.431783	-0.700768	13.8796}
				{VolumeView "turret.ply"}
				{bone revolute "turret1"
					{parameters "ID=turret;"}
					{limits -30 30}
					{Matrix34
						0.00124659	0.999999	0.000428271
						-0.999997	0.00124757	-0.00230026
						-0.00230079	-0.000426109	0.999997
						-0.16687	18.5071	1.61136
					}
					{VolumeView "turret1.ply"}
					{bone revolute "gun_rot"
						{parameters "ID=gun;"}
						{limits -5 30}
						{Matrix34
							0.999265	0	-0.0383426
							0.0383411	0	0.999265
							0	-1	0
							0.283258	-0.0200007	3.39634
						}
						{VolumeView "gun_rot.ply"}
						{bone "gun"
							{parameters "ID=gun;"}
							{animation
								{sequence "break" {file "gun_b.anm"}}
							}
							{Matrix34
								0.00722791	0	-0.999974
								-0.0359704	0.999353	-0.000259991
								0.999327	0.0359699	0.00722323
								-1.21803	-0.171715	0.066002
							}
							{VolumeView "gun.ply"}
							{bone "fx_invers"
								{Matrix34
									0.00163909	0.999299	0.0373919
									0.999996	-0.00172141	0.00215605
									0.00221913	0.0373896	-0.999298
									0.0221716	0.0255966	-5.85127
								}
							}
							{bone "foresight1"
								{Matrix34
									0.00923771	-0.0147051	0.999849
									0.999954	0.00259282	-0.00920101
									-0.00245715	0.999889	0.0147268
									0.417283	0.202335	22.4758
								}
							}
						}
					}
					{bone "visor"
						{Matrix34
							0.999998	0.00207171	-0.000424246
							-0.00207073	0.999995	0.00230114
							0.000428337	-0.00230026	0.999997
							2.82043	-0.186547	4.38971
						}
					}
				}
				{bone "gunner"
					{Matrix34
						-0.000824257	1	0
						-1	-0.000824257	0
						0	0	1
						1.54164	-3.00897	-27.1583
					}
				}
			}
		}
		{bone "emit2"
			{Matrix34
				0.0026036	0.999997	0
				-0.999997	0.0026036	0
				0	0	1
				11.2901	-42.0714	0
			}
		}
		{bone "pivot_front"
			{Matrix34
				-0.000824137	-1	0
				1	-0.000824137	0
				0	0	1
				29.1134	1.00355	9.32312
			}
			{VolumeView "pivot_front.ply"}
			{bone "suspr1"
				{Position 6.1575	-0.0385704	11.1647}
				{VolumeView "suspr1.ply"}
				{bone "springr1"
					{Position 4.42239	0.057806	-6.93075}
					{VolumeView "springr1.ply"}
				}
				{bone revolute "steerr"
					{parameters "ID=wheelright1;"}
					{Matrix34
						0.00724057	-0.999974	0
						-0.999974	-0.00724057	0
						0	0	1
						8.50719	-0.0394859	-11.2073
					}
					{VolumeView "steerr.ply"}
					{bone "fxtracer1"
						{Matrix34
							0.999979	0.00641636	0
							0.00641636	-0.999979	0
							0	0	1
							-0.0852203	-2.09093	-9.26987
						}
					}
					{bone revolute "wheelr1"
						{Matrix34
							0.999918	0.0128143	0
							4.78582e-005	-0.00373444	0.999993
							-0.0128142	0.999911	0.00373474
							-0.293989	-2.13138	0.0666513
						}
						{VolumeView "wheelr1.ply"}
					}
				}
			}
			{bone "suspl1"
				{Position -6.06835	0.0895195	11.1647}
				{VolumeView "suspl1.ply"}
				{bone "springl1"
					{Position -4.32975	0.0336266	-7.41558}
					{VolumeView "springl1.ply"}
				}
				{bone revolute "steerl"
					{parameters "ID=wheelleft1;"}
					{Matrix34
						0.00743655	-0.999972	0
						-0.999972	-0.00743655	0
						0	0	1
						-8.4029	-0.176657	-11.2073
					}
					{VolumeView "steerl.ply"}
					{bone "fxtracel1"
						{Matrix34
							0.999978	0.00661234	0
							0.00661234	-0.999978	0
							0	0	1
							-0.0986385	2.25975	-9.26988
						}
					}
					{bone revolute "wheell1"
						{Matrix34
							0.999986	0.00524271	0
							-1.44196e-005	0.00275037	0.999996
							-0.00524269	0.999982	-0.0027504
							-0.334908	2.17399	0.0666771
						}
						{VolumeView "wheell1.ply"}
					}
				}
			}
		}
	}
}
