;Exported by: garry
;Date:        Mon Apr 17 12:06:07 2006
;File:        D:\-Projects-\-3DWork-\Model\Авто-мото\SDKFZ\SdKfz234_2_Puma\hi-poly\Puma_xx.max
{Skeleton
	{bone "basis"
		{parameters "WheelRadius=0.3;"}
		{Orientation
			1	0	0
			0	-1	0
			0	0	1
		}
		{bone "pivot_back"
			{Position -14.1912	0.0459468	15.0578}
			{VolumeView "pivot_back.ply"}
			{bone "steer_l3"
				{Matrix34
					0	1	0
					-1	0	0
					0	0	1
					0.496259	17.1736	-3.88505
				}
				{VolumeView "steer_l3.ply"}
				{bone "wheell3"
					{parameters "ID=wheelleft3;"}
					{Matrix34
						0	0	1
						0	-1	0
						1	0	0
						2.37126	0.0633923	-0.0729487
					}
					{VolumeView "wheell3.ply"}
				}
			}
			{bone "steer_l4"
				{Matrix34
					0	1	0
					-1	0	0
					0	0	1
					-24.7077	17.1736	-3.88505
				}
				{VolumeView "steer_l4.ply"}
				{bone "wheell4"
					{parameters "ID=wheelleft4;"}
					{Matrix34
						0	0	1
						0	-1	0
						1	0	0
						2.37126	-0.0290998	-0.0729487
					}
					{VolumeView "wheell4.ply"}
				}
			}
			{bone "steer_r3"
				{Matrix34
					0	1	0
					1	0	0
					0	0	-1
					0.496262	-17.0915	-3.88505
				}
				{VolumeView "steer_r3.ply"}
				{bone "wheelr3"
					{parameters "ID=wheelright3;"}
					{Matrix34
						0	0	-1
						0	1	0
						1	0	0
						-1.81622	-0.0633934	-3.18749
					}
					{VolumeView "wheelr3.ply"}
				}
			}
			{bone "steer_r4"
				{Matrix34
					0	1	0
					-1	0	0
					0	0	1
					-24.7077	-17.0915	-3.88505
				}
				{VolumeView "steer_r4.ply"}
				{bone "wheelr4"
					{parameters "ID=wheelright4;"}
					{Matrix34
						0	0	1
						0	-1	0
						1	0	0
						-0.156905	-0.0291017	-0.0729504
					}
					{VolumeView "wheelr4.ply"}
				}
			}
		}
		{bone "pivot_front"
			{Position 20.0878	0.045938	15.0578}
			{VolumeView "pivot_front.ply"}
			{bone "steer_r1"
				{Matrix34
					0	1	0
					1	0	0
					0	0	-1
					20.302	-17.0915	-3.88505
				}
				{VolumeView "steer_r1.ply"}
				{bone "wheelr1"
					{parameters "ID=wheelright1;"}
					{Matrix34
						0	0	-1
						0	1	0
						1	0	0
						-2.34749	-0.0633971	0.0729493
					}
					{VolumeView "wheelr1.ply"}
				}
			}
			{bone "steer_r2"
				{Matrix34
					0	1	0
					1	0	0
					0	0	-1
					-4.90195	-17.0915	-3.88505
				}
				{VolumeView "steer_r2.ply"}
				{bone "wheelr2"
					{parameters "ID=wheelright2;"}
					{Matrix34
						0	0	-1
						0	1	0
						1	0	0
						-1.12795	0.0290986	0.0729495
					}
					{VolumeView "wheelr2.ply"}
				}
			}
			{bone "steer_l2"
				{Matrix34
					0	1	0
					1	0	0
					0	0	-1
					-4.90195	17.1736	-3.88505
				}
				{VolumeView "steer_l2.ply"}
				{bone "wheell2"
					{parameters "ID=wheelleft2;"}
					{Matrix34
						0	0	-1
						0	1	0
						1	0	0
						2.37126	0.0291015	0.0729476
					}
					{VolumeView "wheell2.ply"}
				}
			}
			{bone "steer_l1"
				{Matrix34
					0	1	0
					1	0	0
					0	0	-1
					20.302	17.1736	-3.88505
				}
				{VolumeView "steer_l1.ply"}
				{bone "wheell1"
					{parameters "ID=wheelleft1;"}
					{Matrix34
						0	0	-1
						0	1	0
						1	0	0
						2.37126	-0.0633973	0.0729476
					}
					{VolumeView "wheell1.ply"}
				}
			}
		}
		{bone "body"
			{parameters "ID=body;"}
			{Matrix34
				0.0254253	-0.998383	0.0508509
				0.997838	0.0222621	-0.0618334
				0.0606013	0.0523131	0.99679
				3.90541	0.0459374	9.31945
			}
			{VolumeView "body.ply"}
			{bone "body_1"
				{Position 0	3	27}
				{VolumeView "body_1.ply"}
			}
			{bone "engine"
				{parameters "ID=engine;"}
				{Position -0.0116283	-38.0062	16.0992}
				{VolumeView "engine.ply"}
			}
			{bone "turret"
				{parameters "ID=turret;"}
				{Matrix34
					0	1	0
					-1	0	0
					0	0	1
					0	16.30408	8.25948
				}
				{VolumeView "turret.ply"}
				{bone "gun_rot"
					{parameters "ID=gun;"}
					{Matrix34
						1	0	0
						0	0	1
						0	-1	0
						-2.93847	-0.314423	21.6825
					}
					{VolumeView "gun_rot.ply"}
					{bone "gun"
						{parameters "ID=gun;"}
						{Matrix34
							1	0	0
							0	0	-1
							0	1	0
							19.7503	0.367184	-0.291885
						}
						{VolumeView "gun.ply"}
					}
					{bone "mgun"
						{Matrix34
							1	0	0
							0	0	-1
							0	1	0
							3.72929	-0.70089	-6.80157
						}
					}
				}
			}
			{bone "part1"
				{Matrix34
					0.973802	0.16273	-0.158836
					-0.169782	0.984969	-0.0317912
					0.151275	0.0579258	0.986793
					10.7794	46.0665	7.29967
				}
				{VolumeView "part1.ply"}
			}
			{bone "part2"
				{Matrix34
					0.997267	-0.0730137	-0.0112522
					0.0738753	0.986101	0.14882
					0.000229869	-0.149245	0.9888
					-21.0932	47.3213	10.163
				}
				{VolumeView "part2.ply"}
			}
			{bone "part3"
				{Matrix34
					0.0254253	0.997838	0.0606013
					-0.998383	0.0222621	0.0523131
					0.0508509	-0.0618333	0.99679
					-0.168322	-18.4123	4.62325
				}
				{VolumeView "part3.ply"}
			}
			{bone "part4"
				{Matrix34
					0.999942	0.00949593	-0.00515508
					-0.0102988	0.981949	-0.188865
					0.00326854	0.188907	0.981989
					0.106266	35.9004	18.8782
				}
				{VolumeView "part4.ply"}
			}
		}
	}
}
{Volume "body1"
	{Polyhedron "body1.vol"}
	{Bone "body"}
	{Matrix34
		0	1	0
		-1	0	0
		0	0	1
		-0.00999262	-1.27509	-0.0956592
	}
}
{Volume "body2"
	{Polyhedron "body2.vol"}
	{Bone "body"}
	{Matrix34
		0	1	0
		-1	0	0
		0	0	1
		-0.00999263	-1.27509	13.0051
	}
}
{Volume "engine"
	{Polyhedron "engine.vol"}
	{Bone "engine"}
	{Matrix34
		0	1	0
		-1	0	0
		0	0	1
		0.00163704	12.4323	-16.3013
	}
}
{Volume "gun"
	{Box 45.6185 2.83465 2.82582}
	{Bone "gun_rot"}
	{Matrix34
		0	1	0
		0	0	1
		1	0	0
		0.147374	24.9656	1.10998
	}
}
{Volume "part1"
	{Polyhedron "part1.vol"}
	{Bone "part1"}
	{Matrix34
		-0.0430383	0.99438	0.096728
		-0.991977	-0.0310124	-0.122558
		-0.11887	-0.101227	0.987736
		9.47116	-11.994	-1.15273
	}
}
{Volume "part2"
	{Polyhedron "part2.vol"}
	{Bone "part2"}
	{Matrix34
		0.0137585	0.999833	-0.0120599
		-0.998766	0.0143174	0.0475528
		0.0477175	0.0113908	0.998796
		1.90199	-50.053	0.0598613
	}
}
{Volume "part3"
	{Box 26.203 2.70349 3.60604}
	{Bone "part3"}
	{Position -12.5634	12.2616	0.0105282}
}
{Volume "part4"
	{Polyhedron "part4.vol"}
	{Bone "part4"}
	{Matrix34
		0.0204182	0.99916	-0.0355214
		-0.998383	0.0222621	0.0523131
		0.0530599	0.0343958	0.997999
		-0.0427891	-1.3043	-10.6815
	}
}
{Volume "turret"
	{Polyhedron "turret.vol"}
	{Bone "turret"}
	{Matrix34
		0	1	0
		-1	0	0
		0	0	1
		-0.343612	0.666898	-0.142023
	}
}
{Volume "wheelleft1"
	{Cylinder 8.21894 5.83809}
	{Bone "wheell1"}
	{Matrix34
		0	-1	0
		0.986031	0	0.166564
		-0.166564	0	0.986031
		-0.486207	0	0.0100904
	}
}
{Volume "wheelleft2"
	{Cylinder 5.73464 5.89116}
	{Bone "wheell2"}
	{Matrix34
		0	-1	0
		1	0	0
		0	0	1
		0	0	0.0774066
	}
}
{Volume "wheelleft3"
	{Cylinder 7.15047 5.89116}
	{Bone "wheell3"}
	{Matrix34
		0	-1	0
		0.950746	0	0.309972
		-0.309972	0	0.950746
		-0.913044	0	-0.987782
	}
}
{Volume "wheelleft4"
	{Cylinder 6.21607 6.10346}
	{Bone "wheell4"}
	{Matrix34
		0	-1	0
		0.974446	0	-0.224622
		0.224622	0	0.974446
		0.685483	0	-2.17708
	}
}
{Volume "wheelright1"
	{Cylinder 6.79838 5.94424}
	{Bone "wheelr1"}
	{Matrix34
		0	-1	0
		1	0	0
		0	0	1
		0.00320801	0.0244193	-0.0138531
	}
}
{Volume "wheelright2"
	{Cylinder 7.85365 5.94424}
	{Bone "wheelr2"}
	{Matrix34
		0	-1	0
		1	0	0
		0	0	1
		0	0	2.05168
	}
}
{Volume "wheelright3"
	{Cylinder 10.1468 5.94424}
	{Bone "wheelr3"}
	{Matrix34
		0	-1	0
		1	0	0
		0	0	1
		0	0	1.88596
	}
}
{Volume "wheelright4"
	{Cylinder 8.42187 5.94424}
	{Bone "wheelr4"}
	{Matrix34
		0	-1	0
		1	0	0
		0	0	1
		0	0	2.05038
	}
}
