;Exported by: ubrashaev
;Date:        Thu Apr 27 12:57:44 2006
;File:        D:\-Projects1_5-\-work-\3d\-entourage\pier_x.max
{Skeleton
	{bone "pier"
		{Orientation
			1	0	0
			0	-1	0
			0	0	1
		}
		{VolumeView "pier.ply"}
		{bone "piece00"
			{Matrix34
				0.997147	-0.0714405	-0.0243725
				0.0743751	0.98501	0.155638
				0.0128883	-0.157007	0.987513
				36.7255	-30.2441	41.3411
			}
			{VolumeView "piece00.ply"}
		}
		{bone "piece01"
			{Position 34.3049	-1.71747	45.1485}
			{VolumeView "piece01.ply"}
		}
		{bone "piece03"
			{Position 38.7606	23.4268	41.3956}
			{VolumeView "piece03.ply"}
		}
		{bone "piece04"
			{Position 32.7378	-1.56616	41.2845}
			{VolumeView "piece04.ply"}
		}
		{bone "piece05"
			{Matrix34
				0.963088	-0.104107	0.248242
				0.109194	0.993997	-0.00677018
				-0.246047	0.0336267	0.968674
				-35.2715	23.2674	41.2054
			}
			{VolumeView "piece05.ply"}
		}
		{bone "piece06"
			{Matrix34
				0.989189	0.0519329	0.137141
				-0.0591131	0.997057	0.0488115
				-0.134202	-0.0563906	0.989348
				-34.1832	-23.3362	41.8267
			}
			{VolumeView "piece06.ply"}
		}
		{bone "piece07"
			{Matrix34
				0.995718	-0.0447601	0.0808852
				0.0246833	0.971927	0.233985
				-0.0890877	-0.230987	0.96887
				0.0922489	4.49451	32.0656
			}
			{VolumeView "piece07.ply"}
		}
		{bone "piece08"
			{Matrix34
				0.999834	-0.000560667	-0.0182138
				-0.000560465	0.998107	-0.0614906
				0.0182138	0.0614906	0.997941
				-26.8357	-0.467651	30.2663
			}
			{VolumeView "piece08.ply"}
		}
		{bone "piece09"
			{Matrix34
				0.988415	0.0356264	0.147535
				-0.0231883	0.996095	-0.0851843
				-0.149994	0.0807763	0.985382
				26.9783	-0.467651	30.2663
			}
			{VolumeView "piece09.ply"}
		}
		{bone "piece10"
			{Matrix34
				0.9912	0.101663	-0.0847822
				-0.122864	0.944928	-0.30334
				0.0492746	0.311087	0.949103
				15.1277	-0.988708	30.2663
			}
			{VolumeView "piece10.ply"}
		}
		{bone "piece11"
			{Matrix34
				0.981951	-0.171175	0.0804427
				0.153214	0.969298	0.19232
				-0.110893	-0.176524	0.97803
				-3.3711	-0.923798	30.2663
			}
			{VolumeView "piece11.ply"}
		}
	}
}
{Volume "piece00"
	{Box 2.73171 47.0925 19.685}
	{Bone "piece00"}
	{Position 0	0	0}
}
{Volume "piece01"
	{Box 1.79802 17.0497 17.0018}
	{Bone "piece01"}
	{Position 0	0	0}
}
{Volume "piece03"
	{Box 6.74806 50.0472 20.3669}
	{Bone "piece03"}
	{Position 0	0	0}
}
{Volume "piece04"
	{Box 2.28482 1.96851 19.7827}
	{Bone "piece04"}
	{Position 0	0	0}
}
{Volume "piece05"
	{Box 5.45291 50.0699 19.9409}
	{Bone "piece05"}
	{Position -0.828679	-0.093941	0.211708}
}
{Volume "piece06"
	{Box 4.52659 45.5224 19.8417}
	{Bone "piece06"}
	{Position 0	0	0}
}
{Volume "piece07"
	{Box 77.501 8.55261 1.2623}
	{Bone "piece07"}
	{Position 0	0	0}
}
{Volume "piece08"
	{Box 17.0885 90.3506 2.74}
	{Bone "piece08"}
	{Position 0	0	0}
}
{Volume "piece09"
	{Box 15.0509 90.3506 2.74}
	{Bone "piece09"}
	{Position 0	1.62321e-005	0}
}
{Volume "piece10"
	{Box 8.66396 89.772 2.74}
	{Bone "piece10"}
	{Position 0	0	0}
}
{Volume "piece11"
	{Box 30.1793 89.9019 2.74}
	{Bone "piece11"}
	{Position 0	-1.15589e-005	0}
}
