;Exported by: Артем
;Date:        Sat Jul 12 11:19:49 2014
;File:        D:\Autodesk\Low poly\freelance\DMS\Tanks\Crusader\expo\Crusader+2.max
{Skeleton
	{animation
		{sequence "start" {speed 0.7}}
		{sequence "stop" {speed 0.7}}
;		{sequence "fire" {speed 0.75}}
		{sequence "hit" {speed 0.5}}
		{sequence "open" {resume}}
	}
	{bone "basis"
		{Orientation
			1	0	0
			0	-1	0
			0	0	1
		}
		{bone "body"
			{parameters "ID=body;"}
			{animation
				{sequence "repair" {file "body_r.anm"} {speed 0.9}}
			}
			{Position -8.731	-0.757568	17.5209}
			{VolumeView "body.ply"}
			{bone revolute "turret"
				{parameters "ID=turret;"}
				{animation
					{sequence "repair" {file "turret_r.anm"}}
				}
				{speed 0.02}
				{Position 8.14758	9.92417e-005	12.9492}
				{VolumeView "turret.ply"}
				{bone revolute "gun_rot"
					{parameters "ID=gun;"}
					{limits -10 10}
					{speed 0.015}
					{Matrix34
						1	0	0
						0	0	1
						0	-1	0
						13.6383	2.03708	0.415789
					}
					{VolumeView "gun_rot.ply"}
					{bone "gun"
						{parameters "ID=gun;"}
						{Position 22.3727	0.00764847	2.09287}
						{VolumeView "gun.ply"}
						{bone "foresight1"
							{Matrix34
								1	0	0
								0	0	-1
								0	1	0
								16.0875	-0.0211124	0.067309
							}
						}
					}
					{bone "foresight3"
						{Matrix34
							1	0	0
							0	0	-1
							0	1	0
							15.5779	1.00148	-1.64249
						}
					}
				}
				{bone "cover1"
					{Matrix34
						0.139173	-0.990268	0
						0	0	1
						-0.990268	-0.139173	0
						-11.623	7.24117	7.63264
					}
					{VolumeView "cover1.ply"}
				}
				{bone "cover2"
					{Matrix34
						0.990983	-0.133987	0
						-0.133987	-0.990983	0
						0	0	1
						-11.0304	-7.31797	7.63261
					}
					{VolumeView "cover2.ply"}
				}
				{bone "at4"
					{Position -15.5196	-9.234	7.65603}
					{VolumeView "at4.ply"}
					{bone "at3"
						{Position -0.464003	0	13.5881}
						{VolumeView "at3.ply"}
						{bone "at2"
							{Position -1.08234	0	6.8708}
							{VolumeView "at2.ply"}
							{bone "at1"
								{Position -1.75758	0	4.74548}
								{VolumeView "at1.ply"}
							}
						}
					}
				}
				{bone "visor1"
					{Matrix34
						0.999974	0	0.00727647
						-0.00727647	0	0.999974
						0	-1	0
						13.7342	6.74819	6.77601
					}
				}
				{bone "detail2"
					{Matrix34
						1	0	0
						0	-1	0
						0	0	1
						-21.577	0	3.06064
					}
					{VolumeView "detail2.ply"}
				}
				{bone "enumerator"
					{Matrix34
						0.92388	-0.382683	0
						0.33307	0.804104	0.492424
						-0.188442	-0.45494	0.870356
						12.5234	15.9532	1.18349
					}
					{VolumeView "enumerator.ply"}
				}
			}
			{bone "detail3"
				{Position -26.6409	-0.0165069	9.2454}
				{VolumeView "detail3.ply"}
			}
			{bone "detail1"
				{Position 2.2908	15.454	1.93486}
				{VolumeView "detail1.ply"}
			}
			{bone "detail4"
				{Position -56.567	-1.20997e-005	8.37775}
				{VolumeView "detail4.ply"}
			}
			{bone "shieldr3"
				{parameters "ID=shieldR3;"}
				{Position -52.5042	-22.3445	-0.769323}
				{VolumeView "shieldr3.ply"}
			}
			{bone "shieldr2"
				{parameters "ID=shieldR2;"}
				{Position 40.8016	-25.6981	2.4028}
				{VolumeView "shieldr2.ply"}
			}
			{bone "shieldr1"
				{parameters "ID=shieldR1;"}
				{Position 56.775	-22.3423	-1.12177}
				{VolumeView "shieldr1.ply"}
			}
			{bone "shieldl1"
				{parameters "ID=shieldL1;"}
				{Position 56.775	22.3423	-1.12177}
				{VolumeView "shieldl1.ply"}
			}
			{bone "shieldl2"
				{parameters "ID=shieldL2;"}
				{Position 40.8016	25.6981	2.4028}
				{VolumeView "shieldl2.ply"}
			}
			{bone "shieldl3"
				{parameters "ID=shieldL3;"}
				{Position -52.5042	22.3445	-0.769323}
				{VolumeView "shieldl3.ply"}
			}
			{bone revolute "wheell1"
				{parameters "ID=trackleft;Radius=0.25;"}
				{Matrix34
					1	0	0
					0	0	-1
					0	1	0
					53.8618	22.5342	-3.9355
				}
				{VolumeView "wheell1.ply"}
			}
			{bone revolute "wheell7"
				{parameters "ID=trackleft;Radius=0.36;"}
				{Matrix34
					1	0	0
					0	0	-1
					0	1	0
					-47.4404	22.6165	-5.45068
				}
				{VolumeView "wheell7.ply"}
			}
			{bone revolute "wheelr1"
				{parameters "ID=trackRight;Radius=0.25;"}
				{Matrix34
					1	0	0
					0	0	-1
					0	1	0
					53.8628	-22.5342	-3.93538
				}
				{VolumeView "wheelr1.ply"}
			}
			{bone revolute "wheelr7"
				{parameters "ID=trackRight;Radius=0.36;"}
				{Matrix34
					1	0	0
					0	0	-1
					0	1	0
					-47.4404	-22.6165	-5.45068
				}
				{VolumeView "wheelr7.ply"}
			}
			{bone "fxlight"
				{Matrix34
					0.999974	0	0.00727647
					-0.00727647	0	0.999974
					0	-1	0
					58.3855	-0.0289279	1.68038
				}
			}
			{bone "headlightr"
				{Matrix34
					0.999974	0	0.00727647
					-0.00727647	0	0.999974
					0	-1	0
					57.1115	-10.3127	1.63421
				}
			}
			{bone "headlightl"
				{Matrix34
					0.999974	0	0.00727647
					-0.00727647	0	0.999974
					0	-1	0
					57.1115	10.2167	1.63421
				}
			}
			{bone "visor2"
				{Matrix34
					0.999974	0	0.00727647
					-0.00727647	0	0.999974
					0	-1	0
					41.1509	-6.57216	7.53546
				}
			}
			{bone "link2"
				{Matrix34
					-0.999974	0	-0.00727656
					-0.00727657	0	0.999974
					0	1	0
					-55.4069	0.0679752	-4.80769
				}
			}
			{bone "fxsmoke1"
				{Matrix34
					-0.923029	-0.0577677	-0.380369
					0.110539	-0.986797	-0.118375
					-0.368508	-0.151309	0.917228
					-52.0833	8.41333	3.60775
				}
			}
			{bone "fxsmoke2"
				{Matrix34
					-0.893609	0.0197182	-0.448413
					-0.0189095	-0.999802	-0.00628105
					-0.448448	0.0028665	0.893804
					-52.0833	-9.85901	3.60775
				}
			}
			{bone "fxfire1"
				{Matrix34
					-0.0421702	0	0.99911
					0.99911	0	0.0421703
					0	1	0
					-43.0807	0.343916	6.69873
				}
			}
			{bone "engine"
				{parameters "ID=engine;"}
				{animation
					{sequence "repair" {file "engine_r.anm"}}
				}
				{Position -40.0297	0	4.43515}
				{VolumeView "engine.ply"}
				{bone "enumerator2"
					{Matrix34
						0	1	0
						-0.894934	0	0.446198
						0.446198	0	0.894934
						-11.8473	-1.51725	2.56472
					}
					{VolumeView "enumerator2.ply"}
				}
			}
			{bone "seat01"
				{parameters "Group=driver;"}
				{Matrix34
					0	1	0
					-1	0	0
					0	0	1
					-20.4337	23.7545	1.77489
				}
			}
			{bone "seat03"
				{parameters "Group=driver;"}
				{Matrix34
					0	1	0
					-1	0	0
					0	0	1
					-38.0395	23.7545	1.77489
				}
			}
			{bone "seat04"
				{parameters "Group=commander;"}
				{Matrix34
					0	-1	0
					1	0	0
					0	0	1
					-37.939	-23.7621	1.77489
				}
			}
			{bone "seat02"
				{parameters "Group=commander;"}
				{Matrix34
					0	-1	0
					1	0	0
					0	0	1
					-20.3333	-23.7621	1.77489
				}
			}
			{bone "detail5"
				{Matrix34
					0	-1	0
					-0.990268	0	0.139173
					-0.139173	0	-0.990268
					44.4733	-21.982	5.75047
				}
				{VolumeView "detail5.ply"}
			}
		}
		{bone "wheelsr"
			{parameters "wheelsR;"}
			{Position -6.77732	-17.4406	8.70772}
			{bone revolute "wheelr6"
				{parameters "ID=trackRight;Radius=0.4;"}
				{Matrix34
					0.953717	0	-0.300706
					-0.300706	0	-0.953717
					0	1	0
					-34.0064	-5.90551	0
				}
				{VolumeView "wheelr6.ply"}
			}
			{bone revolute "wheelr5"
				{parameters "ID=trackRight;Radius=0.4;"}
				{Matrix34
					1	0	0
					0	0	-1
					0	1	0
					-16.8203	-5.90551	0
				}
				{VolumeView "wheelr6.ply"}
			}
			{bone revolute "wheelr4"
				{parameters "ID=trackRight;Radius=0.4;"}
				{Matrix34
					0.838671	0	0.544639
					0.544639	0	-0.838671
					0	1	0
					0	-5.90551	0
				}
				{VolumeView "wheelr6.ply"}
			}
			{bone revolute "wheelr3"
				{parameters "ID=trackRight;Radius=0.4;"}
				{Matrix34
					0.996917	0	0.0784591
					0.0784591	0	-0.996917
					0	1	0
					17.0445	-5.90551	0
				}
				{VolumeView "wheelr6.ply"}
			}
			{bone revolute "wheelr2"
				{parameters "ID=trackRight;Radius=0.4;"}
				{Matrix34
					1	0	0
					0	0	-1
					0	1	0
					34.3485	-5.90552	0
				}
				{VolumeView "wheelr6.ply"}
			}
			{bone "trackr"
				{parameters "ID=trackright;"}
				{Position 0.601827	-5.89672	0.822248}
				{VolumeView "trackr.ply"}
			}
		}
		{bone "wheelsl"
			{parameters "wheelsL;"}
			{Position -6.77732	15.9254	8.70773}
			{bone revolute "wheell2"
				{parameters "ID=trackleft;Radius=0.4;"}
				{Matrix34
					1	0	0
					0	0	-1
					0	1	0
					34.3485	5.90551	0
				}
				{VolumeView "wheell2.ply"}
			}
			{bone revolute "wheell3"
				{parameters "ID=trackleft;Radius=0.4;"}
				{Matrix34
					1	0	0
					0	0	-1
					0	1	0
					17.0445	5.90551	0
				}
				{VolumeView "wheell2.ply"}
			}
			{bone revolute "wheell4"
				{parameters "ID=trackleft;Radius=0.4;"}
				{Matrix34
					0.920505	0	0.390731
					0.390731	0	-0.920505
					0	1	0
					0	5.90551	0
				}
				{VolumeView "wheell2.ply"}
			}
			{bone revolute "wheell5"
				{parameters "ID=trackleft;Radius=0.4;"}
				{Matrix34
					0.870356	0	-0.492424
					-0.492424	0	-0.870356
					0	1	0
					-16.8203	5.90551	0
				}
				{VolumeView "wheell2.ply"}
			}
			{bone revolute "wheell6"
				{parameters "ID=trackleft;Radius=0.4;"}
				{Matrix34
					0.906308	0	0.422618
					0.422618	0	-0.906308
					0	1	0
					-34.0064	5.90552	0
				}
				{VolumeView "wheell2.ply"}
			}
			{bone "trackl"
				{parameters "ID=trackLeft;"}
				{Position 0.601824	5.92197	0.822249}
				{VolumeView "trackl.ply"}
			}
		}
		{bone "fxtracer2"
			{Matrix34
				-1	0	0
				0	-1	0
				0	0	1
				-26.314	-23.2468	0.0899858
			}
		}
		{bone "fxtracer3"
			{Matrix34
				-0.984808	0	0.173648
				0	-1	0
				0.173648	0	0.984808
				-43.9064	-23.2468	0.0899849
			}
		}
		{bone "fxtracer1"
			{Matrix34
				-1	0	0
				0	-1	0
				0	0	1
				14.7982	-23.2468	0.0899858
			}
		}
		{bone "fxtracel2"
			{Matrix34
				-1	0	0
				0	-1	0
				0	0	1
				-26.314	22.2216	0.0899887
			}
		}
		{bone "fxtracel3"
			{Matrix34
				-0.984808	0	0.173648
				0	-1	0
				0.173648	0	0.984808
				-43.9064	22.2216	0.0899887
			}
		}
		{bone "fxtracel1"
			{Matrix34
				-1	0	0
				0	-1	0
				0	0	1
				14.7982	22.2216	0.0899868
			}
		}
		{bone "emit2"
			{parameters "Group=commander;"}
			{Matrix34
				0	1	0
				-1	0	0
				0	0	1
				8.66975	-36.5333	0
			}
		}
		{bone "emit1"
			{parameters "Group=driver;"}
			{Matrix34
				0	-1	0
				1	0	0
				0	0	1
				8.56929	34.8251	0
			}
		}
		{bone "emit3"
			{parameters "Group=driver;"}
			{Matrix34
				0	-1	0
				1	0	0
				0	0	1
				-29.1647	39.899	0
			}
		}
		{bone "emit4"
			{parameters "Group=commander;"}
			{Matrix34
				0	1	0
				-1	0	0
				0	0	1
				-29.0643	-40.0084	0
			}
		}
		{bone "emit5"
			{parameters "Group=driver;"}
			{Matrix34
				0	-1	0
				1	0	0
				0	0	1
				-46.7705	39.899	0
			}
		}
		{bone "emit6"
			{parameters "Group=commander;"}
			{Matrix34
				0	1	0
				-1	0	0
				0	0	1
				-46.67	-40.0084	0
			}
		}
	}
}
{Volume "body1"
	{Polyhedron "body1.vol"}
	{Bone "body"}
	{Matrix34
		0	-1	0
		0	0	1
		-1	0	0
		4.95706	-0.0108392	3.65667
	}
}
{Volume "body2"
	{Polyhedron "body2.vol"}
	{Bone "body"}
	{Matrix34
		0	-1	0
		0	0	1
		-1	0	0
		18.2133	-0.0108309	2.12277
	}
}
{Volume "body3"
	{Polyhedron "body3.vol"}
	{Bone "body"}
	{Matrix34
		0	-1	0
		0	0	1
		-1	0	0
		3.46646	-0.0108316	-5.65861
	}
}
{Volume "box2"
	{Polyhedron "box2.vol"}
	{Bone "body"}
	{Matrix34
		-1	0	0
		0	0	1
		0	1	0
		1.15031	15.8817	8.19576
	}
}
{Volume "box3"
	{Polyhedron "box3.vol"}
	{Bone "body"}
	{Matrix34
		-1	0	0
		0	0	1
		0	1	0
		1.15031	-25.4342	8.19576
	}
}
{Volume "crew"
	{Box 32.5201 32.575 16.839}
	{Bone "body"}
	{Position 12.7691	-0.140506	-1.10881}
}
{Volume "engine"
	{Polyhedron "engine.vol"}
	{Bone "engine"}
	{Matrix34
		0	-1	0
		0	0	1
		-1	0	0
		2.99465	-0.0108316	-0.778488
	}
}
{Volume "gun"
	{Cylinder 1.33912 34.1969}
	{Bone "gun_rot"}
	{Matrix34
		0	0	1
		0	1	0
		-1	0	0
		21.3099	-0.000825898	2.093
	}
}
{Volume "inventory"
	{Box 16.5852 8.28178 8.41949}
	{Bone "body"}
	{Position 5.00738	11.4773	-4.30385}
}
{Volume "mantlet"
	{Polyhedron "mantlet.vol"}
	{Bone "turret"}
	{Matrix34
		0	1	0
		0	0	1
		1	0	0
		20.3426	-0.27896	-0.387074
	}
}
{Volume "ram"
	{Polyhedron "ram.vol"}
	{Bone "body"}
	{Position -0.284827	0	-13.3142}
}
{Volume "shieldl1"
	{Polyhedron "shieldl1.vol"}
	{Bone "shieldl1"}
	{Matrix34
		-1	0	0
		0	0	1
		0	1	0
		-0.743492	0.0672112	0.538782
	}
}
{Volume "shieldl2"
	{Polyhedron "shieldl2.vol"}
	{Bone "shieldl2"}
	{Matrix34
		-1	0	0
		0	0	1
		0	1	0
		-0.216297	-0.217897	-0.982386
	}
}
{Volume "shieldl3"
	{Polyhedron "shieldl3.vol"}
	{Bone "shieldl3"}
	{Matrix34
		-1	0	0
		0	0	1
		0	1	0
		0.513214	-3.5064	0.0848484
	}
}
{Volume "shieldr1"
	{Polyhedron "shieldr1.vol"}
	{Bone "shieldr1"}
	{Position -0.00417328	-0.103077	0.593145}
}
{Volume "shieldr2"
	{Polyhedron "shieldr2.vol"}
	{Bone "shieldr2"}
	{Matrix34
		-1	0	0
		0	0	1
		0	1	0
		-0.216309	-0.271872	-0.982386
	}
}
{Volume "shieldr3"
	{Polyhedron "shieldr3.vol"}
	{Bone "shieldr3"}
	{Matrix34
		-1	0	0
		0	0	1
		0	1	0
		0.513214	-3.52743	0.0848484
	}
}
{Volume "trackleft"
	{Polyhedron "trackleft.vol"}
	{Bone "wheelsl"}
	{Matrix34
		-1	0	0
		0	0	1
		0	1	0
		0.0382586	4.44913	1.89519
	}
}
{Volume "trackright"
	{Polyhedron "trackright.vol"}
	{Bone "wheelsr"}
	{Matrix34
		-1	0	0
		0	0	1
		0	1	0
		0.0382566	-7.33977	1.89519
	}
}
{Volume "turret"
	{Polyhedron "turret.vol"}
	{Bone "turret"}
	{Position 0.311405	-0.00178826	-5.83797}
}
