;Exported by: sana
;Date:        Tue Feb 28 19:53:53 2006
;File:        D:\-Project-\-3DWork-\Entourage\e-house3a\e_farm112_new_x.max
{Skeleton
	{bone "farm_corn2"
		{Orientation
			1	0	0
			0	-1	0
			0	0	1
		}
		{bone "exterior"
			{Position 0	-1.14172	104.764}
		}
		{bone "piece0"
			{Position 14.9788	22.2593	118.741}
			{VolumeView "piece0.ply"}
			{bone "sub_piece0"
				{Position 4.84552	0	-10.405}
				{VolumeView "sub_piece0.ply"}
			}
		}
		{bone "piece1"
			{Position 14.3157	22.2593	90.6888}
			{VolumeView "piece1.ply"}
			{bone "sub_piece1"
				{Position -12.3431	0	-2.3972}
				{VolumeView "sub_piece1.ply"}
			}
		}
		{bone "piece2"
			{Position -9.29932	22.2593	83.7012}
			{visibility 0}
			{VolumeView "piece2.ply"}
		}
		{bone "piece3"
			{Position 16.917	22.2593	67.1246}
			{VolumeView "piece3.ply"}
			{bone "sub_piece3"
				{Position -9.12988	0	0.714066}
				{VolumeView "sub_piece3.ply"}
			}
		}
		{bone "piece4"
			{Matrix34
				-1	0	0
				0	-1	0
				0	0	-1
				-8.59692	4.76074	90.3358
			}
			{VolumeView "piece4.ply"}
		}
		{bone "piece5"
			{Matrix34
				-1	0	0
				0	-1	0
				0	0	-1
				13.0876	4.29163	121.324
			}
			{VolumeView "piece5.ply"}
		}
		{bone "piece6"
			{Position 10.0303	13.5543	120.286}
			{VolumeView "piece6.ply"}
		}
		{bone "piece7"
			{Position -13.9897	18.3192	86.0727}
			{VolumeView "piece7.ply"}
		}
		{bone "piece8"
			{Position -7.08429	-17.6798	96.9055}
			{VolumeView "piece8.ply"}
		}
	}
}
{Volume "piece0"
	{Box 11.6288 8 15.179}
	{Bone "piece0"}
	{Matrix34
		0.819152	0	-0.573576
		0	1	0
		0.573576	0	0.819152
		0.999629	0	-1.62401
	}
}
{Volume "piece1"
	{Box 16.6276 8 18.6677}
	{Bone "piece1"}
}
{Volume "piece2"
	{Box 11.625 8 12.8083}
	{Bone "piece2"}
	{Matrix34
		0.819152	0	-0.573576
		0	1	0
		0.573576	0	0.819152
		1.07846	0	-0.566543
	}
}
{Volume "piece3"
	{Box 9.67051 8 15.7033}
	{Bone "piece3"}
	{Matrix34
		0.965926	0	0.258819
		0	1	0
		-0.258819	0	0.965926
		-0.57593	0	-1.23462
	}
}
{Volume "piece4"
	{Box 3.40955 59.2049 2.95277}
	{Bone "piece4"}
	{Matrix34
		-1	0	0
		0	-1	0
		0	0	-1
		1.60213e-005	2.09236	0
	}
}
{Volume "piece5"
	{Box 3.40955 55.9584 2.95277}
	{Bone "piece5"}
	{Matrix34
		-1	0	0
		0	-1	0
		0	0	-1
		2.15624e-005	0	0
	}
}
{Volume "piece6"
	{Box 4.05783 30.855 34.5463}
	{Bone "piece6"}
	{Matrix34
		0.819152	0	-0.573576
		0	1	0
		0.573576	0	0.819152
		-3.31788	1.80344	-4.4644
	}
}
{Volume "piece7"
	{Box 3.89977 29.8561 34.6699}
	{Bone "piece7"}
	{Matrix34
		0.819152	0	-0.573576
		0	1	0
		0.573576	0	0.819152
		1.0032	-2.82654	1.51737
	}
}
{Volume "piece8"
	{Box 5.38196 19.8171 38.5797}
	{Bone "piece8"}
	{Matrix34
		0.819152	0	-0.573576
		0	1	0
		0.573576	0	0.819152
		2.42625	-1.77548	2.17992
	}
}
{Volume "sub_piece0"
	{Box 7.67519 8 7.89043}
	{Bone "sub_piece0"}
	{Matrix34
		0.939693	0	0.34202
		0	1	0
		-0.34202	0	0.939693
		0.689384	0	0.278679
	}
}
{Volume "sub_piece1"
	{Box 8.67081 8 13.8733}
	{Bone "sub_piece1"}
}
{Volume "sub_piece3"
	{Box 8.67081 8 11.119}
	{Bone "sub_piece3"}
}
