;Exported by: kolesnikov
;Date:        Mon Jun 05 12:49:23 2006
;File:        D:\-Project-\-3DWork-\Constructions\barricade_hlam.max
{Skeleton
	{bone "bath_x"
		{Orientation
			1	0	0
			0	-1	0
			0	0	1
		}
		{bone "piece6"
			{Position 13.311	2.16739	5.10301}
			{VolumeView "piece6.ply"}
		}
		{bone "piece1"
			{Position -10.1134	-1.05215	5.36276}
			{VolumeView "piece1.ply"}
		}
		{bone "piece3"
			{Position -4.90046	3.79492	5.6442}
			{VolumeView "piece3.ply"}
		}
		{bone "piece5"
			{Position 2.59011	-0.95628	0.713554}
			{VolumeView "piece5.ply"}
		}
		{bone "piece4"
			{Position 13.311	-7.57685	5.51476}
			{VolumeView "piece4.ply"}
		}
		{bone "piece2"
			{Position 4.75453	-9.082	8.24884}
			{VolumeView "piece2.ply"}
		}
	}
}
{Volume "body30"
	{Box 12.873 3.84504 10.9056}
	{Bone "piece3"}
	{Matrix34
		0.998138	-0.0600577	-0.0105898
		0.0572216	0.982378	-0.177931
		0.0210893	0.176994	0.983986
		-0.297288	1.47877	-0.0156839
	}
}
{Volume "body31"
	{Box 15.6938 1.86089 7.11764}
	{Bone "piece4"}
	{Matrix34
		0.935523	0.109885	0.335738
		-0.162641	0.977651	0.133214
		-0.313596	-0.179229	0.932488
		-0.00334411	0.199928	-1.18347
	}
}
{Volume "body32"
	{Box 20.4333 4.54154 11.5769}
	{Bone "piece6"}
	{Matrix34
		0.999613	0.0180226	-0.0211594
		-0.019802	0.995999	-0.0871386
		0.0195043	0.0875239	0.995971
		-0.688414	3.49438	0.0533207
	}
}
{Volume "body33"
	{Box 12.8117 5.44202 11.4239}
	{Bone "piece6"}
	{Matrix34
		-0.179308	0.983787	-0.00343124
		-0.969077	-0.176024	0.172929
		0.169522	0.0343327	0.984928
		6.56912	0.315691	0.315064
	}
}
{Volume "body34"
	{Box 21.9658 3.26913 8.20303}
	{Bone "piece1"}
	{Matrix34
		-0.971068	-0.0497114	0.233569
		0.00867019	-0.984787	-0.173549
		0.238643	-0.166503	0.956726
		0.798167	-6.62624	0.594216
	}
}
{Volume "body35"
	{Box 16.8574 3.14482 10.2719}
	{Bone "piece1"}
	{Matrix34
		0.0670852	-0.997715	0.00789681
		0.915139	0.0646823	0.397914
		-0.397516	-0.0194674	0.917388
		-4.79599	-1.42337	0.125271
	}
}
{Volume "body36"
	{Box 15.6952 8.91922 1.80691}
	{Bone "piece5"}
	{Matrix34
		0.970253	-0.242095	0
		0.242095	0.970253	0
		0	0	1
		-0.29019	-0.177982	0.32854
	}
}
{Volume "body37"
	{Box 18.3711 3.0628 6.56141}
	{Bone "piece2"}
	{Matrix34
		1	0	0
		0	0.985655	0.168772
		0	-0.168772	0.985655
		-0.212599	0.269275	0.543758
	}
}
