;Exported by: shevchenko
;Date:        Sat Aug 20 10:36:53 2005
;File:        D:\-Projects1_5-\-3DWork-\e_farm_121_lm_corner.max
{Skeleton
	{bone "121_f2w2"
		{Orientation
			1	0	0
			0	-1	0
			0	0	1
		}
		{VolumeView "121_f2w2.ply"}
		{bone "window1"
			{Matrix34
				1	0	0
				0	0	1
				0	-1	0
				23.3854	12.2914	-9.21664
			}
			{VolumeView "window1.ply"}
		}
		{bone "window1_x"
			{Matrix34
				0	1	0
				0	0	1
				1	0	0
				22.8933	12.2914	-9.21664
			}
			{visibility 0}
			{VolumeView "window1_x.ply"}
		}
		{bone "attach1"
			{Position 8.6216	12.2914	-48.5867}
		}
		{bone "fix11"
			{Position 23.3854	4.80389	-50.9945}
		}
		{bone "fix08"
			{Position 23.3854	-34.0841	-39.8044}
		}
		{bone "fix10"
			{Position 23.3854	42.6838	-38.1881}
		}
	}
}
{Volume "roof4"
	{Cylinder 10.8374 39.4287}
	{Bone "121_f2w2"}
	{Matrix34
		0	-0.866025	-0.5
		0	-0.5	0.866025
		-1	0	0
		9.58479	12.1305	22.5147
	}
}
{Volume "roof3"
	{Box 70.913 1.9685 32.076}
	{Bone "121_f2w2"}
	{Matrix34
		0	-1	0
		0.707107	0	0.707107
		-0.707107	0	0.707107
		-5.15523	10.602	29.1665
	}
}
{Volume "roof2"
	{Box 28.1858 1.9685 28.3858}
	{Bone "121_f2w2"}
	{Matrix34
		0	-1	0
		0.707107	0	0.707107
		-0.707107	0	0.707107
		16.3022	-11.7893	7.70904
	}
}
{Volume "roof1"
	{Box 24.7244 1.9685 28.3858}
	{Bone "121_f2w2"}
	{Matrix34
		0	-1	0
		0.707107	0	0.707107
		-0.707107	0	0.707107
		16.3022	34.9292	7.70905
	}
}
{Volume "floor"
	{Box 29.5276 49.2126 1.9685}
	{Bone "121_f2w2"}
	{Position 5.66884	4.41736	-49.571}
}
{Volume "body7"
	{Box 9.84252 3.937 45.2756}
	{Bone "121_f2w2"}
	{Position 15.5114	-12.3149	-25.9489}
}
{Volume "hole1"
	{Box 19.685 13.7795 27.5591}
	{Bone "121_f2w2"}
	{Position 22.8933	12.2914	-9.21663}
}
{Volume "body4"
	{Box 5.90551 11.3953 13.3858}
	{Bone "121_f2w2"}
	{Matrix34
		1	0	0
		0	0.906308	-0.422618
		0	0.422618	0.906308
		23.3854	-19.7931	-32.9277
	}
}
{Volume "body3"
	{Polyhedron "body3.vol"}
	{Bone "121_f2w2"}
	{Position 23.3854	12.3218	-3.34297}
}
{Volume "body2"
	{Box 5.90551 25.8786 11.7657}
	{Bone "121_f2w2"}
	{Position 23.3854	11.6957	-38.7268}
}
{Volume "body1"
	{Box 5.90551 60.1109 29.5276}
	{Bone "121_f2w2"}
	{Position 23.3854	9.11823	-18.1018}
}
{Volume "window1"
	{Box 1.9685 13.7795 27.5591}
	{Bone "window1"}
	{Matrix34
		1	0	0
		0	0	-1
		0	1	0
		-0.492117	0	0
	}
}
