;Exported by: sana
;Date:        Wed Dec 28 12:53:21 2005
;File:        D:\-Project-\-3DWork-\Entourage\hangar\hangar_port_x.max
{Skeleton
	{bone "hangarport_corner6"
		{Orientation
			1	0	0
			0	-1	0
			0	0	1
		}
		{bone "exterior"
			{Position 1.27362	-1.87473	92.0691}
		}
		{bone "piece0"
			{Position 0.706001	-18.7386	18.0931}
			{VolumeView "piece0.ply"}
			{bone "sub_piece0"
				{Position -14.8235	0	-9.47062}
				{VolumeView "sub_piece0.ply"}
			}
		}
		{bone "piece1"
			{Position -16.5887	-18.7386	65.5751}
			{VolumeView "piece1.ply"}
			{bone "sub_piece1"
				{Position -1.22429	0	-13.9783}
				{VolumeView "sub_piece1.ply"}
			}
		}
		{bone "piece2"
			{Position 14.144	-18.7386	61.0734}
			{VolumeView "piece2.ply"}
		}
		{bone "piece3"
			{Position -3.24723	-18.7386	44.1992}
			{VolumeView "piece3.ply"}
		}
		{bone "piece4"
			{Position -34.5419	-18.7386	52.3522}
			{VolumeView "piece4.ply"}
		}
		{bone "piece5"
			{Position -44.342	-18.7386	39.0108}
			{VolumeView "piece5.ply"}
			{bone "sub_piece5"
				{Position 8.75054	0	-12.8229}
				{VolumeView "sub_piece5.ply"}
			}
		}
		{bone "piece6"
			{Position -20.5412	-18.7386	28.4698}
			{VolumeView "piece6.ply"}
		}
		{bone "piece7"
			{Matrix34
				-1	0	0
				0	-1	0
				0	0	-1
				-18.8059	-7.873	108.271
			}
			{VolumeView "piece7.ply"}
		}
		{bone "piece8"
			{Matrix34
				-1	0	0
				0	-1	0
				0	0	-1
				-18.4466	11.1446	118.735
			}
			{VolumeView "piece8.ply"}
		}
		{bone "piece9"
			{Matrix34
				-1	0	0
				0	-1	0
				0	0	-1
				-3.14973	36.3344	113.417
			}
			{VolumeView "piece9.ply"}
		}
		{bone "piece10"
			{Position -6.56522	34.4011	92.0359}
			{VolumeView "piece10.ply"}
		}
		{bone "piece11"
			{Position -6.55256	13.3327	70.8388}
			{VolumeView "piece11.ply"}
		}
		{bone "piece12"
			{Matrix34
				-1	0	0
				0	-1	0
				0	0	-1
				31.0201	1.64691	91.2972
			}
			{VolumeView "piece12.ply"}
		}
		{bone "piece13"
			{Matrix34
				-1	0	0
				0	-1	0
				0	0	-1
				-25.7107	8.57896	97.9123
			}
			{VolumeView "piece13.ply"}
			{bone "sub_piece13"
				{Position 3.39698	28.2216	18.2263}
				{VolumeView "sub_piece13.ply"}
			}
		}
		{bone "piece14"
			{Matrix34
				-1	0	0
				0	-1	0
				0	0	-1
				41.4679	6.32875	95.7315
			}
			{VolumeView "piece14.ply"}
		}
		{bone "piece15"
			{Matrix34
				-1	0	0
				0	-1	0
				0	0	-1
				19.4993	-22.1531	78.3929
			}
			{VolumeView "piece15.ply"}
		}
	}
}
{Volume "piece0"
	{Box 16.3061 28.0003 8.85827}
	{Bone "piece0"}
	{Matrix34
		-0.985946	0	0.167063
		0.167063	0	0.985946
		0	1	0
		0.257825	-0.194082	-0.978384
	}
}
{Volume "piece10"
	{Box 4.30763 4.51586 43.7475}
	{Bone "piece10"}
}
{Volume "piece11"
	{Box 3.93705 58.2533 3.93701}
	{Bone "piece11"}
}
{Volume "piece12"
	{Box 3.93703 80.2374 5.37893}
	{Bone "piece12"}
	{Matrix34
		-1	0	0
		0	-0.835799	-0.549035
		0	0.549035	-0.835799
		0	-0.00520283	-0.219822
	}
}
{Volume "piece13"
	{Box 50.8845 37.8677 2.67849}
	{Bone "piece13"}
	{Matrix34
		-1	0	0
		0	-0.82792	-0.560846
		0	0.560846	-0.82792
		0	1.59547	-0.412296
	}
}
{Volume "piece14"
	{Box 26.0102 39.2414 3.41529}
	{Bone "piece14"}
	{Matrix34
		-1	0	0
		0	-0.82792	-0.560846
		0	0.560846	-0.82792
		1.34304e-005	0.386208	-1.7757
	}
}
{Volume "piece15"
	{Box 60.3268 25.1598 2.44499}
	{Bone "piece15"}
	{Matrix34
		-1	0	0
		0	-0.840231	-0.542228
		0	0.542228	-0.840231
		0	-0.268833	-0.969135
	}
}
{Volume "piece1"
	{Box 22.9109 13.7729 8.85827}
	{Bone "piece1"}
	{Matrix34
		-1	0	0
		0	0	1
		0	1	0
		0.0216138	-0.194082	0.29199
	}
}
{Volume "piece2"
	{Box 15.134 24.6469 8.85827}
	{Bone "piece2"}
	{Matrix34
		-0.737625	0	0.67521
		0.67521	0	0.737625
		0	1	0
		-1.8836	-0.194091	1.4
	}
}
{Volume "piece3"
	{Box 17.9532 23.0591 8.85827}
	{Bone "piece3"}
	{Matrix34
		-0.839319	0	-0.543639
		-0.543639	0	0.839319
		0	1	0
		-0.566683	-0.194082	-1.92348
	}
}
{Volume "piece4"
	{Box 15.3178 14.2044 8.85827}
	{Bone "piece4"}
	{Matrix34
		-0.843548	0	-0.537053
		-0.537053	0	0.843548
		0	1	0
		-0.207475	-0.194089	-0.206473
	}
}
{Volume "piece5"
	{Box 19.7725 20.5802 8.85827}
	{Bone "piece5"}
	{Matrix34
		-0.994214	0	0.107417
		0.107417	0	0.994214
		0	1	0
		-1.06832	-0.194087	1.0948
	}
}
{Volume "piece6"
	{Box 17.0453 20.5802 8.85827}
	{Bone "piece6"}
	{Matrix34
		-0.83983	0	-0.54285
		-0.54285	0	0.83983
		0	1	0
		2.48709	-0.194091	-0.23553
	}
}
{Volume "piece7"
	{Box 9.19897 9.47915 33.3936}
	{Bone "piece7"}
	{Matrix34
		-0.995654	0.00930091	-0.0926637
		0	-0.995001	-0.0998683
		0.0931293	0.0994343	-0.990676
		1.61012e-005	1.83306e-005	0
	}
}
{Volume "piece8"
	{Box 9.32199 9.25362 33.3959}
	{Bone "piece8"}
	{Matrix34
		-0.995064	0.00960052	-0.0987695
		0	-0.995309	-0.0967442
		0.099235	0.0962666	-0.990396
		0	0	0
	}
}
{Volume "piece9"
	{Box 86.9175 4.9213 4.92126}
	{Bone "piece9"}
	{Matrix34
		-1	0	0
		0	-1	0
		0	0	-1
		-1.6128e-005	0	-3.28133e-005
	}
}
{Volume "sub_piece0"
	{Box 10.8707 15.1531 8.85827}
	{Bone "sub_piece0"}
	{Matrix34
		-0.980784	0	-0.195096
		-0.195096	0	0.980784
		0	1	0
		-0.628953	-0.19409	-0.888755
	}
}
{Volume "sub_piece13"
	{Box 35.8159 31.122 2.5802}
	{Bone "sub_piece13"}
	{Matrix34
		-1	0	0
		0	0.843059	0.537821
		0	-0.537821	0.843059
		-2.05264	1.50411	0.160533
	}
}
{Volume "sub_piece1"
	{Box 13.506 10.8707 8.85827}
	{Bone "sub_piece1"}
	{Matrix34
		-1	0	0
		0	0	1
		0	1	0
		0.44204	-0.194081	0.879137
	}
}
{Volume "sub_piece5"
	{Box 9.55305 10.5413 8.85827}
	{Bone "sub_piece5"}
	{Matrix34
		-1	0	0
		0	0	1
		0	1	0
		-0.73172	0.160373	0.443137
	}
}
