;Exported by: Administrator
;Date:        Mon Apr 30 15:02:39 2018
;File:        C:\Users\Administrator\Desktop\MOD\t34_2_xx.max
{Skeleton
	{bone "basis"
		{Orientation
			1	0	0
			0	-1	0
			0	0	1
		}
		{bone "wheelsl"
			{parameters "ID=trackleft;"}
			{Position 5.93561	18.8538	9.98505}
			{VolumeView "wheelsl.ply"}
			{bone revolute "wheell2"
				{parameters "ID=trackleft;"}
				{Matrix34
					-1	0	0
					0	0	1
					0	1	0
					30.919	6.30609	-0.636274
				}
				{VolumeView "wheell2.ply"}
			}
			{bone revolute "wheell3"
				{parameters "ID=trackleft;"}
				{Matrix34
					-1	0	0
					0	0	1
					0	1	0
					13.3608	6.30609	-0.674906
				}
				{VolumeView "wheell3.ply"}
			}
			{bone revolute "wheell4"
				{parameters "ID=trackleft;"}
				{Matrix34
					-1	0	0
					0	0	1
					0	1	0
					-5.35067	6.30609	-0.674917
				}
				{VolumeView "wheell4.ply"}
			}
			{bone revolute "wheell5"
				{parameters "ID=trackleft;"}
				{Matrix34
					-1	0	0
					0	0	1
					0	1	0
					-22.7114	6.30609	-0.674463
				}
				{VolumeView "wheell5.ply"}
			}
			{bone revolute "wheell6"
				{parameters "ID=trackleft;"}
				{Matrix34
					-1	0	0
					0	0	1
					0	1	0
					-39.9746	6.30609	-0.674923
				}
				{VolumeView "wheell6.ply"}
			}
			{bone "fxtracel1"
				{Matrix34
					-1	0	0
					0	-1	0
					0	0	1
					22.1342	8.94916	-5.62865
				}
			}
			{bone "fxtracel2"
				{Matrix34
					-0.965926	0	0.258819
					0	-1	0
					0.258819	0	0.965926
					-43.7026	7.92967	-5.35474
				}
			}
			{bone "trackl"
				{parameters "ID=trackleft;"}
				{Position -4.98823	6.12041	0.223186}
				{VolumeView "trackl.ply"}
			}
		}
		{bone "wheelsr"
			{parameters "ID=trackright;"}
			{Position 5.93561	-18.7972	9.98505}
			{VolumeView "wheelsr.ply"}
			{bone revolute "wheelr6"
				{parameters "ID=trackright;"}
				{Matrix34
					-1	0	0
					0	0	1
					0	1	0
					-39.9746	-6.36864	-0.674923
				}
				{VolumeView "wheelr6.ply"}
			}
			{bone revolute "wheelr5"
				{parameters "ID=trackright;"}
				{Matrix34
					-1	0	0
					0	0	1
					0	1	0
					-22.7114	-6.36863	-0.674461
				}
				{VolumeView "wheelr5.ply"}
			}
			{bone revolute "wheelr4"
				{parameters "ID=trackright;"}
				{Matrix34
					-1	0	0
					0	0	1
					0	1	0
					-5.35067	-6.36864	-0.674915
				}
				{VolumeView "wheelr4.ply"}
			}
			{bone revolute "wheelr3"
				{parameters "ID=trackright;"}
				{Matrix34
					-1	0	0
					0	0	1
					0	1	0
					13.3608	-6.36864	-0.674904
				}
				{VolumeView "wheelr3.ply"}
			}
			{bone revolute "wheelr2"
				{parameters "ID=trackright;"}
				{Matrix34
					-1	0	0
					0	0	1
					0	1	0
					30.919	-6.36864	-0.636272
				}
				{VolumeView "wheelr2.ply"}
			}
			{bone "fxtracer1"
				{Matrix34
					-1	0	0
					0	-1	0
					0	0	1
					22.1341	-8.69254	-5.62864
				}
			}
			{bone "fxtracer2"
				{Matrix34
					-0.965926	0	0.258819
					0	-1	0
					0.258819	0	0.965926
					-43.7026	-9.21616	-5.35474
				}
			}
			{bone "trackr"
				{parameters "ID=trackright;"}
				{Position -4.98824	-6.16269	0.223179}
				{VolumeView "trackr.ply"}
			}
		}
		{bone "body"
			{parameters "ID=body;"}
			{animation
				{sequence "break" {file "body_b.anm"}}
			}
			{Position 0	0	20.8699}
			{VolumeView "body.ply"}
			{bone "lamp"
				{parameters "ID=body;"}
				{Position 42.0152	22.8483	5.87191}
				{VolumeView "lamp.ply"}
			}
			{bone "internal"
				{parameters "ID=body;"}
				{Position 24.5303	-1.29225	-0.560215}
				{VolumeView "internal.ply"}
			}
			{bone "shieldl1"
				{parameters "ID=shieldL1;"}
				{Position 50.3884	-5.06758	-1.86721}
				{VolumeView "shieldl1.ply"}
			}
			{bone "shieldl2"
				{parameters "ID=shieldL2;"}
				{Position 50.3884	3.64101	-1.86721}
				{VolumeView "shieldl2.ply"}
			}
			{bone "door_front"
				{parameters "ID=door;"}
				{Matrix34
					0.432354	0	0.901704
					0	1	0
					-0.901704	0	0.432354
					34.6729	5.28192	8.25244
				}
				{VolumeView "door_front.ply"}
			}
			{bone "shieldl6"
				{parameters "ID=shieldL6;"}
				{Position 39.1214	14.0527	5.44001}
				{VolumeView "shieldl6.ply"}
			}
			{bone "shieldl3"
				{parameters "ID=shieldL3;"}
				{Position 38.4637	-17.0479	5.50615}
				{VolumeView "shieldl3.ply"}
			}
			{bone "shieldl4"
				{parameters "ID=shieldL4;"}
				{Position 32.6939	-10.4745	9.03081}
				{VolumeView "shieldl4.ply"}
			}
			{bone "shieldl5"
				{parameters "ID=shieldL5;"}
				{Position 38.9809	-3.17574	5.42093}
				{VolumeView "shieldl5.ply"}
			}
			{bone revolute "wheell7"
				{parameters "ID=trackleft;"}
				{Matrix34
					-1	0	0
					0	0	1
					0	1	0
					-49.0258	23.8501	-8.57228
				}
				{VolumeView "wheell7.ply"}
			}
			{bone revolute "wheell1"
				{parameters "Radius=0.52;ID=trackleft;"}
				{Matrix34
					-1	0	0
					0	0	1
					0	1	0
					52.2182	22.7101	-6.26721
				}
				{VolumeView "wheell1.ply"}
			}
			{bone revolute "wheelr7"
				{parameters "ID=trackright;"}
				{Matrix34
					-1	0	0
					0	0	1
					0	1	0
					-49.0258	-23.8871	-8.57228
				}
				{VolumeView "wheelr7.ply"}
			}
			{bone revolute "wheelr1"
				{parameters "Radius=0.52;ID=trackright;"}
				{Matrix34
					-1	0	0
					0	0	1
					0	1	0
					52.2182	-22.753	-6.26721
				}
				{VolumeView "wheelr1.ply"}
			}
			{bone "engine"
				{parameters "ID=engine;"}
				{animation
					{sequence "break" {file "engine_b.anm"}}
				}
				{Position -31.7196	-1.30481	-3.55376}
				{VolumeView "engine.ply"}
				{bone "hood2"
					{parameters "ID=engine;"}
					{Matrix34
						-0.867514	0	0.497412
						0	1	0
						-0.497412	0	-0.867514
						-19.4913	0.652954	4.95191
					}
					{VolumeView "hood2.ply"}
				}
				{bone "hood1"
					{parameters "ID=engine;"}
					{Matrix34
						0.551005	0	0.834502
						0	1	0
						-0.834502	0	0.551005
						-9.34475	1.30714	14.2812
					}
					{VolumeView "hood1.ply"}
					{bone "net"
						{parameters "ID=engine;"}
						{Position 7.15987	0	1.68967}
						{VolumeView "net.ply"}
					}
				}
			}
			{bone "headlightl"
				{Position 43.5868	22.8809	6.0149}
			}
			{bone "visor2"
				{Position 38.9799	5.29166	6.83021}
			}
			{bone "fxfire2"
				{Position 7.71556	-0.246643	20.4078}
			}
			{bone "fxfire1"
				{Matrix34
					0	0.0173073	0.99985
					0	0.99985	-0.0173073
					-1	0	0
					-19.3279	0.425293	9.95782
				}
			}
			{bone "fxsmoke1"
				{Matrix34
					-0.863675	0.0490609	0.501655
					-0.0304105	-0.998511	0.0452961
					0.503131	0.0238655	0.86388
					-52.3196	9.65214	1.83739
				}
			}
			{bone "fxsmoke2"
				{Matrix34
					-0.863675	0.0490609	0.501655
					-0.0304105	-0.998511	0.0452961
					0.503131	0.0238655	0.86388
					-52.3196	-9.51517	1.83739
				}
			}
			{bone "seat02"
				{Matrix34
					-0.850926	0.468583	-0.237392
					-0.431806	-0.88133	-0.191837
					-0.299112	-0.0607321	0.952283
					-45.9609	20.3425	3.05772
				}
			}
			{bone "seat04"
				{Matrix34
					-0.0124271	-0.994325	0.105655
					0.997436	-0.00487878	0.0713976
					-0.0704766	0.106272	0.991836
					-20.0848	-12.0911	10.8736
				}
			}
			{bone "seat03"
				{Matrix34
					-0.782409	-0.39715	0.479695
					0.50147	-0.858515	0.107143
					0.369274	0.324382	0.870869
					-51.7078	-23.4426	1.01562
				}
			}
			{bone "seat01"
				{Matrix34
					7.42341e-05	0.953389	0.301743
					-1	-5.67176e-05	0.000425519
					0.000422747	-0.301744	0.953389
					-32.7747	19.0664	8.26706
				}
			}
			{bone revolute "mg_rot"
				{limits -15 15}
				{Position 41.3174	-10.5664	4.07107}
				{VolumeView "mg_rot.ply"}
				{bone revolute "mgun"
					{limits -15 8}
					{Matrix34
						1	0	0
						0	0	-1
						0	1	0
						0	1.52588e-05	0
					}
					{VolumeView "mgun.ply"}
					{bone revolute "foresight4"
						{limits -0 0}
						{Matrix34
							1	0	0
							0	1	0
							0	0	1
							8.22036	0.00389099	0.00172424
						}
					}
				}
			}
			{bone revolute "turret"
				{parameters "ID=turret;"}
				{animation
					{sequence "break" {file "turret_b.anm"}}
				}
				{Position 12.8345	0.0505524	11.1884}
				{VolumeView "turret.ply"}
				{bone "cover2"
					{parameters "ID=turret;"}
					{Matrix34
						0.793719	0	-0.608284
						0	1	0
						0.608284	0	0.793719
						0.839439	-6.26749	15.6914
					}
					{VolumeView "cover2.ply"}
				}
				{bone "cover1"
					{parameters "ID=turret;"}
					{Matrix34
						0.977952	0	-0.208828
						0	1	0
						0.208828	0	0.977952
						0.833817	6.21768	15.6914
					}
					{VolumeView "cover1.ply"}
				}
				{bone revolute "gun_rot"
					{parameters "ID=gunrot;"}
					{limits -18 6.5}
					{Matrix34
						1	0	0
						0	0	-1
						0	1	0
						14.9606	0.7677	8.39553
					}
					{VolumeView "gun_rot.ply"}
					{bone "gun"
						{parameters "ID=gun;"}
						{Matrix34
							1	0	0
							0	0	1
							0	-1	0
							25.735	-1.33182	-1.41309
						}
						{VolumeView "gun.ply"}
						{bone "rifle"
							{parameters "ID=gun;"}
							{Position 10.5721	0	1.52588e-05}
							{VolumeView "rifle.ply"}
						}
						{bone prizmatic "foresight1"
							{Matrix34
								1	0	0
								0	1	0
								0	0	1
								18.9291	0	1.52588e-05
							}
						}
					}
					{bone "mgun_2"
						{Matrix34
							1	0	0
							0	0	1
							0	-1	0
							-4.14871	1.63728	-6.09602
						}
						{VolumeView "mgun_2.ply"}
						{bone revolute "foresight5"
							{limits 0 0}
							{Matrix34
								1	0	0
								0	1	0
								0	0	1
								11.209	-0.00197601	0.672146
							}
						}
					}
				}
				{bone "ring"
					{parameters "ID=ring;"}
					{Position 15.421	0.0441589	8.29688}
					{VolumeView "ring.ply"}
				}
				{bone "visor1"
					{Matrix34
						1	0	0
						0	1	0
						0	0	1
						7.69585	7.17023	18.7621
					}
				}
				{bone "shieldr2"
					{parameters "ID=shieldR2;"}
					{Position -12.0637	11.7963	11.9065}
					{VolumeView "shieldr2.ply"}
				}
				{bone "shieldr1"
					{parameters "ID=shieldR1;"}
					{Position 6.91371	13.8572	9.63168}
					{VolumeView "shieldr1.ply"}
				}
				{bone "shieldl8"
					{parameters "ID=shieldL8;"}
					{Position 6.91371	-13.8894	9.63168}
					{VolumeView "shieldl8.ply"}
				}
				{bone "shieldr8"
					{parameters "ID=shieldR8;"}
					{Position -12.0637	-11.8342	11.9766}
					{VolumeView "shieldr8.ply"}
				}
			}
		}
		{bone "emit1"
			{Matrix34
				0	-1	0
				1	0	0
				0	0	1
				12.5764	40.3074	-0.0209962
			}
			{visibility 0}
		}
		{bone "emit3"
			{Matrix34
				0	-1	0
				1	0	0
				0	0	1
				-24.0322	40.1119	0
			}
			{visibility 0}
		}
		{bone "emit4"
			{Matrix34
				0	-1	0
				1	0	0
				0	0	1
				-40.9251	40.1119	0
			}
			{visibility 0}
		}
		{bone "emit5"
			{Matrix34
				0	1	0
				-1	0	0
				0	0	1
				-40.6764	-40.588	0
			}
			{visibility 0}
		}
		{bone "emit6"
			{Matrix34
				0	1	0
				-1	0	0
				0	0	1
				-24.1148	-40.588	0
			}
			{visibility 0}
		}
		{bone "emit2"
			{Matrix34
				0	1	0
				-1	0	0
				0	0	1
				15.6141	-40.3924	0
			}
			{visibility 0}
		}
		{bone "emit0"
			{Matrix34
				-1	0	0
				0	-1	0
				0	0	1
				60.7948	5.34013	0
			}
		}
	}
}
{Volume "body1"
	{Polyhedron "body1.vol"}
	{Bone "body"}
	{Position 0.843746	0	-5.70837}
}
{Volume "body2"
	{Polyhedron "body2.vol"}
	{Bone "body"}
	{Position -2.74943	0	5.77296}
}
{Volume "crew"
	{Polyhedron "crew.vol"}
	{Bone "body"}
	{Position 18.7628	0	4.47914}
}
{Volume "door"
	{Polyhedron "door.vol"}
	{Bone "door_front"}
	{Position 4.57068	0	-3.60445}
}
{Volume "engine"
	{Polyhedron "engine.vol"}
	{Bone "engine"}
	{Position 5.38523	1.18351	6.7369}
}
{Volume "gun"
	{Polyhedron "gun.vol"}
	{Bone "gun"}
	{Position -7.48331	0	1.52588e-05}
}
{Volume "gunrot"
	{Polyhedron "gunrot.vol"}
	{Bone "gun_rot"}
	{Matrix34
		1	0	0
		0	0	1
		0	-1	0
		8.10185	-0.0311012	-0.703461
	}
}
{Volume "inventory"
	{Polyhedron "inventory.vol"}
	{Bone "body"}
	{Position -2.36864	0.516937	-2.15469}
}
{Volume "ring"
	{Polyhedron "ring.vol"}
	{Bone "ring"}
	{Position 0.599693	-0.0406342	0.0992508}
}
{Volume "shieldl1"
	{Polyhedron "shieldl1.vol"}
	{Bone "shieldl1"}
	{Position 0.0588417	0.0206604	0.162624}
}
{Volume "shieldl2"
	{Polyhedron "shieldl2.vol"}
	{Bone "shieldl2"}
	{Position 0.0588417	0.427979	0.162624}
}
{Volume "shieldl3"
	{Polyhedron "shieldl3.vol"}
	{Bone "shieldl3"}
	{Position 0.0682487	-0.0765839	0.23476}
}
{Volume "shieldl4"
	{Polyhedron "shieldl4.vol"}
	{Bone "shieldl4"}
	{Position 0.0143585	0	0.144222}
}
{Volume "shieldl5"
	{Polyhedron "shieldl5.vol"}
	{Bone "shieldl5"}
	{Position 0.202599	0.0265656	0.215282}
}
{Volume "shieldl6"
	{Polyhedron "shieldl6.vol"}
	{Bone "shieldl6"}
	{Position -1.99982	0.870575	1.4311}
}
{Volume "shieldl8"
	{Polyhedron "shieldl8.vol"}
	{Bone "shieldl8"}
	{Position -0.0583119	-0.279251	0.108932}
}
{Volume "shieldr1"
	{Polyhedron "shieldr1.vol"}
	{Bone "shieldr1"}
	{Position -0.0583119	0.263199	0.108932}
}
{Volume "shieldr2"
	{Polyhedron "shieldr2.vol"}
	{Bone "shieldr2"}
	{Position -0.447647	0.236191	0.0979691}
}
{Volume "shieldr8"
	{Polyhedron "shieldr8.vol"}
	{Bone "shieldr8"}
	{Position -0.447647	-0.270004	0.0979691}
}
{Volume "trackleft"
	{Polyhedron "trackleft.vol"}
	{Bone "trackl"}
	{Position -0.0085907	0	0.100634}
}
{Volume "trackright"
	{Polyhedron "trackright.vol"}
	{Bone "trackr"}
	{Position -0.00857544	0	0.100643}
}
{Volume "turret1"
	{Polyhedron "turret1.vol"}
	{Bone "turret"}
	{Position -0.133838	0.0015564	0.543098}
}
{Volume "turret"
	{Polyhedron "turret.vol"}
	{Bone "turret"}
	{Position -3.04441	0.0015564	8.52088}
}
