;Exported by: Normand
;Date:        Thu Nov 29 11:25:21 2018
;File:        C:\Users\Normand\type41_xx.max
{Skeleton
	{bone "basis"
		{Orientation
			1	0	0
			0	-1	0
			0	0	1
		}
		{bone "body"
			{parameters "ID=body;"}
			{Matrix34
				0.999518	0	-0.031046
				-0.00247731	0.996811	-0.0797563
				0.030947	0.0797948	0.996331
				0.119864	-0.330192	7.15951
			}
			{VolumeView "body.ply"}
			{bone revolute "gun_rot"
				{parameters "ID=gun;"}
				{Matrix34
					0.993916	0.108156	-0.0208297
					0	0.189115	0.981955
					0.110143	-0.975981	0.187964
					2.81264	0.32471	2.71198
				}
				{VolumeView "gun_rot.ply"}
				{bone "gun"
					{parameters "ID=gun;"}
					{Matrix34
						0.996966	0.0778346	0
						0	0	-1
						-0.0778346	0.996966	0
						-6.41646	4.12324	0.19751
					}
					{VolumeView "gun.ply"}
				}
			}
			{bone "support"
				{parameters "ID=body;"}
				{Position -7.80392	0.514773	-3.17211}
				{VolumeView "support.ply"}
			}
			{bone "part1"
				{parameters "ID=part1;"}
				{VolumeView "part1.ply"}
			}
		}
		{bone "pivot_front"
			{Position 0.0134252	-0.00581552	9.89749}
			{bone "wheelr"
				{parameters "ID=wheelright;"}
				{Matrix34
					-1	0	0
					0	0	1
					0	1	0
					0.107254	-10.8828	-0.0396175
				}
				{VolumeView "wheelr.ply"}
			}
			{bone "wheell"
				{parameters "ID=wheelleft;"}
				{Matrix34
					-1	0	0
					0	0	1
					0	1	0
					0.107255	10.8834	-0.0396175
				}
				{VolumeView "wheell.ply"}
			}
		}
	}
}
{Volume "body2"
	{Box 49.255 12.0518 2.25}
	{Bone "body"}
	{Matrix34
		0.996433	0	0.0843946
		0	1	0
		-0.0843946	0	0.996432
		-24.5627	0.277009	-1.76027
	}
}
{Volume "body3"
	{Box 11 2.25 2.25}
	{Bone "body"}
	{Matrix34
		0.996433	0	0.0843946
		0	1	0
		-0.0843946	0	0.996432
		-54.5508	0.390676	-4.30847
	}
}
{Volume "body"
	{Box 2 18.3903 2}
	{Bone "body"}
	{Position -0.0379197	0.338486	0.0708449}
}
{Volume "gun"
	{Cylinder 2 35}
	{Bone "gun"}
	{Matrix34
		0	-1	0
		0.00193761	0	0.999998
		-0.999998	0	0.00193756
		8.42586	0.13654	0.112671
	}
}
{Volume "gunrot"
	{Box 33.3465 5.18723 4}
	{Bone "gun_rot"}
	{Matrix34
		0.997227	0.0744175	0
		0	0	-1
		-0.0744175	0.997227	0
		0.686058	0.202501	0.0919092
	}
}
{Volume "part1"
	{Box 18.0323 21.4096 0.4}
	{Bone "part1"}
	{Matrix34
		0	-1	0
		-0.0712763	0	0.997457
		-0.997457	0	-0.0712763
		0.920544	0.292936	5.36679
	}
}
{Volume "wheelleft"
	{Cylinder 10.5678 1.4}
	{Bone "wheell"}
	{Matrix34
		-1	0	0
		0	0.970259	-0.24207
		0	-0.24207	-0.970259
		-0.0382038	-0.0534117	-0.915214
	}
}
{Volume "wheelright"
	{Cylinder 10.5678 1.4}
	{Bone "wheelr"}
	{Matrix34
		-1	0	0
		0	0.987307	0.158824
		0	0.158824	-0.987307
		-0.0382063	0.227215	0.981333
	}
}
