;Exported by: shevchenko
;Date:        Tue Jul 12 12:09:05 2005
;File:        D:\-Projects1_5-\-3DWork-\house_euro_117_v_fix_chasti2_x.max
{Skeleton
	{bone "117_f1c1a"
		{Orientation
			1	0	0
			0	-1	0
			0	0	1
		}
		{bone "piece1"
			{Matrix34
				0	-1	0
				0	0	1
				-1	0	0
				13.1017	22.6807	52.7624
			}
			{VolumeView "piece1.ply"}
		}
		{bone "piece2"
			{Matrix34
				0	-1	0
				0	0	1
				-1	0	0
				22.0697	22.6807	32.1778
			}
			{VolumeView "piece2.ply"}
		}
		{bone "piece0"
			{Matrix34
				0	-1	0
				0	0	1
				-1	0	0
				-11.3877	22.6807	43.4413
			}
			{VolumeView "piece0.ply"}
		}
		{bone "piece5"
			{Matrix34
				0	-1	0
				0	0	1
				-1	0	0
				-27.3622	-22.0778	25.398
			}
			{VolumeView "piece5.ply"}
		}
		{bone "piece4"
			{Matrix34
				0	-1	0
				0	0	1
				-1	0	0
				-27.3622	-13.2874	51.4624
			}
			{VolumeView "piece4.ply"}
		}
		{bone "piece3"
			{Matrix34
				0	-1	0
				0	0	1
				-1	0	0
				-27.3622	13.2874	37.4192
			}
			{VolumeView "piece3.ply"}
		}
	}
}
{Volume "piece3"
	{Box 8.66142 17.0079 33.828}
	{Bone "piece3"}
	{Matrix34
		0	0	-1
		-0.965926	0.258819	0
		0.258819	0.965926	0
		-0.695281	-0.492181	0
	}
}
{Volume "piece4"
	{Box 8.66142 22.3228 13.3933}
	{Bone "piece4"}
	{Matrix34
		0	0	-1
		-0.819152	0.573577	0
		0.573577	0.819152	0
		1.92993	-3.77404	0
	}
}
{Volume "piece7"
	{Box 8.66142 8.03622 13.3933}
	{Bone "piece4"}
	{Matrix34
		0	0	-1
		-0.819152	0.573577	0
		0.573577	0.819152	0
		6.95862	9.68567	0
	}
}
{Volume "piece5"
	{Box 8.66142 6.73571 17.5208}
	{Bone "piece5"}
	{Matrix34
		0	0	-1
		-1	0	0
		0	1	0
		-1.0559	0	0
	}
}
{Volume "piece0"
	{Box 24.0749 8.66144 10.7427}
	{Bone "piece0"}
	{Matrix34
		0	0.766044	-0.642788
		-1	0	0
		0	0.642788	0.766044
		0	1.8554	2.90857
	}
}
{Volume "piece2"
	{Box 15.5896 8.66143 28.1643}
	{Bone "piece2"}
	{Matrix34
		0	0	-1
		-1	0	0
		0	1	0
		0	-1.07034	0.919347
	}
}
{Volume "piece1"
	{Box 17.4328 8.66143 16.5806}
	{Bone "piece1"}
	{Matrix34
		0	-0.642788	-0.766044
		-1	0	0
		0	0.766044	-0.642788
		0	-0.165248	0.901901
	}
}
