;Exported by: sana
;Date:        Mon Aug 29 14:35:41 2005
;File:        D:\-Project-\-3DWork-\Entourage\Новая папка\fire_build06_cut02_06_x02.max
{Skeleton
	{animation
		{sequence "crush" {speed 0.5}}
	}
	{bone "station_h_corner3"
		{parameters "CommonMesh;"}
		{Orientation
			1	0	0
			0	-1	0
			0	0	1
		}
		{VolumeView "station_h_corner3.ply"}
		{bone "piece0"
			{Position 11.4603	76.1597	89.2462}
			{VolumeView "piece0.ply"}
			{bone "sub_piece0"
				{Position -8.56335	0	-17.9478}
				{VolumeView "sub_piece0.ply"}
			}
		}
		{bone "piece1"
			{Position -13.0566	76.1597	62.1485}
			{VolumeView "piece1.ply"}
			{bone "sub_piece1"
				{Position 1.5249	0	-21.1151}
				{VolumeView "sub_piece1.ply"}
			}
		}
		{bone "piece2"
			{Position 12.6332	76.1597	54.8756}
			{VolumeView "piece2.ply"}
			{bone "sub_piece2"
				{Position 2.81537	-9.96805e-005	-21.3497}
				{VolumeView "sub_piece2.ply"}
			}
		}
		{bone "piece3"
			{Position -6.01837	76.1596	14.757}
			{VolumeView "piece3.ply"}
		}
		{bone "piece4"
			{Position 23.7309	-6.78266	133.516}
			{VolumeView "piece4.ply"}
			{bone "sub_piece4"
				{Position 0	-14.1771	-19.6839}
				{VolumeView "sub_piece4.ply"}
			}
		}
		{bone "piece5"
			{Position 23.7309	23.5633	117.464}
			{VolumeView "piece5.ply"}
			{bone "sub_piece5"
				{Position 0	2.92917	-22.9646}
				{VolumeView "sub_piece5.ply"}
			}
		}
		{bone "piece6"
			{Position 23.7309	-14.2813	82.7831}
			{VolumeView "piece6.ply"}
			{bone "sub_piece6"
				{Position 0	-13.474	-20.5041}
				{VolumeView "sub_piece6.ply"}
			}
		}
		{bone "piece7"
			{Position 23.7309	58.5965	80.0881}
			{VolumeView "piece7.ply"}
			{bone "sub_piece7"
				{Position 0	-20.0354	-16.9891}
				{VolumeView "sub_piece7.ply"}
			}
		}
		{bone "piece8"
			{Position 23.7309	3.76256	56.3034}
			{VolumeView "piece8.ply"}
			{bone "sub_piece8"
				{Position 0	9.6077	-21.9101}
				{VolumeView "sub_piece8.ply"}
			}
		}
		{bone "piece9"
			{Position 23.7309	-36.8942	26.6605}
			{VolumeView "piece9.ply"}
		}
		{bone "piece10"
			{Position 23.7309	54.3843	27.0625}
			{VolumeView "piece10.ply"}
			{bone "sub_piece10"
				{Position 0	-23.5888	-12.5021}
				{VolumeView "sub_piece10.ply"}
			}
		}
		{bone "exterior"
			{Position 6.97186	26.9865	127.5}
		}
	}
}
{Volume "piece10"
	{Box 7.75 26.4761 34.3925}
	{Bone "piece10"}
	{Position 0	-1.68356	-2.20806}
}
{Volume "sub_piece10"
	{Box 7.75 16.9273 22.9283}
	{Bone "sub_piece10"}
	{Matrix34
		1	0	0
		0	0.971486	0.237098
		0	-0.237098	0.971486
		0	0.13197	-0.192876
	}
}
{Volume "piece9"
	{Box 7.75 21.5585 26.2569}
	{Bone "piece9"}
	{Matrix34
		1	0	0
		0	0.999716	0.0238394
		0	-0.0238394	0.999716
		0	0.0640966	1.3231
	}
}
{Volume "piece8"
	{Box 7.75 29.7602 21.0899}
	{Bone "piece8"}
	{Position 0	-0.64167	-0.667084}
}
{Volume "sub_piece8"
	{Box 7.75 16.9305 22.6365}
	{Bone "sub_piece8"}
	{Matrix34
		1	0	0
		0	0.816487	-0.577364
		0	0.577364	0.816487
		0	-1.23265	-0.0788264
	}
}
{Volume "piece7"
	{Box 7.75 28.8228 32.0426}
	{Bone "piece7"}
	{Matrix34
		1	0	0
		0	0.9799	0.199491
		0	-0.199491	0.9799
		0	0.332164	-1.20911
	}
}
{Volume "sub_piece7"
	{Box 7.75 18.5404 22.5709}
	{Bone "sub_piece7"}
	{Matrix34
		1	0	0
		0	0.819339	-0.573309
		0	0.573309	0.819339
		0	0.0883857	-0.00155744
	}
}
{Volume "piece6"
	{Box 7.75 25.097 27.0044}
	{Bone "piece6"}
	{Matrix34
		1	0	0
		0	0.91662	0.399759
		0	-0.399759	0.91662
		0	-0.24916	-0.16333
	}
}
{Volume "sub_piece6"
	{Box 7.75 17.6874 20.9141}
	{Bone "sub_piece6"}
	{Position 0	0	-1.84537}
}
{Volume "piece5"
	{Box 7.75 29.7081 19.9072}
	{Bone "piece5"}
	{Matrix34
		1	0	0
		0	0.760759	-0.649035
		0	0.649035	0.760759
		0	-0.483019	-2.96036
	}
}
{Volume "sub_piece5"
	{Box 7.75 19.548 15.8502}
	{Bone "sub_piece5"}
	{Matrix34
		1	0	0
		0	0.953681	0.300821
		0	-0.300821	0.953681
		0	-1.25919	0.10809
	}
}
{Volume "piece4"
	{Box 7.75 25.5521 27.9347}
	{Bone "piece4"}
	{Matrix34
		1	0	0
		0	0.541906	-0.840439
		0	0.840439	0.541906
		0	-0.167108	0.550776
	}
}
{Volume "sub_piece4"
	{Box 7.75 17.3406 22.6294}
	{Bone "sub_piece4"}
	{Position 0	0	-0.222219}
}
{Volume "piece3"
	{Box 18.0971 7.75001 24.8172}
	{Bone "piece3"}
	{Matrix34
		0.965993	0	-0.258567
		0	1	0
		0.258567	0	0.965993
		-0.830594	0	-1.51864
	}
}
{Volume "piece2"
	{Box 21.115 7.75 16.4392}
	{Bone "piece2"}
	{Matrix34
		0.977182	0	-0.212402
		0	1	0
		0.212402	0	0.977182
		-0.0182595	0	-1.09764
	}
}
{Volume "sub_piece2"
	{Box 15.7378 7.75001 20.9367}
	{Bone "sub_piece2"}
	{Matrix34
		0.870246	0	-0.492617
		0	1	0
		0.492617	0	0.870246
		0.198096	1.48834e-005	0.584298
	}
}
{Volume "piece1"
	{Box 17.7202 7.75001 19.3907}
	{Bone "piece1"}
	{Matrix34
		0.976906	0	0.213668
		0	1	0
		-0.213668	0	0.976906
		-0.00955136	0	-0.566777
	}
}
{Volume "sub_piece1"
	{Box 11.2614 7.75001 16.9812}
	{Bone "sub_piece1"}
	{Matrix34
		0.920887	0	0.389829
		0	1	0
		-0.389829	0	0.920887
		0.222522	0	-0.120609
	}
}
{Volume "piece0"
	{Box 18.5625 7.75 21.8846}
	{Bone "piece0"}
	{Position 1.15088	0	-1.49213}
}
{Volume "sub_piece0"
	{Box 15.4914 7.75 13.4198}
	{Bone "sub_piece0"}
	{Matrix34
		0.956029	0	-0.293272
		0	1	0
		0.293272	0	0.956029
		-0.270647	-2.25206e-005	0.127661
	}
}
