;Exported by: shevchenko
;Date:        Wed Jul 19 15:58:19 2006
;File:        D:\-Projects1_5-\-3DWork-\bsh\bsh_c90_1.max
{Skeleton
	{bone "bsh90_c5_4"
		{Orientation
			1	0	0
			0	-1	0
			0	0	1
		}
		{VolumeView "bsh90_c5_4.ply"}
		{bone "fix53"
			{Position -49.0006	-44.3229	-33.3005}
		}
		{bone "fix54"
			{Matrix34
				0.707107	-0.707107	0
				0.707107	0.707107	0
				0	0	1
				-12.8576	46.8282	-34.9616
			}
		}
		{bone "fix55"
			{Matrix34
				0.707107	-0.707107	0
				0.707107	0.707107	0
				0	0	1
				-35.7503	21.6413	-77.692
			}
		}
	}
}
{Volume "body1"
	{Box 9.84252 39.2819 9.2253}
	{Bone "bsh90_c5_4"}
	{Matrix34
		-0.707107	0.707107	0
		-0.707107	-0.707107	0
		0	0	1
		-33.4353	21.3153	-35.7462
	}
}
{Volume "body2"
	{Box 3.93701 19.1252 26.2598}
	{Bone "bsh90_c5_4"}
	{Matrix34
		0.707107	0.707107	0
		0.707107	-0.707107	0
		0	0	-1
		4.15514	30.817	1.46411
	}
}
{Volume "body3"
	{Box 3.93701 19.1252 26.2598}
	{Bone "bsh90_c5_4"}
	{Matrix34
		0.707107	0.707107	0
		0.707107	-0.707107	0
		0	0	-1
		-17.02	9.64185	1.4641
	}
}
{Volume "body4"
	{Box 9.84252 39.2819 9.2253}
	{Bone "bsh90_c5_4"}
	{Matrix34
		-1	0	0
		0	-1	0
		0	0	1
		-45.9177	-9.01716	-35.7462
	}
}
{Volume "floor1"
	{Box 38.3949 59.9263 3.93701}
	{Bone "bsh90_c5_4"}
	{Matrix34
		0	1	0
		1	0	0
		0	0	-1
		-11.2299	-13.8142	-35.434
	}
}
{Volume "floor2"
	{Box 57.4004 37.9069 3.93701}
	{Bone "bsh90_c5_4"}
	{Matrix34
		-0.707106	0.707108	0
		0.707108	0.707106	0
		0	0	-1
		-7.87161	-1.30043	-35.4341
	}
}
{Volume "hole1"
	{Box 26.2242 50.1611 50.7874}
	{Bone "bsh90_c5_4"}
	{Matrix34
		-0.707106	-0.707107	0
		0	0	-1
		0.707107	-0.707106	0
		0.913242	12.8668	-2.94089
	}
}
{Volume "roof1"
	{Box 27.4674 3.93701 61.8331}
	{Bone "bsh90_c5_4"}
	{Matrix34
		0	-1	0
		-0.766043	0	0.642789
		-0.642789	0	-0.766043
		-30.1383	-5.29556	-8.18828
	}
}
{Volume "roof2"
	{Box 17.5791 3.93701 18.5499}
	{Bone "bsh90_c5_4"}
	{Matrix34
		0	-1	0
		-0.766043	0	0.642789
		-0.642789	0	-0.766043
		-43.8339	-26.1128	-24.51
	}
}
{Volume "roof3"
	{Box 16.9091 3.93701 57.27}
	{Bone "bsh90_c5_4"}
	{Matrix34
		1	0	0
		0	0.766044	0.642788
		0	-0.642788	0.766044
		19.3676	28.5654	10.1613
	}
}
{Volume "roof4"
	{Box 3.93701 32.6538 22.0472}
	{Bone "bsh90_c5_4"}
	{Matrix34
		-0.5	-0.5	-0.707107
		0.707107	-0.707107	0
		-0.5	-0.5	0.707107
		3.70971	21.172	20.8348
	}
}
{Volume "roof5"
	{Box 3.93701 32.6538 22.0472}
	{Bone "bsh90_c5_4"}
	{Matrix34
		-0.5	-0.5	0.707107
		0.707107	-0.707107	0
		0.5	0.5	0.707107
		-7.43466	10.1914	20.8348
	}
}
{Volume "roof7"
	{Polyhedron "roof7.vol"}
	{Bone "bsh90_c5_4"}
	{Matrix34
		0.707107	0.707107	0
		-0.579228	0.579228	0.573576
		0.40558	-0.40558	0.819152
		-23.0729	37.542	-32.6819
	}
}
