;Exported by: shevchenko
;Date:        Thu Jun 29 12:52:43 2006
;File:        D:\-Projects1_5-\-3DWork-\bsh\bsh_c135-a1_x.max
{Skeleton
	{bone "bsh135_int2_1"
		{Orientation
			1	0	0
			0	-1	0
			0	0	1
		}
		{bone "piece3"
			{Matrix34
				0.173648	0	-0.984808
				0.984808	0	0.173648
				0	-1	0
				-18.076	-4.67329	49.8984
			}
			{VolumeView "piece3.ply"}
		}
		{bone "piece2"
			{Matrix34
				1	0	0
				0	0	1
				0	-1	0
				8.45652	-4.49644	33.8851
			}
			{VolumeView "piece2.ply"}
		}
		{bone "piece0"
			{Matrix34
				0.353553	-0.353554	-0.866025
				-0.612372	0.612373	-0.5
				0.707108	0.707106	0
				13.1964	6.31957	31.4472
			}
			{VolumeView "piece0.ply"}
		}
		{bone "piece1"
			{Matrix34
				-0.704415	0.704417	-0.0871557
				-0.0616288	0.0616279	0.996195
				0.707108	0.707106	0
				27.5179	-9.42893	28.1557
			}
			{VolumeView "piece1.ply"}
		}
		{bone "piece4"
			{Matrix34
				0.984808	0	0.173648
				-0.173648	0	0.984808
				0	-1	0
				-27.9077	-4.67329	18.8979
			}
			{VolumeView "piece4.ply"}
		}
	}
}
{Volume "piece0"
	{Box 35.3811 17.1222 7.7756}
	{Bone "piece0"}
	{Matrix34
		0.819152	0.573577	0
		-0.573576	0.819153	0
		0	0	1
		0	0	0.00610709
	}
}
{Volume "piece1"
	{Box 12.7007 24.6168 6.20079}
	{Bone "piece1"}
	{Matrix34
		0.988561	-0.150824	0
		0.150824	0.98856	0
		0	0	1
		-1.03446	0.0914839	1.83048
	}
}
{Volume "piece2"
	{Box 19.839 36.2775 5.31496}
	{Bone "piece2"}
	{Matrix34
		0.997818	-0.0660268	0
		0.0660268	0.997818	0
		0	0	1
		0.33223	0.657682	2.92817
	}
}
{Volume "piece3"
	{Box 12.7007 24.6168 4.92126}
	{Bone "piece3"}
	{Matrix34
		0.988561	-0.150824	0
		0.150824	0.988561	0
		0	0	1
		-1.03448	0.0914737	2.69555
	}
}
{Volume "piece4"
	{Box 12.7007 24.6168 4.92126}
	{Bone "piece4"}
	{Matrix34
		0.988561	-0.150824	0
		0.150824	0.988561	0
		0	0	1
		-1.03448	0.0914734	2.69554
	}
}
