;Exported by: Sergey
;Date:        Sun Jan 05 01:28:41 2014
;File:        D:\Documents\3dsmax\scenes\81mm Brandt mle 27-31\81mm Brandt_x.max
{Skeleton
	{bone "basis"
		{Orientation
			1	0	0
			0	-1	0
			0	0	1
		}
		{bone "body"
			{parameters "ID=body;"}
			{Matrix34
				0.999971	0	0.00763001
				0	1	0
				-0.00763001	0	0.999971
				0.243349	0	-0.0855873
			}
			{VolumeView "body.ply"}
			{bone revolute "turret"
				{parameters "ID=body;"}
				{limits -20 20}
				{speed 0.01}
				{Matrix34
					0.971625	0	-0.236525
					0	1	0
					0.236525	0	0.971625
					-0.339604	0.00114248	0.634812
				}
				{VolumeView "turret.ply"}
				{bone "gun"
					{parameters "ID=gun;"}
					{Matrix34
						0.797711	0	-0.60304
						0	1	0
						0.60304	0	0.797711
						1.29198	0.00274444	1.72077
					}
					{VolumeView "gun.ply"}
					{bone "homut"
						{parameters "ID=gun;"}
						{Position 0	0	9.98836}
						{VolumeView "homut.ply"}
						{bone revolute "povorot"
							{parameters "ID=body;"}
							{Matrix34
								0.998054	0	0.0623604
								-0.0623604	0	0.998054
								0	-1	0
								1.73634	0.604348	2.9271
							}
							{VolumeView "povorot.ply"}
							{bone "stan"
								{parameters "ID=body;"}
								{Matrix34
									1	0	0
									0	0	-1
									0	1	0
									6.78377	-0.178191	0.58202
								}
								{VolumeView "stan.ply"}
								{bone revolute "noga_l"
									{parameters "ID=body;"}
									{Matrix34
										0.58887	0.808228	0
										-0.808228	0.58887	0
										0	0	1
										0.145477	0.00358635	0.381427
									}
									{VolumeView "noga_l.ply"}
								}
								{bone revolute "noga_r"
									{parameters "ID=body;"}
									{Matrix34
										0.57747	-0.816412	0
										0.816412	0.57747	0
										0	0	1
										0.155422	0	0
									}
									{VolumeView "noga_r.ply"}
								}
							}
						}
					}
				}
			}
		}
	}
}
