;Exported by: sasha
;Date:        Thu Feb 28 12:00:37 2008
;File:        D:\-Project-\-3D-\africa\africabuilds\b1_v2.max
{Skeleton
	{bone "n1_af_uc4"
		{Orientation
			1	0	0
			0	-1	0
			0	0	1
		}
		{VolumeView "n1_af_uc4.ply"}
		{bone "exterior"
			{Position -5.50474	7.59394	34.8796}
			{VolumeView "exterior.ply"}
		}
		{bone "fix02"
			{Position 5.2256	31.8258	-13.9931}
		}
		{bone "fix01"
			{Position -6.86521	-8.93805	-13.9931}
		}
	}
}
{Area "interior"
	{Obb2
		{Center -10.8895 -12.2431}
		{Extent 13.2431 18.6145}
		{Axis -1 0}
	}
	{Rotate}
}
{Volume "body01"
	{Polyhedron "body01.vol"}
	{Bone "n1_af_uc4"}
	{Position -7.45009	-9.27305	-0.458656}
}
{Volume "body02"
	{Box 6.16447 33.7746 32.0751}
	{Bone "n1_af_uc4"}
	{Position 5.351	10.0773	16.2223}
}
{Volume "fire01"
	{Box 33.6926 10.9408 1.2001}
	{Bone "exterior"}
	{Matrix34
		0.968669	0	-0.248357
		0	1	0
		0.248357	0	0.968669
		0.788346	-16.453	0.0110266
	}
}
{Volume "fire02"
	{Box 33.6926 10.9408 1.2001}
	{Bone "exterior"}
	{Matrix34
		0.968669	0	-0.248357
		0	1	0
		0.248357	0	0.968669
		-0.963199	-5.90279	0.636347
	}
}
{Volume "fire03"
	{Box 21.5633 10.9408 1.2001}
	{Bone "exterior"}
	{Matrix34
		0.968669	0	-0.248357
		0	1	0
		0.248357	0	0.968669
		6.53645	6.05845	-1.60306
	}
}
{Volume "fire04"
	{Box 3.14237 2.98206 48.7132}
	{Bone "n1_af_uc4"}
	{Matrix34
		1	0	0
		0	0	1
		0	-1	0
		5.21378	6.93343	30.6407
	}
}
{Volume "roof"
	{Box 25.6889 35.3588 3.70682}
	{Bone "exterior"}
	{Matrix34
		0.973511	0	-0.228639
		0	1	0
		0.228639	0	0.973511
		-3.94957	3.55757	-1.74714
	}
}
