;Exported by: sergienko
;Date:        Fri Jun 20 14:59:54 2008
;File:        D:\-projets1_5\3dwork\anima\construction\vehicle\coaster_ship\coaster_ship02.max
{Skeleton
	{bone "basis"
		{Orientation
			1	0	0
			0	-1	0
			0	0	1
		}
		{bone "fx_dust1"
			{Position 0	0	0}
		}
		{bone "fx_dust2"
			{Position 0	0	0}
		}
		{bone "fx_wood1"
			{Position 0	0	0}
		}
		{bone "fx_wood2"
			{Position 0	0	0}
		}
		{bone "fx_wood2a"
			{Position 0	0	0}
		}
		{bone "piece1"
			{Matrix34
				-0.233099	-0.965354	0.117291
				0.934987	-0.255639	-0.245862
				0.267328	0.0523555	0.962182
				10.3677	-6.89868	19.5917
			}
			{VolumeView "piece1.ply"}
		}
		{bone "piece2"
			{Matrix34
				0.682914	-0.557007	0.472622
				0.291702	0.801098	0.522639
				-0.66973	-0.219052	0.709561
				-12.4376	-1.93115	22.0346
			}
			{VolumeView "piece2.ply"}
		}
		{bone "piece3"
			{Matrix34
				1	0	0
				0	0.876546	-0.481318
				0	0.481318	0.876546
				13.497	10.8837	17.0514
			}
			{VolumeView "piece3.ply"}
		}
		{bone "piece4"
			{Matrix34
				0.68983	0.624241	-0.366685
				-0.703795	0.696968	-0.137509
				0.169729	0.352929	0.920127
				-13.991	-14.3411	22.4155
			}
			{VolumeView "piece4.ply"}
		}
		{bone "piece5"
			{Matrix34
				0.950399	0.272345	-0.15023
				-0.294633	0.633548	-0.715408
				-0.0996604	0.724186	0.682365
				-14.1928	-30.3802	18.1775
			}
			{VolumeView "piece5.ply"}
		}
		{bone "piece6"
			{Matrix34
				0.892793	0.449554	-0.0286507
				-0.343412	0.720402	0.602569
				0.291528	-0.52813	0.797552
				10.3994	26.2327	19.1466
			}
			{VolumeView "piece6.ply"}
		}
		{bone "piece7"
			{Matrix34
				-0.464929	-0.506459	0.726182
				0.803871	0.102214	0.585956
				-0.370988	0.856184	0.359606
				-16.994	14.3402	10.3744
			}
			{VolumeView "piece7.ply"}
		}
		{bone "piece8"
			{Matrix34
				-0.194712	-0.966461	-0.167451
				0.837247	-0.0748267	-0.541681
				0.510984	-0.24567	0.823736
				-5.81499	14.2417	22.6414
			}
			{VolumeView "piece8.ply"}
		}
		{bone "piece9"
			{Matrix34
				0.982363	-0.177349	-0.0592483
				0.136587	0.897015	-0.420367
				0.127698	0.40486	0.905418
				13.497	-26.3878	7.70805
			}
			{VolumeView "piece9.ply"}
		}
		{bone "piece10"
			{Matrix34
				0.558816	-0.634713	0.533727
				0.570009	0.76144	0.308706
				-0.60234	0.131719	0.787297
				11.7125	-24.5567	22.0346
			}
			{VolumeView "piece10.ply"}
		}
		{bone "piece11"
			{Matrix34
				-0.0632036	-0.97918	0.192905
				0.579214	-0.193397	-0.791902
				0.812721	0.0616823	0.579378
				-16.994	-14.4404	8.6808
			}
			{VolumeView "piece11.ply"}
		}
	}
}
{Volume "piece10"
	{Box 17.9096 0.986817 1.91722}
	{Bone "piece10"}
	{Position 0	-5.33201e-005	-2.28882e-005}
}
{Volume "piece11"
	{Box 22.8732 17.7797 13.2822}
	{Bone "piece11"}
	{Position 3.04681e-005	0	0}
}
{Volume "piece1"
	{Box 22.6041 17.7797 13.2822}
	{Bone "piece1"}
	{Position -1.52588e-005	-3.06165e-005	0}
}
{Volume "piece2"
	{Box 17.9096 1.10068 1.91721}
	{Bone "piece2"}
	{Position 0	-3.03462e-005	-1.12057e-005}
}
{Volume "piece3"
	{Box 23.745 0.877456 8.04912}
	{Bone "piece3"}
	{Position 0	-3.05176e-005	0}
}
{Volume "piece4"
	{Box 23.745 1.31618 5.77605}
	{Bone "piece4"}
	{Position 1.32654e-005	-3.06467e-005	0}
}
{Volume "piece5"
	{Box 23.745 0.877456 5.79707}
	{Bone "piece5"}
	{Position 0	0	3.8147e-005}
}
{Volume "piece6"
	{Box 23.745 1.0237 3.85883}
	{Bone "piece6"}
	{Position -1.5266e-005	0	-1.52588e-005}
}
{Volume "piece7"
	{Box 23.1423 17.3296 13.2822}
	{Bone "piece7"}
	{Position 5.8732e-005	1.54567e-005	-1.95503e-005}
}
{Volume "piece8"
	{Box 23.745 0.779961 5.79708}
	{Bone "piece8"}
	{Position -6.10783e-005	-1.53452e-005	-2.19345e-005}
}
{Volume "piece9"
	{Box 23.745 0.974948 8.04913}
	{Bone "piece9"}
	{Position 3.05026e-005	-3.03976e-005	-1.14441e-005}
}
