;Exported by: sana
;Date:        Tue Jan 03 16:00:53 2006
;File:        D:\-Project-\-3DWork-\Entourage\house_euro_104c\house_euro_104c_x.max
{Skeleton
	{bone "104c_corner3"
		{Orientation
			1	0	0
			0	-1	0
			0	0	1
		}
		{bone "piece0"
			{Position -5.94176	-18.615	59.8303}
			{VolumeView "piece0.ply"}
			{bone "sub_piece0"
				{Position 0	-4.9696	-15.2194}
				{VolumeView "sub_piece0.ply"}
			}
		}
		{bone "piece1"
			{Position -5.94176	13.5631	59.3333}
			{VolumeView "piece1.ply"}
			{bone "sub_piece1"
				{Position 0	-3.23024	-12.4861}
				{VolumeView "sub_piece1.ply"}
			}
		}
		{bone "piece2"
			{Position -5.94176	24.2478	24.6083}
			{VolumeView "piece2.ply"}
			{bone "sub_piece2"
				{Position 0	2.7954	-15.033}
				{VolumeView "sub_piece2.ply"}
			}
		}
		{bone "piece3"
			{Position 15.8449	-32.4355	18.0385}
			{VolumeView "piece3.ply"}
		}
		{bone "piece4"
			{Position 12.1381	-32.4355	52.5738}
			{VolumeView "piece4.ply"}
			{bone "sub_piece4"
				{Position 3.27437	0	-14.3949}
				{VolumeView "sub_piece4.ply"}
			}
		}
		{bone "piece5"
			{Position -5.94176	-28.3678	23.925}
			{VolumeView "piece5.ply"}
		}
	}
}
{Volume "piece0"
	{Box 7.00001 18.7851 20.0051}
	{Bone "piece0"}
	{Matrix34
		1	0	0
		0	0.796248	0.604971
		0	-0.604971	0.796248
		0	-1.65186	-1.15061
	}
}
{Volume "piece1"
	{Box 7.00002 23.0239 20.8723}
	{Bone "piece1"}
	{Matrix34
		1	0	0
		0	0.947725	0.319088
		0	-0.319088	0.947725
		0	-0.409248	-1.34497
	}
}
{Volume "piece2"
	{Box 7.00001 21.4886 15.2629}
	{Bone "piece2"}
	{Matrix34
		1	0	0
		0	0.825703	-0.564105
		0	0.564105	0.825703
		0	-0.482098	-2.33714
	}
}
{Volume "piece3"
	{Box 20.6171 7 21.1907}
	{Bone "piece3"}
	{Matrix34
		0.850112	0	-0.526603
		0	1	0
		0.526603	0	0.850112
		2.25389	0	0.127132
	}
}
{Volume "piece4"
	{Box 19.8407 7 21.4996}
	{Bone "piece4"}
	{Matrix34
		0.965367	0	0.260897
		0	1	0
		-0.260897	0	0.965367
		-0.949061	0	0.231631
	}
}
{Volume "piece5"
	{Box 7.00001 12.5482 23.546}
	{Bone "piece5"}
	{Position 0	0	-1.02374}
}
{Volume "sub_piece0"
	{Box 7.00001 20.3356 13.2278}
	{Bone "sub_piece0"}
	{Matrix34
		1	0	0
		0	0.974344	-0.225062
		0	0.225062	0.974344
		-2.01846e-005	-0.311091	-0.386974
	}
}
{Volume "sub_piece1"
	{Box 7 20.2064 13.1421}
	{Bone "sub_piece1"}
	{Matrix34
		1	0	0
		0	0.935435	-0.3535
		0	0.3535	0.935435
		0	-1.48608	-1.25744
	}
}
{Volume "sub_piece2"
	{Box 7.00001 17.5178 13.2937}
	{Bone "sub_piece2"}
	{Position -1.60041e-005	0	0}
}
{Volume "sub_piece4"
	{Box 19.3249 7 10.7325}
	{Bone "sub_piece4"}
	{Matrix34
		0.967416	0	0.253191
		0	1	0
		-0.253191	0	0.967416
		-0.028999	0	-0.754371
	}
}
