;Exported by: sasha
;Date:        Tue Dec 25 10:24:25 2007
;File:        D:\-Project-\-3DWork-\a_house 303\a_house_303alt.max
{Skeleton
	{bone "303_roofa"
		{Orientation
			1	0	0
			0	-1	0
			0	0	1
		}
		{bone "exterior"
			{VolumeView "exterior.ply"}
		}
		{bone "fix01"
			{Position 38.6838	-46.6241	48.841}
		}
		{bone "fix02"
			{Position -15.5974	-46.6249	48.841}
		}
		{bone "fix03"
			{Position -46.5748	-39.8531	48.841}
		}
		{bone "fix04"
			{Position -46.786	27.8802	48.841}
		}
		{bone "fix05"
			{Position -28.5661	46.6705	48.841}
		}
		{bone "fix06"
			{Position 4.83656	46.5881	48.841}
		}
		{bone "fix07"
			{Position 46.5154	38.1288	48.841}
		}
		{bone "fix08"
			{Position 46.4307	-25.1787	48.841}
		}
	}
}
{Area "interior"
	{Obb2
		{Center -0.463505 0.899548}
		{Extent 34.5962 34.7046}
		{Axis -1 0}
	}
	{Rotate}
}
{Volume "roof01"
	{Box 10.0623 26.9491 4.52756}
	{Bone "exterior"}
	{Matrix34
		0.238436	-0.545967	-0.803161
		0.924329	0.381294	0.0152144
		0.297934	-0.746012	0.595567
		11.9879	-25.4776	73.7671
	}
}
{Volume "roof02"
	{Box 27.7779 20.4544 4.52756}
	{Bone "exterior"}
	{Matrix34
		-0.272677	-0.722645	-0.635162
		0.944948	-0.32528	-0.0355869
		-0.180889	-0.609899	0.771558
		-5.76723	-20.8182	78.4188
	}
}
{Volume "roof03"
	{Box 20.2779 16.9771 4.52756}
	{Bone "exterior"}
	{Matrix34
		0.379002	-0.769669	-0.513777
		0.899416	0.437005	0.00881967
		0.217735	-0.465442	0.857878
		9.39883	-15.5009	82.1351
	}
}
{Volume "roof04"
	{Box 27.7807 21.9005 4.52756}
	{Bone "exterior"}
	{Matrix34
		-0.189375	-0.980721	-0.0482015
		0.821434	-0.131341	-0.554973
		0.537942	-0.144692	0.830471
		17.6686	-2.93748	81.2828
	}
}
{Volume "roof05"
	{Box 21.9468 21.9005 4.52756}
	{Bone "exterior"}
	{Matrix34
		0.998526	-0.0249665	-0.0482015
		-0.005991	0.831847	-0.554973
		0.053952	0.554443	0.830471
		-0.000846949	17.5135	81.2828
	}
}
{Volume "roof06"
	{Box 22.2246 21.9005 4.52756}
	{Bone "exterior"}
	{Matrix34
		-0.0264196	0.998488	-0.0482014
		-0.830438	-0.048764	-0.554973
		-0.556484	0.0253662	0.830471
		-18.587	-1.39931	80.6157
	}
}
{Volume "roof07"
	{Box 19.9716 17.0824 4.52756}
	{Bone "exterior"}
	{Matrix34
		0.786346	-0.617701	-0.010291
		0.518379	0.668783	-0.532927
		0.336072	0.413729	0.846099
		16.3596	15.1261	78.997
	}
}
{Volume "roof08"
	{Box 21.9468 21.9005 4.52756}
	{Bone "exterior"}
	{Matrix34
		0.70364	0.70892	-0.0482015
		-0.608975	0.566705	-0.554973
		-0.366115	0.419854	0.830471
		-15.5683	13.5465	79.7339
	}
}
{Volume "roof09"
	{Box 22.2246 21.9005 4.52756}
	{Bone "exterior"}
	{Matrix34
		-0.538458	0.827975	0.156585
		-0.744524	-0.38044	-0.548589
		-0.394647	-0.411973	0.821299
		-16.5989	-15.0406	78.4183
	}
}
{Volume "roof10"
	{Box 10.0623 26.9491 4.52756}
	{Bone "exterior"}
	{Matrix34
		0.585792	-0.108532	-0.803161
		0.202282	0.979209	0.0152144
		0.784812	-0.171377	0.595567
		26.9033	-9.48134	73.7671
	}
}
