;Exported by: kolesnikov
;Date:        Tue Dec 06 19:03:07 2005
;File:        D:\-Project-\-3DWork-\post_bags.max
{Skeleton
	{bone "post-bag3_x"
		{Orientation
			1	0	0
			0	-1	0
			0	0	1
		}
		{bone "piece1"
			{Matrix34
				0.984808	0	0.173648
				-0.0449434	0.965926	0.254887
				-0.167731	-0.258819	0.951251
				-1.01758	0.0295582	1.89014
			}
			{VolumeView "piece1.ply"}
		}
		{bone "piece2"
			{Matrix34
				0.984808	0	0.173648
				-0.0449434	0.965926	0.254887
				-0.167731	-0.258819	0.951251
				-1.3629	-0.50329	3.84856
			}
			{VolumeView "piece2.ply"}
		}
		{bone "piece3"
			{Matrix34
				0.984808	-0.0449435	0.167731
				0.0449435	0.998982	0.00379807
				-0.167731	0.00379807	0.985825
				-1.01774	-0.0150108	5.72486
			}
			{VolumeView "piece3.ply"}
		}
		{bone "piece4"
			{Matrix34
				0.984808	-0.044944	0.167731
				0.044944	0.998982	0.00379812
				-0.167732	0.0037981	0.985825
				-1.36306	-0.00719261	7.75446
			}
			{VolumeView "piece4.ply"}
		}
		{bone "piece5"
			{Matrix34
				0.984808	0	0.173648
				0.0449434	0.965926	-0.254887
				-0.167731	0.258819	0.951251
				-1.01774	-0.0982533	9.40962
			}
			{VolumeView "piece5.ply"}
		}
		{bone "piece6"
			{Matrix34
				0.984808	0	0.173648
				0.0449434	0.965926	-0.254887
				-0.167731	0.258819	0.951251
				-1.36306	0.434595	11.368
			}
			{VolumeView "piece6.ply"}
		}
		{bone "piece12"
			{Matrix34
				0.984808	0	-0.173648
				0.0449429	0.965926	0.254887
				0.167731	-0.258819	0.951251
				1.52911	0.379454	1.73139
			}
			{VolumeView "piece12.ply"}
		}
		{bone "piece10"
			{Matrix34
				0.984808	0	-0.173648
				0.044943	0.965926	0.254887
				0.167731	-0.258819	0.951251
				1.87443	-0.153399	3.68981
			}
			{VolumeView "piece10.ply"}
		}
		{bone "piece9"
			{Matrix34
				0.984808	0.0449435	-0.167731
				-0.0449435	0.998982	0.00379813
				0.167731	0.003798	0.985825
				1.52927	-0.311895	5.48097
			}
			{VolumeView "piece9.ply"}
		}
		{bone "piece7"
			{Matrix34
				0.984808	0.0449435	-0.167731
				-0.0449435	0.998982	0.00379812
				0.167731	0.00379801	0.985825
				1.87459	-0.304075	7.51056
			}
			{VolumeView "piece7.ply"}
		}
		{bone "piece8"
			{Matrix34
				0.984808	0	-0.173648
				-0.0449435	0.965926	-0.254887
				0.167731	0.258819	0.951251
				1.52927	-0.448149	9.25087
			}
			{VolumeView "piece8.ply"}
		}
		{bone "piece11"
			{Matrix34
				0.984808	0	-0.173648
				-0.0449439	0.965926	-0.254887
				0.167731	0.258819	0.951251
				1.87459	0.0847034	11.2093
			}
			{VolumeView "piece11.ply"}
		}
	}
}
{Volume "body41"
	{Box 3.4717 6.25383 1.9685}
	{Bone "piece10"}
	{Matrix34
		-1	0	0
		0	-1	0
		0	0	1
		0.1176	-0.189895	0.194877
	}
}
{Volume "body42"
	{Box 3.4717 6.25383 1.9685}
	{Bone "piece7"}
	{Matrix34
		-1	0	0
		0	-1	0
		0	0	1
		0.113109	0.000681546	0.168634
	}
}
{Volume "body43"
	{Box 3.4717 6.25383 1.9685}
	{Bone "piece11"}
	{Matrix34
		-1	0	0
		0	-1	0
		0	0	1
		0.117599	0.197026	0.194876
	}
}
{Volume "body44"
	{Box 3.4717 6.25383 1.9685}
	{Bone "piece1"}
	{Matrix34
		-1	0	0
		0	-1	0
		0	0	1
		-0.146	-0.189895	0.194799
	}
}
{Volume "body45"
	{Box 3.4717 6.25383 1.9685}
	{Bone "piece12"}
	{Matrix34
		-1	0	0
		0	-1	0
		0	0	1
		0.117601	-0.189896	0.194877
	}
}
{Volume "body46"
	{Box 3.4717 6.25383 1.9685}
	{Bone "piece8"}
	{Matrix34
		-1	0	0
		0	-1	0
		0	0	1
		0.117599	0.197028	0.194878
	}
}
{Volume "body47"
	{Box 3.4717 6.25383 1.9685}
	{Bone "piece2"}
	{Matrix34
		-1	0	0
		0	-1	0
		0	0	1
		-0.145998	-0.189899	0.194799
	}
}
{Volume "body48"
	{Box 3.4717 6.25383 1.9685}
	{Bone "piece6"}
	{Matrix34
		-1	0	0
		0	-1	0
		0	0	1
		-0.145998	0.197025	0.194801
	}
}
{Volume "body49"
	{Box 3.4717 6.25383 1.9685}
	{Bone "piece9"}
	{Matrix34
		-1	0	0
		0	-1	0
		0	0	1
		0.11311	0.000683219	0.168636
	}
}
{Volume "body50"
	{Box 3.4717 6.25383 1.9685}
	{Bone "piece5"}
	{Matrix34
		-1	0	0
		0	-1	0
		0	0	1
		-0.145998	0.197024	0.194798
	}
}
{Volume "body51"
	{Box 3.4717 6.25383 1.9685}
	{Bone "piece4"}
	{Matrix34
		-1	0	0
		0	-1	0
		0	0	1
		-0.141504	0.000684076	0.168557
	}
}
{Volume "body52"
	{Box 3.4717 6.25383 1.9685}
	{Bone "piece3"}
	{Matrix34
		-1	0	0
		0	-1	0
		0	0	1
		-0.141508	0.000681259	0.168558
	}
}
