;Exported by: klimenko
;Date:        Tue Jan 31 18:51:26 2006
;File:        D:\-Project-\-3DWork-\entourage\barricade_cobble_copy.max
{Skeleton
	{bone "barricade_cobl2_c2"
		{Orientation
			1	0	0
			0	-1	0
			0	0	1
		}
		{bone "fx_stone1"
			{Position 33.7772	12.9688	8.75102}
		}
		{bone "sub_piece6"
			{parameters "Land;Ground;"}
			{Position 20.4987	-4.31552	17.3634}
			{VolumeView "sub_piece6.ply" {Ground}}
		}
		{bone "piece7"
			{parameters "Land;Ground;"}
			{Position 23.658	-12.8582	19.3405}
			{VolumeView "piece7.ply" {Ground}}
		}
		{bone "sub_piece1"
			{parameters "Land;Ground;"}
			{Position 32.6544	16.7456	17.9309}
			{VolumeView "sub_piece1.ply" {Ground}}
		}
		{bone "piece2"
			{parameters "Land;Ground;"}
			{Position 11.1606	-36.7252	10.7568}
			{VolumeView "piece2.ply" {Ground}}
		}
		{bone "sub_piece2"
			{parameters "Land;Ground;"}
			{Position 12.0603	-31.8737	18.8773}
			{VolumeView "sub_piece2.ply" {Ground}}
		}
		{bone "piece3"
			{parameters "Land;Ground;"}
			{Position 21.0222	-38.4774	10.3552}
			{VolumeView "piece3.ply" {Ground}}
		}
		{bone "piece6"
			{parameters "Land;Ground;"}
			{Position 25.6158	-1.64289	12.6684}
			{VolumeView "piece6.ply" {Ground}}
		}
		{bone "sub_piece5"
			{parameters "Land;Ground;"}
			{Position 32.615	5.03083	10.4183}
			{VolumeView "sub_piece5.ply" {Ground}}
		}
		{bone "sub_piece4"
			{parameters "Land;Ground;"}
			{Position 22.2247	-23.4592	19.6497}
			{VolumeView "sub_piece4.ply" {Ground}}
		}
		{bone "piece5"
			{parameters "Land;Ground;"}
			{Position 32.9891	-18.6724	15.4019}
			{VolumeView "piece5.ply" {Ground}}
		}
		{bone "sub_piece3"
			{parameters "Land;Ground;"}
			{Position 2.21305	-25.4764	7.2341}
			{VolumeView "sub_piece3.ply" {Ground}}
		}
		{bone "piece4"
			{parameters "Land;Ground;"}
			{Position 11.7376	-21.4401	21.5023}
			{VolumeView "piece4.ply" {Ground}}
		}
		{bone "piece1"
			{parameters "Land;Ground;"}
			{Position 18.4055	-10.0069	21.8493}
			{VolumeView "piece1.ply" {Ground}}
		}
	}
}
{Volume "piece1"
	{Box 5.57859 5.2092 7.44355}
	{Bone "piece1"}
	{Matrix34
		0.77598	-0.234347	0.585609
		0.289105	0.957297	0
		-0.560601	0.169302	0.810594
		0.0267324	-0.12909	0.296879
	}
}
{Volume "piece2"
	{Box 5.72866 5.4396 7.19394}
	{Bone "piece2"}
	{Matrix34
		0.85535	0.307227	-0.417118
		-0.28117	0.951573	0.124307
		0.435108	0.010955	0.900312
		-0.00737049	-0.0117836	0.157041
	}
}
{Volume "piece3"
	{Box 4.77715 4.81011 5.99337}
	{Bone "piece3"}
	{Matrix34
		0.840153	0.48448	-0.243766
		-0.458158	0.874527	0.159038
		0.290231	-0.0219329	0.956705
		-0.0711572	0.0185405	0.425728
	}
}
{Volume "piece4"
	{Box 5.3799 4.76017 5.64815}
	{Bone "piece4"}
	{Matrix34
		0.850876	-0.520403	-0.0720482
		0.519277	0.812249	0.265712
		-0.079756	-0.263501	0.961357
		0.132294	-0.213172	-0.274976
	}
}
{Volume "piece5"
	{Box 5.29052 5.81176 6.83879}
	{Bone "piece5"}
	{Matrix34
		0.932126	0.358908	0.0482344
		-0.238619	0.708916	-0.663701
		-0.272402	0.607142	0.746442
		0.399162	-0.232491	0.701448
	}
}
{Volume "piece6"
	{Box 5.91245 5.67511 6.55813}
	{Bone "piece6"}
	{Matrix34
		0.989131	-0.147035	0
		0.143452	0.965034	0.21939
		-0.0322578	-0.217005	0.975637
		0.0248035	-0.320553	0.363031
	}
}
{Volume "piece7"
	{Box 4.84482 5.11994 6.17271}
	{Bone "piece7"}
	{Matrix34
		0.943801	-0.263393	0.19966
		0.309233	0.916967	-0.252085
		-0.116683	0.299659	0.946884
		0.107561	0.29178	0.615657
	}
}
{Volume "sub_piece1"
	{Box 8.42563 9.63427 5.73664}
	{Bone "sub_piece1"}
	{Matrix34
		0.810682	0	-0.585487
		0.208615	0.934368	0.288855
		0.547059	-0.35631	0.757476
		-0.245041	0.847363	-0.0831103
	}
}
{Volume "sub_piece2"
	{Box 4.83833 4.6957 6.24215}
	{Bone "sub_piece2"}
	{Matrix34
		0.80752	0	-0.58984
		0	1	0
		0.589839	0	0.807521
		-0.4241	1.4466e-005	-0.385812
	}
}
{Volume "sub_piece3"
	{Box 5.09597 5.01593 6.40995}
	{Bone "sub_piece3"}
	{Matrix34
		0.975525	-0.219758	-0.00755816
		0.219854	0.9754	0.0160629
		0.00384228	-0.0173314	0.999842
		-0.288156	0.01303	0.182731
	}
}
{Volume "sub_piece4"
	{Box 5.43389 5.86237 5.97051}
	{Bone "sub_piece4"}
	{Matrix34
		0.857231	-0.368753	0.35941
		0.477116	0.831338	-0.285023
		-0.193688	0.41581	0.888587
		-0.243443	0.122518	0.392553
	}
}
{Volume "sub_piece5"
	{Box 6.49545 5.85571 6.09579}
	{Bone "sub_piece5"}
	{Matrix34
		0.937794	0.133247	0.320604
		-0.174996	0.978953	0.105012
		-0.299863	-0.154584	0.941374
		0.257775	0.132908	0.286367
	}
}
{Volume "sub_piece6"
	{Box 4.23863 5.23832 6.89308}
	{Bone "sub_piece6"}
	{Matrix34
		0.946047	-0.31634	0.0701757
		0.262524	0.875229	0.406269
		-0.189939	-0.365926	0.911055
		0.134088	0.194683	0.115758
	}
}
