;Exported by: shevchenko
;Date:        Fri Jul 21 17:52:57 2006
;File:        D:\-Projects1_5-\-3DWork-\bsh\bsh_c135-a1.max
{Skeleton
	{bone "bsh135_w2_2"
		{Orientation
			1	0	0
			0	-1	0
			0	0	1
		}
		{VolumeView "bsh135_w2_2.ply"}
		{bone "attach1"
			{Matrix34
				0.707107	-0.707107	0
				0.707107	0.707107	0
				0	0	1
				-6.06237	-7.1544	-15.5234
			}
		}
		{bone "window1"
			{Matrix34
				0.707107	-0.707107	0
				0	0	-1
				0.707107	0.707107	0
				8.20545	-22.1606	13.0026
			}
			{VolumeView "../common/window1.ply"}
		}
		{bone "window1_x"
			{Matrix34
				0.707107	0.707107	0
				0	0	-1
				-0.707107	0.707107	0
				8.20548	-22.1606	13.0026
			}
			{visibility 0}
			{VolumeView "../common/window1_x.ply"}
		}
		{bone "fix16"
			{Matrix34
				0.707107	0.707107	0
				-0.707107	0.707107	0
				0	0	1
				33.0849	2.72432	8.92509
			}
		}
		{bone "fix17"
			{Position -21.787	-38.8115	9.08313}
		}
		{bone "fix18"
			{Matrix34
				0.707107	0.707107	0
				-0.707107	0.707107	0
				0	0	1
				8.74473	-21.6158	-23.5439
			}
		}
	}
}
{Volume "body1"
	{Box 53.9586 9.84252 56.7638}
	{Bone "bsh135_w2_2"}
	{Matrix34
		0.707107	0.707107	0
		-0.707107	0.707107	0
		0	0	1
		9.09918	-21.2614	8.9251
	}
}
{Volume "body2"
	{Box 9.74079 9.84252 57.0798}
	{Bone "bsh135_w2_2"}
	{Position -11.2816	-38.8115	9.08313}
}
{Volume "body3"
	{Box 37.5594 5.90551 53.1717}
	{Bone "bsh135_w2_2"}
	{Matrix34
		-0.707107	0.707107	0
		-0.707107	-0.707107	0
		0	0	1
		5.98388	9.12562	6.06391
	}
}
{Volume "body4"
	{Box 19.5309 9.84252 16.4832}
	{Bone "bsh135_w2_2"}
	{Matrix34
		-0.707107	0.707107	0
		-0.707107	-0.707107	0
		0	0	1
		-0.907263	13.4509	41.6714
	}
}
{Volume "floor1"
	{Box 46.0758 25.0901 3.93701}
	{Bone "bsh135_w2_2"}
	{Matrix34
		0.707107	0.707107	0
		0.707107	-0.707107	0
		0	0	-1
		-3.30315	-9.36909	32.8742
	}
}
{Volume "floor2"
	{Box 70.3106 34.0347 3.93701}
	{Bone "bsh135_w2_2"}
	{Matrix34
		0.707107	0.707107	0
		0.707107	-0.707107	0
		0	0	-1
		-2.52162	-2.21001	-16.9046
	}
}
{Volume "hole1"
	{Box 17.7166 29.5276 19.685}
	{Bone "bsh135_w2_2"}
	{Matrix34
		0.707107	0.707107	0
		0	0	-1
		-0.707107	0.707107	0
		8.55339	-22.5086	13.0026
	}
}
{Volume "roof1"
	{Box 49.6552 3.93701 40.8703}
	{Bone "bsh135_w2_2"}
	{Matrix34
		0.707107	0.707106	0
		-0.541676	0.541675	-0.642787
		-0.45452	0.454519	0.766045
		1.71259	-17.6915	51.354
	}
}
{Volume "window1"
	{Box 17.7166 29.5276 0.984253}
	{Bone "window1"}
	{Matrix34
		0	0	1
		0	1	0
		-1	0	0
		-1.30837e-005	0	0
	}
}
