;Exported by: shevchenko
;Date:        Tue Mar 14 14:59:55 2006
;File:        D:\-Projects1_5-\-3DWork-\euro1_corner2_lm_corner_x.max
{Skeleton
	{bone "101_r8"
		{Orientation
			1	0	0
			0	-1	0
			0	0	1
		}
		{bone "piece0"
			{Matrix34
				0	-1	0
				0	0	1
				-1	0	0
				35.189	-0.198425	-6.17517
			}
			{VolumeView "piece0.ply"}
		}
		{bone "piece1"
			{Matrix34
				0	-1	0
				0	0	1
				-1	0	0
				10.6041	-0.198425	18.2272
			}
			{VolumeView "piece1.ply"}
		}
		{bone "piece2"
			{Matrix34
				-1	0	0
				0	0	1
				0	1	0
				-1.19313	-16.8043	23.7935
			}
			{VolumeView "piece2.ply"}
		}
		{bone "piece3"
			{Matrix34
				0	-1	0
				0	0	1
				-1	0	0
				-23.3501	56.596	5.71735
			}
			{VolumeView "piece3.ply"}
		}
		{bone "piece4"
			{Matrix34
				0	-1	0
				0	0	1
				-1	0	0
				-10.7636	-0.198425	20.1405
			}
			{VolumeView "piece4.ply"}
		}
		{bone "piece5"
			{Matrix34
				0	-1	0
				0	0	1
				-1	0	0
				-27.9919	-0.198425	2.05096
			}
			{VolumeView "piece5.ply"}
		}
		{bone "piece6"
			{Matrix34
				0.321518	0.866025	-0.382919
				-0.556884	0.5	0.663235
				0.765838	0	0.643034
				-26.7588	16.7785	2.12238
			}
			{VolumeView "piece6.ply"}
		}
		{bone "piece7"
			{Matrix34
				0.321518	0.866025	-0.382919
				-0.556884	0.5	0.663235
				0.765838	0	0.643034
				-24.4925	-46.7307	4.02533
			}
			{VolumeView "piece7.ply"}
		}
		{bone "piece8"
			{Matrix34
				-0.321518	-0.866025	-0.382919
				0.556883	-0.500001	0.663235
				-0.765838	0	0.643034
				22.8914	-47.5829	3.42548
			}
			{VolumeView "piece8.ply"}
		}
		{bone "piece9"
			{Matrix34
				0	-1	0
				1	0	0
				0	0	1
				-1.19315	-15.4473	-0.489868
			}
			{VolumeView "piece9.ply"}
		}
	}
}
{Volume "piece0"
	{Box 1.9685 36.8691 29.7997}
	{Bone "piece0"}
	{Matrix34
		0	0.776125	-0.630579
		-1	0	0
		0	0.630579	0.776125
		0.787484	4.06379	0.285777
	}
}
{Volume "piece1"
	{Box 1.9685 36.8691 29.7997}
	{Bone "piece1"}
	{Matrix34
		0	0.776125	-0.630579
		-1	0	0
		0	0.630579	0.776125
		0.787456	-0.559681	0.0448968
	}
}
{Volume "piece2"
	{Box 5.90553 86.0347 5.90552}
	{Bone "piece2"}
	{Matrix34
		-1	0	0
		0	0	1
		0	1	0
		0	0	-1.52257e-005
	}
}
{Volume "piece3"
	{Box 1.9685 20.7819 44.422}
	{Bone "piece3"}
	{Matrix34
		0	-0.768037	-0.640405
		-1	0	0
		0	0.640405	-0.768037
		3.16357	8.05935	-4.76918
	}
}
{Volume "piece4"
	{Box 1.9685 39.2111 24.4077}
	{Bone "piece4"}
	{Matrix34
		0	-0.768037	-0.640405
		-1	0	0
		0	0.640405	-0.768037
		2.70555	0.080663	0.0884897
	}
}
{Volume "piece5"
	{Box 1.9685 39.2111 31.2919}
	{Bone "piece5"}
	{Matrix34
		0	-0.768037	-0.640405
		-1	0	0
		0	0.640405	-0.768037
		2.70561	-0.409479	5.14281
	}
}
{Volume "piece6"
	{Box 3.23425 4.26196 51.734}
	{Bone "piece6"}
	{Matrix34
		0.499981	-0.865991	-0.0088651
		0.866025	0.5	0
		0.00443314	-0.00767719	0.999961
		-0.765837	0.292341	3.44488
	}
}
{Volume "piece7"
	{Box 3.23425 4.26196 51.734}
	{Bone "piece7"}
	{Matrix34
		0.499981	-0.865991	-0.0088651
		0.866025	0.5	0
		0.00443314	-0.00767719	0.999961
		-0.318029	0.550869	0.485558
	}
}
{Volume "piece8"
	{Box 2.85774 4.26196 52.06}
	{Bone "piece8"}
	{Matrix34
		-0.499999	0.866023	0.00219233
		-0.866025	-0.500001	0
		0.00109678	-0.00189868	0.999998
		-0.311916	0.540219	1.28076
	}
}
{Volume "piece9"
	{Box 5.90551 5.90552 44.2012}
	{Bone "piece9"}
	{Matrix34
		0	1	0
		-1	0	0
		0	0	1
		-4.43494e-005	0	0.38306
	}
}
