;Exported by: klimenko
;Date:        Thu Jul 27 12:10:39 2006
;File:        D:\-Project-\-3DWork-\Elevator\elevator.max
{Skeleton
	{bone "elevator2"
		{Orientation
			1	0	0
			0	-1	0
			0	0	1
		}
		{VolumeView "elevator2.ply"}
		{bone "fx_stone1"
			{Position 7.13354	20.1335	58.061}
		}
		{bone "piece1"
			{Position 3.6814	5.91943	59.1913}
			{VolumeView "piece1.ply"}
		}
		{bone "piece2"
			{Position 0	7.26074	118.664}
			{VolumeView "piece2.ply"}
			{bone "sub_piece2"
				{Matrix34
					1	0	0
					0	0.995879	-0.0906874
					0	0.0906874	0.995879
					-0.0483398	13.8526	30.2427
				}
				{VolumeView "sub_piece2.ply"}
			}
		}
	}
}
{Obstacle "body"
	{Obb2
		{Center 1.4834 -7.56152}
		{Extent 10.4073 9.59473}
		{Axis 1 0}
	}
	{Rotate}
	{Tags  "body"}
}
{Volume "body"
	{Box 20.8147 19.1895 37.5712}
	{Bone "elevator2"}
	{Position 1.48339	7.56153	18.9644}
}
{Volume "piece1"
	{Box 13.5449 12.4738 54.7886}
	{Bone "piece1"}
	{Matrix34
		0.997937	0.00186169	-0.0641727
		0.00390106	0.995974	0.0895585
		0.0640811	-0.0896241	0.993912
		-8.0529e-005	4.22271e-005	0
	}
}
{Volume "piece2"
	{Box 23.3645 9.87156 46.8531}
	{Bone "piece2"}
	{Matrix34
		0.991378	0	-0.131036
		0	1	0
		0.131036	0	0.991378
		-0.704309	-0.502284	-5.27877
	}
}
{Volume "sub_piece2"
	{Box 44.2185 57.6147 6.14314}
	{Bone "sub_piece2"}
	{Matrix34
		1	0	0
		0	0.973102	0.230376
		0	-0.230376	0.973102
		-0.000100547	-2.77775	-13.3264
	}
}
