;Exported by: sana
;Date:        Wed Feb 22 11:56:19 2006
;File:        D:\-Project-\-3DWork-\Entourage\build_euro\build-20_cut02_x.max
{Skeleton
	{bone "b_euro_corn9"
		{Orientation
			1	0	0
			0	-1	0
			0	0	1
		}
		{bone "piece02"
			{Position -10.3137	10.9933	22.6796}
			{VolumeView "piece02.ply"}
		}
		{bone "piece00"
			{Position 7.58562	2.72684	38.931}
			{VolumeView "piece00.ply"}
			{bone "sub_piece00"
				{Position -4.61282	0	-12.0419}
				{VolumeView "sub_piece00.ply"}
			}
		}
		{bone "piece01"
			{Position -9.11764	2.72684	18.6833}
			{VolumeView "piece01.ply"}
			{bone "sub_piece01"
				{Position 13.2558	0	-4.8556}
				{VolumeView "sub_piece01.ply"}
			}
		}
	}
}
{Volume "piece00"
	{Box 20.8791 7.87402 16.5887}
	{Bone "piece00"}
	{Matrix34
		0.948282	0	0.317431
		0	1	0
		-0.317431	0	0.948282
		0.0433536	0	-0.0294455
	}
}
{Volume "piece01"
	{Box 13.3043 7.87402 17.5112}
	{Bone "piece01"}
	{Matrix34
		0.991513	0	0.130006
		0	1	0
		-0.130006	0	0.991513
		0.0989796	1.86862e-005	-0.754901
	}
}
{Volume "piece02"
	{Box 4.36634 3.87411 45.5187}
	{Bone "piece02"}
	{Position 0	0	0}
}
{Volume "sub_piece00"
	{Box 13.25 7.87402 10.1239}
	{Bone "sub_piece00"}
	{Matrix34
		0.878066	0	-0.47854
		0	1	0
		0.47854	0	0.878066
		-0.541523	0	-0.860323
	}
}
{Volume "sub_piece01"
	{Box 12.4925 7.87402 10.8088}
	{Bone "sub_piece01"}
	{Matrix34
		0.96312	0	-0.269072
		0	1	0
		0.269072	0	0.96312
		-0.772693	0	-0.25019
	}
}
