;Exported by: sana
;Date:        Thu Mar 22 14:28:23 2007
;File:        D:\-Project-\-3DWork-\Entourage\SelSovet\SelSovet_cut2_x.max
{Skeleton
	{bone "sels_wall1_5_x"
		{Orientation
			1	0	0
			0	-1	0
			0	0	1
		}
		{bone "piece01"
			{Position 17.2117	0.0336304	-10.9619}
			{VolumeView "piece01.ply"}
			{bone "sub_piece01"
				{Position -7.3555	-0.0184326	6.8051}
				{VolumeView "sub_piece01.ply"}
			}
		}
		{bone "piece02"
			{Position -11.1076	0.0534973	12.9298}
			{VolumeView "piece02.ply"}
			{bone "sub_piece02"
				{Position -3.83786	0.0045166	-11.0329}
				{VolumeView "sub_piece02.ply"}
			}
		}
	}
}
{Volume "piece01"
	{Box 19.7517 4.35039 17.709}
	{Bone "piece01"}
	{Matrix34
		0.997767	0	0.0667926
		0	1	0
		-0.0667926	0	0.997767
		0.0731038	0	0.337882
	}
}
{Volume "piece02"
	{Box 20.9823 3.85687 16.2928}
	{Bone "piece02"}
	{Matrix34
		0.933976	0	-0.357336
		0	1	0
		0.357336	0	0.933976
		1.13643	0	-0.846788
	}
}
{Volume "sub_piece01"
	{Box 15.6748 3.98582 7.04483}
	{Bone "sub_piece01"}
}
{Volume "sub_piece02"
	{Box 10.777 4.08784 16.0252}
	{Bone "sub_piece02"}
	{Matrix34
		0.992159	0	0.124983
		0	1	0
		-0.124983	0	0.992159
		1.45626	0	-0.5853
	}
}
