;Exported by: shevchenko
;Date:        Thu Jun 29 12:52:49 2006
;File:        D:\-Projects1_5-\-3DWork-\bsh\bsh_c135-a1_x.max
{Skeleton
	{bone "bsh135_c1_3"
		{Orientation
			1	0	0
			0	-1	0
			0	0	1
		}
		{bone "piece1"
			{Matrix34
				0	-1	0
				0	0	1
				-1	0	0
				4.87927	2.07114	1.11301
			}
			{VolumeView "piece1.ply"}
		}
		{bone "piece0"
			{Matrix34
				0	0.34202	-0.939693
				0	-0.939693	-0.34202
				-1	0	0
				-16.0174	1.6707	-6.77969
			}
			{VolumeView "piece0.ply"}
		}
	}
}
{Volume "piece0"
	{Box 22.5035 36.4872 8.07087}
	{Bone "piece0"}
	{Matrix34
		0.866025	-0.5	0
		0.5	0.866025	0
		0	0	1
		-1.05887	0.830195	-0.0425029
	}
}
{Volume "piece1"
	{Box 18.3463 2.68509 51.7648}
	{Bone "piece1"}
	{Matrix34
		0	0	-1
		-0.766044	-0.642788	0
		-0.642788	0.766044	0
		9.43791	-9.24497	7.46939
	}
}
