;Exported by: shevchenko
;Date:        Fri Jul 15 15:28:59 2005
;File:        D:\-Projects1_5-\-3DWork-\watermill_x.max
{Skeleton
	{animation
		{sequence "crush" {speed 0.4}}
	}
	{bone "115_corner1"
		{parameters "CommonMesh;"}
		{Orientation
			1	0	0
			0	-1	0
			0	0	1
		}
		{VolumeView "115_corner1.ply"}
		{bone "sweep"
			{Matrix34
				1	0	0
				0	0	1
				0	-1	0
				14.5482	-24.2208	-3.93701
			}
		}
		{bone "piece0"
			{Matrix34
				1	0	0
				0	0	1
				0	-1	0
				29.0464	-20.8948	81.5962
			}
			{VolumeView "piece0.ply"}
		}
		{bone "piece1"
			{Matrix34
				1	0	0
				0	0	1
				0	-1	0
				-13.3584	-20.8948	88.5051
			}
			{VolumeView "piece1.ply"}
		}
		{bone "piece2"
			{Matrix34
				1	0	0
				0	0	1
				0	-1	0
				-1.47056	-20.8948	57.4447
			}
			{VolumeView "piece2.ply"}
		}
		{bone "piece3"
			{Matrix34
				1	0	0
				0	0	1
				0	-1	0
				0.273367	-20.8948	24.6063
			}
			{VolumeView "piece3.ply"}
		}
		{bone "piece4"
			{Matrix34
				1	0	0
				0	0	1
				0	-1	0
				-39.7038	-20.8948	53.1548
			}
			{VolumeView "piece4.ply"}
		}
		{bone "piece5"
			{Matrix34
				1	0	0
				0	0	1
				0	-1	0
				-66.528	-20.8948	31.4314
			}
			{VolumeView "piece5.ply"}
		}
		{bone "piece6"
			{Matrix34
				1	0	0
				0	0	1
				0	-1	0
				-62.6298	-20.8948	79.7167
			}
			{VolumeView "piece6.ply"}
		}
		{bone "piece7"
			{Matrix34
				0	1	0
				0	0	1
				1	0	0
				-68.3371	-3.60061	107.285
			}
			{VolumeView "piece7.ply"}
		}
		{bone "piece8"
			{Matrix34
				0	1	0
				0	0	1
				1	0	0
				-68.3371	-3.81452	66.1965
			}
			{VolumeView "piece8.ply"}
		}
		{bone "piece9"
			{Matrix34
				0	1	0
				0	0	1
				1	0	0
				-68.3371	15.7528	29.475
			}
			{VolumeView "piece9.ply"}
		}
	}
}
{Volume "piece9"
	{Box 26.5748 7.87402 23.3071}
	{Bone "piece9"}
	{Matrix34
		-0.70997	0.704232	0
		0	0	1
		0.704232	0.70997	0
		-1.74934	-1.24994	0.036411
	}
}
{Volume "piece8"
	{Box 17.7165 7.87402 37.0079}
	{Bone "piece8"}
	{Matrix34
		-0.983392	-0.181493	0
		0	0	1
		-0.181493	0.983392	0
		2.50318	-0.508791	0.0364112
	}
}
{Volume "piece7"
	{Box 13.5827 7.87402 26.2992}
	{Bone "piece7"}
	{Matrix34
		-0.954716	-0.297517	0
		0	0	1
		-0.297517	0.954716	0
		0.359928	0.735207	0.0364107
	}
}
{Volume "piece6"
	{Box 15.3543 7.87402 32.2835}
	{Bone "piece6"}
	{Matrix34
		1	0	0
		0	0	-1
		0	1	0
		-0.250793	-0.818346	-0.0205397
	}
}
{Volume "piece5"
	{Box 13.311 7.87402 25.5118}
	{Bone "piece5"}
	{Matrix34
		0.996078	0.088482	0
		0	0	-1
		-0.088482	0.996078	0
		1.57984	-0.233718	-0.0205415
	}
}
{Volume "piece4"
	{Box 19.4882 7.87402 17.7953}
	{Bone "piece4"}
	{Matrix34
		1	0	0
		0	0	-1
		0	1	0
		0.503418	-0.354526	-0.0205362
	}
}
{Volume "piece3"
	{Box 21.5551 7.87402 31.4961}
	{Bone "piece3"}
	{Matrix34
		0.948089	-0.318004	0
		0	0	-1
		0.318004	0.948089	0
		-0.0678209	0.266046	-0.0205367
	}
}
{Volume "piece2"
	{Box 29.5276 7.87402 19.5276}
	{Bone "piece2"}
	{Matrix34
		1	0	0
		0	0	-1
		0	1	0
		-0.689848	0.285798	-0.0205436
	}
}
{Volume "piece1"
	{Box 36.6142 7.87402 18.5827}
	{Bone "piece1"}
	{Matrix34
		0.994977	-0.100108	0
		0	0	-1
		0.100108	0.994977	0
		2.0073	-0.369564	-0.0205378
	}
}
{Volume "piece0"
	{Box 20.374 7.87402 30.5512}
	{Bone "piece0"}
	{Matrix34
		0.994267	-0.106925	0
		0	0	-1
		0.106925	0.994267	0
		-0.353516	-0.0863783	-0.020539
	}
}
