;Exported by: gals
;Date:        Thu Jan 26 10:24:01 2006
;File:        D:\-Projects1_5-\-3DWork-\_Construction\entourage\barricade1_b.max
{Skeleton
	{bone "barricade1_b_x"
		{Orientation
			1	0	0
			0	-1	0
			0	0	1
		}
		{bone "piece1"
			{Matrix34
				-0.199547	-0.978349	-0.0549051
				0.955001	-0.206721	0.212695
				-0.21944	-0.00999165	0.975575
				48.069	-16.724	12.0121
			}
			{VolumeView "piece1.ply"}
		}
		{bone "piece3"
			{Position 21.5463	11.3317	18.3497}
			{VolumeView "piece3.ply"}
		}
		{bone "piece4"
			{Position 13.7555	26.1178	7.02507}
			{VolumeView "piece4.ply"}
		}
		{bone "piece5"
			{Position 25.7282	26.0189	6.32651}
			{VolumeView "piece5.ply"}
		}
		{bone "piece6"
			{Matrix34
				0.319005	-0.412987	-0.85304
				0.814747	0.57931	0.024221
				0.484172	-0.702739	0.521283
				23.7043	7.61307	37.109
			}
			{VolumeView "piece6.ply"}
		}
		{bone "piece7"
			{Matrix34
				-0.364518	-0.293284	0.883805
				-0.854048	0.483551	-0.191782
				-0.371118	-0.82472	-0.426741
				16.413	34.5054	25.7634
			}
			{VolumeView "piece7.ply"}
		}
		{bone "piece8"
			{Position 40.718	10.1269	17.2158}
			{VolumeView "piece8.ply"}
		}
		{bone "piece11"
			{Matrix34
				0.48344	-0.875377	0
				0.875377	0.48344	0
				0	0	1
				27.9244	-12.1488	8.05006
			}
			{VolumeView "piece11.ply"}
		}
		{bone "piece9"
			{Matrix34
				-0.298393	0.932989	0.201228
				-0.649037	-0.352933	0.673936
				0.699795	0.0704936	0.710857
				10.5457	10.2359	18.8312
			}
			{VolumeView "piece9.ply"}
		}
		{bone "fx_stone1"
			{Position 12.4123	17.1201	0}
		}
		{bone "piece10"
			{Matrix34
				0.48344	-0.875377	0
				0.875377	0.48344	0
				0	0	1
				-5.68412	50.538	7.11497
			}
			{VolumeView "piece10.ply"}
		}
	}
}
{Volume "body"
	{Box 28.9333 35.7411 2.55293}
	{Bone "piece1"}
	{Matrix34
		-0.0138755	0.113682	-0.99342
		-0.978349	-0.206721	-0.00999119
		-0.206497	0.971773	0.114089
		-2.32461	-0.76845	0.205314
	}
}
{Volume "body01"
	{Cylinder 7.89339 4.21213}
	{Bone "piece5"}
	{Matrix34
		-0.999433	-0.0335032	-0.00321964
		0.0335129	-0.999434	-0.00301645
		-0.00311675	-0.00312264	0.99999
		0.146269	0.287483	2.10744
	}
}
{Volume "body04"
	{Box 14.0347 21.8021 0.584275}
	{Bone "piece7"}
	{Matrix34
		-0.97919	0.202076	0.0187594
		0.201875	0.979336	-0.0121175
		-0.0208205	-0.00807794	-0.99975
		0.727513	-0.251671	-5.98514
	}
}
{Volume "body05"
	{Box 12.3505 21.8021 0.584275}
	{Bone "piece6"}
	{Matrix34
		0.998291	0.0176165	0.0557211
		-0.0174374	0.999841	-0.00370195
		-0.0557764	0.00272438	0.998439
		0.346139	-0.259049	-6.308
	}
}
{Volume "body06"
	{Box 8.39065 33.5966 0.459528}
	{Bone "piece3"}
	{Position 0.798554	-4.88231	-0.0183004}
}
{Volume "body07"
	{Box 7.21595 24.1896 0.459528}
	{Bone "piece4"}
	{Position 0.0884555	-0.0976928	0.0140899}
}
{Volume "body08"
	{Box 2.81422 2.90275 20.9658}
	{Bone "piece8"}
	{Position -0.275754	0.0437935	-1.694}
}
{Volume "body09"
	{Box 10.1745 24.1896 14.1795}
	{Bone "piece11"}
	{Matrix34
		-0.0340287	0.999421	0
		-0.999421	-0.0340287	0
		0	0	1
		-0.150749	0.351885	-0.893602
	}
}
{Volume "body10"
	{Box 10.1745 14.0299 14.1795}
	{Bone "piece10"}
	{Matrix34
		-0.00160945	0.999999	0
		-0.999999	-0.00160945	0
		0	0	1
		-0.0624181	-0.12986	0.0414877
	}
}
{Volume "piece2"
	{Cylinder 9.62994 0.842426}
	{Bone "piece9"}
	{Matrix34
		-0.298393	-0.649037	0.699795
		0.932989	-0.352933	0.0704937
		0.201227	0.673936	0.710857
		0.0403419	-0.0544554	-0.0462585
	}
}
