;Exported by: kolesnikov
;Date:        Thu Sep 22 10:29:04 2005
;File:        D:\-Project-\-3DWork-\Constructions\12.max
{Skeleton
	{bone "dok_build1_f12_x"
		{Orientation
			1	0	0
			0	-1	0
			0	0	1
		}
		{bone "piece2"
			{Matrix34
				1	0	0
				0	1	0
				0	0	1
				70.61	-40.6513	35.1732
			}
			{VolumeView "piece2.ply"}
		}
		{bone "piece4"
			{Matrix34
				1	0	0
				0	1	0
				0	0	1
				71.0018	-7.94136	22.9494
			}
			{VolumeView "piece4.ply"}
		}
		{bone "piece3"
			{Matrix34
				1	0	0
				0	1	0
				0	0	1
				71.3291	-11.7238	59.1932
			}
			{VolumeView "piece3.ply"}
		}
		{bone "piece1"
			{Position 75.5702	27.5826	47.44}
			{VolumeView "piece1.ply"}
		}
		{bone "piece5"
			{Matrix34
				1	0	0
				0	1	0
				0	0	1
				38.9199	53.1891	17.5816
			}
			{VolumeView "piece5.ply"}
		}
		{bone "piece6"
			{Matrix34
				1	0	0
				0	1	0
				0	0	1
				0.204703	54.0331	33.1603
			}
			{VolumeView "piece6.ply"}
		}
		{bone "piece7"
			{Matrix34
				1	0	0
				0	1	0
				0	0	1
				-44.8126	53.6011	21.5208
			}
			{VolumeView "piece7.ply"}
		}
	}
}
{Volume "body230"
	{Box 19.7278 5.42991 19.6028}
	{Bone "piece7"}
	{Matrix34
		0.996194	0	-0.0871558
		0	-1	0
		-0.0871558	0	-0.996194
		-1.88981	0.396184	-0.622189
	}
}
{Volume "body231"
	{Box 26.2116 5.42991 25.9982}
	{Bone "piece6"}
	{Matrix34
		-0.173648	0	-0.984808
		0	-1	0
		-0.984808	0	0.173648
		-1.55896	-0.0357766	0.718401
	}
}
{Volume "body232"
	{Box 23.8707 5.42991 19.6028}
	{Bone "piece5"}
	{Matrix34
		0.996194	0	-0.0871558
		0	-1	0
		-0.0871558	0	-0.996194
		-1.98304	0.808493	-0.839427
	}
}
{Volume "body221"
	{Box 10.5148 3.74664 5.407}
	{Bone "piece1"}
	{Matrix34
		0	-1	0
		1	0	0
		0	0	1
		-0.00994659	-0.0123635	-0.0547936
	}
}
{Volume "body218"
	{Box 22.8583 5.42991 19.1498}
	{Bone "piece3"}
	{Matrix34
		0	-0.573576	0.819152
		1	0	0
		0	0.819152	0.573576
		-0.00352418	-1.40835	-0.858087
	}
}
{Volume "body217"
	{Box 22.8583 5.42991 22.5292}
	{Bone "piece4"}
	{Matrix34
		0	-0.906308	0.422619
		1	0	0
		0	0.422619	0.906308
		0.323752	0.991967	2.21272
	}
}
{Volume "body214"
	{Box 26.5794 5.42991 23.7149}
	{Bone "piece2"}
	{Matrix34
		0	-0.965926	-0.258819
		1	0	0
		0	-0.258819	0.965926
		-0.138779	0.200915	1.46369
	}
}
