;Exported by: sergienko
;Date:        Fri Apr 21 17:12:25 2006
;File:        D:\-projets1_5\3dwork\anima\construction\catholic_church\Catholic_church_gals_new02.max
{Skeleton
	{bone "church_tower_corner1"
		{Orientation
			1	0	0
			0	-1	0
			0	0	1
		}
		{VolumeView "church_tower_corner1.ply"}
		{bone "window1_x"
			{Position 26.8492	-15.9435	182.743}
			{visibility 0}
			{VolumeView "window1_x.ply"}
		}
		{bone "window1"
			{Position 27.8477	-15.8795	182.743}
			{VolumeView "window1.ply"}
			{bone "fx_glass1"
				{Position 5.65515	0.0123596	1.55176}
			}
		}
		{bone "roof_hide"
			{Position 0.60022	-39.6262	0}
			{VolumeView "roof_hide.ply"}
		}
		{bone "attach1"
			{Position 5.67804	-15.9925	211.447}
		}
	}
}
{Volume "body1"
	{Box 56.8841 70.505 8.84036}
	{Bone "church_tower_corner1"}
	{Matrix34
		-1	0	0
		0	0	1
		0	1	0
		1.17043	32.1835	261.794
	}
}
{Volume "body2"
	{Box 56.8841 92.7697 8.84036}
	{Bone "church_tower_corner1"}
	{Matrix34
		0	1	0
		0	0	1
		1	0	0
		25.3836	7.79374	250.997
	}
}
{Volume "hole1"
	{Box 33.6562 47.5125 32.0761}
	{Bone "church_tower_corner1"}
	{Matrix34
		0	-1	0
		0	0	1
		-1	0	0
		25.3809	-16.4256	255.125
	}
}
{Volume "roof1"
	{Polyhedron "roof1.vol"}
	{Bone "roof_hide"}
	{Matrix34
		0.397131	0.34202	-0.851651
		-0.144544	0.939693	0.309976
		0.906308	0	0.422618
		13.045	36.083	335.999
	}
}
{Volume "roof2"
	{Polyhedron "roof2.vol"}
	{Bone "roof_hide"}
	{Matrix34
		-1	0	0
		0	-0.391793	0.920053
		0	0.920053	0.391793
		-24.4845	57.1842	353.246
	}
}
{Volume "roof3"
	{Polyhedron "roof3.vol"}
	{Bone "roof_hide"}
	{Matrix34
		0	1	0
		-0.422618	0	-0.906308
		-0.906308	0	0.422618
		-60.9999	35.2582	336.836
	}
}
{Volume "window1"
	{Box 4.77198 21.0402 35.7475}
	{Bone "window1"}
	{Matrix34
		1	0	0
		0	1	0
		0	0	1
		-0.450315	-0.146695	0.149828
	}
}
