;Exported by: Ekaterina
;Date:        Fri Aug 01 11:25:52 2008
;File:        D:\-Project-\-3DWork-\Entourage\dok_build2\dok_build2.max
{Skeleton
	{bone "dok_build2_annex"
		{Orientation
			1	0	0
			0	-1	0
			0	0	1
		}
		{VolumeView "dok_build2_annex.ply"}
		{bone "window1"
			{Position -40.7449	-13.8727	29.7527}
			{VolumeView "window1.ply"}
		}
		{bone "window1_x"
			{Position -40.7449	-13.8727	29.7527}
			{visibility 0}
			{VolumeView "window1_x.ply"}
		}
		{bone "fix35"
			{Position 78.9421	59.9059	38.781}
		}
		{bone "exterior"
			{Position -3.11304	3.57483	58.347}
			{VolumeView "exterior.ply"}
		}
	}
}
{Area "interior"
	{Obb2
		{Center -3.06909 -2.703}
		{Extent 40.0258 44.547}
		{Axis -1 0}
	}
	{Rotate}
}
{Obstacle "obstacle01"
	{Obb2
		{Center -25.1877 -46.6429}
		{Extent 19.1085 3.48047}
		{Axis -1 0}
	}
	{Rotate}
}
{Obstacle "obstacle25"
	{Obb2
		{Center -40.6331 -3.39099}
		{Extent 46.2425 3.48047}
		{Axis 8.24933e-008 1}
	}
	{Rotate}
}
{Obstacle "obstacle26"
	{Obb2
		{Center 0.774658 39.8157}
		{Extent 38.8437 3.48047}
		{Axis 1 -3.1426e-006}
	}
	{Rotate}
}
{Obstacle "obstacle27"
	{Obb2
		{Center 29.9983 -46.6429}
		{Extent 12.0383 3.48047}
		{Axis -1 0}
	}
	{Rotate}
}
{Obstacle "obstacle42"
	{Obb2
		{Center 15.426 -59.4059}
		{Extent 12.0383 0.382851}
		{Axis 0.173648 0.984808}
	}
	{Rotate}
}
{Volume "body483"
	{Box 66.0027 7.52189 59.0941}
	{Bone "dok_build2_annex"}
	{Matrix34
		-0.996195	0	-0.0871552
		0	-1	0
		-0.0871559	0	0.996194
		-13.2568	-39.0038	26.7504
	}
}
{Volume "body484"
	{Box 77.7566 7.52189 65.5945}
	{Bone "dok_build2_annex"}
	{Matrix34
		-0.996195	0	-0.0871552
		0	-1	0
		-0.0871559	0	0.996194
		-6.8188	47.007	26.8681
	}
}
{Volume "body485"
	{Box 90.4147 7.52189 51.7369}
	{Bone "dok_build2_annex"}
	{Matrix34
		0	-1	0
		1	0	0
		0	0	1
		-40.9978	4.43591	25.8685
	}
}
{Volume "body486"
	{Box 111.21 2.40701 101.86}
	{Bone "exterior"}
	{Matrix34
		0	-1	0
		0.173648	0	-0.984808
		0.984808	0	0.173649
		-0.555336	-0.555919	0.259213
	}
}
{Volume "body537"
	{Box 23.2727 1.2035 42.4243}
	{Bone "dok_build2_annex"}
	{Matrix34
		0.173648	-0.984807	0
		0.984807	0.173648	0
		0	0	1
		15.3337	59.9664	21.2121
	}
}
{Volume "hole01"
	{Box 22.9472 15.2032 43.6085}
	{Bone "dok_build2_annex"}
	{Position 5.30444	47.0411	21.8042}
}
{Volume "hole_window1"
	{Box 61.136 20.3633 20.5907}
	{Bone "dok_build2_annex"}
	{Matrix34
		0	-1	0
		1	0	0
		0	0	1
		-40.2026	3.87659	29.3527
	}
}
{Volume "window1"
	{Box 61.136 20.3633 20.5907}
	{Bone "window1"}
	{Matrix34
		0	-1	0
		1	0	0
		0	0	1
		0.542236	17.7493	-0.399981
	}
}
