;Exported by: Normand
;Date:        Thu Mar 22 08:11:55 2012
;File:        C:\Users\Normand\52k-3_x.max
{Skeleton
	{animation
		{sequence "close" {speed 0.5}}
		{sequence "recoil" {speed 1}}
	}
	{bone "basis"
		{Orientation
			1	0	0
			0	-1	0
			0	0	1
		}
		{bone "driver2"
			{Matrix34
				0.999885	-0.00380578	0.0146996
				0.00391644	0.999964	-0.00750636
				-0.0146705	0.00756306	0.999864
				-10.7998	-22.1091	-0.095643
			}
		}
		{bone "driver1"
			{Matrix34
				0.999885	-0.00380578	0.0146996
				0.00391644	0.999964	-0.00750636
				-0.0146705	0.00756306	0.999864
				-9.35539	22.7537	-0.418232
			}
		}
		{bone "emit2"
			{Matrix34
				0.999885	-0.00380578	0.0146996
				0.00391644	0.999964	-0.00750636
				-0.0146705	0.00756306	0.999864
				-22.4273	-21.4635	-0.017408
			}
		}
		{bone "emit1"
			{Matrix34
				0.999885	-0.00380578	0.0146996
				0.00391644	0.999964	-0.00750636
				-0.0146705	0.00756306	0.999864
				-20.6648	22.3882	-0.352122
			}
		}
		{bone "link1"
			{Matrix34
				-0.999892	0.0115828	-0.00909641
				-0.00900968	0.00751772	0.999931
				0.0116504	0.999905	-0.00741255
				-71.1541	0.872861	12.0735
			}
		}
		{bone "body"
			{parameters "ID=body;"}
			{animation
				{sequence "break" {file "body_b.anm"} {speed 0.5}}
			}
			{Matrix34
				0.999952	-0.00373833	0.00909712
				0.00380668	0.999965	-0.00750781
				-0.00906874	0.00754208	0.99993
				-0.329674	0.312104	9.31805
			}
			{VolumeView "body.ply"}
			{bone "standr"
				{parameters "ID=standr;"}
				{Matrix34
					-0.177838	-0.98406	0
					0.98406	-0.177838	0
					0	0	1
					0.139357	-15.8788	-1.8694
				}
				{VolumeView "standr.ply"}
				{bone "stand_right1"
					{parameters "ID=body;"}
					{Matrix34
						-0.170149	0.9854	0.00604245
						-0.985418	-0.170152	-1.85953e-005
						0.00100981	-0.0059575	0.999982
						22.2221	3.96823	-2.299
					}
					{VolumeView "stand_right1.ply"}
				}
			}
			{bone revolute "turret"
				{parameters "ID=turret;"}
				{animation
					{sequence "break" {file "turret_b.anm"} {speed 0.5}}
				}
				{limits -180 180}
				{speed 0.006}
				{Position 0.0583681	1.88947e-005	12.6968}
				{VolumeView "turret.ply"}
				{bone revolute "gun_rot"
					{parameters "ID=gun;"}
					{limits -3 82}
					{speed 0.005}
					{Matrix34
						1	0	0
						0	0.000235992	1
						0	-1	0.00023599
						-11.5556	0.000179127	10.0223
					}
					{VolumeView "gun_rot.ply"}
					{bone "gun"
						{parameters "CommonMesh;ID=gun;"}
						{animation
							{sequence "break" {file "gun_b.anm"} {speed 0.5}}
						}
						{Matrix34
							0.00201105	0.000235989	-0.999998
							-0.000236221	1	0.000235513
							0.999998	0.000235742	0.0020111
							-2.9547	-0.000694275	-0.00594218
						}
						{VolumeView "gun.ply"}
						{bone "fx_invers"
							{Matrix34
								-0.00199439	0.0262693	-0.999653
								-0.000150711	0.999655	0.0262697
								0.999998	0.000203045	-0.00198974
								-0.21796	0.0248222	-6.81372
							}
						}
						{bone "visor"
							{Matrix34
								0.013049	-0.0146771	0.999807
								0.999878	-0.00845831	-0.013174
								0.00865014	0.999857	0.0145649
								-0.306399	5.14077	27.3619
							}
						}
						{bone "foresight1"
							{Matrix34
								-0.0128387	-0.0146762	0.99981
								0.999913	0.00290588	0.0128827
								-0.00309449	0.999888	0.0146376
								-0.603314	-0.548363	78.3887
							}
						}
					}
				}
				{bone "shield"
					{parameters "ID=shield;"}
					{Matrix34
						-0.00780496	-0.99997	1.85948e-005
						-0.236697	0.00186554	0.971582
						-0.971552	0.00757874	-0.236704
						7.74879	10.6131	7.68697
					}
					{VolumeView "shield.ply"}
				}
				{bone "gunner"
					{Matrix34
						0.984796	-0.173718	0.000227125
						0.173718	0.984795	0
						-0.000223688	3.93712e-005	1
						-15.7815	13.6731	-12.0886
					}
				}
				{bone "commander"
					{Matrix34
						0.965985	-6.82643e-005	-0.2586
						7.06733e-005	1	0
						0.2586	-1.83601e-005	0.965985
						-5.64753	-12.448	-22.6868
					}
				}
				{bone "detail1"
					{parameters "ID=detail1;"}
					{Position 0	0	6.48499e-005}
					{VolumeView "detail1.ply"}
				}
				{bone "detail2"
					{parameters "ID=detail2;"}
					{Matrix34
						0.999869	-0.0162172	0
						-0.0162171	-0.999869	-4.02066e-005
						0	-4.02066e-005	1
						-0.00173384	-0.21378	6.48499e-005
					}
					{VolumeView "detail2.ply"}
				}
			}
			{bone "stand_back"
				{parameters "ID=body;"}
				{Matrix34
					0.999951	-0.00780465	0.00604245
					0.0078049	0.99997	-1.85953e-005
					-0.00604212	6.57551e-005	0.999982
					-42.7511	-0.13224	-4.25838
				}
				{VolumeView "stand_back.ply"}
			}
			{bone "standl"
				{parameters "ID=standr;"}
				{Matrix34
					-0.16748	0.985875	-3.93465e-005
					0.985875	0.16748	0
					0	3.99421e-005	1
					0.391952	15.5198	0.898204
				}
				{VolumeView "standl.ply"}
				{bone "stand_left1"
					{parameters "ID=body;"}
					{Matrix34
						-0.175167	0.98452	0.00604249
						0.984538	0.17517	2.13701e-005
						0.00103741	-0.00595273	0.999982
						21.8221	4.02935	-5.06727
					}
					{VolumeView "stand_left1.ply"}
				}
			}
			{bone "stand_front"
				{parameters "ID=body;"}
				{Matrix34
					0.999951	-0.00780465	0.00604245
					0.0078049	0.99997	-1.85953e-005
					-0.00604212	6.57551e-005	0.999982
					43.3819	-0.458747	-4.28108
				}
				{VolumeView "stand_front.ply"}
			}
			{bone "susp_back"
				{parameters "ID=pivot_front;"}
				{Matrix34
					0.173661	-0.0013581	-0.984805
					0.984802	-0.0023625	0.173664
					-0.00256255	-0.999996	0.000927166
					-36.2914	0.0766008	0.449932
				}
				{VolumeView "susp_back.ply"}
				{bone "arm_back"
					{parameters "ID=body;"}
					{Matrix34
						0.173668	0.98479	0.00529751
						-0.984805	0.173663	0.000950512
						1.60462e-005	-0.00538233	0.999986
						-10.2591	0.413185	0.185994
					}
					{VolumeView "arm_back.ply"}
				}
			}
			{bone "susp_front"
				{parameters "ID=pivot_front;"}
				{Matrix34
					0.258788	-0.0020342	-0.965932
					0.965902	-0.00762629	0.258796
					-0.00789302	-0.999969	0
					36.5375	-0.533032	0.408084
				}
				{VolumeView "susp_front.ply"}
				{bone "arm_front"
					{parameters "ID=body;"}
					{Matrix34
						-0.999782	-0.020583	-0.00367197
						-0.0205905	0.999786	0.00217949
						0.00362631	0.00225484	-0.999991
						0.0734301	0.0404625	-0.34477
					}
					{VolumeView "arm_front.ply"}
				}
			}
			{bone "body1_left"
				{parameters "ID=body;"}
				{Matrix34
					0.703265	0.710907	0.00538966
					-0.00494144	-0.00269296	0.999984
					0.71091	-0.703281	0.00161903
					6.79576	8.1973	1.09033
				}
				{VolumeView "body1_left.ply"}
			}
			{bone "body1_right"
				{parameters "ID=body;"}
				{Matrix34
					0.682031	-0.731323	-0.000402749
					-0.00678278	-0.00687629	0.999953
					-0.731292	-0.681996	-0.00965024
					7.19447	-8.1639	1.08994
				}
				{VolumeView "body1_right.ply"}
			}
		}
		{bone "seat2"
			{Matrix34
				-0.708719	-0.705338	0.0146991
				0.705316	-0.708853	-0.00750636
				0.015714	0.0050476	0.999864
				-21.1625	-9.43768	-0.0524554
			}
		}
		{bone "seat1"
			{Matrix34
				-0.720298	0.69351	0.0146991
				-0.693644	-0.720279	-0.00750636
				0.0053817	-0.0156027	0.999864
				-17.0343	11.5181	-0.168724
			}
		}
		{bone "pivot_front"
			{Matrix34
				0.999888	-0.0118229	0.00915705
				0.0118909	0.999902	-0.00741062
				-0.00906854	0.00751868	0.999931
				32.3614	-0.418552	8.24601
			}
			{bone revolute "wheelright1"
				{parameters "ID=wheelright1;Support=1;Radius=0.4;"}
				{Matrix34
					-0.999896	0.000137215	0.0144014
					0.0144008	-0.00339314	0.999891
					-0.000186069	-0.999994	-0.00339085
					-0.0539665	-18.2479	0.411907
				}
				{VolumeView "wheelright1.ply"}
			}
			{bone revolute "wheelleft1"
				{parameters "ID=wheelleft1;Support=1;Radius=0.4;"}
				{Matrix34
					-0.999896	0.000137215	0.0144014
					0.0144008	-0.00339314	0.999891
					-0.000186069	-0.999994	-0.00339085
					0.0303078	18.579	0.484298
				}
				{VolumeView "wheelleft1.ply"}
			}
			{bone "fxtracer1"
				{Matrix34
					1	0.000359441	-0.000124023
					-0.000359461	1	-0.000132598
					0.000123862	0.000132733	1
					0.169407	-18.5177	-6.48891
				}
			}
			{bone "fxtracel1"
				{Matrix34
					1	0.000359208	-0.000124118
					-0.000359208	1	2.28588e-005
					0.000124011	-2.2714e-005	1
					0.205029	18.5004	-6.62971
				}
			}
		}
		{bone "pivot_back"
			{Matrix34
				0.999888	-0.0118229	0.00915705
				0.0118909	0.999902	-0.00741062
				-0.00906854	0.00751868	0.999931
				-40.729	0.474352	7.55902
			}
			{bone revolute "wheelleft2"
				{parameters "ID=wheelleft2;Support=1;Radius=0.4;"}
				{Matrix34
					-0.999998	0.00116691	-0.00146352
					-0.00146614	-0.00216825	0.999997
					-0.00116372	-0.999997	-0.00217007
					0.171387	18.5583	0.576984
				}
				{VolumeView "wheelleft2.ply"}
			}
			{bone revolute "wheelright2"
				{parameters "ID=wheelright2;Support=1;Radius=0.4;"}
				{Matrix34
					-0.999998	0.00116691	-0.00146352
					-0.00146614	-0.00216825	0.999997
					-0.00116372	-0.999997	-0.00217007
					0.214317	-18.1124	0.600613
				}
				{VolumeView "wheelright2.ply"}
			}
			{bone "fxtracel2"
				{Matrix34
					0.999986	0.000129996	-0.00522791
					-0.000129283	1	0.000137833
					0.00522781	-0.000137051	0.999986
					0.155125	18.08	-6.56283
				}
			}
			{bone "fxtracer2"
				{Matrix34
					0.999986	0.000129996	-0.00522791
					-0.000129283	1	0.000137833
					0.00522781	-0.000137051	0.999986
					0.351425	-18.7433	-6.56302
				}
			}
		}
	}
}
{Volume "body1"
	{Polyhedron "body1.vol"}
	{Bone "body"}
	{Matrix34
		0.999969	-0.00784485	0
		0	-2.35303e-005	1
		-0.00784484	-0.999969	-2.3528e-005
		0.103325	7.34279	6.58932
	}
}
{Volume "body"
	{Box 81 0 7}
	{Bone "body"}
	{Matrix34
		0.999955	-0.00780468	-0.00537305
		0.00537304	-2.33831e-005	0.999986
		-0.00780469	-0.999969	1.85526e-005
		1.17273	-0.128484	-4.8662
	}
}
{Volume "gun_rot"
	{Box 33 11 4}
	{Bone "gun_rot"}
	{Matrix34
		0.999969	0	0.00784485
		0	1	0.000259395
		-0.00784484	-0.000259383	0.999969
		16.1107	-1.04945	0.180511
	}
}
{Volume "gun"
	{Box 83 3 3}
	{Bone "gun"}
	{Matrix34
		-0.00583352	-0.00896297	0.999943
		-6.82924e-005	0.99996	0.00896272
		-0.999983	-1.60484e-005	-0.00583389
		-0.221376	-0.212449	35.2865
	}
}
{Volume "shield"
	{Polyhedron "shield.vol"}
	{Bone "shield"}
	{Matrix34
		1	-4.24408e-005	1.04934e-005
		4.2474e-005	0.999993	-0.00363164
		-1.03332e-005	0.0036315	0.999994
		10.9138	-0.686108	0.0866461
	}
}
{Volume "stand_back"
	{Box 2 6 2}
	{Bone "stand_back"}
	{Matrix34
		0.999982	-4.00571e-005	-0.00604284
		0.00604284	-4.21287e-005	0.999982
		-4.03028e-005	-1	-4.18849e-005
		-0.106226	0.0992075	-1.79287
	}
}
{Volume "stand_front"
	{Box 2 6 2}
	{Bone "stand_front"}
	{Matrix34
		0.999982	-4.00571e-005	-0.00604284
		0.00604284	-4.21287e-005	0.999982
		-4.03028e-005	-1	-4.18849e-005
		-0.209112	-0.00257879	-1.79476
	}
}
;{Volume "stand_left1"
;	{Box 2 6 2}
;	{Bone "stand_left1"}
;	{Matrix34
;		0.999982	-4.00412e-005	-0.00604293
;		0.00604297	-4.20117e-005	0.999982
;		-4.0317e-005	-1	-4.17628e-005
;		-0.223245	0.168274	-1.78904
;	}
;}
;{Volume "stand_right1"
;	{Box 2 6 2}
;	{Bone "stand_right1"}
;	{Matrix34
;		0.999982	-4.00693e-005	-0.00604284
;		0.00604284	-4.21316e-005	0.999982
;		-4.03042e-005	-1	-4.18824e-005
;		-0.211473	0.195854	-1.76279
;	}
;}
;{Volume "standl"
;	{Box 5 20 5}
;	{Bone "standl"}
;	{Matrix34
;		-0.175445	0.984489	0
;		0.984489	0.175445	6.33324e-005
;		-6.24372e-005	-1.06167e-005	1
;		12.827	2.35295	-2.78999
;	}
;}
;{Volume "standr"
;	{Box 5 20 5}
;	{Bone "standr"}
;	{Matrix34
;		-0.169876	0.985465	0
;		-0.985465	-0.169876	2.33576e-005
;		2.29498e-005	0	1
;		12.7933	2.38001	-0.0320585
;	}
;}
{Volume "susp_back"
	{Box 2.9 13 32.5}
	{Bone "susp_back"}
	{Matrix34
		1	-1.91331e-005	2.4797e-005
		1.88947e-005	0.999986	0.0053622
		-2.48956e-005	-0.00536227	0.999986
		0.0264652	0.160158	0.122963
	}
}
{Volume "susp_front"
	{Box 2.9 13 32.5}
	{Bone "susp_front"}
	{Matrix34
		1	2.29925e-005	-1.51742e-005
		-2.2769e-005	1	-1.05521e-005
		1.51885e-005	1.04462e-005	1
		0.0936153	0.11125	-0.0637379
	}
}
{Volume "turret"
	{Box 20 10 11}
	{Bone "turret"}
	{Matrix34
		0.939664	-0.00736413	-0.342021
		0.34201	-0.00270528	0.939692
		-0.00784527	-0.999969	-2.34537e-005
		-3.25118	-0.181241	4.48249
	}
}
{Volume "wheelleft1"
	{Cylinder 8.8 5.3}
	{Bone "wheelleft1"}
	{Matrix34
		-0.999896	0.014376	-0.000426313
		0.0143776	0.999891	-0.00335739
		-0.000377961	0.00336302	0.999995
		0.163706	-0.0655566	-0.153529
	}
}
{Volume "wheelleft2"
	{Cylinder 8.8 5.3}
	{Bone "wheelleft2"}
	{Matrix34
		-0.999975	-0.00686392	-0.00143194
		-0.00686053	0.999973	-0.00220562
		-0.00144705	0.00219554	0.999997
		0.000392011	-0.11005	0.383523
	}
}
{Volume "wheelright1"
	{Cylinder 8.8 5.3}
	{Bone "wheelright1"}
	{Matrix34
		-0.999896	0.014376	-0.000426313
		0.0143776	0.999891	-0.00335739
		-0.000377961	0.00336302	0.999995
		-0.10726	-0.0102826	-0.59028
	}
}
{Volume "wheelright2"
	{Cylinder 8.8 5.3}
	{Bone "wheelright2"}
	{Matrix34
		-0.999975	-0.00686392	-0.00143194
		-0.00686053	0.999973	-0.00220562
		-0.00144705	0.00219554	0.999997
		-0.0295991	0.0567024	0.0616796
	}
}
