;Exported by: golanov
;Date:        Tue Feb 21 18:24:09 2006
;File:        D:\-Projects-\-3DWork-\Constructions\town_e\house_euro_106c\house_euro_106c_x.max
{Skeleton
	{bone "106_roof7b_x"
		{Orientation
			1	0	0
			0	-1	0
			0	0	1
		}
		{bone "piece0"
			{Position 8.25937	-8.40372	17.9116}
			{VolumeView "piece0.ply"}
		}
		{bone "sub_piece0"
			{Position -6.94824	-3.51279	4.36249}
			{VolumeView "sub_piece0.ply"}
		}
		{bone "piece1"
			{Position -32.0296	-1.33804	-23.2435}
			{VolumeView "piece1.ply"}
		}
		{bone "sub_piece1"
			{Position -17.0405	3.17276	-36.7852}
			{VolumeView "sub_piece1.ply"}
		}
	}
}
{Volume "piece0"
	{Box 0.199619 16.5782 14.1951}
	{Bone "piece0"}
	{Matrix34
		0.906308	0	-0.422618
		0	1	0
		0.422618	0	0.906308
		-0.104082	0	-0.2232
	}
}
{Volume "piece1"
	{Box 0.583507 16.0501 14.9201}
	{Bone "piece1"}
	{Matrix34
		0.707107	0	-0.707107
		0	1	0
		0.707107	0	0.707107
		0.428042	0	0.428035
	}
}
{Volume "sub_piece0"
	{Box 17.8075 0.2364 10.6584}
	{Bone "sub_piece0"}
	{Matrix34
		1	0	0
		0	0.984808	-0.173648
		0	0.173648	0.984808
		0	0	0
	}
}
{Volume "sub_piece1"
	{Box 2.95276 29.3348 2.95277}
	{Bone "sub_piece1"}
	{Position 0	0	0}
}
