;Exported by: garry
;Date:        Thu Mar 30 18:50:33 2006
;File:        \\bestplay\design\DESIGN\-Projects-\-3DWork-\Constructions\ÆÄ\tower_water\water_tower.max
{Skeleton
	{bone "tower"
		{Orientation
			1	0	0
			0	-1	0
			0	0	1
		}
		{VolumeView "tower.ply"}
		{bone "piece1"
			{Position 0	25.3695	147.896}
			{VolumeView "piece1.ply"}
			{bone "fx_dust1a"
				{Matrix34
					0	-1	0
					-0.0523356	0	0.99863
					0.99863	0	0.0523356
					-1.81193	-12.3603	-44.7429
				}
			}
			{bone "sub_piece14"
				{Position 29.5276	0	-5.88972}
				{VolumeView "sub_piece14.ply"}
			}
		}
		{bone "piece2"
			{Position -4.09728	-17.8562	143.649}
			{VolumeView "piece2.ply"}
			{bone "fx_water1"
				{Position 0	0	0}
			}
		}
		{bone "piece4"
			{Matrix34
				0	-1	0
				-0.207912	0	0.978148
				-0.978148	0	-0.207912
				-35.082	-25.6542	66.2153
			}
			{VolumeView "piece4.ply"}
			{bone "sub_piece15"
				{Position 0	0	0}
				{VolumeView "sub_piece15.ply"}
			}
		}
		{bone "piece3"
			{Matrix34
				0	1	0
				0.978148	0	0.207912
				-0.207912	0	0.978148
				1.20569	27.3405	60.3965
			}
			{VolumeView "piece3.ply"}
			{bone "sub_piece7"
				{Matrix34
					1	0	0
					0	-0.173648	-0.984808
					0	0.984808	-0.173648
					0.405205	29.3935	-8.33141
				}
				{VolumeView "sub_piece7.ply"}
			}
		}
		{bone "piece0"
			{Matrix34
				0	-0.984808	0.173648
				-0.99863	-0.00908804	-0.0515409
				-0.052336	0.17341	0.983458
				-0.387445	-51.279	60.4049
			}
			{VolumeView "piece0.ply"}
			{bone "sub_piece1"
				{Position 0.197679	-32.5525	-3.75199}
				{VolumeView "sub_piece1.ply"}
			}
			{bone "sub_piece2"
				{Position -3.40067	-0.0910984	-30.003}
				{VolumeView "sub_piece2.ply"}
			}
			{bone "sub_piece3"
				{Position 8.33385	-3.16811	48.4593}
				{VolumeView "sub_piece3.ply"}
			}
			{bone "fx_dust1"
				{Matrix34
					0.984808	0.00908829	-0.173411
					0.173411	0.000793905	0.984849
					0.00908827	-0.999958	-0.000794161
					-71.489	3.26544	-35.0902
				}
			}
		}
		{bone "piece5"
			{Matrix34
				0	-0.984808	-0.173648
				-0.99863	0.00908813	-0.0515409
				-0.0523361	-0.17341	0.983458
				35.5249	-25.6485	60.6979
			}
			{VolumeView "piece5.ply"}
			{bone "fx_water1a"
				{Matrix34
					0.984808	-0.00908782	0.17341
					-0.17341	0.000793811	0.984849
					-0.00908779	-0.999958	-0.000794155
					9.63489	37.2768	-44.5272
				}
			}
		}
		{bone "piece6"
			{Matrix34
				-0.130665	-0.991416	-0.00460337
				0.0870143	-0.00684262	-0.996184
				-0.987601	0.130567	-0.0871614
				-37.5271	-25.5844	32.7411
			}
			{VolumeView "piece6.ply"}
		}
		{bone "piece7"
			{Matrix34
				0	1	0
				0.978148	0	0.207912
				-0.207912	0	0.978148
				-32.3275	-0.790455	60.543
			}
			{VolumeView "piece7.ply"}
		}
		{bone "piece8"
			{Position 14.9965	-32.8438	140.968}
			{VolumeView "piece8.ply"}
			{bone "sub_piece6"
				{Position -30.432	0.400024	29.1776}
				{VolumeView "sub_piece6.ply"}
			}
			{bone "sub_piece8"
				{Position -14.9965	14.9876	29.2826}
				{VolumeView "sub_piece8.ply"}
			}
		}
		{bone "piece9"
			{Position -29.5276	-33.0813	142.006}
			{VolumeView "piece9.ply"}
			{bone "sub_piece13"
				{Matrix34
					0	-1	0
					0	0	1
					1	0	0
					-2.62066	6.61601	5.28015
				}
				{VolumeView "sub_piece13.ply"}
			}
			{bone "sub_piece12"
				{Position 0	26.6169	0}
				{VolumeView "sub_piece12.ply"}
			}
			{bone "sub_piece10"
				{Position 16.4269	-16.1313	0}
				{VolumeView "sub_piece10.ply"}
			}
		}
		{bone "piece10"
			{Position 0	25.3695	147.896}
			{VolumeView "piece10.ply"}
		}
		{bone "piece11"
			{Matrix34
				0	1	0
				-0.0523362	0	-0.99863
				0.99863	0	-0.0523362
				28.3044	25.5749	82.4195
			}
			{VolumeView "piece11.ply"}
		}
		{bone "piece14"
			{Matrix34
				0	1	0
				0.978148	0	0.207912
				-0.207912	0	0.978148
				0.0112621	50.4176	85.6902
			}
			{VolumeView "piece14.ply"}
		}
	}
}
{Volume "piece0"
	{Polyhedron "piece0.vol"}
	{Bone "piece0"}
	{Matrix34
		0	-0.99863	-0.0523362
		0.984808	0.00908795	-0.173411
		0.173649	-0.0515411	0.983458
		-8.85547	2.83928	-50.6692
	}
}
{Volume "piece10"
	{Box 60.6955 44.2406 4.66222}
	{Bone "piece10"}
	{Position 0	0	21.6261}
}
{Volume "piece11"
	{Box 4.19736 47.2233 50}
	{Bone "piece11"}
	{Matrix34
		-0.0174468	-0.139849	0.990019
		-0.999848	0.00201134	-0.0173359
		0.000433142	-0.99017	-0.139863
		-0.670275	-0.614669	1.39824
	}
}
{Volume "piece14"
	{Box 62.8987 57.8802 5.89843}
	{Bone "piece14"}
	{Matrix34
		0	0.978148	-0.207911
		0	0.207911	0.978148
		-1	0	0
		0.299943	-1.3384e-005	0
	}
}
{Volume "piece1"
	{Box 61.549 52.2545 4.21837}
	{Bone "piece1"}
	{Position -0.344567	-0.457642	-33.3695}
}
{Volume "piece2"
	{Box 60.9572 47.2092 4.87174}
	{Bone "piece2"}
	{Position 4.12687	-7.88173	-29.4649}
}
{Volume "piece3"
	{Polyhedron "piece3.vol"}
	{Bone "piece3"}
	{Matrix34
		0	0.978086	-0.2082
		-1	0	0
		0	0.2082	0.978086
		-0.600296	-12.4468	-50.0118
	}
}
{Volume "piece4"
	{Box 4.88013 49.609 25.7424}
	{Bone "piece4"}
	{Matrix34
		0	-0.207912	-0.978148
		-1	0	0
		0	0.978148	-0.207912
		0.237672	31.4226	-11.6576
	}
}
{Volume "piece5"
	{Box 55.6543 7.48928 49.4079}
	{Bone "piece5"}
	{Matrix34
		-0.984493	0.0440373	-0.169803
		-0.035195	-0.99788	-0.0547377
		-0.171854	-0.0479127	0.983957
		5.19572	2.19683	-26.562
	}
}
{Volume "piece6"
	{Box 4.88013 49.609 49.5045}
	{Bone "piece6"}
	{Matrix34
		-0.282487	0.0161089	-0.959136
		0.959235	-0.00394493	-0.282582
		-0.00833581	-0.999862	-0.0143378
		0.163203	-0.273162	-0.389397
	}
}
{Volume "piece7"
	{Box 4.19736 2.8334 103}
	{Bone "piece7"}
	{Matrix34
		-0.0174469	-0.97284	0.230819
		-0.999848	0.0168755	-0.00444937
		0.000433337	-0.230861	-0.972987
		0.497924	0.252752	-1.81935
	}
}
{Volume "piece8"
	{Box 2.58471 32.2329 33.1314}
	{Bone "piece8"}
	{Position 13.0631	0	9.66569}
}
{Volume "piece9"
	{Box 33.1001 60.7561 3.26646}
	{Bone "piece9"}
	{Matrix34
		0	-1	0
		0	0	1
		-1	0	0
		0.191565	0	0
	}
}
{Volume "sub_piece10"
	{Box 33.4568 59.7203 1.40518}
	{Bone "sub_piece10"}
	{Matrix34
		1	0	0
		0	0	1
		0	-1	0
		0	-0.0188706	0
	}
}
{Volume "sub_piece12"
	{Box 22.2119 59.4495 2.61317}
	{Bone "sub_piece12"}
	{Matrix34
		0	-1	0
		0	0	1
		-1	0	0
		-0.212341	0	0
	}
}
{Volume "sub_piece13"
	{Box 1.23153 12.6271 50.2985}
	{Bone "sub_piece13"}
	{Matrix34
		0	0	1
		-1	0	0
		0	1	0
		-0.18053	-0.222916	-5.06052
	}
}
{Volume "sub_piece14"
	{Polyhedron "sub_piece14.vol"}
	{Bone "sub_piece14"}
	{Matrix34
		0	-1	0
		0	0	1
		-1	0	0
		0.407608	0	0.380661
	}
}
{Volume "sub_piece15"
	{Polyhedron "sub_piece15.vol"}
	{Bone "sub_piece15"}
	{Matrix34
		0	-0.207912	-0.978148
		-1	0	0
		0	0.978148	-0.207912
		0.698813	-54.6225	13.979
	}
}
{Volume "sub_piece1"
	{Box 4.14149 3.69508 99.6}
	{Bone "sub_piece1"}
	{Matrix34
		-0.0107916	-0.999627	0.0250936
		0.993604	-0.0135407	-0.112103
		0.112401	0.0237234	0.99338
		0.513331	0.0337664	-0.216329
	}
}
{Volume "sub_piece2"
	{Polyhedron "sub_piece2.vol"}
	{Bone "sub_piece2"}
	{Matrix34
		0	-0.99863	-0.0523363
		0.984808	0.00908803	-0.17341
		0.173648	-0.0515412	0.983458
		-3.82552	0.36528	-21.7062
	}
}
{Volume "sub_piece3"
	{Box 64.9472 2.84529 6.72277}
	{Bone "sub_piece3"}
	{Matrix34
		0	0.998629	0.0523361
		-0.984808	-0.00908811	0.17341
		0.173648	-0.051541	0.983458
		0.146486	0.434859	0.0846052
	}
}
{Volume "sub_piece6"
	{Box 28.5839 33.7533 3.649}
	{Bone "sub_piece6"}
	{Position 0	0	1.8245}
}
{Volume "sub_piece7"
	{Polyhedron "sub_piece7.vol"}
	{Bone "sub_piece7"}
	{Matrix34
		0.0174473	-0.098482	-0.994986
		0.999848	0.00128803	0.0174051
		-0.000432521	-0.995138	0.0984895
		-2.85192	49.7862	-1.49838
	}
}
{Volume "sub_piece8"
	{Box 57.7759 54.1269 4.25717}
	{Bone "sub_piece8"}
	{Position 0	0	2.12859}
}
