;Exported by: shevchenko
;Date:        Tue Jul 19 12:54:44 2005
;File:        D:\-Projects1_5-\-3DWork-\house_euro_117_v_fix_chasti4_x.max
{Skeleton
	{animation
		{sequence "crush" {speed 0.4}}
	}
	{bone "117_f2c3c"
		{parameters "CommonMesh;"}
		{Orientation
			1	0	0
			0	-1	0
			0	0	1
		}
		{VolumeView "117_f2c3c.ply"}
		{bone "piece0"
			{Matrix34
				0	-1	0
				0	0	1
				-1	0	0
				33.563	-4.35039	-38.248
			}
			{VolumeView "piece0.ply"}
		}
		{bone "piece1"
			{Matrix34
				0	-1	0
				0	0	1
				-1	0	0
				33.563	-25.0197	-21.5158
			}
			{VolumeView "piece1.ply"}
		}
		{bone "piece2"
			{Matrix34
				1	0	0
				0	0	1
				0	-1	0
				19.7835	-28.9567	-18.563
			}
			{VolumeView "piece2.ply"}
		}
		{bone "piece3"
			{Matrix34
				1	0	0
				0	0	1
				0	-1	0
				-10.7283	-28.9567	-23.4843
			}
			{VolumeView "piece3.ply"}
		}
		{bone "piece4"
			{Matrix34
				0	-1	0
				0	0	1
				-1	0	0
				33.563	1.82643	-5.03001
			}
			{VolumeView "piece4.ply"}
		}
		{bone "piece5"
			{Matrix34
				0	-1	0
				0	0	1
				-1	0	0
				33.563	-18.13	6.49321
			}
			{VolumeView "piece5.ply"}
		}
		{bone "piece6"
			{Matrix34
				1	0	0
				0	0	1
				0	-1	0
				13.878	-28.9567	19.8228
			}
			{VolumeView "piece6.ply"}
		}
		{bone "piece7"
			{Matrix34
				1	0	0
				0	0	1
				0	-1	0
				-19.5866	-28.9567	13.6503
			}
			{VolumeView "piece7.ply"}
		}
		{bone "piece8"
			{Matrix34
				0	-1	0
				0	0	1
				-1	0	0
				-25.4921	-15.1772	6.04329
			}
			{VolumeView "piece8.ply"}
		}
		{bone "piece9"
			{Matrix34
				0	-1	0
				0	0	1
				-1	0	0
				-10.7346	0.522354	-55.0395
			}
			{VolumeView "piece9.ply"}
		}
	}
}
{Volume "piece9"
	{Box 25.5906 8.85827 15.868}
	{Bone "piece9"}
	{Matrix34
		0	0	-1
		-0.707107	0.707106	0
		0.707106	0.707107	0
		-0.609009	1.44064	0
	}
}
{Volume "piece8"
	{Box 3.93701 14.3701 17.126}
	{Bone "piece8"}
	{Matrix34
		0	0	-1
		-1	0	0
		0	1	0
		2.40445	0.677374	0
	}
}
{Volume "piece7"
	{Box 31.4961 7.87403 22.4413}
	{Bone "piece7"}
	{Matrix34
		0.707107	-0.707107	0
		0	0	-1
		0.707107	0.707107	0
		0.374051	-1.60858	0
	}
}
{Volume "piece6"
	{Box 27.0866 7.87403 19.6063}
	{Bone "piece6"}
	{Matrix34
		0.984808	0.173648	0
		0	0	-1
		-0.173648	0.984808	0
		0.481158	-0.0275606	0
	}
}
{Volume "piece5"
	{Box 7.87402 24.2126 14.8403}
	{Bone "piece5"}
	{Matrix34
		0	0	-1
		-0.965926	0.258819	0
		0.258819	0.965926	0
		1.30854	1.62524	0
	}
}
{Volume "piece4"
	{Box 7.87402 7.47732 22.1711}
	{Bone "piece4"}
	{Matrix34
		0	0	-1
		-1	0	0
		0	1	0
		1.5196	-0.728219	0
	}
}
{Volume "piece3"
	{Box 18.189 7.87403 28.3465}
	{Bone "piece3"}
	{Matrix34
		0.996195	0.0871557	0
		0	0	-1
		-0.0871557	0.996195	0
		0.208599	0.107489	0
	}
}
{Volume "piece2"
	{Box 17.5197 7.87403 33.0709}
	{Bone "piece2"}
	{Matrix34
		1	0	0
		0	0	-1
		0	1	0
		0.666824	0.223068	0
	}
}
{Volume "piece1"
	{Box 7.87402 13.2283 27.0866}
	{Bone "piece1"}
	{Matrix34
		0	0	-1
		-0.996195	0.0871556	0
		0.0871556	0.996195	0
		0.383265	0.198066	0
	}
}
{Volume "piece0"
	{Box 7.87402 25.3937 15.2362}
	{Bone "piece0"}
	{Matrix34
		0	0	-1
		-0.996195	0.0871556	0
		0.0871556	0.996195	0
		-0.149012	0.0485	0
	}
}
