;Exported by: ubrashaev
;Date:        Thu Oct 19 16:39:32 2006
;File:        \\Ubrashaev\d$\-Projects1_5-\-work-\3d\-Model-\-Пушки\Maxson\maxson_xx.max
{Skeleton
	{bone "basis"
		{Orientation
			1	0	0
			0	-1	0
			0	0	1
		}
		{bone "body"
			{parameters "ID=body;"}
			{Matrix34
				-0.987296	0.00818578	-0.158684
				0	-0.998672	-0.051516
				-0.158895	-0.0508615	0.985985
				-0.0248018	-0.0608877	4.7555
			}
			{VolumeView "body.ply"}
			{bone revolute "turret"
				{Matrix34
					-0.949639	0.0163496	-0.312919
					0.0163494	-0.994692	-0.101588
					-0.312919	-0.101588	0.944331
					10.0493	-6.28071	5.76988
				}
				{VolumeView "turret.ply"}
				{bone revolute "gun_rot"
					{Matrix34
						0.98645	0.0229934	-0.162442
						0.162306	0.00768488	0.986711
						0.0239362	-0.999706	0.00384878
						-0.0878524	-0.00601739	16.3178
					}
					{VolumeView "gun_rot.ply"}
				}
			}
			{bone "part2"
				{Matrix34
					-0.949639	0.0163496	-0.312919
					0.0163494	-0.994692	-0.101588
					-0.312919	-0.101588	0.944331
					2.87742	13.2555	2.0507
				}
				{VolumeView "part2.ply"}
			}
			{bone "part4"
				{Matrix34
					-0.947117	0.0168797	-0.320444
					-0.320423	-0.103492	0.941604
					-0.0172693	0.994487	0.103427
					0.844194	5.63886	20.3066
				}
				{VolumeView "part4.ply"}
			}
			{bone "part3"
				{Matrix34
					-0.873075	0.0271003	-0.486833
					-0.484933	-0.152284	0.861191
					-0.0507985	0.987965	0.146097
					-1.80028	-18.6583	16.2392
				}
				{VolumeView "part3.ply"}
			}
			{bone "part5"
				{Matrix34
					-0.941168	0.0256646	-0.336963
					0.0269821	-0.988222	-0.150631
					-0.33686	-0.150861	0.92939
					1.34457	-7.88513	14.7365
				}
				{VolumeView "part5.ply"}
			}
		}
	}
}
{Volume "body"
	{Box 39.0169 28.6792 3.13266}
	{Bone "body"}
	{Position 4.15837	0	-0.0877088}
}
{Volume "part2"
	{Cylinder 5.54926 3.7735}
	{Bone "part2"}
	{Matrix34
		1	0	0
		0	0	-1
		0	1	0
		0	0.166746	0
	}
}
{Volume "part3"
	{Box 32.6812 2.84217 2.87218}
	{Bone "part3"}
	{Position 0	0	0}
}
{Volume "part4"
	{Box 22.2017 10.8774 11.3661}
	{Bone "part4"}
	{Position -2.14282	0	-0.00598919}
}
{Volume "part5"
	{Box 11.4583 14.7696 16.4367}
	{Bone "part5"}
	{Matrix34
		0.8192	-0.0606341	0.570295
		0.0548067	0.998121	0.0273939
		-0.570884	0.00881488	0.820983
		0.763769	-0.011793	-1.09837
	}
}
{Volume "turret"
	{Box 17.3132 16.5109 7.28589}
	{Bone "turret"}
	{Matrix34
		0.961629	0.063258	0.26696
		0.271377	-0.076405	-0.959436
		-0.0402949	0.995068	-0.09064
		-0.386498	3.63123	7.07454
	}
}
