;Exported by: Kislov_A
;Date:        Thu Dec 11 16:26:56 2008
;File:        E:\Black\DESIGN~1\EXPORT~1\A2FD~1\models\75MMSH~1\001_75~3\75MM_S~1.MAX
{Skeleton
	{bone revolute "basis"
		{Orientation
			1	0	0
			0	-1	0
			0	0	1
		}
		{bone "body"
			{parameters "CommonMesh;ID=body;"}
			{Matrix34
				1	0	0
				0	1	0
				0	0	1
				-0.00648904	0.0589892	13.8731
			}
			{VolumeView "body.ply"}
			{bone "turret"
				{parameters "ID=turret;"}
				{Matrix34
					0.978043	0.058684	-0.199972
					-0.060896	0.998132	-0.00492293
					0.199309	0.0169923	0.979789
					0.874502	0.0831377	-0.180019
				}
				{VolumeView "turret.ply"}
				{bone "part3"
					{Matrix34
						1	0	0
						0	0	-1
						0	1	0
						0	0	-0.0206534
					}
					{VolumeView "part3.ply"}
					{bone "part2"
						{Matrix34
							0	1	0
							0	0	1
							1	0	0
							1.08783	-3.24049	-0.264389
						}
						{VolumeView "part2.ply"}
					}
				}
			}
			{bone "part1"
				{Position 0	0	-1.06342}
				{VolumeView "part1.ply"}
			}
		}
	}
}
{Volume "body"
	{Polyhedron "body.vol"}
	{Bone "body"}
	{Matrix34
		0.979949	0	0.199248
		0	1	0
		-0.199248	0	0.979949
		-25.6161	1.79862	-9.66221
	}
}
{Volume "part1"
	{Box 2.16581 33.0847 2.53923}
	{Bone "part1"}
	{Matrix34
		1	0	0
		0	1	0
		0	0	1
		0.0294268	-0.0188854	-0.289117
	}
}
{Volume "part2"
	{Polyhedron "part2.vol"}
	{Bone "part2"}
	{Matrix34
		0.0118728	-0.999929	0.000360966
		-0.999929	-0.0118727	0.000358968
		-0.000354664	-0.000365205	-1
		-0.77465	0.256117	-7.23223
	}
}
{Volume "part3"
	{Polyhedron "part3.vol"}
	{Bone "part3"}
	{Matrix34
		0.000360506	0.0118724	-0.999929
		0.000358754	-0.999929	-0.0118723
		-1	-0.000354408	-0.000364742
		-6.14565	-0.519138	0.0332411
	}
}
{Volume "turret"
	{Polyhedron "turret.vol"}
	{Bone "turret"}
	{Matrix34
		0.999539	0	0.0303494
		-0.0303472	-0.0118772	0.999469
		0.000360682	-0.999929	-0.0118717
		0.0953705	-0.713297	0.846584
	}
}
