;Exported by: sk
;Date:        Fri Feb 24 15:28:40 2006
;File:        D:\-Projects1_5-\-3DWork-\City_Du\Bahnhof_house\BB_x.max
{Skeleton
	{bone "fd_corner06_x"
		{Orientation
			1	0	0
			0	-1	0
			0	0	1
		}
		{bone "piece03"
			{Matrix34
				0	-1	0
				-0.173648	0	-0.984808
				0.984808	0	-0.173648
				-7.22263	11.0947	-11.008
			}
			{VolumeView "piece03.ply"}
		}
		{bone "piece01"
			{Matrix34
				-0.965926	0	-0.258819
				0.258819	0	-0.965926
				0	-1	0
				15.6132	11.1085	7.6561
			}
			{VolumeView "piece01.ply"}
		}
		{bone "piece02"
			{Matrix34
				0.996195	0	-0.0871558
				0.0871558	0	0.996195
				0	-1	0
				-23.1465	11.1085	4.04433
			}
			{VolumeView "piece02.ply"}
		}
		{bone "piece05"
			{Matrix34
				1	0	0
				0	0	1
				0	-1	0
				-23.1317	11.0366	9.9897
			}
			{VolumeView "piece05.ply"}
		}
		{bone "piece04"
			{Matrix34
				0	0.965926	-0.258819
				0	0.258819	0.965926
				1	0	0
				-23.1456	-9.30563	20.6827
			}
			{VolumeView "piece04.ply"}
		}
		{bone "piece06"
			{Matrix34
				0	1	0
				0	0	1
				1	0	0
				-23.1455	-0.68708	-8.89678
			}
			{VolumeView "piece06.ply"}
		}
	}
}
{Volume "piece01"
	{Box 28.3039 29.4651 9.84253}
	{Bone "piece01"}
	{Position 0	0	-1.81174e-005}
}
{Volume "piece02"
	{Box 19.7402 34.6904 9.84252}
	{Bone "piece02"}
	{Position 0	0	0}
}
{Volume "piece03"
	{Box 9.84252 19.1121 20.1813}
	{Bone "piece03"}
	{Position -1.54781e-005	0.133545	0.088708}
}
{Volume "piece04"
	{Box 19.7402 34.6905 9.84251}
	{Bone "piece04"}
	{Position 1.58965e-005	0	0}
}
{Volume "piece05"
	{Box 9.84253 19.1121 20.1813}
	{Bone "piece05"}
	{Position 1.49175e-005	0.133541	0.0887111}
}
{Volume "piece06"
	{Box 23.3099 20.7437 9.84251}
	{Bone "piece06"}
	{Position 0.117083	-0.0467405	0}
}
