;Exported by: vic
;Date:        Fri Aug 19 17:06:57 2005
;File:        D:\Obmen\SS\house_euro_117a_v_fix_x.max
{Skeleton
	{bone "117a_roof2_x"
		{Orientation
			1	0	0
			0	-1	0
			0	0	1
		}
		{bone "piece4"
			{Matrix34
				0	1	0
				0	0	1
				1	0	0
				15.3853	21.8824	14.7744
			}
			{VolumeView "piece4.ply"}
		}
		{bone "piece2"
			{Matrix34
				0	1	0
				0	0	1
				1	0	0
				1.04944	19.5327	1.89809
			}
			{VolumeView "piece2.ply"}
		}
		{bone "piece1"
			{Matrix34
				0	1	0
				0	0	1
				1	0	0
				-12.5234	26.5448	-14.0181
			}
			{VolumeView "piece1.ply"}
		}
		{bone "piece0"
			{Matrix34
				0	1	0
				0	0	1
				1	0	0
				-12.7429	-20.7284	-14.0878
			}
			{VolumeView "piece0.ply"}
		}
		{bone "piece3"
			{Matrix34
				0	1	0
				0	0	1
				1	0	0
				-2.05175	-19.9085	-1.12466
			}
			{VolumeView "piece3.ply"}
		}
		{bone "sub_piece2"
			{Matrix34
				0	1	0
				0	0	1
				1	0	0
				16.5093	-12.1884	16.7981
			}
			{VolumeView "sub_piece2.ply"}
		}
		{bone "sub_piece0"
			{Matrix34
				0	1	0
				0	0	1
				1	0	0
				15.7859	-27.5245	13.7997
			}
			{VolumeView "sub_piece0.ply"}
		}
		{bone "sub_piece1"
			{Matrix34
				0	1	0
				0	0	1
				1	0	0
				-15.6283	6.57166	-14.5947
			}
			{VolumeView "sub_piece1.ply"}
		}
	}
}
{Volume "sub_piece1"
	{Box 13.5499 1.37795 24.4609}
	{Bone "sub_piece1"}
	{Matrix34
		1	0	0
		0	0.707106	-0.707107
		0	0.707107	0.707106
		0.219406	-0.344187	1.4776
	}
}
{Volume "sub_piece0"
	{Box 11.4064 1.37795 13.1439}
	{Bone "sub_piece0"}
	{Matrix34
		1	0	0
		0	0.707106	-0.707107
		0	0.707107	0.707106
		0.656989	-1.37217	-2.49798
	}
}
{Volume "sub_piece2"
	{Box 11.4064 1.37795 13.1439}
	{Bone "sub_piece2"}
	{Matrix34
		1	0	0
		0	0.707106	-0.707107
		0	0.707107	0.707106
		0.148764	-4.37055	-3.22133
	}
}
{Volume "piece3"
	{Box 27.8206 1.37795 15.836}
	{Bone "piece3"}
	{Matrix34
		1	0	0
		0	0.707106	-0.707107
		0	0.707107	0.707106
		0.836067	0.485323	2.29814
	}
}
{Volume "piece0"
	{Box 31.9777 1.37795 20.3025}
	{Bone "piece0"}
	{Matrix34
		1	0	0
		0	0.707106	-0.707107
		0	0.707107	0.707106
		1.65591	-2.32136	-2.87803
	}
}
{Volume "piece1"
	{Box 18.3106 1.37795 24.4609}
	{Bone "piece1"}
	{Matrix34
		1	0	0
		0	0.707106	-0.707107
		0	0.707107	0.707106
		-2.1142	-0.920851	-1.6273
	}
}
{Volume "piece2"
	{Box 27.8206 1.37795 13.1439}
	{Bone "piece2"}
	{Matrix34
		1	0	0
		0	0.707106	-0.707107
		0	0.707107	0.707106
		-0.707043	-0.534512	1.07049
	}
}
{Volume "piece4"
	{Box 27.8206 1.37795 13.1439}
	{Bone "piece4"}
	{Matrix34
		1	0	0
		0	0.707106	-0.707107
		0	0.707107	0.707106
		-6.54576	-2.3469	-2.09731
	}
}
