;Exported by: shevchenko
;Date:        Wed Jul 19 15:58:51 2006
;File:        D:\-Projects1_5-\-3DWork-\bsh\bsh_c90_1.max
{Skeleton
	{bone "bsh90_c5_1"
		{Orientation
			1	0	0
			0	-1	0
			0	0	1
		}
		{VolumeView "bsh90_c5_1.ply"}
		{bone "land"
			{parameters "Land;Ground;"}
			{Matrix34
				0.707107	0.707107	0
				-0.707107	0.707107	0
				0	0	1
				-27.0983	23.1368	0
			}
			{VolumeView "land.ply" {Ground}}
		}
	}
}
{Obstacle "body1"
	{Obb2
		{Center 7.3979 -28.4022}
		{Extent 4.92518 9.84448}
		{Axis 0.707388 0.706825}
	}
	{Rotate}
	{Tags  "body"}
}
{Obstacle "body2"
	{Obb2
		{Center -32.3638 11.3595}
		{Extent 4.92518 9.84448}
		{Axis 0.707388 0.706825}
	}
	{Rotate}
	{Tags  "body"}
}
{Obstacle "body3"
	{Obb2
		{Center 14.332 -33.9216}
		{Extent 3.44941 4.92126}
		{Axis 1 0}
	}
	{Rotate}
	{Tags  "body"}
}
{Obstacle "body4"
	{Obb2
		{Center -37.8832 18.0308}
		{Extent 4.92126 3.60102}
		{Axis 1 0}
	}
	{Rotate}
	{Tags  "body"}
}
{Obstacle "door1"
	{Obb2
		{Center -10.397 -25.7654}
		{Extent 8.95676 0.494328}
		{Axis 0.939753 0.341854}
	}
	{Rotate}
	{Tags  "fire"}
}
{Obstacle "door2"
	{Obb2
		{Center -31.9909 -5.47157}
		{Extent 8.9569 0.49709}
		{Axis 0.573975 0.818873}
	}
	{Rotate}
	{Tags  "fire"}
}
{Volume "body1"
	{Box 19.685 9.84252 66.0433}
	{Bone "bsh90_c5_1"}
	{Matrix34
		0.707107	0.707106	0
		-0.707106	0.707107	0
		0	0	1
		7.39789	28.4022	33.0217
	}
}
{Volume "body2"
	{Box 19.685 9.84252 64.9606}
	{Bone "bsh90_c5_1"}
	{Matrix34
		0.707107	0.707106	0
		-0.707106	0.707107	0
		0	0	1
		-32.3638	-11.3595	32.4803
	}
}
{Volume "body3"
	{Box 9.84252 6.89882 32.4034}
	{Bone "bsh90_c5_1"}
	{Matrix34
		0	-1	0
		1	0	0
		0	0	1
		14.332	33.9216	36.0256
	}
}
{Volume "body4"
	{Box 9.84252 7.20205 32.4639}
	{Bone "bsh90_c5_1"}
	{Position -37.8832	-18.0308	36.0585}
}
{Volume "body5"
	{Box 9.84252 33.7667 12.8267}
	{Bone "bsh90_c5_1"}
	{Matrix34
		0	-1	0
		1	0	0
		0	0	1
		27.9059	33.9216	58.8451
	}
}
{Volume "body6"
	{Box 9.84252 25.163 11.9479}
	{Bone "bsh90_c5_1"}
	{Position -37.8917	-27.3897	58.2943}
}
{Volume "body7"
	{Box 9.84252 36.4681 11.9479}
	{Bone "bsh90_c5_1"}
	{Matrix34
		0.707107	-0.707107	0
		0.707107	0.707107	0
		0	0	1
		-12.4518	8.52436	60.1369
	}
}
{Volume "door1"
	{Box 17.9134 44.7325 0.984252}
	{Bone "bsh90_c5_1"}
	{Matrix34
		-0.93971	0.341971	0
		1.65461e-005	4.56562e-005	1
		0.341971	0.93971	-4.85619e-005
		-10.397	25.7654	33.2739
	}
}
{Volume "door2"
	{Box 17.9134 44.7325 0.984252}
	{Bone "bsh90_c5_1"}
	{Matrix34
		0.57362	-0.819121	0
		-3.97781e-005	-2.78561e-005	1
		-0.819121	-0.57362	-4.85619e-005
		-31.9909	5.47157	33.2738
	}
}
