;Exported by: shevchenko
;Date:        Tue Mar 14 15:12:45 2006
;File:        D:\-Projects1_5-\-3DWork-\euro1_corner2_lm_corner.max
{Skeleton
	{bone "101_r3"
		{Orientation
			1	0	0
			0	-1	0
			0	0	1
		}
		{VolumeView "101_r3.ply"}
		{bone "fix107"
			{Position -15.331	62.8837	3.51611}
		}
		{bone "fix108"
			{Position 45.1504	-12.6983	-0.511597}
		}
		{bone "fix109"
			{Position 55.631	9.92153	-44.8836}
		}
	}
}
{Volume "beam1"
	{Box 3.93701 3.93701 37.8644}
	{Bone "101_r3"}
	{Matrix34
		0.707107	0.707107	0
		-0.707107	0.707107	0
		0	0	1
		-29.9989	11.398	-6.4309
	}
}
{Volume "beam2"
	{Box 3.93701 3.93701 150.259}
	{Bone "101_r3"}
	{Matrix34
		0.707107	0	0.707107
		-0.707107	0	0.707107
		0	-1	0
		-29.9989	-1.02097	14.3796
	}
}
{Volume "roof1"
	{Box 43.3314 79.5604 1.9685}
	{Bone "101_r3"}
	{Matrix34
		0.706628	0	-0.707585
		0	1	0
		0.707585	0	0.706628
		-15.331	11.8408	3.51612
	}
}
{Volume "roof2"
	{Box 21.2324 34.211 1.9685}
	{Bone "101_r3"}
	{Matrix34
		0.706628	0	-0.707585
		0	1	0
		0.707585	0	0.706628
		7.46068	11.8409	-19.3065
	}
}
{Volume "roof3"
	{Box 78.0437 34.6943 1.9685}
	{Bone "101_r3"}
	{Matrix34
		0	0.622962	-0.782252
		-1	0	0
		0	0.782252	0.622962
		21.2042	-12.6983	-0.511601
	}
}
{Volume "roof4"
	{Box 31.2175 34.6943 1.9685}
	{Bone "101_r3"}
	{Matrix34
		0	0.622962	-0.782252
		-1	0	0
		0	0.782252	0.622962
		-13.4513	-27.0859	17.5549
	}
}
{Volume "roof5"
	{Box 39.0101 17.4183 1.9685}
	{Bone "101_r3"}
	{Matrix34
		0.573576	0.510301	-0.640783
		-0.819152	0.357316	-0.448681
		0	0.782252	0.622962
		-0.516263	-11.7454	-1.70817
	}
}
