;Exported by: sana
;Date:        Fri Jul 07 14:24:40 2006
;File:        D:\-Project-\-3DWork-\Entourage\catholic_church\Catholic_church04.max
{Skeleton
	{bone "catholic_cut02"
		{Orientation
			1	0	0
			0	-1	0
			0	0	1
		}
		{VolumeView "catholic_cut02.ply"}
		{bone "exterior"
			{Position 3.41275	21.0273	19.7188}
			{VolumeView "exterior.ply"}
		}
	}
}
{Volume "body"
	{Box 28.0264 13.7795 47.8655}
	{Bone "catholic_cut02"}
	{Matrix34
		0.765899	0	-0.642961
		0	1	0
		0.642961	0	0.765899
		0.845909	-1.66788	11.964
	}
}
{Volume "roof1"
	{Box 61.5871 38.1972 5.8584}
	{Bone "exterior"}
	{Matrix34
		0	-1	0
		-0.637182	0	0.770713
		-0.770713	0	-0.637182
		17.7581	-0.77344	6.35343
	}
}
{Volume "roof"
	{Box 57.1558 51.4388 5.8584}
	{Bone "exterior"}
	{Matrix34
		0	-1	0
		0.632128	0	0.774864
		-0.774864	0	0.632128
		-13.1311	-1.746	-0.17887
	}
}
