;Exported by: sasha
;Date:        Thu Feb 28 10:23:26 2008
;File:        D:\-Project-\-3D-\africa\house_af2_v2_x_v1.max
{Skeleton
	{bone "h3_af_f1ladder_x"
		{Orientation
			1	0	0
			0	-1	0
			0	0	1
		}
		{bone "piece0"
			{Position 3.68933	4.74171	33.4507}
			{VolumeView "piece0.ply"}
		}
		{bone "piece1"
			{Position -6.07128	-12.4807	24.5925}
			{VolumeView "piece1.ply"}
		}
		{bone "piece2"
			{Position 15.869	-12.6951	41.5414}
			{VolumeView "piece2.ply"}
		}
		{bone "piece3"
			{Position -16.0822	4.3815	18.687}
			{VolumeView "piece3.ply"}
		}
		{bone "piece4"
			{Position 27.4398	-24.2592	17.3794}
			{VolumeView "piece4.ply"}
			{bone "sub_piece4"
				{Position -10.3029	0	5.58526}
				{VolumeView "sub_piece4.ply"}
			}
		}
		{bone "piece5"
			{Position 31.9406	-24.2592	33.7557}
			{VolumeView "piece5.ply"}
			{bone "sub_piece5"
				{Position 4.66343	0	10.086}
				{VolumeView "sub_piece5.ply"}
			}
		}
		{bone "piece6"
			{Position -9.43381	-24.2592	8.43215}
			{VolumeView "piece6.ply"}
			{bone "sub_piece6"
				{Position 10.6825	0	4.22963}
				{VolumeView "sub_piece6.ply"}
			}
		}
		{bone "piece7"
			{Position -31.5322	-10.9446	7.60414}
			{VolumeView "piece7.ply"}
		}
		{bone "piece8"
			{Position 28.7492	6.53239	54.12}
			{VolumeView "piece8.ply"}
		}
		{bone "piece9"
			{Position -37.1704	6.24168	3.50495}
			{VolumeView "piece9.ply"}
		}
		{bone "piece10"
			{Position -39.792	-17.9056	21.8785}
			{VolumeView "piece10.ply"}
		}
		{bone "piece11"
			{Position 5.24302	-17.9056	61.4231}
			{VolumeView "piece11.ply"}
		}
	}
}
{Volume "piece0"
	{Box 17.7662 15.1334 10.4934}
	{Bone "piece0"}
	{Matrix34
		0.689068	0	0.724697
		0	1	0
		-0.724697	0	0.689068
		-0.834569	0	-0.95107
	}
}
{Volume "piece10"
	{Box 37.457 2.51109 19.0845}
	{Bone "piece10"}
	{Matrix34
		0.807593	0	0.589741
		0	1	0
		-0.589741	0	0.807593
		3.62094	0	2.40967
	}
}
{Volume "piece11"
	{Box 52.5722 2.51109 22.274}
	{Bone "piece11"}
	{Matrix34
		0.798725	0	0.601696
		0	1	0
		-0.601696	0	0.798725
		5.01918	0	-3.9779
	}
}
{Volume "piece1"
	{Box 20.0257 14.2915 11.3563}
	{Bone "piece1"}
	{Matrix34
		0.832406	0	0.554167
		0	1	0
		-0.554167	0	0.832406
		0.411987	0	0.611746
	}
}
{Volume "piece2"
	{Box 23.8834 13.8628 11.9532}
	{Bone "piece2"}
	{Matrix34
		0.702679	0	0.711507
		0	1	0
		-0.711507	0	0.702679
		-0.116187	0	0.2837
	}
}
{Volume "piece3"
	{Box 12.7591 15.1212 17.7442}
	{Bone "piece3"}
	{Matrix34
		0.773573	0	-0.633708
		0	1	0
		0.633708	0	0.773573
		0	0	0
	}
}
{Volume "piece4"
	{Box 20.389 5.90552 18.003}
	{Bone "piece4"}
	{Position 0	0	0}
}
{Volume "piece5"
	{Box 16.2678 5.90552 14.8579}
	{Bone "piece5"}
	{Position 0	0	0}
}
{Volume "piece6"
	{Box 14.641 5.90552 13.2311}
	{Bone "piece6"}
}
{Volume "piece7"
	{Box 20.704 13.891 12.7045}
	{Bone "piece7"}
	{Matrix34
		0.891462	0	0.453096
		0	1	0
		-0.453096	0	0.891462
		0.811794	0	-0.120479
	}
}
{Volume "piece8"
	{Box 20.5774 9.73007 11.8886}
	{Bone "piece8"}
	{Matrix34
		0.84656	0	0.532294
		0	1	0
		-0.532294	0	0.84656
		-0.611814	0	-0.501783
	}
}
{Volume "piece9"
	{Box 15.8228 10.1123 6.72683}
	{Bone "piece9"}
	{Position 0	0	-0.73831}
}
{Volume "sub_piece4"
	{Box 17.4608 5.90552 19.3044}
	{Bone "sub_piece4"}
	{Position 0	0	0}
}
{Volume "sub_piece5"
	{Box 10.8452 5.90552 13.9903}
	{Bone "sub_piece5"}
	{Position 0	0	0}
}
{Volume "sub_piece6"
	{Box 16.4847 5.90552 14.9664}
	{Bone "sub_piece6"}
}
