;Exported by: sasha
;Date:        Tue Dec 25 11:59:47 2007
;File:        D:\-Project-\-3DWork-\a_house_301\a_house_301_x.max
{Skeleton
	{bone "301add_w1_x"
		{Orientation
			1	0	0
			0	-1	0
			0	0	1
		}
		{VolumeView "301add_w1_x.ply"}
		{bone "piece03"
			{Position -1.76102	20.7612	13.2676}
			{VolumeView "piece03.ply"}
		}
		{bone "piece02"
			{Position -13.3433	20.7612	13.6814}
			{VolumeView "piece02.ply"}
		}
		{bone "piece01"
			{Position -21.3225	20.7612	14.9974}
			{VolumeView "piece01.ply"}
			{bone "sub_piece01"
				{Position -0.70042	0	4.84645}
				{VolumeView "sub_piece01.ply"}
			}
		}
		{bone "land"
			{parameters "Land;"}
			{Position 0.934059	0.0918808	0}
			{VolumeView "land.ply"}
		}
	}
}
{Volume "body1"
	{Box 52.1654 61.0158 13.6535}
	{Bone "301add_w1_x"}
	{Position 0.130257	0.28466	3.56091}
}
{Volume "piece01"
	{Box 11.1139 8.18812 7.51848}
	{Bone "piece01"}
	{Matrix34
		0.993901	0	-0.110279
		0	1	0
		0.110279	0	0.993901
		-0.369434	-0.0408478	0.0903263
	}
}
{Volume "piece02"
	{Box 9.29914 8.18812 5.96705}
	{Bone "piece02"}
	{Matrix34
		0.999299	0	0.037443
		0	1	0
		-0.037443	0	0.999299
		-0.0950483	-0.0408478	0.0455725
	}
}
{Volume "piece03"
	{Box 14.6952 8.18812 4.52049}
	{Bone "piece03"}
	{Matrix34
		0.999299	0	0.037443
		0	1	0
		-0.037443	0	0.999299
		-0.0388905	-0.0408478	-0.156538
	}
}
{Volume "sub_piece01"
	{Box 9.65512 8.18812 7.00772}
	{Bone "sub_piece01"}
	{Matrix34
		1	0	-0.000415571
		0	1	0
		0.000415571	0	1
		-0.082123	-0.0408478	0.391996
	}
}
