;Exported by: klimenko
;Date:        Sat Dec 24 16:22:58 2005
;File:        D:\-Project-\-3DWork-\fences\breakwater.max
{Skeleton
	{bone "breakwater3"
		{Orientation
			1	0	0
			0	-1	0
			0	0	1
		}
		{VolumeView "breakwater3.ply"}
		{bone "fx_wood1"
			{Matrix34
				0.982029	-0.00755378	0.188579
				0	0.999199	0.040025
				-0.18873	-0.0393058	0.981242
				-4.29708	32.6724	14.655
			}
		}
		{bone "fx_wood1a"
			{Matrix34
				0.982029	-0.00755378	0.188579
				0	0.999199	0.040025
				-0.18873	-0.0393058	0.981242
				-7.77061	-18.6902	12.8301
			}
		}
		{bone "piece1"
			{Position -3.262	49.1567	13.3608}
			{VolumeView "piece1.ply"}
		}
		{bone "piece2"
			{Position -6.41995	44.4861	16.8939}
			{VolumeView "piece2.ply"}
		}
		{bone "piece3"
			{Position 6.10337	9.40135	12.3713}
			{VolumeView "piece3.ply"}
		}
		{bone "piece4"
			{Position -7.7702	-28.2995	11.0521}
			{VolumeView "piece4.ply"}
		}
		{bone "piece5"
			{Position -9.11536	-48.4882	8.70346}
			{VolumeView "piece5.ply"}
		}
	}
}
{Volume "piece1"
	{Box 6.75669 5.81758 18.1014}
	{Bone "piece1"}
	{Position 0	0	0}
}
{Volume "piece2"
	{Box 3.9578 5.19123 19.0187}
	{Bone "piece2"}
	{Matrix34
		0.982063	-0.075717	0.172681
		0.116498	0.96377	-0.239949
		-0.148257	0.255762	0.955304
		0	-0.522747	-0.0209404
	}
}
{Volume "piece3"
	{Box 4.28136 5.13055 16.0294}
	{Bone "piece3"}
	{Matrix34
		0.800704	-0.363073	-0.476498
		0.425271	0.904713	0.0252676
		0.42192	-0.222873	0.878812
		-0.196793	0.236542	-0.932312
	}
}
{Volume "piece4"
	{Box 5.52943 4.89526 20.5252}
	{Bone "piece4"}
	{Matrix34
		0.948173	-0.113408	0.296828
		0.221968	0.904829	-0.363337
		-0.227373	0.410393	0.883108
		0.158623	-0.568457	0.00773653
	}
}
{Volume "piece5"
	{Box 18.5557 5.25091 5.35338}
	{Bone "piece5"}
	{Matrix34
		0.768618	-0.0306282	-0.638974
		0.0914534	0.993854	0.06237
		0.633137	-0.106375	0.766696
		-0.590258	0.367485	-1.56519
	}
}
