;Exported by: golanov
;Date:        Tue Feb 21 17:35:53 2006
;File:        D:\-Projects-\-3DWork-\Constructions\town_e\house_euro_106c\house_euro_106c_x.max
{Skeleton
	{bone "106_roof4_x"
		{Orientation
			1	0	0
			0	-1	0
			0	0	1
		}
		{bone "piece0"
			{Matrix34
				-1	0	0
				0	-1	0
				0	0	1
				16.3888	-31.7406	28.5533
			}
			{VolumeView "piece0.ply"}
		}
		{bone "sub_piece0"
			{Matrix34
				-1	0	0
				0	-1	0
				0	0	1
				23.361	-20.5087	28.4636
			}
			{VolumeView "sub_piece0.ply"}
		}
		{bone "piece1"
			{Matrix34
				-1	0	0
				0	-1	0
				0	0	1
				-0.546204	-31.7407	-3.87146
			}
			{VolumeView "piece1.ply"}
			{bone "sub_piece1"
				{Position 1.78384	-2.02191	2.83136}
				{VolumeView "sub_piece1.ply"}
			}
		}
		{bone "piece2"
			{Matrix34
				-1	0	0
				0	-1	0
				0	0	1
				15.6729	-31.7406	-11.5841
			}
			{VolumeView "piece2.ply"}
		}
		{bone "sub_piece2"
			{Matrix34
				-1	0	0
				0	-1	0
				0	0	1
				6.74249	-31.7406	-24.7589
			}
			{VolumeView "sub_piece2.ply"}
		}
		{bone "piece3"
			{Matrix34
				-1	0	0
				0	-1	0
				0	0	1
				-20.4548	-31.7407	-34.8283
			}
			{VolumeView "piece3.ply"}
			{bone "sub_piece3"
				{Position 0.908263	-4.68365	3.68576}
				{VolumeView "sub_piece3.ply"}
			}
		}
		{bone "piece4"
			{Position -12.0397	-10.4704	-3.64023}
			{VolumeView "piece4.ply"}
		}
		{bone "sub_piece4"
			{Position -18.549	-12.4951	-19.9081}
			{VolumeView "sub_piece4.ply"}
		}
		{bone "piece5"
			{Matrix34
				-1	0	0
				0	-1	0
				0	0	1
				1.72415	7.56973	9.20285
			}
			{VolumeView "piece5.ply"}
		}
		{bone "sub_piece5"
			{Matrix34
				-1	0	0
				0	-1	0
				0	0	1
				2.09668	-12.4783	9.50336
			}
			{VolumeView "sub_piece5.ply"}
		}
	}
}
{Volume "piece0"
	{Box 9.68 5.90552 14.6838}
	{Bone "piece0"}
	{Matrix34
		0.866025	0	0.5
		0	1	0
		-0.5	0	0.866025
		-0.55022	1.91093e-005	-2.14768
	}
}
{Volume "piece1"
	{Box 7.56885 5.90553 15.0975}
	{Bone "piece1"}
	{Matrix34
		0.906308	0	0.422618
		0	1	0
		-0.422618	0	0.906308
		-1.79437	1.42287e-005	-0.212089
	}
}
{Volume "piece2"
	{Box 4.86786 5.90552 13.5119}
	{Bone "piece2"}
	{Position 0.900978	1.87637e-005	-0.184399}
}
{Volume "piece3"
	{Box 11.9678 5.90552 7.95908}
	{Bone "piece3"}
	{Matrix34
		0.707107	0	-0.707107
		0	1	0
		0.707107	0	0.707107
		-1.4298	0	-1.4298
	}
}
{Volume "piece4"
	{Box 20.6693 1.11221 15.4046}
	{Bone "piece4"}
	{Matrix34
		1	0	0
		0	0.707107	-0.707107
		0	0.707107	0.707107
		0	0.156601	-0.208384
	}
}
{Volume "piece5"
	{Box 0.387058 19.9514 14.3676}
	{Bone "piece5"}
	{Matrix34
		0.906308	0	0.422618
		0	1	0
		-0.422618	0	0.906308
		0.369279	1.43219e-005	-0.791905
	}
}
{Volume "sub_piece0"
	{Box 0.355837 10.278 27.3282}
	{Bone "sub_piece0"}
	{Matrix34
		0.906308	0	-0.422618
		0	1	0
		0.422618	0	0.906308
		0.141787	1.58172	0.304089
	}
}
{Volume "sub_piece1"
	{Box 0.283372 16.4002 15.3559}
	{Bone "sub_piece1"}
	{Matrix34
		0.906308	0	0.422618
		0	1	0
		-0.422618	0	0.906308
		-0.0210699	0.812422	0.0451396
	}
}
{Volume "sub_piece2"
	{Box 12.4034 5.90553 7.47028}
	{Bone "sub_piece2"}
	{Matrix34
		0.984808	0	-0.173648
		0	1	0
		0.173648	0	0.984808
		0.0785463	1.63838e-005	0.445383
	}
}
{Volume "sub_piece3"
	{Box 0.207558 20.8348 26.2412}
	{Bone "sub_piece3"}
	{Matrix34
		0.707107	0	0.707107
		0	1	0
		-0.707107	0	0.707107
		0.00607654	1.13062	-0.00608424
	}
}
{Volume "sub_piece4"
	{Box 3.71362 4.4012 18.1102}
	{Bone "sub_piece4"}
	{Position 0	0	0.936597}
}
{Volume "sub_piece5"
	{Box 0.50355 12.2636 13.428}
	{Bone "sub_piece5"}
	{Matrix34
		0.906308	0	0.422618
		0	1	0
		-0.422618	0	0.906308
		0	-0.864976	0
	}
}
