;Exported by: sk
;Date:        Fri Feb 24 16:40:47 2006
;File:        D:\-Projects1_5-\-3DWork-\City_Du\Bahnhof_house\BB_x.max
{Skeleton
	{bone "fdr_corner07_x"
		{Orientation
			1	0	0
			0	-1	0
			0	0	1
		}
		{bone "piece01"
			{Matrix34
				-0.984808	0	-0.173648
				-0.173648	0	0.984808
				0	1	0
				-15.6235	0.0180969	26.6383
			}
			{VolumeView "piece01.ply"}
		}
		{bone "piece02"
			{Matrix34
				-0.965926	0	0.258819
				0.258819	0	0.965926
				0	1	0
				4.67441	0.0181274	7.03439
			}
			{VolumeView "piece02.ply"}
		}
		{bone "piece03"
			{Matrix34
				0	1	0
				-0.573576	0	0.819152
				0.819152	0	0.573576
				33.603	0.0318604	6.75751
			}
			{VolumeView "piece03.ply"}
		}
		{bone "piece04"
			{Matrix34
				-1	0	0
				0	0	1
				0	1	0
				-29.1122	0.0180664	6.87996
			}
			{VolumeView "piece04.ply"}
		}
		{bone "piece05"
			{Matrix34
				0	1	0
				0	0	1
				1	0	0
				-38.0536	0.0319214	33.2723
			}
			{VolumeView "piece05.ply"}
		}
		{bone "piece06"
			{Matrix34
				0	1	0
				0	0	1
				1	0	0
				-26.0784	0.0319214	-21.9017
			}
			{VolumeView "piece06.ply"}
		}
		{bone "piece07"
			{Matrix34
				-1	0	0
				0	0	1
				0	1	0
				8.40408	0.0180969	-23.848
			}
			{VolumeView "piece07.ply"}
		}
	}
}
{Volume "piece01"
	{Box 16.4018 30.9166 9.8425}
	{Bone "piece01"}
	{Position 0	0	0}
}
{Volume "piece02"
	{Box 28.3039 29.4651 9.8425}
	{Bone "piece02"}
	{Position 1.13648e-005	0	-2.10316e-005}
}
{Volume "piece03"
	{Box 9.84253 27.3702 23.605}
	{Bone "piece03"}
	{Position 3.57252e-005	0	0}
}
{Volume "piece04"
	{Box 19.7402 34.6904 9.8425}
	{Bone "piece04"}
	{Position 0	0	-1.50289e-005}
}
{Volume "piece05"
	{Box 9.84253 22.012 24.1843}
	{Bone "piece05"}
	{Position 0	0	-1.519e-005}
}
{Volume "piece06"
	{Box 9.84253 19.1121 20.1813}
	{Bone "piece06"}
	{Position -1.06132e-005	0.133546	0.0886932}
}
{Volume "piece07"
	{Box 24.6029 23.1547 9.84253}
	{Bone "piece07"}
	{Position -0.194532	0.0948778	0}
}
