;Exported by: kolesnikov
;Date:        Thu Sep 15 09:26:45 2005
;File:        D:\-Project-\-3DWork-\Constructions\barricade_brick.max
{Skeleton
	{bone "barricade_brick1_c4_x"
		{Orientation
			1	0	0
			0	-1	0
			0	0	1
		}
		{bone "piece5"
			{Matrix34
				-0.17447	0.983964	0.0370847
				-0.86787	-0.171458	0.466267
				0.465148	0.0491647	0.883867
				13.0569	-11.3212	3.23298
			}
			{VolumeView "piece5.ply"}
		}
		{bone "piece3"
			{Matrix34
				-0.174469	0.983964	0.0370847
				-0.86787	-0.171457	0.466267
				0.465148	0.0491646	0.883867
				12.9403	0.804382	9.31475
			}
			{VolumeView "piece3.ply"}
		}
		{bone "piece2"
			{Matrix34
				0.958162	-0.283816	0.0370847
				0.23461	0.852968	0.466267
				-0.163966	-0.438058	0.883867
				21.0781	8.48999	9.31475
			}
			{VolumeView "piece2.ply"}
		}
		{bone "piece1"
			{Matrix34
				-0.17447	0.983964	0.0370847
				-0.86787	-0.171458	0.466267
				0.465148	0.0491647	0.883867
				8.95636	13.7813	4.33685
			}
			{VolumeView "piece1.ply"}
		}
		{bone "piece4"
			{Matrix34
				-0.112078	-0.993007	0.0370847
				0.880835	-0.0820042	0.466267
				-0.459965	0.0849236	0.883867
				26.9888	-5.93936	4.33685
			}
			{VolumeView "piece4.ply"}
		}
		{bone "fx_stone1"
			{Position 5.8312	-3.34818	10.9991}
		}
	}
}
{Volume "body32"
	{Box 8.77358 5.17419 7.50137}
	{Bone "piece4"}
	{Matrix34
		-1	0	0
		0	-1	0
		0	0	1
		-0.546244	-0.19003	0.42251
	}
}
{Volume "body31"
	{Box 8.77358 5.17419 7.50137}
	{Bone "piece1"}
	{Matrix34
		-1	0	0
		0	-1	0
		0	0	1
		-0.546233	-0.190032	0.422508
	}
}
{Volume "body33"
	{Box 8.15943 5.17419 7.87644}
	{Bone "piece2"}
	{Matrix34
		-1	0	0
		0	-1	0
		0	0	1
		-1.25611	-0.223674	-0.399482
	}
}
{Volume "body30"
	{Box 8.15943 5.17419 7.87644}
	{Bone "piece3"}
	{Matrix34
		-1	0	0
		0	-1	0
		0	0	1
		-1.2561	-0.223679	-0.399482
	}
}
{Volume "body29"
	{Box 8.77358 5.17419 6.75799}
	{Bone "piece5"}
	{Matrix34
		-1	0	0
		0	-1	0
		0	0	1
		-0.532261	-0.103334	0.0508206
	}
}
