;Exported by: sergienko
;Date:        Thu Apr 27 16:20:02 2006
;File:        D:\-projets1_5\3dwork\anima\construction\catholic_church\Catholic_church_x.max
{Skeleton
	{bone "catholic_church_corner1"
		{Orientation
			1	0	0
			0	-1	0
			0	0	1
		}
		{bone "fx_dust1"
			{Position 19.809	16.6258	41.3349}
		}
		{bone "fx_dust2"
			{Position 19.809	-48.7263	41.3349}
		}
		{bone "piece1"
			{Matrix34
				0	-1	0
				0	0	1
				-1	0	0
				35.5088	14.9604	62.358
			}
			{VolumeView "piece1.ply"}
		}
		{bone "piece2"
			{Matrix34
				-0.658902	0.511384	0.551665
				0.750889	0.403392	0.522915
				0.044873	0.758789	-0.649789
				-12.7537	58.2094	135.936
			}
			{VolumeView "piece2.ply"}
		}
		{bone "piece3"
			{Matrix34
				-1	0	0
				0	-1	0
				0	0	1
				-19.1097	21.1576	189.301
			}
			{VolumeView "piece3.ply"}
		}
		{bone "piece4"
			{Matrix34
				-1	0	0
				0	0	1
				0	1	0
				14.7709	58.4844	23.3598
			}
			{VolumeView "piece4.ply"}
		}
		{bone "piece5"
			{Matrix34
				0	1	0
				0	0	1
				1	0	0
				35.4782	3.29201	37.1086
			}
			{VolumeView "piece5.ply"}
		}
		{bone "piece6"
			{Matrix34
				0	-1	0
				0	0	1
				1	0	0
				36.0814	-44.919	42.3806
			}
			{VolumeView "piece6.ply"}
		}
		{bone "piece7"
			{Matrix34
				0	1	0
				0	0	1
				1	0	0
				35.3256	-45.7518	67.2761
			}
			{VolumeView "piece7.ply"}
		}
		{bone "piece8"
			{Position -25.0825	64.3268	41.1705}
			{VolumeView "piece8.ply"}
		}
		{bone "piece9"
			{Matrix34
				-1	0	0
				0	-1	0
				0	0	1
				25.7684	-21.1841	120.145
			}
			{VolumeView "piece9.ply"}
		}
		{bone "piece10"
			{Matrix34
				-1	0	0
				0	0	1
				0	1	0
				10.3268	58.2094	103.033
			}
			{VolumeView "piece10.ply"}
		}
		{bone "piece11"
			{Matrix34
				0.819152	0	0.573576
				0	1	0
				-0.573576	0	0.819152
				9.74994	-55.8186	141.296
			}
			{VolumeView "piece11.ply"}
		}
		{bone "sub_piece1"
			{Matrix34
				1	0	0
				0	0	1
				0	-1	0
				5.21161	58.3823	61.4469
			}
			{VolumeView "sub_piece1.ply"}
		}
		{bone "sub_piece2"
			{Matrix34
				0	1	0
				0	0	1
				1	0	0
				35.4782	36.9333	28.6378
			}
			{VolumeView "sub_piece2.ply"}
		}
		{bone "sub_piece3"
			{Position 30.5486	3.61438	107.556}
			{VolumeView "sub_piece3.ply"}
		}
		{bone "sub_piece4"
			{Matrix34
				-1	0	0
				0	-1	0
				0	0	1
				-12.6617	-30.5445	179.365
			}
			{VolumeView "sub_piece4.ply"}
		}
	}
}
{Volume "piece10"
	{Box 31.0763 39.4152 8.75009}
	{Bone "piece10"}
	{Position -5.29899e-005	0	-1.12591e-005}
}
{Volume "piece11"
	{Box 4.56204 6.88977 55.0659}
	{Bone "piece11"}
	{Matrix34
		0.998896	0	-0.0469729
		0	1	0
		0.0469729	0	0.998896
		-0.88156	0	0.617298
	}
}
{Volume "piece1"
	{Box 30.4178 28.6691 8.75}
	{Bone "piece1"}
	{Position 0	0	-4.02826e-005}
}
{Volume "piece2"
	{Box 34.7354 56.0519 8.75009}
	{Bone "piece2"}
	{Matrix34
		0.658904	-0.750888	-0.0448706
		0.551665	0.522915	-0.649789
		0.511382	0.403395	0.758789
		-1.29725e-005	1.22276e-005	-2.19029e-005
	}
}
{Volume "piece3"
	{Box 1.52568 47.4787 53.011}
	{Bone "piece3"}
	{Matrix34
		0.846409	0	-0.532534
		0	1	0
		0.532534	0	0.846409
		4.05197	-4.21503e-005	5.7504
	}
}
{Volume "piece4"
	{Box 38.7894 38.0618 8.75006}
	{Bone "piece4"}
	{Position -0.000107031	0	0}
}
{Volume "piece5"
	{Box 30.3599 25.5754 8.75012}
	{Bone "piece5"}
	{Position 0	0	-6.75288e-005}
}
{Volume "piece6"
	{Box 12.6283 25.0353 8.75018}
	{Bone "piece6"}
	{Matrix34
		-1	0	0
		0	1	0
		0	0	1
		0	0	-3.7892e-005
	}
}
{Volume "piece7"
	{Box 23.1597 27.1667 8.75012}
	{Bone "piece7"}
	{Position -1.6038e-005	0	-0.000140161}
}
{Volume "piece8"
	{Box 26.6528 3.75 57.9065}
	{Bone "piece8"}
	{Position 6.10352e-005	0	0}
}
{Volume "piece9"
	{Box 1.52568 47.4787 53.011}
	{Bone "piece9"}
	{Matrix34
		0.846409	0	-0.532534
		0	1	0
		0.532534	0	0.846409
		-5.58024	5.51447	-8.60655
	}
}
{Volume "sub_piece1"
	{Box 28.6884 33.0893 8.75}
	{Bone "sub_piece1"}
	{Position 5.55414e-005	0	0}
}
{Volume "sub_piece2"
	{Box 25.8088 27.3015 8.75012}
	{Bone "sub_piece2"}
	{Position -6.55348e-005	0	-4.47699e-005}
}
{Volume "sub_piece3"
	{Box 4.35202 6.88974 76.7318}
	{Bone "sub_piece3"}
	{Matrix34
		0.837347	0	0.546671
		0	1	0
		-0.546671	0	0.837347
		0.188153	0	-0.317054
	}
}
{Volume "sub_piece4"
	{Box 1.52568 47.4787 53.011}
	{Bone "sub_piece4"}
	{Matrix34
		0.846409	0	-0.532534
		0	1	0
		0.532534	0	0.846409
		6.57472	4.79967	9.76721
	}
}
