;Exported by: garry
;Date:        Mon Oct 15 15:15:39 2007
;File:        D:\-Projects-\-3DWork-\Model\Здания\Колодец.max
{Skeleton
	{bone "shaft_euro"
		{Orientation
			1	0	0
			0	-1	0
			0	0	1
		}
		{VolumeView "shaft_euro.ply"}
		{bone "piece1"
			{Position -8.97559	-13.4263	14.7502}
			{VolumeView "piece1.ply"}
		}
		{bone "piece2"
			{Position 10.7677	11.6951	12.717}
			{VolumeView "piece2.ply"}
		}
		{bone "piece3"
			{Position 14.2377	-2.48026	11.8543}
			{VolumeView "piece3.ply"}
		}
		{bone "piece4"
			{Position 37.9554	0.528912	28.109}
			{VolumeView "piece4.ply"}
		}
		{bone "piece5"
			{Position -0.131104	0.396973	32.4385}
			{VolumeView "piece5.ply"}
		}
		{bone "piece6"
			{Position -23.1762	7.26031	6.87222}
			{VolumeView "piece6.ply"}
		}
		{bone "piece7"
			{Position 23.3824	-6.94315	7.94277}
			{VolumeView "piece7.ply"}
		}
		{bone "piece9"
			{Position -13.444	0.564705	45.8652}
			{VolumeView "piece9.ply"}
		}
		{bone "sub_piece1"
			{Position -5.1427	13.5949	13.0663}
			{VolumeView "sub_piece1.ply"}
		}
		{bone "sub_piece2"
			{Position 6.05475	-15.4798	15.2662}
			{VolumeView "sub_piece2.ply"}
		}
		{bone "sub_piece3"
			{Position -16.1879	0.0125504	10.9457}
			{VolumeView "sub_piece3.ply"}
		}
		{bone "sub_piece4"
			{Position 22.5275	0.262112	32.7955}
			{VolumeView "sub_piece4.ply"}
		}
		{bone "sub_piece5"
			{Position -22.5555	-3.14873	32.4201}
			{VolumeView "sub_piece5.ply"}
		}
		{bone "sub_piece6"
			{Position 16.3908	0.564705	45.8652}
			{VolumeView "sub_piece6.ply"}
		}
		{bone "land"
			{parameters "Land;Ground;"}
			{Position 0	0	-0.0204945}
			{VolumeView "land.ply" {Ground}}
		}
	}
}
{Obstacle "circle01"
	{Polygon2
		{Radius 0}
		{Vertex 14.6686 14.685}
		{Vertex -0.0764133 20.7981}
		{Vertex -14.8215 14.685}
		{Vertex -20.9346 -0.06004}
		{Vertex -14.8215 -14.8051}
		{Vertex -0.0764169 -20.9182}
		{Vertex 14.6686 -14.8051}
		{Vertex 20.7818 -0.0600419}
	}
	{Rotate}
}
{Area "cut"
	{Polygon2
		{Radius 0}
		{Vertex 8.69894 14.8196}
		{Vertex -8.29781 14.8196}
		{Vertex -16.7962 0.0999401}
		{Vertex -8.29782 -14.6197}
		{Vertex 8.69894 -14.6197}
		{Vertex 17.1973 0.0999387}
	}
	{Rotate}
}
{Volume "hole"
	{Cylinder 14.7598 18.8777}
	{Bone "shaft_euro"}
	{Position 0	0	2.64373}
}
{Volume "piece1"
	{Box 13.7011 6.74021 12.4419}
	{Bone "piece1"}
	{Matrix34
		0.8802	-0.474602	0
		0.474602	0.8802	0
		0	0	1
		0.00283988	-0.218597	0
	}
}
{Volume "piece2"
	{Box 7.07005 7.97651 12.566}
	{Bone "piece2"}
	{Matrix34
		0.714726	0.699405	0
		-0.699405	0.714726	0
		0	0	1
		-1.41394	1.22192	0
	}
}
{Volume "piece3"
	{Box 6.6892 9.79821 11.0358}
	{Bone "piece3"}
	{Matrix34
		0.963367	-0.268188	0
		0.268188	0.963367	0
		0	0	1
		1.03056	0.473046	1.75303
	}
}
{Volume "piece4"
	{Box 17.8465 1.65578 6.56748}
	{Bone "piece4"}
	{Matrix34
		0.895651	0	-0.444758
		0	1	0
		0.444758	0	0.895651
		-0.408828	0	-0.00166894
	}
}
{Volume "piece5"
	{Box 39.9614 7.85612 8.04543}
	{Bone "piece5"}
	{Matrix34
		1	0	0
		0	0.692856	0.721076
		0	-0.721076	0.692856
		0	-0.213933	0.0604772
	}
}
{Volume "piece6"
	{Box 2.07052 2.17963 17.0598}
	{Bone "piece6"}
	{Matrix34
		0.991626	0.00251471	-0.129118
		0.0564487	0.8908	0.450876
		0.116152	-0.454389	0.883198
		0.0291398	-0.113989	0.221562
	}
}
{Volume "piece7"
	{Box 2.69969 2.99296 21.1002}
	{Bone "piece7"}
	{Matrix34
		0.993065	0.117568	0
		-0.0963057	0.813471	-0.573576
		-0.067434	0.569599	0.819152
		-0.0705024	0.15122	0.301811
	}
}
{Volume "piece9"
	{Box 15.146 13.6148 0.875831}
	{Bone "piece9"}
	{Matrix34
		1	0	0
		0	0.801655	0.597787
		0	-0.597787	0.801655
		0	-5.71645	-0.151653
	}
}
{Volume "piece9a"
	{Box 25.5967 13.6148 0.875831}
	{Bone "piece9"}
	{Matrix34
		-1	0	0
		0	-0.801655	0.597787
		0	0.597787	0.801655
		-0.298702	5.73479	0.0268396
	}
}
{Volume "shaft_euro"
	{Cylinder 20.8994 5.88421}
	{Bone "shaft_euro"}
	{Position 0	0	3.27741}
}
{Volume "sub_piece1"
	{Box 8.82356 6.80514 15.1636}
	{Bone "sub_piece1"}
	{Matrix34
		0.78115	0.366472	0.505473
		-0.343962	0.928268	-0.141449
		-0.521051	-0.0633704	0.85117
		-0.692316	0.120115	0.792324
	}
}
{Volume "sub_piece2"
	{Box 10.9077 5.42258 9.48073}
	{Bone "sub_piece2"}
	{Matrix34
		0.886275	0.46316	0
		-0.46316	0.886275	0
		0	0	1
		0.0871023	-0.691695	0
	}
}
{Volume "sub_piece3"
	{Box 5.94937 9.54026 12.4754}
	{Bone "sub_piece3"}
}
{Volume "sub_piece4"
	{Box 3.76234 3.71338 31.0542}
	{Bone "sub_piece4"}
	{Position 0	0	0}
}
{Volume "sub_piece5"
	{Box 3.29531 3.92092 31.8048}
	{Bone "sub_piece5"}
	{Position 0	3.84926	0}
}
{Volume "sub_piece6"
	{Box 17.933 12.9067 0.762234}
	{Bone "sub_piece6"}
	{Matrix34
		1	0	0
		0	0.818974	-0.573831
		0	0.573831	0.818974
		0	5.51305	0.0539926
	}
}
{Volume "sub_piece6a"
	{Box 9.14585 12.9067 0.762234}
	{Bone "sub_piece6"}
	{Matrix34
		1	0	0
		0	0.801798	0.597595
		0	-0.597595	0.801798
		-2.16357	-5.29952	0.115451
	}
}
