;Exported by: vic
;Date:        Wed Dec 07 17:43:52 2005
;File:        D:\-Projects-\-3DWork-\Constructions\NEW\S2\build-02-01b_vic2_x.max
{Skeleton
	{bone "302_f2w1_x"
		{Orientation
			1	0	0
			0	-1	0
			0	0	1
		}
		{bone "piece1"
			{Matrix34
				0	-1	0
				0	0	1
				-1	0	0
				25.6747	-23.4711	-12.1283
			}
		}
		{bone "piece2"
			{Matrix34
				0	-1	0
				0	0	1
				-1	0	0
				25.6747	5.80504	14.1165
			}
		}
		{bone "piece3"
			{Matrix34
				0	-1	0
				0	0	1
				-1	0	0
				25.6747	20.9594	-15.926
			}
		}
		{bone "sub_piece1"
			{Matrix34
				0	-0.947974	0.318346
				0	0.318346	0.947974
				-1	0	0
				25.6747	-12.1411	4.80786
			}
		}
		{bone "sub_piece2"
			{Matrix34
				0	-1	0
				0	0	1
				-1	0	0
				25.6747	15.0809	-1.28975
			}
		}
	}
}
{Volume "piece1"
	{Box 7.87402 13.7128 19.4186}
	{Bone "piece1"}
	{Matrix34
		0	0	-1
		-0.715609	-0.698501	0
		-0.698501	0.715609	0
		-0.690027	-0.701267	0.0532631
	}
}
{Volume "piece2"
	{Box 7.87402 19.255 11.9932}
	{Bone "piece2"}
	{Matrix34
		0	0	-1
		-1	0.000136207	0
		0.000136207	1	0
		1.30296	0.377797	0.053261
	}
}
{Volume "piece3"
	{Box 7.87402 19.3029 12.416}
	{Bone "piece3"}
	{Matrix34
		0	0	-1
		-0.993178	-0.116604	0
		-0.116604	0.993178	0
		0.734773	-0.297777	0.0532458
	}
}
{Volume "sub_piece1"
	{Box 7.87402 9.73608 11.457}
	{Bone "sub_piece1"}
	{Matrix34
		0	0	-1
		-0.961419	0.275086	0
		0.275086	0.961419	0
		0.848318	-0.91273	0.0532613
	}
}
{Volume "sub_piece2"
	{Box 7.87402 14.02 9.50928}
	{Bone "sub_piece2"}
	{Matrix34
		0	0	-1
		-0.998164	0.0605593	0
		0.0605593	0.998164	0
		0.824683	0.0688252	0.0532443
	}
}
