;Exported by: sana
;Date:        Thu Apr 26 13:37:52 2007
;File:        D:\-Project-\-3DWork-\Entourage\School_Ru\School_ru_cut3a_x.max
{Skeleton
	{bone "school_ru_inn_l_2_9_x"
		{Orientation
			1	0	0
			0	-1	0
			0	0	1
		}
		{bone "piece06"
			{Position 8.19831	21.7852	9.61432}
			{VolumeView "piece06.ply"}
			{bone "sub_piece06"
				{Position 0	1.69409	-10.5483}
				{VolumeView "sub_piece06.ply"}
			}
		}
		{bone "piece04"
			{Position 8.1983	16.6033	-11.0237}
			{VolumeView "piece04.ply"}
		}
		{bone "piece05"
			{Position -3.73291	8.6496	-1.76698}
			{VolumeView "piece05.ply"}
		}
		{bone "piece01"
			{Position 8.22961	-2.89728	15.0991}
			{VolumeView "piece01.ply"}
		}
		{bone "piece02"
			{Position 8.26498	-28.8696	11.5761}
			{VolumeView "piece02.ply"}
			{bone "sub_piece02"
				{Position -0.032196	9.3772	-5.68958}
				{VolumeView "sub_piece02.ply"}
			}
		}
		{bone "piece03"
			{Position 8.19827	-14.2575	-6.76408}
			{VolumeView "piece03.ply"}
		}
		{bone "piece08"
			{Matrix34
				0.815347	0	-0.578972
				0	1	0
				0.578972	0	0.815347
				27.6092	6.04492	34.9264
			}
			{VolumeView "piece08.ply"}
		}
		{bone "piece07"
			{Matrix34
				0.971661	-0.236378	0
				0.235134	0.966549	-0.10245
				0.0242169	0.0995468	0.994738
				17.6065	12.3533	22.5915
			}
			{VolumeView "piece07.ply"}
		}
		{bone "piece09"
			{Position 43.3221	6.08179	47.4274}
			{VolumeView "piece09.ply"}
		}
		{bone "piece11"
			{Position 62.9907	17.2522	46.3831}
			{VolumeView "piece11.ply"}
		}
		{bone "piece10"
			{Position 6.1815	10.1841	48.7061}
			{VolumeView "piece10.ply"}
		}
	}
}
{Volume "piece01"
	{Box 3.0154 16.2985 9.7014}
	{Bone "piece01"}
	{Position -1.52588e-005	0	1.44712}
}
{Volume "piece02"
	{Box 3.08615 14.5004 17.5012}
	{Bone "piece02"}
	{Position 0	0	0.979269}
}
{Volume "piece03"
	{Box 2.95276 13.3195 9.71098}
	{Bone "piece03"}
	{Position 0	0	0}
}
{Volume "piece04"
	{Box 2.95277 12.9547 10.8388}
	{Bone "piece04"}
	{Matrix34
		1	0	0
		0	0.861894	-0.507088
		0	0.507088	0.861894
		-1.52588e-005	0.12318	-1.05826
	}
}
{Volume "piece05"
	{Box 11.8802 2.95276 9.81763}
	{Bone "piece05"}
	{Matrix34
		0.970304	0	0.241889
		0	1	0
		-0.241889	0	0.970304
		-0.383893	0	0.318689
	}
}
{Volume "piece06"
	{Box 2.95277 12.2273 12.7571}
	{Bone "piece06"}
	{Matrix34
		1	0	0
		0	0.724918	0.688836
		0	-0.688836	0.724918
		-1.52588e-005	1.14448	-0.662288
	}
}
{Volume "piece07"
	{Box 3.26796 69.5321 3.09739}
	{Bone "piece07"}
	{Position 1.14448e-005	0	-1.90735e-005}
}
{Volume "piece08"
	{Box 3.26791 3.0974 26.9744}
	{Bone "piece08"}
	{Position 1.52588e-005	0	0}
}
{Volume "piece09"
	{Box 29.5539 3.26793 4.00448}
	{Bone "piece09"}
	{Matrix34
		0.964776	0	-0.263073
		0	1	0
		0.263073	0	0.964776
		-0.189784	0	0.114933
	}
}
{Volume "piece10"
	{Box 48.6866 46.8209 1.91907}
	{Bone "piece10"}
	{Matrix34
		0.960451	0	0.278449
		0	1	0
		-0.278449	0	0.960451
		2.24987	0	0.464863
	}
}
{Volume "piece11"
	{Box 64.9318 54.8362 2.71711}
	{Bone "piece11"}
	{Matrix34
		0.953011	0	-0.302935
		0	1	0
		0.302935	0	0.953011
		1.0657	0	-0.194294
	}
}
{Volume "sub_piece02"
	{Box 3.02174 11.7337 9.63249}
	{Bone "sub_piece02"}
	{Matrix34
		1	0	0
		0	0.74373	0.66848
		0	-0.66848	0.74373
		0	-0.166462	0.218438
	}
}
{Volume "sub_piece06"
	{Box 2.95277 7.64654 8.80205}
	{Bone "sub_piece06"}
	{Matrix34
		1	0	0
		0	0.885437	-0.46476
		0	0.46476	0.885437
		-1.52588e-005	0.204704	0.643586
	}
}
