;Exported by: Sergey
;Date:        Sat Jun  2 06:39:10 2018
;File:        D:\Documents\3dsmax\scenes\_resource_MoW\car\GAZ-AA\14-72-K_GAZ-MM_1941_x.max
{Skeleton
	{animation
		{sequence "break" {file "body_b.anm"} {speed 0.35}}
		{sequence "break" {file "cabin_b.anm"} {speed 0.35}}
		{sequence "break" {file "engine_b.anm"} {speed 0.35}}
	}
	{bone "basis"
		{Orientation
			1	0	0
			0	-1	0
			0	0	1
		}
		{bone "pivot_back"
			{parameters "ID=body;"}
			{Matrix34
				1	1.55031e-05	0.000481931
				-0.000481931	0	1
				1.55031e-05	-1	0
				-32.7703	0.00798225	7.70905
			}
			{VolumeView "pivot_back.ply"}
			{bone "steer_r2"
				{Matrix34
					1.54535e-05	0	-1
					-0.999998	-0.00191514	-1.54535e-05
					-0.00191514	0.999998	0
					-0.0352058	0.39433	12.8161
				}
				{bone revolute "wheelright2"
					{parameters "ID=wheelright2;"}
					{Matrix34
						-0.0255699	0.999671	-0.00191522
						-4.89282e-05	0.00191459	0.999998
						0.999673	0.0255699	0
						0.509084	-0.0342598	-0.394394
					}
					{VolumeView "wheelright2.ply"}
				}
			}
			{bone "steer_l2"
				{Matrix34
					1.54535e-05	0	-1
					-0.999998	-0.00191514	-1.54535e-05
					-0.00191514	0.999998	0
					0.133915	0.394329	-13.1627
				}
				{bone revolute "wheelleft2"
					{parameters "ID=wheelleft2;"}
					{Matrix34
						-0.0072976	0.999972	-0.00191522
						-1.39328e-05	0.00191517	0.999998
						0.999973	0.00729762	0
						1.07448	0.134449	-0.394072
					}
					{VolumeView "wheelleft2.ply"}
				}
			}
		}
		{bone "pivot_front"
			{parameters "ID=body;"}
			{Matrix34
				0	1	0
				0	0	1
				1	0	0
				32.2714	0.0116501	8.09462
			}
			{VolumeView "pivot_front.ply"}
			{bone revolute "steer_l1"
				{Matrix34
					-0.999999	0.00159159	0
					0	-1.50958e-05	-1
					-0.00159159	-0.999999	1.50959e-05
					13.159	0.00875854	0.31675
				}
				{bone revolute "wheelleft1"
					{parameters "ID=wheelleft1;"}
					{Matrix34
						0.0141831	0.9999	1.52588e-05
						-0.00159126	3.78315e-05	-0.999999
						-0.999898	0.014183	0.00159164
						-0.104956	0	-0.000165939
					}
					{VolumeView "wheelleft1.ply"}
				}
			}
			{bone revolute "steer_r1"
				{Matrix34
					-1	-0.000447663	0
					0	-1.50959e-05	-1
					0.000447663	-1	1.50959e-05
					-12.4674	0.00875759	0.317162
				}
				{bone revolute "wheelright1"
					{parameters "ID=wheelright1;"}
					{Matrix34
						0.0022264	0.999998	1.51396e-05
						0.000447707	1.41428e-05	-1
						0.999998	-0.0022264	0.000447675
						0.71483	-0.0645103	-0.0471945
					}
					{VolumeView "wheelright1.ply"}
				}
			}
		}
		{bone "body"
			{parameters "ID=body;"}
			{Position -7.54495	0.0186558	10.1486}
			{bone "cabin"
				{parameters "ID=cabin;"}
				{Position 10.7262	-0.0109081	2.91852}
				{bone "cabin38"
					{parameters "ID=cabin;"}
					{Position 0	0	0}
					{VolumeView "cabin38.ply"}
				}
				{bone revolute "doorl"
					{parameters "ID=cabin;"}
					{Matrix34
						0	1	0
						-1	0	1.55031e-05
						1.55031e-05	0	1
						6.93511	12.5925	2.54485
					}
					{VolumeView "doorl.ply"}
					{bone "glass_left1"
						{parameters "ID=glass;"}
						{Matrix34
							0.079622	0.996825	-1.5527e-05
							0	1.55312e-05	1
							0.996825	-0.079622	0
							-0.603085	7.45748	14.2012
						}
						{VolumeView "glass_left1.ply"}
					}
					{bone "mirror1"
						{Position 3.04644	0.63398	16.7496}
						{VolumeView "mirror1.ply"}
						{bone "glass_mirror1"
							{parameters "ID=glass;"}
							{Position 2.24191	0.499933	0}
							{VolumeView "glass_mirror1.ply"}
						}
					}
				}
				{bone revolute "doorr"
					{parameters "ID=cabin;"}
					{Matrix34
						0	1	0
						-1	0	0
						0	0	1
						6.94805	-12.8815	2.36548
					}
					{VolumeView "doorr.ply"}
					{bone "glass_right1"
						{parameters "ID=glass;"}
						{Matrix34
							-0.0810343	0.996711	0
							0	0	1
							0.996711	0.0810343	0
							-0.162415	7.31245	14.3821
						}
						{VolumeView "glass_right1.ply"}
					}
				}
				{bone revolute "ramaglassfront_gazaa"
					{parameters "ID=cabin;"}
					{Matrix34
						0.993617	1.54004e-05	0.112808
						-0.112808	0	0.993617
						1.55042e-05	-1	0
						7.54563	2.42385	21.2057
					}
					{VolumeView "ramaglassfront_gazaa.ply"}
					{bone "glass_front1"
						{parameters "ID=glass;"}
						{Matrix34
							0	3.11393e-05	-1
							0	1	3.11393e-05
							1	0	0
							-0.0647964	-4.34987	2.38348
						}
						{VolumeView "glass_front1.ply"}
					}
				}
				{bone "glass_back1"
					{parameters "ID=glass;"}
					{Matrix34
						1.50959e-05	1	0
						0	0	1
						1	-1.50959e-05	0
						-10.2708	0.0401206	17.0513
					}
					{VolumeView "glass_back1.ply"}
				}
				{bone "seat_driver_gazaa"
					{parameters "ID=cabin;"}
					{Position -1.53958	-0.00774765	-0.225051}
					{VolumeView "seat_driver_gazaa.ply"}
				}
			}
			{bone "body_gazmm"
				{parameters "ID=body;"}
				{Position 0	0	0}
				{VolumeView "body_gazmm.ply"}
				{bone "bamper41"
					{Position 47.279	-0.0358356	0.146842}
					{VolumeView "bamper41.ply"}
					{bone "detail14"
						{Position 4.84624	-0.00184787	-0.0120678}
						{VolumeView "detail14.ply"}
					}
				}
				{bone "buksir1940"
					{parameters "ID=body;"}
					{animation
						{sequence "repair" {file "body_r.anm"} {speed 0.35}}
					}
					{Position -42.8092	0.0792972	0.789706}
					{VolumeView "buksir1940.ply"}
				}
			}
			{bone "engine"
				{parameters "ID=engine;"}
				{Position 29.5295	0.258043	2.56306}
				{VolumeView "engine.ply"}
				{bone "fxfire1"
					{Matrix34
						0.00430757	0	0.999991
						-0.999991	0	0.00430757
						0	-1	0
						0.655506	-0.276699	6.84137
					}
				}
			}
			{bone "benzobak_gazaa"
				{parameters "ID=cabin;"}
				{Position 9.18664	-0.0186558	2.69347}
				{VolumeView "benzobak_gazaa.ply"}
			}
			{bone "radiator"
				{parameters "ID=engine;"}
				{Position 40.2324	0.0572638	8.22868}
				{VolumeView "radiator.ply"}
				{bone revolute "enginedoorr"
					{parameters "ID=engine;"}
					{Matrix34
						1.52151e-05	1	0
						0.0610488	0	0.998135
						0.998135	-1.51885e-05	-0.0610488
						-16.1925	-0.0584547	7.72075
					}
					{VolumeView "enginedoorr.ply"}
					{bone revolute "enginedoorr2"
						{parameters "ID=engine;"}
						{Matrix34
							0.977176	-0.0129687	-0.212035
							0	0.998135	-0.0610489
							0.212432	0.0596555	0.975353
							-8.67691	-4.02801	0.242605
						}
						{VolumeView "enginedoorr2.ply"}
					}
				}
				{bone revolute "enginedoorl"
					{parameters "ID=engine;"}
					{Matrix34
						1.52151e-05	1	0
						0.0610488	0	0.998135
						0.998135	-1.51885e-05	-0.0610488
						-16.1925	-0.0584547	7.72075
					}
					{VolumeView "enginedoorl.ply"}
					{bone "enginedoorl2"
						{parameters "ID=engine;"}
						{Matrix34
							0.975848	0.0133363	0.218045
							0	0.998135	-0.0610489
							-0.218453	0.0595744	0.974028
							8.61746	-4.00012	0.314122
						}
						{VolumeView "enginedoorl2.ply"}
					}
				}
				{bone "logo_gaz"
					{parameters "ID=engine;"}
					{Position -31.0458	-0.0759196	-5.53521}
					{VolumeView "logo_gaz.ply"}
				}
				{bone "radiator1"
					{parameters "ID=engine;"}
					{Position 0.580856	0	0.0032711}
					{VolumeView "radiator1.ply"}
				}
			}
			{bone "bodyback"
				{parameters "ID=bodyback;"}
				{Position -25.4549	-0.0157292	6.10542}
				{VolumeView "bodyback.ply"}
				{bone revolute "bort_b"
					{parameters "ID=bodyback;"}
					{Matrix34
						1	0	0
						0	1.55727e-05	1
						0	-1	1.55727e-05
						-24.3311	-0.00265645	1.16258
					}
					{VolumeView "bort_b.ply"}
					{bone "enumerator1"
						{parameters "ID=wingRight;"}
						{Matrix34
							0	-2.17716e-05	1
							0	1	2.17716e-05
							-1	0	0
							0.181007	4.72009	-5.08158
						}
						{VolumeView "enumerator1.ply"}
					}
				}
				{bone revolute "bort_r"
					{parameters "ID=bodyback;"}
					{Matrix34
						1.55727e-05	-1	0
						0	0	1
						-1	-1.55727e-05	0
						7.17838	-18.607	1.17516
					}
					{VolumeView "bort_r.ply"}
				}
				{bone revolute "bort_l"
					{parameters "ID=bodyback;"}
					{Matrix34
						0	-1	0
						0	0	1
						-1	0	0
						0.469093	18.6102	1.17675
					}
					{VolumeView "bort_l.ply"}
					{bone "detail7"
						{Matrix34
							0	-0.291656	-0.956523
							-0.0446485	-0.95557	0.291365
							-0.999003	0.0427073	-0.013022
							-0.638573	6.87574	6.61709
						}
						{VolumeView "detail7.ply"}
					}
				}
				{bone revolute "turret"
					{parameters "ID=turret;"}
					{speed 0.02}
					{Matrix34
						1	0	0
						0	1	0
						0	0	1
						1.589	0.231784	3.31781
					}
					{VolumeView "turret.ply"}
					{bone revolute "gun_rot"
						{parameters "ID=gun;"}
						{limits -30 40}
						{Matrix34
							-0.999995	1.39792e-05	0.00305396
							0.00305396	0	0.999995
							1.3978e-05	1	0
							2.4381	-2.92331	9.79824
						}
						{VolumeView "gun_rot.ply"}
						{bone prizmatic "gun"
							{parameters "ID=gun;"}
							{Matrix34
								0.853859	-0.520505	0
								0.520505	0.853859	0
								0	0	1
								-21.4381	13.273	3.4022
							}
							{VolumeView "gun.ply"}
						}
						{bone "cartridge"
							{Matrix34
								-0.901652	0.432463	1.58866e-05
								-0.432463	-0.901652	0
								1.37434e-05	0	1
								0.411341	-1.00834	3.40628
							}
							{VolumeView "cartridge.ply"}
						}
					}
				}
				{bone "box_smal"
					{Matrix34
						0.014781	-0.00843628	-0.999855
						-0.999697	-0.0198267	-0.0146114
						-0.0197005	0.999768	-0.00872678
						12.1794	-16.382	6.16879
					}
					{VolumeView "box_smal.ply"}
				}
				{bone "detail2"
					{Position 20.8319	-13.1429	6.53125}
					{VolumeView "detail2.ply"}
				}
				{bone "detail3"
					{Position 20.8319	13.0047	6.53125}
					{VolumeView "detail3.ply"}
				}
				{bone "detail4"
					{Matrix34
						0.00220759	-0.999998	0
						0.999998	0.00220759	0
						0	0	1
						-19.0508	14.5468	6.53124
					}
					{VolumeView "detail4.ply"}
				}
				{bone "detail5"
					{Matrix34
						0.00220759	-0.999998	0
						0.999998	0.00220759	0
						0	0	1
						-19.0508	-14.6342	6.53124
					}
					{VolumeView "detail5.ply"}
				}
				{bone "detail6"
					{Matrix34
						0.00871013	0.014621	-0.999855
						0.00120032	-0.999893	-0.0146111
						-0.999961	-0.00107288	-0.00872675
						22.724	0.79005	6.16878
					}
					{VolumeView "detail6.ply"}
				}
			}
			{bone "stop-signal_gaz-aa"
				{parameters "ID=body;"}
				{animation
					{sequence "repair" {file "body_r.anm"} {speed 0.35}}
				}
				{Position -44.5378	12.1262	1.53695}
				{VolumeView "stop-signal_gaz-aa.ply"}
			}
			{bone "opora_bodyback_gazaa"
				{parameters "ID=body;"}
				{animation
					{sequence "repair" {file "body_r.anm"} {speed 0.35}}
				}
				{Matrix34
					0.999979	0.00616694	0.00198126
					-0.00616655	0.999981	-0.000204086
					-0.00198248	0.000191864	0.999998
					0.272991	-0.0665455	0.785114
				}
				{VolumeView "opora_bodyback_gazaa.ply"}
			}
			{bone "detail1"
				{Position 0.272991	-0.0665455	0.651934}
				{VolumeView "detail1.ply"}
				{bone "zapaska"
					{Matrix34
						-0.9999	-0.000438559	0.0141764
						-5.30826e-05	0.999631	0.0271804
						-0.0141831	0.0271769	-0.99953
						-37.8459	0.0429709	-1.21226
					}
					{VolumeView "zapaska.ply"}
				}
			}
			{bone "rul_gazaa"
				{parameters "ID=cabin;"}
				{Position 9.18664	-0.0186558	2.69347}
				{VolumeView "rul_gazaa.ply"}
			}
			{bone "glushitel"
				{Position 29.5295	0.258043	2.56306}
				{VolumeView "glushitel.ply"}
			}
			{bone "wings_gazaa"
				{Matrix34
					0	1	0
					-1	0	0
					0	0	1
					22.1968	-0.0186554	3.75826
				}
				{VolumeView "wings_gazaa.ply"}
				{bone "faral"
					{parameters "ID=body;"}
					{Matrix34
						0	-1	0
						0	0	-1
						1	0	0
						7.45204	-22.3323	7.29836
					}
					{VolumeView "faral.ply"}
					{bone "glass_light1"
						{parameters "ID=glass;"}
						{Position 0	-0.000234604	0.001091}
						{VolumeView "glass_light1.ply"}
					}
				}
				{bone "detail13"
					{parameters "ID=body;"}
					{Matrix34
						0	-1	0
						0	0	-1
						1	0	0
						-7.67307	-22.3323	7.29836
					}
					{VolumeView "detail13.ply"}
					{bone "glass_light2"
						{parameters "ID=glass;"}
						{Position 0	0	0}
						{VolumeView "glass_light2.ply"}
					}
				}
				{bone "signal_gazaa"
					{Matrix34
						0	-1	0
						1	0	0
						0	0	1
						6.78378	-19.3805	3.86151
					}
					{VolumeView "signal_gazaa.ply"}
					{bone "detail11"
						{Position 1.31026	0	0.314468}
						{VolumeView "detail11.ply"}
					}
					{bone "detail12"
						{Position 1.31026	0	0.314468}
						{VolumeView "detail12.ply"}
					}
				}
			}
		}
	}
}
