;Exported by: vlss.com
;Date:        Tue Oct 21 17:19:49 2014
;File:        e-100b_xx.obj
{Skeleton
	{bone "basis"
		{Orientation
			1	0	0
			0	-1	0
			0	0	1
		}
		{bone "body"
			{parameters "ID=body;"}
			{animation
				{sequence "break" {file "body_b.anm"}}
			}
			{Matrix34
				0.999071	-0.0430837	-0.000345707
				0.0430299	0.998167	-0.0425668
				0.00217901	0.0425124	0.999094
				0.0168302	-4.65004	7.27718
			}
			{VolumeView "body.ply"}
			{bone revolute "turret"
				{parameters "ID=turret;"}
				{animation
					{sequence "break" {file "turret_b.anm"} {speed 0.9}}
				}
				{Matrix34
					0.948838	0.313139	0.0406258
					-0.313927	0.949336	0.0145484
					-0.0340119	-0.0265576	0.999069
					-13.9339	5.89622	28.602
				}
				{VolumeView "turret.ply"}
				{bone revolute "gun_rot"
					{parameters "ID=gun;"}
					{animation
						{sequence "break" {file "gun_b.anm"} {speed 0.9}}
					}
					{Matrix34
						0.996938	0.0430379	-0.0652808
						-0.0654421	0.0023484	-0.997854
						-0.0427922	0.999071	0.0051577
						31.247	-1.10432	9.88105
					}
					{VolumeView "gun_rot.ply"}
					{bone "gun"
						{parameters "ID=gun;"}
						{Matrix34
							1	0	0
							0	0	1
							0	-1	0
							32.0964	0.141956	-0.0775669
						}
						{VolumeView "gun.ply"}
					}
				}
				{bone "attached1"
					{parameters "ID=Attached1;"}
					{Matrix34
						1	0	0
						0	1	0
						0	0	1
						-3.54621	-0.195056	13.2409
					}
					{VolumeView "attached1.ply"}
				}
				{bone "detail4"
					{parameters "ID=turret;"}
					{Matrix34
						0.939479	-0.0127408	0.34237
						-0.038676	0.988977	0.142932
						-0.340417	-0.147523	0.92863
						-36.8021	-0.113443	17.625
					}
					{VolumeView "detail4.ply"}
				}
				{bone "detail3"
					{parameters "ID=turret;"}
					{Matrix34
						1	0	0
						0	1	0
						0	0	1
						-32.9495	-22.557	17.3961
					}
					{VolumeView "detail3.ply"}
				}
				{bone "anten1"
					{parameters "ID=turret;"}
					{Position -30.0404	-11.2034	41.625}
					{VolumeView "anten1.ply"}
				}
				{bone "night"
					{parameters "ID=Night;"}
					{Matrix34
						0.8075	-0.264305	-0.527339
						0.320869	0.946976	0.0167092
						0.494962	-0.1827	0.84949
						-1.5343	10.2005	28.2171
					}
					{VolumeView "night.ply"}
				}
				{bone "cover"
					{parameters "ID=Cover;"}
					{Matrix34
						0.329834	0.636455	-0.697233
						-0.937509	0.134113	-0.321078
						-0.110844	0.759565	0.640917
						-13.5882	17.7969	25.4147
					}
					{VolumeView "cover.ply"}
				}
			}
			{bone "engine"
				{parameters "ID=engine;"}
				{animation
					{sequence "break" {file "engine_b.anm"} {speed 0.8}}
				}
				{Matrix34
					0.9813	-0.188686	-0.0380482
					0.182769	0.975392	-0.123312
					0.0603792	0.114052	0.991638
					-56.7842	5.68944	29.4693
				}
				{VolumeView "engine.ply"}
			}
			{bone revolute "wheelr0"
				{parameters "ID=trackright;"}
				{Matrix34
					-0.999952	-0.00521505	0.00834551
					0.00923909	-0.205478	0.978618
					-0.00338873	0.978648	0.205516
					58.8579	-23.7178	9.41205
				}
				{VolumeView "wheelr0.ply"}
			}
			{bone revolute "wheelr9"
				{parameters "ID=trackright;"}
				{Matrix34
					-0.987216	0.159336	0.00408887
					0.00181837	-0.014393	0.999895
					0.159378	0.98712	0.0139192
					-73.3738	-24.2387	6.71393
				}
				{VolumeView "wheelr9.ply"}
			}
			{bone revolute "wheell0"
				{parameters "ID=trackleft;"}
				{Matrix34
					-0.986692	0.162549	0.00416278
					0.000425812	-0.0230179	0.999735
					0.162601	0.986432	0.0226423
					58.8579	35.1455	9.41204
				}
				{VolumeView "wheell0.ply"}
			}
			{bone revolute "wheell9"
				{parameters "ID=trackleft;"}
				{Matrix34
					-0.999957	-0.00203586	0.00904214
					0.00926834	-0.21402	0.976785
					-5.34067e-005	0.976827	0.214029
					-73.3737	35.6663	6.71807
				}
				{VolumeView "wheell9.ply"}
			}
			{bone "door_front1"
				{parameters "ID=body;"}
				{Matrix34
					0.862569	-0.362507	-0.352937
					0.485283	0.790095	0.374501
					0.143095	-0.494307	0.857429
					47.1236	-10.6036	29.0916
				}
				{VolumeView "door_front1.ply"}
			}
			{bone "door_front"
				{parameters "ID=body;"}
				{Matrix34
					0.998659	0.0231176	-0.0463321
					-0.0394295	0.91951	-0.391084
					0.0335619	0.392387	0.919188
					47.0066	21.5693	29.1575
				}
				{VolumeView "door_front.ply"}
			}
			{bone "detail1"
				{parameters "ID=body;"}
				{Position 45.3768	28.7766	28.8349}
				{VolumeView "detail1.ply"}
			}
			{bone "detail2"
				{parameters "ID=body;"}
				{Position 46.5079	31.9936	28.9885}
				{VolumeView "detail2.ply"}
			}
			{bone "bracket"
				{parameters "ID=body;"}
				{Matrix34
					0.710246	-0.653983	0.260494
					0.688339	0.722699	-0.0624081
					-0.147445	0.223634	0.963456
					61.4168	5.66715	29.6101
				}
				{VolumeView "bracket.ply"}
			}
			{bone "detail6"
				{parameters "ID=body;"}
				{Position 40.1863	-19.1667	28.8846}
				{VolumeView "detail6.ply"}
			}
			{bone "hook"
				{parameters "ID=body;"}
				{Matrix34
					0.999801	0	-0.0199346
					0	1	0
					0.0199346	0	0.999801
					81.6872	-13.2653	15.298
				}
				{VolumeView "hook.ply"}
			}
			{bone "attached"
				{parameters "ID=body;"}
				{Matrix34
					0.968761	-0.0537201	-0.242109
					-0.00853509	0.968457	-0.249037
					0.24785	0.243323	0.937744
					73.7375	4.74373	9.12283
				}
				{VolumeView "attached.ply"}
			}
			{bone "shieldl1"
				{parameters "ID=shieldL1;"}
				{Position 67.1791	43.3255	20.3812}
				{VolumeView "shieldl1.ply"}
			}
			{bone "shieldl2"
				{parameters "ID=shieldL2;"}
				{Position 32.88	43.3154	20.3812}
				{VolumeView "shieldl2.ply"}
			}
			{bone "shieldl4"
				{parameters "ID=shieldL4;"}
				{Position -59.2908	43.6463	20.3755}
				{VolumeView "shieldl4.ply"}
			}
			{bone "shieldr2"
				{parameters "ID=shieldR2;"}
				{Position 32.8913	-32.2217	20.3811}
				{VolumeView "shieldr2.ply"}
			}
			{bone "shieldr3"
				{parameters "ID=shieldR3;"}
				{Position -11.8257	-32.2257	20.3764}
				{VolumeView "shieldr3.ply"}
			}
			{bone "shieldr4"
				{parameters "ID=shieldR4;"}
				{Position -59.3056	-32.548	20.3756}
				{VolumeView "shieldr4.ply"}
			}
			{bone "streamer"
				{parameters "ID=body;"}
				{Position -82.4035	5.55703	17.2568}
				{VolumeView "streamer.ply"}
			}
			{bone "hook1"
				{parameters "ID=body;"}
				{Matrix34
					0.999801	0	-0.0199346
					0	1	0
					0.0199346	0	0.999801
					81.6872	24.2913	15.298
				}
				{VolumeView "hook1.ply"}
			}
			{bone "anten02"
				{parameters "ID=body;"}
				{Position -65.1434	-17.819	50.1597}
				{VolumeView "anten02.ply"}
			}
			{bone "inside"
				{parameters "ID=body;"}
				{Matrix34
					-0.00755439	0.999971	0
					-0.999972	-0.00755438	0
					0	0	1
					-0.0168288	5.86608	-7.27718
				}
				{VolumeView "inside.ply"}
			}
		}
		{bone "wheelsr"
			{parameters "ID=trackright;"}
			{animation
				{sequence "break" {file "trackR_b.anm"} {speed 0.8}}
			}
			{Position -8.91985	-21.1008	11.8657}
			{VolumeView "wheelsr.ply"}
			{bone revolute "wheelr1"
				{parameters "ID=trackright;"}
				{Matrix34
					-0.999993	-0.00383886	0
					0.000789572	-0.205678	0.97862
					-0.00375678	0.978612	0.205679
					49.4612	-6.85694	-1.00587
				}
				{VolumeView "wheelr1.ply"}
			}
			{bone revolute "wheelr2"
				{parameters "ID=trackright;"}
				{Matrix34
					-0.98721	0.159385	-0.00368346
					0.0283571	0.198283	0.979734
					0.156885	0.967099	-0.200267
					35.7952	-7.00942	-0.999958
				}
				{VolumeView "wheelr2.ply"}
			}
			{bone revolute "wheelr3"
				{parameters "ID=trackright;"}
				{Matrix34
					-0.98721	0.159385	-0.00368345
					-0.00590918	-0.0134928	0.999891
					0.159318	0.987124	0.0142621
					21.9091	-6.85694	-1.00587
				}
				{VolumeView "wheelr3.ply"}
			}
			{bone revolute "wheelr4"
				{parameters "ID=trackright;"}
				{Matrix34
					-0.999993	-0.00383886	0
					0.000789572	-0.205678	0.97862
					-0.00375678	0.978612	0.205679
					8.23995	-7.00942	-0.999958
				}
				{VolumeView "wheelr4.ply"}
			}
			{bone revolute "wheelr5"
				{parameters "ID=trackright;"}
				{Matrix34
					-0.98721	0.159385	-0.00368346
					0.0283571	0.198283	0.979734
					0.156885	0.967099	-0.200267
					-5.42417	-6.85694	-1.00587
				}
				{VolumeView "wheelr5.ply"}
			}
			{bone revolute "wheelr6"
				{parameters "ID=trackright;"}
				{Matrix34
					-0.999993	-0.00383886	0
					-3.35374e-005	0.00873624	0.999962
					-0.00383871	0.999954	-0.0087363
					-19.0244	-7.00942	-0.999958
				}
				{VolumeView "wheelr6.ply"}
			}
			{bone revolute "wheelr7"
				{parameters "ID=trackright;"}
				{Matrix34
					-0.999993	-0.00383886	0
					-3.35374e-005	0.00873624	0.999962
					-0.00383871	0.999954	-0.0087363
					-32.6087	-6.85694	-1.00587
				}
				{VolumeView "wheelr7.ply"}
			}
			{bone revolute "wheelr8"
				{parameters "ID=trackright;"}
				{Matrix34
					-0.98721	0.159385	-0.00368345
					-0.00590918	-0.0134928	0.999891
					0.159318	0.987124	0.0142621
					-46.3941	-7.00942	-0.999958
				}
				{VolumeView "wheelr8.ply"}
			}
			{bone revolute "trackr"
				{parameters "ID=trackright;"}
				{Position 2.70371	-8.82734	1.63517}
				{VolumeView "trackr.ply"}
			}
		}
		{bone "wheelsl"
			{parameters "ID=trackleft;"}
			{animation
				{sequence "break" {file "trackL_b.anm"} {speed 0.8}}
			}
			{Position -8.91985	23.2282	11.8657}
			{VolumeView "wheelsl.ply"}
			{bone revolute "wheell1"
				{parameters "ID=trackleft;"}
				{Matrix34
					-1	-0.0005838	0
					0	0	1
					-0.0005838	1	0
					49.4613	6.85694	-1.00587
				}
				{VolumeView "wheell1.ply"}
			}
			{bone revolute "wheell2"
				{parameters "ID=trackleft;"}
				{Matrix34
					-0.986686	0.162597	-0.00375769
					0.027529	0.189736	0.981449
					0.160293	0.968278	-0.191686
					35.7951	7.00935	-0.999921
				}
				{VolumeView "wheell2.ply"}
			}
			{bone revolute "wheell3"
				{parameters "ID=trackleft;"}
				{Matrix34
					-0.986686	0.162596	-0.00375767
					-0.0074479	-0.0220921	0.999728
					0.162469	0.986445	0.023009
					21.9091	6.85709	-1.00587
				}
				{VolumeView "wheell3.ply"}
			}
			{bone revolute "wheell4"
				{parameters "ID=trackleft;"}
				{Matrix34
					-1	-0.000584213	0
					0	0	1
					-0.000584213	1	0
					8.23995	7.00935	-0.999958
				}
				{VolumeView "wheell4.ply"}
			}
			{bone revolute "wheell5"
				{parameters "ID=trackleft;"}
				{Matrix34
					-1	-0.000584213	0
					0	0	1
					-0.000584213	1	0
					-5.42421	6.85709	-1.00587
				}
				{VolumeView "wheell5.ply"}
			}
			{bone revolute "wheell6"
				{parameters "ID=trackleft;"}
				{Matrix34
					-0.986686	0.162596	-0.00375767
					-0.0074479	-0.0220921	0.999728
					0.162469	0.986445	0.023009
					-19.0244	7.00935	-0.999958
				}
				{VolumeView "wheell6.ply"}
			}
			{bone revolute "wheell7"
				{parameters "ID=trackleft;"}
				{Matrix34
					-1	-0.000584213	0
					0	0	1
					-0.000584213	1	0
					-32.6087	6.85709	-1.00587
				}
				{VolumeView "wheell7.ply"}
			}
			{bone revolute "wheell8"
				{parameters "ID=trackleft;"}
				{Matrix34
					-1	-0.000584213	0
					0.000125151	-0.214221	0.976785
					-0.000570651	0.976785	0.214221
					-46.394	7.00935	-0.999958
				}
				{VolumeView "wheell8.ply"}
			}
		}
	}
}
{Volume "body1"
	{Polyhedron "body1.vol"}
	{Bone "body"}
	{Position -15.7017	5.43909	10.3178}
}
{Volume "body2"
	{Polyhedron "body2.vol"}
	{Bone "body"}
	{Position -15.7017	5.43909	25.0895}
}
{Volume "engine"
	{Polyhedron "engine.vol"}
	{Bone "engine"}
	{Position 0.0303001	-0.266992	-5.8838}
}
{Volume "gun"
	{Polyhedron "gun.vol"}
	{Bone "gun_rot"}
	{Matrix34
		1	0	0
		0	0	1
		0	-1	0
		32.0964	0.141953	-0.077569
	}
}
{Volume "mantlet"
	{Polyhedron "mantlet.vol"}
	{Bone "gun_rot"}
	{Position 0	0	-1.4782e-005}
}
{Volume "ram"
	{Polyhedron "ram.vol"}
	{Bone "body"}
	{Position 2.35844	1.10648	0.146556}
}
{Volume "shieldl1"
	{Polyhedron "shieldl1.vol"}
	{Bone "shieldl1"}
	{Position -0.171288	0.132	4.01497}
}
{Volume "shieldl2"
	{Polyhedron "shieldl2.vol"}
	{Bone "shieldl2"}
	{Position -0.321426	0.142128	4.01497}
}
{Volume "shieldl4"
	{Polyhedron "shieldl4.vol"}
	{Bone "shieldl4"}
	{Position 0.603344	-0.188744	4.02061}
}
{Volume "shieldr2"
	{Polyhedron "shieldr2.vol"}
	{Bone "shieldr2"}
	{Position -0.332718	-0.108776	4.01502}
}
{Volume "shieldr3"
	{Polyhedron "shieldr3.vol"}
	{Bone "shieldr3"}
	{Position 0.134956	-0.10474	4.01976}
}
{Volume "shieldr4"
	{Polyhedron "shieldr4.vol"}
	{Bone "shieldr4"}
	{Position 0.618156	0.217598	4.02052}
}
{Volume "turret"
	{Polyhedron "turret.vol"}
	{Bone "turret"}
	{Matrix34
		1	0	0
		0	1	0
		0	0	1
		-1.76783	-0.457148	12.8867
	}
}
