;Exported by: sana
;Date:        Fri Apr 27 14:26:40 2007
;File:        D:\-Project-\-3DWork-\Entourage\School_Ru\School_ru_cut3a_x.max
{Skeleton
	{bone "school_ru_inn_r_1_8_x"
		{Orientation
			1	0	0
			0	-1	0
			0	0	1
		}
		{bone "piece01"
			{Position 0	6.71092	11.365}
			{VolumeView "piece01.ply"}
			{bone "sub_piece01"
				{Position 0	-6.21156	8.26297}
				{VolumeView "sub_piece01.ply"}
			}
		}
		{bone "piece02"
			{Position 0	3.5658	-10.0721}
			{VolumeView "piece02.ply"}
		}
	}
}
{Volume "piece01"
	{Box 2.95276 12.9304 17.7764}
	{Bone "piece01"}
	{Matrix34
		1	0	0
		0	0.920499	-0.390745
		0	0.390745	0.920499
		0	0.957926	-0.72464
	}
}
{Volume "piece02"
	{Box 2.95276 19.3276 20.9355}
	{Bone "piece02"}
	{Matrix34
		1	0	0
		0	0.859107	-0.511796
		0	0.511796	0.859107
		0	-1.15274	-0.504583
	}
}
{Volume "sub_piece01"
	{Box 2.95276 12.5356 12.5141}
	{Bone "sub_piece01"}
	{Matrix34
		1	0	0
		0	0.984948	-0.172849
		0	0.172849	0.984948
		0	-0.465825	-1.27532
	}
}
