;Exported by: shevchenko
;Date:        Thu Jun 29 12:52:46 2006
;File:        D:\-Projects1_5-\-3DWork-\bsh\bsh_c135-a1_x.max
{Skeleton
	{bone "bsh135_c4_2"
		{Orientation
			1	0	0
			0	-1	0
			0	0	1
		}
		{bone "piece3"
			{Matrix34
				-0.0616272	-0.0616273	0.996195
				0.704416	0.704417	0.0871541
				-0.707107	0.707106	0
				20.0992	-29.033	-16.2161
			}
			{VolumeView "piece3.ply"}
		}
		{bone "piece2"
			{Matrix34
				-0.683013	-0.683013	0.258819
				0.183013	0.183013	0.965926
				-0.707107	0.707107	0
				38.2104	-8.44146	-7.69269
			}
			{VolumeView "piece2.ply"}
		}
		{bone "piece0"
			{Matrix34
				-0.707106	0.707107	0
				0	0	1
				0.707107	0.707106	0
				27.2875	9.69645	1.44832
			}
			{VolumeView "piece0.ply"}
		}
		{bone "piece1"
			{Matrix34
				0.541675	-0.541676	-0.642788
				-0.454519	0.45452	-0.766044
				0.707107	0.707106	0
				4.66653	32.3174	0.299637
			}
			{VolumeView "piece1.ply"}
		}
		{bone "piece6"
			{Matrix34
				-0.298836	0.298836	-0.906308
				-0.640856	0.640857	0.422618
				0.707107	0.707106	0
				25.7213	11.2625	35.6512
			}
			{VolumeView "piece6.ply"}
		}
		{bone "piece5"
			{Matrix34
				0.298836	0.298837	-0.906308
				0.640856	0.640857	0.422618
				0.707107	-0.707106	0
				38.0599	-8.59201	27.3648
			}
			{VolumeView "piece5.ply"}
		}
		{bone "piece4"
			{Matrix34
				0.704416	0.704416	-0.0871572
				-0.0616294	-0.0616296	-0.996195
				-0.707107	0.707106	0
				15.1395	-33.9927	11.3458
			}
			{VolumeView "piece4.ply"}
		}
		{bone "piece7"
			{Matrix34
				-0.707106	0.707107	0
				0	0	1
				0.707107	0.707106	0
				15.1475	-16.9384	53.0149
			}
			{VolumeView "piece7.ply"}
		}
	}
}
{Volume "piece0"
	{Box 17.2441 36.2712 7.7756}
	{Bone "piece0"}
	{Position 0	0	0.101959}
}
{Volume "piece1"
	{Box 17.2441 36.2712 7.7756}
	{Bone "piece1"}
	{Position 0	0	0.101928}
}
{Volume "piece2"
	{Box 19.839 36.2775 9.84252}
	{Bone "piece2"}
	{Matrix34
		0.997818	-0.0660267	0
		0.0660268	0.997818	0
		0	0	1
		0.185558	0.656107	0
	}
}
{Volume "piece3"
	{Box 12.7007 24.6168 9.84252}
	{Bone "piece3"}
	{Matrix34
		0.988561	-0.150824	0
		0.150824	0.988561	0
		0	0	1
		-0.52197	0.224771	2.47955e-005
	}
}
{Volume "piece4"
	{Box 12.7007 24.6168 9.84252}
	{Bone "piece4"}
	{Matrix34
		0.988561	-0.150824	0
		0.150824	0.988561	0
		0	0	1
		-0.402887	0.0113337	1.38283e-005
	}
}
{Volume "piece5"
	{Box 17.5645 13.6501 9.84252}
	{Bone "piece5"}
	{Matrix34
		0.902792	0.430077	0
		-0.430077	0.902792	0
		0	0	1
		0.963829	-0.212133	-1.28746e-005
	}
}
{Volume "piece6"
	{Box 35.3811 17.1222 7.7756}
	{Bone "piece6"}
	{Matrix34
		0.819152	0.573576	0
		-0.573576	0.819152	0
		0	0	1
		0	-1.3757e-005	0.00610638
	}
}
{Volume "piece7"
	{Box 26.9959 2.43536 36.6398}
	{Bone "piece7"}
	{Matrix34
		0	0	-1
		-0.766044	0.642788	0
		0.642787	0.766045	0
		-3.04887	-3.17549	7.43229
	}
}
