;Exported by: sana
;Date:        Thu Mar 22 14:28:32 2007
;File:        D:\-Project-\-3DWork-\Entourage\SelSovet\SelSovet_cut2_x.max
{Skeleton
	{bone "sels_wall2_7_x"
		{Orientation
			1	0	0
			0	-1	0
			0	0	1
		}
		{bone "piece08"
			{Position -39.3108	-23.5491	13.5472}
			{VolumeView "piece08.ply"}
		}
		{bone "piece07"
			{Position -75.4738	-32.2454	14.4381}
			{VolumeView "piece07.ply"}
		}
		{bone "piece03"
			{Position -25.4161	12.3685	14.8057}
			{VolumeView "piece03.ply"}
		}
		{bone "piece02"
			{Position -66.7756	14.1859	13.6703}
			{VolumeView "piece02.ply"}
		}
		{bone "piece01"
			{Matrix34
				0.981962	-0.130414	0.136906
				0.129165	0.99146	0.0180084
				-0.138086	0	0.99042
				-52.9074	-5.98968	-19.8128
			}
			{VolumeView "piece01.ply"}
		}
		{bone "piece06"
			{Position 2.16429	-25.9866	8.4967}
			{VolumeView "piece06.ply"}
			{bone "sub_piece06"
				{Position -0.0010376	14.0615	11.3158}
				{VolumeView "sub_piece06.ply"}
			}
		}
		{bone "piece04"
			{Position 0.411896	8.49702	1.43103}
			{VolumeView "piece04.ply"}
		}
		{bone "piece05"
			{Position 0.194305	28.951	6.30644}
			{VolumeView "piece05.ply"}
			{bone "sub_piece05"
				{Position 0.266266	-5.41132	-11.4682}
				{VolumeView "sub_piece05.ply"}
			}
		}
	}
}
{Volume "piece01"
	{Box 85.8025 3.0731 3.07312}
	{Bone "piece01"}
	{Position -2.28882e-005	-1.52617e-005	0}
}
{Volume "piece02"
	{Box 54.9476 37.2726 2.51021}
	{Bone "piece02"}
	{Matrix34
		1	0	0
		0	0.871208	-0.490913
		0	0.490913	0.871208
		0	-2.73456	1.26987
	}
}
{Volume "piece03"
	{Box 38.1395 33.2265 2.79715}
	{Bone "piece03"}
	{Matrix34
		1	0	0
		0	0.871516	-0.490367
		0	0.490367	0.871516
		0	-2.34276	1.42037
	}
}
{Volume "piece04"
	{Box 10.0367 20.9869 18.6774}
	{Bone "piece04"}
	{Matrix34
		1	0	0
		0	0.862533	-0.506001
		0	0.506001	0.862533
		0	-3.7197	-2.45744
	}
}
{Volume "piece05"
	{Box 10.4774 16.4075 21.2309}
	{Bone "piece05"}
	{Matrix34
		1	0	0
		0	0.502884	0.864354
		0	-0.864354	0.502884
		0	-1.35138	1.17297
	}
}
{Volume "piece06"
	{Box 10.4768 17.3127 22.2816}
	{Bone "piece06"}
	{Matrix34
		1	0	0
		0	0.484882	-0.874579
		0	0.874579	0.484882
		0	0.487335	-0.566136
	}
}
{Volume "piece07"
	{Box 43.3294 40.9972 2.35383}
	{Bone "piece07"}
	{Matrix34
		0.9119	0	-0.410412
		0	1	0
		0.410412	0	0.9119
		-1.94616	-2.61044	0.672325
	}
}
{Volume "piece08"
	{Box 69.5257 36.949 2.32811}
	{Bone "piece08"}
	{Matrix34
		1	0	0
		0	0.87092	0.491424
		0	-0.491424	0.87092
		1.25192	1.6479	0.982324
	}
}
{Volume "sub_piece05"
	{Box 9.94751 13.6891 10.8066}
	{Bone "sub_piece05"}
	{Matrix34
		1	0	0
		0	0.884985	0.465619
		0	-0.465619	0.884985
		0	-1.07929	0.853365
	}
}
{Volume "sub_piece06"
	{Box 10.4747 16.9723 11.1866}
	{Bone "sub_piece06"}
	{Matrix34
		1	0	0
		0	0.871487	0.490418
		0	-0.490418	0.871487
		0	1.60595	0.770188
	}
}
