;Exported by: shevchenko
;Date:        Tue Mar 14 15:13:00 2006
;File:        D:\-Projects1_5-\-3DWork-\euro1_corner2_lm_corner.max
{Skeleton
	{bone "101_f3c1"
		{Orientation
			1	0	0
			0	-1	0
			0	0	1
		}
		{VolumeView "101_f3c1.ply"}
		{bone "attach1"
			{Matrix34
				0	1	0
				-1	0	0
				0	0	1
				13.3541	7.79846	-27.7309
			}
		}
		{bone "fix46"
			{Position 13.3893	18.6252	-59.1466}
		}
		{bone "fix47"
			{Position -42.7421	-7.98692	-18.4733}
		}
		{bone "fix48"
			{Position 54.7352	18.6252	-32.6964}
		}
	}
}
{Volume "balcony1"
	{Box 29.5276 51.1811 19.685}
	{Bone "101_f3c1"}
	{Matrix34
		0	-1	0
		1	0	0
		0	0	1
		13.3561	10.748	-15.7218
	}
}
{Volume "balcony2"
	{Cylinder 15.748 15.5283}
	{Bone "101_f3c1"}
	{Position 13.3541	21.578	-39.6013}
}
{Volume "body1"
	{Box 27.4878 5.90551 55.5413}
	{Bone "101_f3c1"}
	{Matrix34
		0.975479	0	0.220094
		0	1	0
		-0.220094	0	0.975479
		14.7358	-4.99681	-2.99056
	}
}
{Volume "body2"
	{Box 23.6395 5.90551 35.5465}
	{Bone "101_f3c1"}
	{Matrix34
		0.691129	0	-0.722732
		0	1	0
		0.722732	0	0.691129
		8.65798	-4.99681	29.9763
	}
}
{Volume "body3"
	{Box 86.6142 5.90551 19.685}
	{Bone "101_f3c1"}
	{Position 3.51777	18.6252	-37.5734}
}
{Volume "body4"
	{Box 5.90551 21.6535 31.4764}
	{Bone "101_f3c1"}
	{Position -42.7421	10.7512	-23.8037}
}
{Volume "floor1"
	{Box 86.6142 17.7165 3.93701}
	{Bone "101_f3c1"}
	{Position 3.53562	6.81422	-29.6994}
}
{Volume "floor2"
	{Box 23.9272 12.5191 1.9685}
	{Bone "101_f3c1"}
	{Position 31.8866	-14.0585	-30.6837}
}
{Volume "floor3"
	{Box 21.752 29.1142 1.9685}
	{Bone "101_f3c1"}
	{Position 8.92419	-22.5281	-30.6837}
}
{Volume "railing1"
	{Box 72.8346 1.9685 19.685}
	{Bone "101_f3c1"}
	{Position -3.37816	18.6252	-17.8884}
}
{Volume "roof1"
	{Box 43.1102 49.2126 1.9685}
	{Bone "101_f3c1"}
	{Matrix34
		0.707107	0	-0.707107
		0	1	0
		0.707107	0	0.707107
		27.9799	6.81421	37.4031
	}
}
{Volume "roof2"
	{Box 43.1102 53.6417 1.9685}
	{Bone "101_f3c1"}
	{Matrix34
		-0.707107	0	-0.707107
		0	-1	0
		-0.707107	0	0.707107
		-1.21707	4.5029	37.4031
	}
}
