;Exported by: vic
;Date:        Tue Jul 12 12:14:26 2005
;File:        D:\-Projects-\-3DWork-\Constructions\NEW\Ruini\Soldiers2\e_house200_x2.max
{Skeleton
	{bone "e_house_200_f2_2_x"
		{Orientation
			1	0	0
			0	-1	0
			0	0	1
		}
		{bone "piece0"
			{Matrix34
				1	0	0
				0	0	1
				0	-1	0
				4.15353	-20.6211	-22.5394
			}
			{VolumeView "piece0.ply"}
		}
		{bone "piece2"
			{Position -16.078	-3.95218	-27.3482}
			{VolumeView "piece2.ply"}
		}
		{bone "sub_piece2"
			{Position 15.3713	-8.27499	-27.3482}
			{VolumeView "sub_piece2.ply"}
		}
		{bone "sub_piece1"
			{Matrix34
				1	0	0
				0	0	1
				0	-1	0
				18.3679	-20.3417	3.73167
			}
			{VolumeView "sub_piece1.ply"}
		}
		{bone "sub_piece3"
			{Matrix34
				0.939693	-0.34202	0
				0.34202	0.939693	0
				0	0	1
				-15.5443	17.5773	-27.3482
			}
			{VolumeView "sub_piece3.ply"}
		}
		{bone "sub_piece0"
			{Matrix34
				1	0	0
				0	0	1
				0	-1	0
				-19.0297	-20.3417	6.00394
			}
			{VolumeView "sub_piece0.ply"}
		}
		{bone "piece3"
			{Position 12.3878	14.1832	-27.3482}
			{VolumeView "piece3.ply"}
		}
		{bone "piece1"
			{Matrix34
				1	0	0
				0	0	1
				0	-1	0
				1.10535	-20.3417	26.6732
			}
			{VolumeView "piece1.ply"}
		}
	}
}
{Volume "piece1"
	{Box 44.3792 7.87402 11.9108}
	{Bone "piece1"}
	{Matrix34
		0.999284	-0.0378275	0
		0	0	-1
		0.0378275	0.999284	0
		-1.17553	0.268981	0.109444
	}
}
{Volume "piece3"
	{Box 22.6143 19.218 3.93701}
	{Bone "piece3"}
	{Matrix34
		0.997719	0.0675061	0
		-0.0675061	0.997719	0
		0	0	1
		1.4348	0.686479	0.0242062
	}
}
{Volume "sub_piece0"
	{Box 14.2013 7.87402 24.4171}
	{Bone "sub_piece0"}
	{Matrix34
		0.98979	-0.14253	0
		0	0	-1
		0.14253	0.98979	0
		-0.404333	0.828388	0.109445
	}
}
{Volume "sub_piece3"
	{Box 13.3424 11.9152 3.93701}
	{Bone "sub_piece3"}
	{Matrix34
		0.99917	0.0407278	0
		-0.0407278	0.99917	0
		0	0	1
		-3.65758	0.848792	0.0242062
	}
}
{Volume "sub_piece1"
	{Box 14.2013 7.87402 20.9987}
	{Bone "sub_piece1"}
	{Matrix34
		0.997388	0.0722251	0
		0	0	-1
		-0.0722251	0.997388	0
		0.553158	-0.475303	0.10944
	}
}
{Volume "sub_piece2"
	{Box 17.3956 11.863 3.93701}
	{Bone "sub_piece2"}
	{Matrix34
		0.986046	-0.166474	0
		0.166474	0.986046	0
		0	0	1
		-1.23167	0.7559	0.0242062
	}
}
{Volume "piece2"
	{Box 19.3284 21.9685 3.93701}
	{Bone "piece2"}
	{Matrix34
		0.997146	0.0755031	0
		-0.0755031	0.997146	0
		0	0	1
		-0.01825	-0.563053	0.0241985
	}
}
{Volume "piece0"
	{Box 47.1377 7.87402 18.6106}
	{Bone "piece0"}
	{Matrix34
		0.999284	-0.0378275	0
		0	0	-1
		0.0378275	0.999284	0
		-1.636	0.0641579	-0.169979
	}
}
