;Exported by: Sergey
;Date:        Tue Aug 28 14:59:13 2012
;File:        D:\Documents\3dsmax\scenes\4.2-inch mortar m2\4.2-inch mortar m2_xx.max
{Skeleton
	{bone "basis"
		{Orientation
			1	0	0
			0	-1	0
			0	0	1
		}
		{bone "body"
			{parameters "ID=body;"}
			{Position -13.6468	0	0.462836}
			{VolumeView "body.ply"}
		}
		{bone "gun"
			{parameters "ID=gun;"}
			{Matrix34
				0.00616408	0	-0.999981
				0	1	0
				0.999981	0	0.00616408
				-0.331251	0.028428	0.762156
			}
			{VolumeView "gun.ply"}
		}
		{bone revolute "part4"
			{Matrix34
				0.997389	0	0.0722124
				0.0722124	0	-0.997389
				0	1	0
				53.8309	0.0318271	1.00312
			}
			{VolumeView "part4.ply"}
		}
		{bone "part3"
			{Matrix34
				-0.0251333	0	-0.999684
				0	-1	0
				-0.999684	0	0.0251333
				27.6008	-0.00437849	-0.018652
			}
			{VolumeView "part3.ply"}
		}
		{bone "part5"
			{Matrix34
				0.987719	0	-0.156239
				0	-1	0
				-0.156239	0	-0.987719
				42.8055	-0.00437787	0.241112
			}
			{VolumeView "part5.ply"}
		}
	}
}
{Volume "body"
	{Box 14.7143 15.2644 3.43793}
	{Bone "body"}
	{Position 0.0072298	-0.124971	0.467554}
}
{Volume "gun"
	{Cylinder 2.13484 24.0157}
	{Bone "gun"}
	{Matrix34
		0.999756	0	-0.0220949
		0	1	0
		0.0220949	0	0.999756
		-0.0314519	0.0528763	10.6966
	}
}
{Volume "part3"
	{Cylinder 0.821216 5.94785}
	{Bone "part3"}
	{Matrix34
		-0.0251334	0	-0.999684
		0	-1	0
		-0.999684	0	0.0251334
		-2.9914	0.0522813	0.0842263
	}
}
{Volume "part4"
	{Box 1.63507 5.49761 8.60187}
	{Bone "part4"}
	{Matrix34
		0.0108383	0.999941	0
		0	0	1
		0.999941	-0.0108383	0
		-4.10324	0.0782161	0.0478092
	}
}
{Volume "part5"
	{Box 12.1867 14.8152 3.46485}
	{Bone "part5"}
	{Matrix34
		0.987719	0	-0.156239
		0	-1	0
		-0.156239	0	-0.987719
		-4.98877	-0.0344988	-0.720723
	}
}
