;Exported by: garry
;Date:        Wed Oct 31 12:38:50 2007
;File:        D:\-Projects-\-3DWork-\Model\Танки\Sturm SiG33B\sturmpanzer 1_non_shields_x.max
{Skeleton
	{bone "basis"
		{Orientation
			1	0	0
			0	-1	0
			0	0	1
		}
		{bone "body"
			{parameters "ID=body;"}
			{animation
				{sequence "break" {file "body_b.anm"} {speed 0.8}}
			}
			{Position 0.225906	-0.0739617	6.31969}
			{VolumeView "body.ply"}
			{bone revolute "wheell7"
				{parameters "ID=treackleft;"}
				{Matrix34
					1	0	0
					0	0	1
					0	-1	0
					-36.61	14.1413	2.08854
				}
				{VolumeView "wheell7.ply"}
			}
			{bone revolute "wheell1"
				{parameters "ID=treackleft;"}
				{Matrix34
					0.879571	0	-0.475767
					0.475767	0	0.879571
					0	-1	0
					37.1051	15.5805	4.09547
				}
				{VolumeView "wheell1.ply"}
			}
			{bone revolute "turret"
				{parameters "CommonMesh;ID=turret;"}
				{animation
					{sequence "break" {file "turret_b.anm"} {speed 0.8}}
				}
				{Position 14.0222	-0.228689	23.3979}
				{VolumeView "turret.ply"}
				{bone revolute "gun_rot"
					{parameters "ID=gun;"}
					{Matrix34
						0.999999	0	-0.00144359
						0.00144359	0	0.999999
						0	-1	0
						-3.01677	0	6.40117
					}
					{VolumeView "gun_rot.ply"}
					{bone "gun"
						{parameters "ID=gun;"}
						{Position 16.5777	6.0599	0}
						{VolumeView "gun.ply"}
					}
				}
			}
			{bone revolute "wheelr1"
				{parameters "ID=trackright;"}
				{Matrix34
					1	0	0
					0	0	-1
					0	1	0
					37.1051	-15.7492	4.09547
				}
				{VolumeView "wheelr1.ply"}
			}
			{bone "engine"
				{Position -26.4171	-0.228689	8.34633}
			}
			{bone revolute "wheelr7"
				{parameters "ID=treackleft;"}
				{Matrix34
					0.845977	0	0.533219
					-0.533219	0	0.845977
					0	1	0
					-36.61	-14.4701	2.08854
				}
				{VolumeView "wheelr7.ply"}
			}
		}
		{bone "wheelsl"
			{parameters "CommonMesh;ID=treackleft;"}
			{animation
				{sequence "break" {file "trackL_b.anm"}}
			}
			{Position 0.225906	-0.0739617	6.31969}
			{VolumeView "wheelsl.ply"}
			{bone "trackl"
				{parameters "CommonMesh;ID=trackleft;"}
				{Matrix34
					1	0	0
					0	0	1
					0	-1	0
					-0.473496	16.3822	2.84838
				}
				{VolumeView "trackl.ply"}
			}
			{bone revolute "wheell2"
				{parameters "ID=treackleft;"}
				{Matrix34
					-0.369853	0	0.92909
					-0.92909	0	-0.369853
					0	-1	0
					24.334	14.8421	-0.8658
				}
				{VolumeView "wheell2.ply"}
			}
			{bone revolute "wheell3"
				{parameters "ID=treackleft;"}
				{Matrix34
					-0.369853	0	0.92909
					-0.92909	0	-0.369853
					0	-1	0
					13.3755	14.8421	-0.8658
				}
				{VolumeView "wheell2.ply"}
			}
			{bone revolute "wheell4"
				{parameters "ID=treackleft;"}
				{Matrix34
					-0.369853	0	0.92909
					-0.92909	0	-0.369853
					0	-1	0
					0.808117	14.8421	-0.8658
				}
				{VolumeView "wheell2.ply"}
			}
			{bone revolute "wheell5"
				{parameters "ID=treackleft;"}
				{Matrix34
					-0.369853	0	0.92909
					-0.92909	0	-0.369853
					0	-1	0
					-9.82072	14.8421	-0.8658
				}
				{VolumeView "wheell2.ply"}
			}
			{bone revolute "wheell6"
				{parameters "ID=treackleft;"}
				{Matrix34
					-0.369853	0	0.92909
					-0.92909	0	-0.369853
					0	-1	0
					-23.2242	14.8421	-0.8658
				}
				{VolumeView "wheell2.ply"}
			}
		}
		{bone "wheelsr"
			{parameters "CommonMesh;ID=treackright;"}
			{animation
				{sequence "break" {file "trackR_b.anm"}}
			}
			{Matrix34
				1	0	0
				0	-1	0
				0	0	1
				0.225906	-0.0739617	6.31969
			}
			{VolumeView "wheelsr.ply"}
			{bone "trackr"
				{parameters "CommonMesh;ID=trackright;"}
				{Matrix34
					1	0	0
					0	0	1
					0	1	0
					-0.473494	16.737	2.84838
				}
				{VolumeView "trackr.ply"}
			}
			{bone revolute "wheelr2"
				{parameters "ID=treackright;"}
				{Matrix34
					0.107701	0	-0.994183
					0.994183	0	0.107701
					0	-1	0
					24.334	14.8421	-0.8658
				}
				{VolumeView "wheelr2.ply"}
			}
			{bone revolute "wheelr3"
				{parameters "ID=treackright;"}
				{Matrix34
					1	0	0
					0	0	1
					0	-1	0
					13.3916	14.8421	-0.8658
				}
				{VolumeView "wheelr2.ply"}
			}
			{bone revolute "wheelr4"
				{parameters "ID=treackright;"}
				{Matrix34
					0.724961	0	-0.688789
					0.688789	0	0.724961
					0	-1	0
					0.88162	14.8421	-0.8658
				}
				{VolumeView "wheelr2.ply"}
			}
			{bone revolute "wheelr5"
				{parameters "ID=treackright;"}
				{Matrix34
					0.724961	0	-0.688789
					0.688789	0	0.724961
					0	-1	0
					-9.88166	14.8421	-0.8658
				}
				{VolumeView "wheelr2.ply"}
			}
			{bone revolute "wheelr6"
				{parameters "ID=treackright;"}
				{Matrix34
					0.107701	0	-0.994183
					0.994183	0	0.107701
					0	-1	0
					-23.29	14.8421	-0.8658
				}
				{VolumeView "wheelr2.ply"}
			}
		}
	}
}
