;Exported by: sergienko
;Date:        Tue Aug 26 16:37:11 2008
;File:        G:\!!!project_bcp\construction\vehicle\coaster_ship\coaster_ship02.max
{Skeleton
	{bone "basis"
		{Orientation
			1	0	0
			0	-1	0
			0	0	1
		}
		{bone "piece2"
			{parameters "ID=body;"}
			{Matrix34
				-0.99967	0.00237825	0.0255705
				0	-0.995706	0.092574
				0.0256808	0.0925434	0.995377
				-0.49173	0.733185	14.1902
			}
			{VolumeView "piece2.ply"}
		}
		{bone "piece3"
			{Matrix34
				-0.99967	0.0023776	0.0255705
				0	-0.995706	0.092574
				0.0256808	0.0925434	0.995377
				36.8897	-24.0554	16.701
			}
			{VolumeView "piece3.ply"}
		}
		{bone "piece4"
			{Matrix34
				-0.99967	0.0023776	0.0255705
				0	-0.995706	0.092574
				0.0256808	0.0925434	0.995377
				-34.0338	23.3161	14.2291
			}
			{VolumeView "piece4.ply"}
		}
		{bone revolute "piece1"
			{parameters "ID=turret;"}
			{Matrix34
				-0.96021	0.226198	0.163803
				-0.209812	-0.971367	0.111465
				0.184326	0.0726618	0.980176
				8.25519	6.20032	39.9915
			}
			{VolumeView "piece1.ply"}
		}
		{bone revolute "piece5"
			{parameters "ID=trackleft;"}
			{Matrix34
				0.999962	0	-0.00872654
				-0.00114868	0.991296	-0.131646
				0.0086506	0.131651	0.991259
				-13.7454	33.5982	5.98292
			}
			{VolumeView "piece5.ply"}
		}
		{bone revolute "piece6"
			{parameters "ID=trackleft;"}
			{Matrix34
				1	0	0
				0	0.983948	-0.178454
				0	0.178454	0.983948
				-29.7346	32.9686	6.03118
			}
			{VolumeView "piece6.ply"}
		}
		{bone revolute "piece7"
			{parameters "ID=trackright;"}
			{Matrix34
				-0.954727	0	-0.297484
				-0.21449	-0.692919	0.688373
				-0.206132	0.721015	0.661549
				29.5634	-35.6412	19.5214
			}
			{VolumeView "piece7.ply"}
		}
		{bone revolute "piece8"
			{parameters "ID=trackright;"}
			{Matrix34
				-1	0	0
				0	-0.706643	0.707571
				0	0.707571	0.706643
				-13.7247	-32.8748	17.7054
			}
			{VolumeView "piece8.ply"}
		}
		{bone "fx_dust1"
			{Position 0	1.43051e-005	0}
		}
		{bone "fx_exp1"
			{Position 0	1.43051e-005	0}
		}
		{bone "fx_metall1"
			{Position 0	1.43051e-005	0}
		}
		{bone "fx_metall1a"
			{Position 0	1.43051e-005	0}
		}
	}
}
{Volume "piece1_1"
	{Polyhedron "piece1_1.vol"}
	{Bone "piece1"}
	{Matrix34
		-1	0	0
		0	-1	0
		0	0	1
		7.07913	-3.05176e-005	0.727119
	}
}
{Volume "piece2_1"
	{Polyhedron "piece2_1.vol"}
	{Bone "piece2"}
	{Position 4.85583	-0.249359	-2.61596}
}
{Volume "piece2_2"
	{Polyhedron "piece2_2.vol"}
	{Bone "piece2"}
	{Position 4.85583	-0.164795	-7.37033}
}
{Volume "piece2_3"
	{Polyhedron "piece2_3.vol"}
	{Bone "piece2"}
	{Position -2.75783	-0.294678	0.662815}
}
{Volume "piece2_4"
	{Polyhedron "piece2_4.vol"}
	{Bone "piece2"}
	{Position -22.1709	-23.8221	1.57804}
}
{Volume "piece2_5"
	{Polyhedron "piece2_5.vol"}
	{Bone "piece2"}
	{Matrix34
		-0.998681	0.000279211	0.0513433
		0.00027962	-0.999941	0.0108766
		0.0513433	0.0108766	0.998622
		33.5732	22.1051	0.78224
	}
}
{Volume "piece3_1"
	{Polyhedron "piece3_1.vol"}
	{Bone "piece3"}
	{Matrix34
		-0.99967	0	0.0256806
		0.0023772	-0.995706	0.0925434
		0.0255703	0.0925739	0.995377
		0.00100708	-0.514404	-5.53463
	}
}
{Volume "piece3_2"
	{Polyhedron "piece3_2.vol"}
	{Bone "piece3"}
	{Position 0.184341	0.346832	-0.00619507}
}
{Volume "piece4_1"
	{Polyhedron "piece4_1.vol"}
	{Bone "piece4"}
	{Matrix34
		-0.998681	0.000279447	0.0513433
		0.000279382	-0.999941	0.0108767
		0.0513433	0.0108767	0.998622
		0	1.90015	0
	}
}
{Volume "piece4_2"
	{Polyhedron "piece4_2.vol"}
	{Bone "piece4"}
	{Matrix34
		-0.99967	0	0.0256806
		0.0023772	-0.995706	0.0925434
		0.0255703	0.0925739	0.995377
		-0.680969	-1.13077	-5.9896
	}
}
{Volume "piece5"
	{Cylinder 7.60046 5.46384}
	{Bone "piece5"}
	{Matrix34
		1	0	0
		0	-0.00469033	-0.999989
		0	0.999989	-0.00469026
		0.277863	0.228664	-0.286031
	}
}
{Volume "piece6"
	{Cylinder 7.60046 5.46384}
	{Bone "piece6"}
	{Matrix34
		1	0	0
		0	-0.00510867	-0.999987
		0	0.999987	-0.0051086
		0.0097046	0.262021	-0.28289
	}
}
{Volume "piece7"
	{Cylinder 7.60046 5.46384}
	{Bone "piece7"}
	{Matrix34
		-1	0	0
		0	0	-1
		0	-1	0
		-0.24643	0.388195	0.063034
	}
}
{Volume "piece8"
	{Cylinder 7.60046 5.46384}
	{Bone "piece8"}
	{Matrix34
		-1	0	0
		0	0	-1
		0	-1	0
		3.05176e-005	0.47926	0
	}
}
