;Exported by: sergey
;Date:        Sun Oct 06 17:02:09 2013
;File:        D:\Documents\3dsmax\scenes\_entity\-vehicle\cannon\2 cm FLAK 38 flakvierling\flakvierling_fix_x.max
{Skeleton
	{bone "basis"
		{Orientation
			1	0	0
			0	-1	0
			0	0	1
		}
		{bone "body"
			{parameters "ID=body;"}
			{Position -2.77546	0	0}
			{VolumeView "body.ply"}
			{bone revolute "turret"
				{parameters "ID=turret;"}
				{speed 0.01}
				{Position -0.122097	0.176792	4.46872}
				{VolumeView "turret.ply"}
				{bone revolute "gun_rot"
					{parameters "ID=gun;"}
					{limits -25 35}
					{speed 0.01}
					{Matrix34
						0.85481	0	-0.518941
						0.518941	0	0.85481
						0	-1	0
						-1.29379	4.29538	15.5196
					}
					{VolumeView "gun_rot.ply"}
					{bone "gun1"
						{parameters "ID=gun;"}
						{Matrix34
							0	0	-1
							-0.339791	0.940501	0
							0.940501	0.339791	0
							-8.25384	-0.80172	10.7626
						}
						{VolumeView "gun1.ply"}
						{bone "magazine1_01"
							{Matrix34
								0.0608641	-0.00385466	0.998139
								0.00582223	0.999977	0.00350671
								-0.998129	0.00559799	0.0608853
								-5.03699	-0.452642	9.42831
							}
							{VolumeView "magazine1_01.ply"}
						}
					}
					{bone "gun2"
						{parameters "ID=gun;"}
						{Matrix34
							0	0	-1
							-0.339791	0.940501	0
							0.940501	0.339791	0
							-6.85908	-4.96413	10.7626
						}
						{VolumeView "gun2.ply"}
						{bone "magazine1_00"
							{Matrix34
								0.0493082	-0.00414661	0.998775
								-0.00216802	0.999988	0.00425859
								-0.998781	-0.00237526	0.0492987
								-4.9058	-0.442759	9.48189
							}
							{VolumeView "magazine1_00.ply"}
						}
					}
					{bone "gun3"
						{parameters "ID=gun;"}
						{Matrix34
							0	0	1
							-0.339791	0.940501	0
							0.940501	0.339791	0
							-8.25384	-0.80172	-2.19398
						}
						{VolumeView "gun3.ply"}
						{bone "magazine1_02"
							{Matrix34
								0.100294	-0.0101389	0.994906
								0.0157395	0.999839	0.00860247
								-0.994833	0.0147965	0.100437
								-4.93194	-0.436123	9.5306
							}
							{VolumeView "magazine1_02.ply"}
						}
					}
					{bone "gun4"
						{parameters "ID=gun;"}
						{Matrix34
							0	0	1
							-0.339791	0.940501	0
							0.940501	0.339791	0
							-6.85908	-4.96413	-2.19398
						}
						{VolumeView "gun4.ply"}
						{bone "magazine1_03"
							{Matrix34
								0.100219	-0.00678362	0.994942
								0.00939969	0.999939	0.00587083
								-0.994921	0.0087638	0.100276
								-4.94342	-0.43472	9.61784
							}
							{VolumeView "magazine1_03.ply"}
						}
					}
					{bone "shield3"
						{parameters "ID=gun;"}
						{Position 0	0	-0.778568}
						{VolumeView "shield3.ply"}
					}
					{bone "shield4"
						{parameters "ID=gun;"}
						{Position 0	0	12.1327}
						{VolumeView "shield4.ply"}
					}
				}
				{bone revolute "podnozhka"
					{Matrix34
						0	-1	0
						0	0	1
						-1	0	0
						-13.1367	9.72318	2.00114
					}
					{VolumeView "podnozhka.ply"}
					{bone revolute "seat"
						{Matrix34
							0	-0.875422	0.483359
							0	0.483359	0.875422
							-1	0	0
							-4.37511	1.50178	-6.0004
						}
						{VolumeView "seat.ply"}
					}
				}
				{bone revolute "podnozhka01"
					{Matrix34
						0	1	0
						0	0	1
						-1	0	0
						-13.1367	-9.65592	2.00114
					}
					{VolumeView "podnozhka01.ply"}
					{bone revolute "seat01"
						{Matrix34
							0	0	1
							0	1	0
							-1	0	0
							-4.37511	1.46801	-6.00041
						}
						{VolumeView "seat01.ply"}
					}
				}
				{bone "pricel"
					{Matrix34
						0.957905	0	0.287085
						-0.287085	0	0.957905
						0	-1	0
						-12.6951	-1.18654	28.518
					}
					{VolumeView "pricel.ply"}
				}
				{bone "magazin6"
					{Position 3.36441	8.88858	4.86555}
					{VolumeView "magazin6.ply"}
				}
				{bone revolute "shield1"
					{parameters "ID=shield1;"}
					{Matrix34
						-0.258819	-0.965926	0
						0.965926	-0.258819	0
						0	0	1
						11.055	-5.59667	7.00832
					}
					{VolumeView "shield1.ply"}
				}
				{bone "shield7"
					{Matrix34
						-0.197285	0.980346	0
						0	0	1
						0.980346	0.197285	0
						15.0552	-0.0260157	5.92644
					}
					{VolumeView "shield7.ply"}
				}
				{bone revolute "shield2"
					{parameters "ID=shield1;"}
					{Matrix34
						0.337686	0.941259	0
						0.941259	-0.337686	0
						0	0	1
						11.055	5.35004	7.00832
					}
					{VolumeView "shield2.ply"}
				}
				{bone "magazin5"
					{Matrix34
						1	0	0
						0	-1	0
						0	0	1
						3.39271	-9.08587	4.62002
					}
					{VolumeView "magazin5.ply"}
				}
			}
		}
	}
}
{Volume "body1"
	{Box 32.1394 22.4035 3.16287}
	{Bone "body"}
	{Position -2.59681	0.04258	3.446}
}
{Volume "body2"
	{Box 18.9573 7.86727 5.15638}
	{Bone "body"}
	{Position -28.1983	-0.104218	2.63452}
}
{Volume "body3"
	{Box 9.91957 9.4504 5.1193}
	{Bone "body"}
	{Position 9.2387	-16.0255	2.52578}
}
{Volume "body4"
	{Box 9.91957 9.4504 5.1193}
	{Bone "body"}
	{Position 9.23871	16.1227	2.52578}
}
{Volume "gun_rot1"
	{Cylinder 6.8923 0.97718}
	{Bone "gun_rot"}
	{Matrix34
		0.941683	0.336501	0
		-0.336501	0.941683	0
		0	0	1
		0.0376216	0.0666695	8.9271
	}
}
{Volume "gun_rot2"
	{Cylinder 6.8923 0.97718}
	{Bone "gun_rot"}
	{Matrix34
		0.941683	0.336501	0
		-0.336501	0.941683	0
		0	0	1
		0.0376197	0.0666704	-0.319457
	}
}
{Volume "shield1"
	{Box 0.702292 17.0576 17.266}
	{Bone "shield1"}
	{Matrix34
		0	1	0
		0	0	1
		1	0	0
		8.03926	-0.0275312	3.19735
	}
}
{Volume "shield3"
	{Box 3.84853 12.2913 3.05416}
	{Bone "shield3"}
	{Matrix34
		-0.941683	-0.336501	0
		-0.336501	0.941683	0
		0	0	-1
		9.32312	3.32781	-1.39898
	}
}
{Volume "shield4"
	{Box 3.84853 12.2913 3.05416}
	{Bone "shield4"}
	{Matrix34
		-0.941683	-0.336501	0
		-0.336501	0.941683	0
		0	0	-1
		9.32312	3.32781	-1.37259
	}
}
{Volume "shield5"
	{Box 6.30482 10.0201 0.469169}
	{Bone "shield7"}
	{Matrix34
		0.00257671	0	0.999996
		0	1	0
		-0.999996	0	0.00257662
		5.37743	-0.165267	-2.8095
	}
}
{Volume "shield6"
	{Box 6.30482 10.0201 0.469169}
	{Bone "shield7"}
	{Matrix34
		0.00257671	0	0.999996
		0	1	0
		-0.999996	0	0.00257662
		-5.38364	-0.165267	-2.8095
	}
}
{Volume "shield7"
	{Box 11.2936 10.0201 0.469169}
	{Bone "shield7"}
	{Position 0.0154459	-0.165266	0.725033}
}
{Volume "shield8"
	{Box 0.717627 15.1196 14.4347}
	{Bone "shield1"}
	{Matrix34
		0	0.914508	0.404568
		0	-0.404568	0.914508
		1	0	0
		9.60938	-3.03728	18.3414
	}
}
{Volume "shield9"
	{Box 0.717627 15.1196 14.4347}
	{Bone "shield2"}
	{Matrix34
		0.00885221	0.914466	0.404568
		-0.00391614	-0.404549	0.914508
		-0.999953	0.00967974	0
		9.58619	-3.11639	18.3414
	}
}
{Volume "shield"
	{Box 0.702292 17.0576 17.266}
	{Bone "shield2"}
	{Matrix34
		0.00967979	0.999953	0
		0	0	1
		-0.999953	0.00967979	0
		8.23444	-0.093402	3.19736
	}
}
{Volume "turret1"
	{Box 13.4369 24.1102 10.0062}
	{Bone "turret"}
	{Matrix34
		1	0	0
		0	0	1
		0	-1	0
		-1.305	0.340492	11.3367
	}
}
{Volume "turret2"
	{Box 8.10028 14.2946 9.72034}
	{Bone "turret"}
	{Matrix34
		1	0	0
		0	0	1
		0	-1	0
		9.35693	0.278599	7.57249
	}
}
