;Exported by: ?????
;Date:        Sun Mar 29 12:45:19 2020
;File:        E:\3? ???\????????\?54\?54_??.max
{Skeleton
	{bone "basis"
		{Orientation
			1	0	0
			0	-1	0
			0	0	1
		}
		{bone "body"
			{parameters "ID=body;"}
			{Matrix34
				1	0	0
				0	0.999391	0.0348995
				0	-0.0348995	0.999391
				0	0	17.6486
			}
			{VolumeView "body.ply"}
			{bone "engine"
				{parameters "ID=engine;"}
				{Matrix34
					0.999916	0	0.01297
					-0.000452645	0.999391	0.0348966
					-0.0129621	-0.0348995	0.999307
					0	0	7.43866e-05
				}
				{VolumeView "engine.ply"}
			}
			{bone revolute "turret"
				{parameters "ID=turret;"}
				{Matrix34
					0.959944	-0.270608	-0.0726511
					0.27526	0.959229	0.0641263
					0.0523359	-0.0815556	0.995294
					-2.77345	-0.00137812	9.58187
				}
				{VolumeView "turret.ply"}
				{bone revolute "gun_rot"
					{parameters "ID=gun;"}
					{Matrix34
						0.991079	-0.0137871	-0.13256
						0.132985	0.0367035	0.990438
						-0.00878984	-0.999231	0.0382095
						28.5201	0.00116301	6.78497
					}
					{VolumeView "gun_rot.ply"}
					{bone "gun"
						{parameters "ID=gun;"}
						{Matrix34
							1	0	0
							0	0	-1
							0	1	0
							-4.75336	-0.142883	0.00137746
						}
						{VolumeView "gun.ply"}
					}
				}
			}
		}
		{bone "wheelsr"
			{parameters "ID=trackright;"}
			{VolumeView "wheelsr.ply"}
			{bone revolute "wheelr7"
				{parameters "ID=trackright;"}
				{Matrix34
					1	0	0
					0	0	-1
					0	1	0
					-52.0683	-26.2018	14.6135
				}
				{VolumeView "wheelr7.ply"}
			}
			{bone revolute "wheelr6"
				{parameters "ID=trackright;"}
				{Matrix34
					1	0	0
					0	0	-1
					0	1	0
					-38.9061	-26.2148	8.56335
				}
				{VolumeView "wheelr6.ply"}
			}
			{bone revolute "wheelr5"
				{parameters "ID=trackright;"}
				{Matrix34
					1	0	0
					0	0	-1
					0	1	0
					-21.7096	-26.2148	8.56334
				}
				{VolumeView "wheelr5.ply"}
			}
			{bone revolute "wheelr4"
				{parameters "ID=trackright;"}
				{Matrix34
					1	0	0
					0	0	-1
					0	1	0
					-4.71146	-26.2148	8.56333
				}
				{VolumeView "wheelr4.ply"}
			}
			{bone revolute "wheelr2"
				{parameters "ID=trackright;"}
				{Matrix34
					1	0	0
					0	0	-1
					0	1	0
					34.3614	-26.2148	8.56332
				}
				{VolumeView "wheelr2.ply"}
			}
			{bone revolute "wheelr1"
				{parameters "ID=trackright;"}
				{Matrix34
					1	0	0
					0	0	-1
					0	1	0
					50.3056	-26.2007	16.761
				}
				{VolumeView "wheelr1.ply"}
			}
			{bone revolute "wheelr3"
				{parameters "ID=trackright;"}
				{Matrix34
					1	0	0
					0	0	-1
					0	1	0
					12.2727	-26.2148	8.56333
				}
				{VolumeView "wheelr3.ply"}
			}
			{bone "trackr"
				{parameters "ID=trackright;"}
				{VolumeView "trackr.ply"}
			}
		}
		{bone "wheelsl"
			{parameters "ID=trackleft;"}
			{VolumeView "wheelsl.ply"}
			{bone revolute "wheell2"
				{parameters "ID=trackleft;"}
				{Matrix34
					1	0	0
					0	0	-1
					0	1	0
					35.822	26.2121	8.56338
				}
				{VolumeView "wheell2.ply"}
			}
			{bone revolute "wheell1"
				{parameters "ID=trackleft;"}
				{Matrix34
					1	0	0
					0	0	-1
					0	1	0
					50.3056	26.1979	16.7611
				}
				{VolumeView "wheell1.ply"}
			}
			{bone revolute "wheell3"
				{parameters "ID=trackleft;"}
				{Matrix34
					1	0	0
					0	0	-1
					0	1	0
					13.3607	26.2121	8.56337
				}
				{VolumeView "wheell3.ply"}
			}
			{bone revolute "wheell4"
				{parameters "ID=trackleft;"}
				{Matrix34
					1	0	0
					0	0	-1
					0	1	0
					-3.25094	26.2122	8.56338
				}
				{VolumeView "wheell4.ply"}
			}
			{bone revolute "wheell5"
				{parameters "ID=trackleft;"}
				{Matrix34
					1	0	0
					0	0	-1
					0	1	0
					-20.2491	26.2121	8.56336
				}
				{VolumeView "wheell5.ply"}
			}
			{bone revolute "wheell7"
				{parameters "ID=trackleft;"}
				{Matrix34
					1	0	0
					0	0	-1
					0	1	0
					-52.1555	26.1989	14.6764
				}
				{VolumeView "wheell7.ply"}
			}
			{bone revolute "wheell6"
				{parameters "ID=trackleft;"}
				{Matrix34
					1	0	0
					0	0	-1
					0	1	0
					-37.4456	26.2121	8.56335
				}
				{VolumeView "wheell6.ply"}
			}
			{bone "trackl"
				{parameters "ID=trackleft;"}
				{VolumeView "trackl.ply"}
			}
		}
	}
}
{Volume "body"
	{Polyhedron "body.vol"}
	{Bone "body"}
	{Position 0	0	7.43866e-05}
}
{Volume "gun"
	{Polyhedron "gun.vol"}
	{Bone "gun"}
	{Position 0	0	0.000152588}
}
{Volume "mantlet"
	{Polyhedron "mantlet.vol"}
	{Bone "gun_rot"}
	{Position -4.63268	-0.139404	0.00135243}
}
{Volume "trackleft"
	{Polyhedron "trackleft.vol"}
	{Bone "wheelsl"}
}
{Volume "trackright"
	{Polyhedron "trackright.vol"}
	{Bone "wheelsr"}
}
{Volume "turret"
	{Polyhedron "turret.vol"}
	{Bone "turret"}
	{Position 0	0	-1.45439}
}
