;Exported by: garry
;Date:        Sat Aug 12 12:33:58 2006
;File:        D:\-Projects-\-3DWork-\Model\Танки\IS\is2_xx.max
{Skeleton
	{bone "basis"
		{Orientation
			1	0	0
			0	-1	0
			0	0	1
		}
		{bone "body"
			{parameters "ID=body;"}
			{Matrix34
				0.999991	0.00297537	-0.00309897
				-0.00310803	0.999039	-0.0437204
				0.0029659	0.0437296	0.999039
				1.90049	0.216455	5.18355
			}
			{LODView
				{VolumeView "body.ply"}
				{VolumeView "body_lod1.ply"}
			}
			{bone revolute "turret"
				{parameters "ID=turret;"}
				{Matrix34
					0.873559	-0.457617	-0.165774
					-0.454411	-0.888832	0.0590571
					0.174371	-0.0237397	0.984394
					12.7892	-0.107975	23.962
				}
				{LODView
					{VolumeView "turret.ply"}
					{VolumeView "turret_lod1.ply"}
				}
				{bone revolute "gun_rot"
					{parameters "ID=gun;"}
					{Matrix34
						0.977138	0.134151	-0.16494
						0.187283	-0.175917	0.966425
						0.100631	-0.975221	-0.197019
						26.3761	-1.061	8.28994
					}
					{VolumeView "gun_rot.ply"}
					{bone revolute "gun"
						{parameters "ID=gun;"}
						{limits -3 3}
						{Matrix34
							1	0	0
							0	0	-1
							0	1	0
							2.7093	0.0167416	-1.46697
						}
						{VolumeView "gun.ply"}
					}
				}
				{bone "enumerator"
					{Matrix34
						-1	0	0
						0	0	1
						0	-1	0
						11.7887	-21.6138	10.6673
					}
					{VolumeView "enumerator.ply"}
				}
				{bone revolute "turret_mgun"
					{speed 0.03}
					{Matrix34
						1	0	0
						0	-1	0
						0	0	1
						-12.053	-7.14606	18.1249
					}
					{VolumeView "turret_mgun.ply"}
					{bone revolute "mgun_rot"
						{limits -20 10}
						{speed 0.03}
						{Matrix34
							1	0	0
							0	0	1
							0	-1	0
							6.32637	0.091817	10.4329
						}
						{bone revolute "mgun2"
							{Position 0	0.557446	0}
						}
					}
				}
			}
			{bone revolute "wheell1"
				{parameters "ID=trackleft;"}
				{Matrix34
					1	0	0
					0	0	-1
					0	1	0
					59.9614	21.4081	6.53246
				}
				{VolumeView "wheell1.ply"}
			}
			{bone revolute "wheell8"
				{parameters "ID=trackleft;"}
				{Matrix34
					1	0	0
					0	0	-1
					0	1	0
					-54.8211	22.7559	5.91424
				}
				{LODView
					{VolumeView "wheell8.ply"}
					{VolumeView "wheell8_lod1.ply"}
				}
			}
			{bone "engine"
				{parameters "ID=engine;"}
				{Position -42.2398	-0.298296	14.9219}
				{VolumeView "engine.ply"}
			}
			{bone revolute "wheelr10"
				{parameters "ID=trackleft;"}
				{Matrix34
					-1	0	0
					0	0	1
					0	-1	0
					3.37153	-16.9069	11.4485
				}
				{LODView
					{VolumeView "wheelr10.ply"}
					{Off}
				}
			}
			{bone revolute "wheell11"
				{parameters "ID=trackleft;"}
				{Matrix34
					-1	0	0
					0	0	1
					0	1	0
					-33.6545	15.853	11.4485
				}
				{LODView
					{VolumeView "wheell11.ply"}
					{Off}
				}
			}
			{bone revolute "wheell10"
				{parameters "ID=trackleft;"}
				{Matrix34
					-1	0	0
					0	0	1
					0	1	0
					3.37153	15.853	11.4485
				}
				{LODView
					{VolumeView "wheell11.ply"}
					{Off}
				}
			}
			{bone revolute "wheell9"
				{parameters "ID=trackleft;"}
				{Matrix34
					-1	0	0
					0	0	1
					0	1	0
					39.7363	15.853	11.4485
				}
				{LODView
					{VolumeView "wheell11.ply"}
					{Off}
				}
			}
			{bone "part1"
				{Matrix34
					1	0	0
					0	-1	0
					0	0	1
					64.0632	21.5653	15.2726
				}
				{VolumeView "part1.ply"}
			}
			{bone "part2"
				{Matrix34
					1	0	0
					0	-1	0
					0	0	1
					29.6241	26.9856	18.1041
				}
				{VolumeView "part2.ply"}
			}
			{bone "part3"
				{Matrix34
					-0.999991	0.00310866	-0.00296402
					-0.00309711	-0.0437222	0.999039
					-0.00297608	-0.999039	-0.0437314
					-51.6796	22.2036	7.9911
				}
				{VolumeView "part3.ply"}
			}
			{bone revolute "wheelr1"
				{parameters "ID=trackleft;"}
				{Matrix34
					-1	0	0
					0	0	-1
					0	-1	0
					59.8284	-23.2643	4.57707
				}
				{VolumeView "wheell1.ply"}
			}
			{bone revolute "wheelr9"
				{parameters "ID=trackleft;"}
				{Matrix34
					-1	0	0
					0	0	1
					0	-1	0
					39.469	-17.0191	11.5555
				}
				{LODView
					{VolumeView "wheelr10.ply"}
					{Off}
				}
			}
			{bone revolute "wheelr11"
				{parameters "ID=trackleft;"}
				{Matrix34
					-1	0	0
					0	0	1
					0	-1	0
					-33.7697	-16.7915	11.3383
				}
				{LODView
					{VolumeView "wheelr10.ply"}
					{Off}
				}
			}
		}
		{bone "wheelsl"
			{parameters "ID=trackleft;"}
			{Matrix34
				0	0	1
				-1	0	0
				0	-1	0
				-4.4996	15.2757	16.4802
			}
			{LODView
				{VolumeView "wheelsl.ply"}
				{VolumeView "wheelsl_lod1.ply"}
			}
			{bone revolute "wheell2"
				{parameters "ID=trackleft;"}
				{Matrix34
					0	-1	0
					-1	0	0
					0	0	-1
					-10.1001	-52.8954	-6.34885
				}
				{VolumeView "wheell2.ply"}
			}
			{bone revolute "wheell3"
				{parameters "ID=trackleft;"}
				{Matrix34
					0	-1	0
					-1	0	0
					0	0	-1
					-10.1002	-34.2752	-6.34886
				}
				{VolumeView "wheell3.ply"}
			}
			{bone revolute "wheell4"
				{parameters "ID=trackleft;"}
				{Matrix34
					0	-1	0
					-1	0	0
					0	0	-1
					-10.1002	-17.1855	-6.34886
				}
				{VolumeView "wheell4.ply"}
			}
			{bone revolute "wheell5"
				{parameters "ID=trackleft;"}
				{Matrix34
					0	-1	0
					-1	0	0
					0	0	-1
					-10.1002	0.352072	-6.34886
				}
				{VolumeView "wheell4.ply"}
			}
			{bone revolute "wheell6"
				{parameters "ID=trackleft;"}
				{Matrix34
					0	-1	0
					-1	0	0
					0	0	-1
					-10.1002	18.6303	-6.34887
				}
				{VolumeView "wheell4.ply"}
			}
			{bone revolute "wheell7"
				{parameters "ID=trackleft;"}
				{Matrix34
					0	-1	0
					-1	0	0
					0	0	-1
					-10.1002	34.0811	-6.34887
				}
				{VolumeView "wheell4.ply"}
			}
		}
		{bone "wheelsr"
			{parameters "ID=trackright;"}
			{Matrix34
				0	0	1
				-1	0	0
				0	-1	0
				-4.49962	-14.6892	16.4802
			}
			{VolumeView "wheelsr.ply"}
			{bone revolute "wheelr2"
				{parameters "ID=trackleft;"}
				{Matrix34
					0	1	0
					-1	0	0
					0	0	1
					-10.1001	-52.8954	8.40158
				}
				{VolumeView "wheell2.ply"}
			}
			{bone revolute "wheelr3"
				{parameters "ID=trackleft;"}
				{Matrix34
					0	1	0
					-1	0	0
					0	0	1
					-10.1002	-34.2752	8.40158
				}
				{VolumeView "wheell3.ply"}
			}
			{bone revolute "wheelr4"
				{parameters "ID=trackleft;"}
				{Matrix34
					0	1	0
					-1	0	0
					0	0	1
					-10.1002	-17.1855	8.40157
				}
				{VolumeView "wheell4.ply"}
			}
			{bone revolute "wheelr5"
				{parameters "ID=trackleft;"}
				{Matrix34
					0	1	0
					-1	0	0
					0	0	1
					-10.1002	0.352055	8.40157
				}
				{VolumeView "wheell4.ply"}
			}
			{bone revolute "wheelr6"
				{parameters "ID=trackleft;"}
				{Matrix34
					0	1	0
					-1	0	0
					0	0	1
					-10.1002	18.6303	8.40156
				}
				{VolumeView "wheell4.ply"}
			}
			{bone revolute "wheelr7"
				{parameters "ID=trackleft;"}
				{Matrix34
					0	1	0
					-1	0	0
					0	0	1
					-10.1002	34.0811	8.40156
				}
				{VolumeView "wheell4.ply"}
			}
		}
	}
}
{Volume "body1"
	{Polyhedron "body1.vol"}
	{Bone "body"}
	{Position 2.1593	-0.216445	-1.14993}
}
{Volume "body2"
	{Polyhedron "body2.vol"}
	{Bone "body"}
	{Position -0.254183	-0.216445	10.7611}
}
{Volume "gun"
	{Cylinder 2.8101 79.9945}
	{Bone "gun"}
	{Matrix34
		0	-1	0
		0	0	1
		1	0	0
		40.1882	-0.14616	0.0685285
	}
}
{Volume "part1"
	{Box 9.67925 14.3739 3.71585}
	{Bone "part1"}
	{Matrix34
		0.953477	-0.0103488	-0.301288
		0.0029746	-0.999039	0.043729
		0.301451	0.0425908	0.95253
		-0.43922	-0.98429	-0.34342
	}
}
{Volume "part2"
	{Box 23.6107 5.51387 3.53594}
	{Bone "part2"}
	{Matrix34
		0.999991	0.00310744	0.0029659
		0.00297479	-0.999039	0.0437289
		-0.00309894	0.0437197	0.999039
		-0.000108567	0.00157181	0.0359323
	}
}
{Volume "part3"
	{Polyhedron "part3.vol"}
	{Bone "part3"}
	{Matrix34
		-1	0	0
		0	0	-1
		0	1	0
		0	0	0
	}
}
{Volume "trackleft"
	{Box 117.813 12.6049 24.2722}
	{Bone "wheelsl"}
	{Matrix34
		0	-1	0
		0	0	-1
		1	0	0
		-4.39978	-9.28646	-7.64515
	}
}
{Volume "trackright"
	{Box 117.813 12.6049 24.2722}
	{Bone "wheelsr"}
	{Matrix34
		0	-1	0
		0	0	-1
		1	0	0
		-4.39978	-9.28648	7.76072
	}
}
{Volume "turret"
	{Polyhedron "turret.vol"}
	{Bone "turret"}
	{Matrix34
		1	0	0
		0	-1	0
		0	0	1
		-0.867033	0.108482	1.77992
	}
}
