;Exported by: sergienko
;Date:        Thu Feb 09 11:22:09 2006
;File:        D:\-projets1_5\3dwork\anima\construction\Bahnhof_house\Bahnhof_house_x_test_без.max
{Skeleton
	{animation
		{sequence "crush" {speed 0.2}}
	}
	{bone "bh_corner20"
		{Orientation
			1	0	0
			0	-1	0
			0	0	1
		}
		{bone "piece7"
			{Matrix34
				0	-1	0
				1	0	0
				0	0	1
				21.6094	-104.507	146.627
			}
			{VolumeView "piece7.ply"}
		}
		{bone "piece4"
			{Matrix34
				0	-1	0
				1	0	0
				0	0	1
				-15.736	-104.507	146.627
			}
			{VolumeView "piece4.ply"}
		}
		{bone "piece6"
			{Matrix34
				0	-1	0
				1	0	0
				0	0	1
				-56.8413	-104.507	123.543
			}
			{VolumeView "piece6.ply"}
		}
		{bone "piece2"
			{Matrix34
				0	-1	0
				1	0	0
				0	0	1
				-51.3789	-104.508	84.5107
			}
			{VolumeView "piece2.ply"}
		}
		{bone "piece5"
			{Matrix34
				0	-1	0
				1	0	0
				0	0	1
				-20.5402	-104.508	92.2437
			}
			{VolumeView "piece5.ply"}
		}
		{bone "piece3"
			{Matrix34
				0	-1	0
				1	0	0
				0	0	1
				22.9204	-104.507	94.5316
			}
			{VolumeView "piece3.ply"}
		}
		{bone "piece1"
			{Matrix34
				0	-1	0
				1	0	0
				0	0	1
				-11.9502	-104.507	70.0256
			}
			{VolumeView "piece1.ply"}
		}
		{bone "exterior"
			{Position 3.98254	45.6263	0}
		}
		{bone "roof"
			{parameters "CommonMesh;"}
			{Position 2.68665	11.195	187.696}
			{VolumeView "roof.ply"}
		}
		{bone "fx_dust1"
			{Position -4.63855	-119.598	122.624}
		}
	}
}
{Volume "piece1"
	{Box 27.7047 15.9071 15.1501}
	{Bone "piece1"}
	{Matrix34
		0	0.996195	0.0871558
		0	-0.0871557	0.996195
		1	0	0
		1.68292e-005	8.72507e-005	0
	}
}
{Volume "piece2"
	{Box 34.6245 20.9933 15.1501}
	{Bone "piece2"}
	{Matrix34
		0	0.422618	-0.906308
		0	0.906308	0.422618
		1	0	0
		3.3718e-005	0	-1.22722e-005
	}
}
{Volume "piece3"
	{Box 30.8876 15.7326 15.1501}
	{Bone "piece3"}
	{Matrix34
		0	1	0
		0	0	1
		1	0	0
		4.73877e-005	9.48749e-005	-1.06148e-005
	}
}
{Volume "piece4"
	{Box 21.4893 16.551 15.1501}
	{Bone "piece4"}
	{Matrix34
		0	0.984808	-0.173648
		0	0.173648	0.984808
		1	0	0
		0	-2.35051e-005	0
	}
}
{Volume "piece5"
	{Box 31.4646 18.7787 15.1501}
	{Bone "piece5"}
	{Matrix34
		0	-0.939693	-0.34202
		0	-0.34202	0.939693
		-1	0	0
		-1.66933e-005	-0.300704	-3.16812
	}
}
{Volume "piece6"
	{Box 24.1364 24.1567 15.1501}
	{Bone "piece6"}
	{Matrix34
		0	0.996195	-0.0871557
		0	0.0871557	0.996195
		1	0	0
		1.46742e-005	2.3537	1.01147
	}
}
{Volume "piece7"
	{Box 21.4893 16.551 15.1501}
	{Bone "piece7"}
	{Matrix34
		0	0.999762	0.0218358
		0	-0.0218357	0.999762
		1	0	0
		0	-5.62992	1.22719
	}
}
