;Exported by: kenny
;Date:        Thu Jul 03 17:41:58 2008
;File:        C:\Documents and Settings\kenny\Мои документы\3dsmax\autoback\town_wall_recover_recover.max
{Skeleton
	{bone "town_wall02_part4"
		{Orientation
			1	0	0
			0	-1	0
			0	0	1
		}
		{VolumeView "town_wall02_part4.ply"}
		{bone "land"
			{parameters "Land;Ground;"}
			{Matrix34
				0	1	0
				-0.819152	0	-0.573576
				-0.573576	0	0.819152
				1.43883	1.40913	9.56106
			}
			{visibility 0}
			{VolumeView "land.ply" {Ground} {DecalTarget}}
		}
	}
}
{Volume "body1"
	{Box 13.4621 13.0718 16.2121}
	{Bone "town_wall02_part4"}
	{Position -25.2328	-7.42902	6.74461}
}
{Volume "body2"
	{Box 35.5188 10.8078 4.16612}
	{Bone "town_wall02_part4"}
	{Matrix34
		0.819152	0	0.573576
		0	1	0
		-0.573576	0	0.819152
		0.775666	1.60913	8.906
	}
}
{Volume "body"
	{Box 44.8102 8.18897 16.71}
	{Bone "town_wall02_part4"}
	{Matrix34
		0.819152	0	0.573576
		0	1	0
		-0.573576	0	0.819152
		2.68216	-7.42902	10.5412
	}
}
