;Exported by: shevchenko
;Date:        Thu Jul 20 18:57:54 2006
;File:        D:\-Projects1_5-\-3DWork-\bsh\bsh_c90_1_x.max
{Skeleton
	{bone "bsh90_w1_1"
		{Orientation
			1	0	0
			0	-1	0
			0	0	1
		}
		{bone "piece0"
			{Matrix34
				0	1	0
				0	0	1
				1	0	0
				51.2984	31.4604	13.1063
			}
			{VolumeView "piece0.ply"}
		}
		{bone "piece1"
			{Matrix34
				0	1	0
				0	0	1
				1	0	0
				51.2984	6.04776	13.0285
			}
			{VolumeView "piece1.ply"}
		}
		{bone "piece2"
			{Matrix34
				0	1	0
				0	0	1
				1	0	0
				51.2984	-15.4546	15.1518
			}
			{VolumeView "piece2.ply"}
		}
		{bone "piece3"
			{Matrix34
				0	1	0
				0	0	1
				1	0	0
				51.2984	1.29702	33.3428
			}
			{VolumeView "piece3.ply"}
		}
		{bone "piece4"
			{Matrix34
				0	1	0
				0	0	1
				1	0	0
				51.2984	32.4362	35.1912
			}
			{VolumeView "piece4.ply"}
		}
		{bone "piece5"
			{Matrix34
				0	1	0
				0	0	1
				1	0	0
				51.2984	-27.2788	36.597
			}
			{VolumeView "piece5.ply"}
		}
		{bone "piece6"
			{Matrix34
				0	1	0
				0	0	1
				1	0	0
				51.2984	-17.1075	58.1214
			}
			{VolumeView "piece6.ply"}
		}
		{bone "piece7"
			{Matrix34
				0	1	0
				0	0	1
				1	0	0
				51.2984	1.11651	57.6056
			}
			{VolumeView "piece7.ply"}
		}
		{bone "piece8"
			{Matrix34
				0	1	0
				0	0	1
				1	0	0
				51.2984	22.8142	50.6718
			}
			{VolumeView "piece8.ply"}
		}
		{bone "piece9"
			{Matrix34
				0	1	0
				0	0	1
				1	0	0
				51.2984	-19.5412	76.8765
			}
			{VolumeView "piece9.ply"}
		}
		{bone "piece10"
			{Matrix34
				0	1	0
				0	0	1
				1	0	0
				51.2984	16.5492	75.3653
			}
			{VolumeView "piece10.ply"}
		}
		{bone "piece11"
			{Matrix34
				-1	0	0
				0	0	1
				0	1	0
				8.8718	8.49931	74.9042
			}
			{VolumeView "piece11.ply"}
		}
		{bone "piece12"
			{Matrix34
				-1	0	0
				0	0	1
				0	1	0
				-33.6153	8.29496	73.9587
			}
			{VolumeView "piece12.ply"}
		}
		{bone "sub_piece1"
			{Matrix34
				-1	0	0
				0	0	1
				0	1	0
				11.3642	8.32517	46.2716
			}
			{VolumeView "sub_piece1.ply"}
		}
		{bone "sub_piece2"
			{Matrix34
				-1	0	0
				0	0	1
				0	1	0
				-11.6516	8.32518	42.7605
			}
			{VolumeView "sub_piece2.ply"}
		}
		{bone "sub_piece3"
			{Matrix34
				-1	0	0
				0	0	1
				0	1	0
				3.7327	8.32518	19.4655
			}
			{VolumeView "sub_piece3.ply"}
		}
		{bone "sub_piece4"
			{Matrix34
				-1	0	0
				0	0	1
				0	1	0
				-16.2573	8.32518	16.0483
			}
			{VolumeView "sub_piece4.ply"}
		}
	}
}
{Volume "piece0"
	{Box 9.84252 19.1267 21.9077}
	{Bone "piece0"}
	{Matrix34
		0	0	1
		1	0	0
		0	1	0
		-2.30605	-1.65259	0
	}
}
{Volume "piece10"
	{Box 9.84253 35.005 17.0156}
	{Bone "piece10"}
	{Matrix34
		0	0	1
		0.984808	-0.173648	0
		0.173648	0.984808	0
		1.44483	1.00438	0
	}
}
{Volume "piece11"
	{Box 21.5378 3.88002 18.5567}
	{Bone "piece11"}
	{Matrix34
		-0.965926	0.258819	0
		0	0	1
		0.258819	0.965926	0
		-0.236526	-0.0977638	0
	}
}
{Volume "piece12"
	{Box 24.7485 3.88002 18.6432}
	{Bone "piece12"}
	{Matrix34
		-0.996195	-0.0871559	0
		0	0	1
		-0.0871559	0.996195	0
		-1.09812	-0.394746	0
	}
}
{Volume "piece1"
	{Box 9.84252 19.3831 20.9914}
	{Bone "piece1"}
	{Matrix34
		0	0	1
		1	0	0
		0	1	0
		1.17289	-2.62392	0
	}
}
{Volume "piece2"
	{Box 9.84252 22.59 16.5718}
	{Bone "piece2"}
	{Matrix34
		0	0	1
		0.573576	-0.819152	0
		0.819152	0.573576	0
		-1.21743	-1.16698	0
	}
}
{Volume "piece3"
	{Box 9.84252 31.7833 21.4486}
	{Bone "piece3"}
	{Matrix34
		0	0	1
		0.965926	-0.258819	0
		0.258819	0.965926	0
		-0.463416	-0.233766	0
	}
}
{Volume "piece4"
	{Box 9.84252 20.7241 18.3597}
	{Bone "piece4"}
	{Matrix34
		0	0	1
		0.965926	-0.258819	0
		0.258819	0.965926	0
		0.514759	-1.18202	0
	}
}
{Volume "piece5"
	{Box 9.84253 17.7963 26.2452}
	{Bone "piece5"}
	{Matrix34
		0	0	1
		0.939693	-0.34202	0
		0.34202	0.939693	0
		0.0906603	-0.648137	0
	}
}
{Volume "piece6"
	{Box 9.84252 17.8374 14.8828}
	{Bone "piece6"}
	{Matrix34
		0	0	1
		1	0	0
		0	1	0
		0	-0.239199	0
	}
}
{Volume "piece7"
	{Box 9.84253 15.4913 22.6554}
	{Bone "piece7"}
	{Matrix34
		0	0	1
		0.996195	0.0871556	0
		-0.0871556	0.996195	0
		1.11723	-0.324094	0
	}
}
{Volume "piece8"
	{Box 9.84252 17.1978 21.018}
	{Bone "piece8"}
	{Matrix34
		0	0	1
		1	0	0
		0	1	0
		-1.97695	2.22401	0
	}
}
{Volume "piece9"
	{Box 9.84252 25.9024 18.1412}
	{Bone "piece9"}
	{Matrix34
		0	0	1
		0.984808	-0.173648	0
		0.173648	0.984808	0
		1.31135	0.0671261	0
	}
}
{Volume "sub_piece1"
	{Box 26.5522 3.88001 18.946}
	{Bone "sub_piece1"}
	{Matrix34
		-0.766044	0.642788	0
		0	0	1
		0.642788	0.766044	0
		-0.410325	-1.0771	0
	}
}
{Volume "sub_piece2"
	{Box 22.4239 3.88002 25.645}
	{Bone "sub_piece2"}
	{Matrix34
		-1	0	0
		0	0	1
		0	1	0
		2.67113	1.19467	0
	}
}
{Volume "sub_piece3"
	{Box 20.5223 3.88001 23.4587}
	{Bone "sub_piece3"}
	{Matrix34
		-1	0	0
		0	0	1
		0	1	0
		0	1.11861	0
	}
}
{Volume "sub_piece4"
	{Box 15.6194 3.88001 26.651}
	{Bone "sub_piece4"}
	{Matrix34
		-1	0	0
		0	0	1
		0	1	0
		1.24061	-0.569056	0
	}
}
