;Exported by: garry
;Date:        Mon Aug 07 09:44:31 2006
;File:        D:\-Projects-\-3DWork-\Model\Пушки\120mm sgrw42\Sgrw42\120mm_1_x.max
{Skeleton
	{bone revolute "basis"
		{Orientation
			1	0	0
			0	-1	0
			0	0	1
		}
		{bone "body"
			{parameters "ID=body;"}
			{Matrix34
				0.984808	0	-0.173648
				0.173648	0	0.984808
				0	-1	0
				-1.92974	-0.0187757	1.67808
			}
			{VolumeView "body.ply"}
			{bone "gun"
				{parameters "ID=gun;"}
				{Matrix34
					0.986556	0.163422	0
					-0.163422	0.986556	0
					0	0	1
					0.737368	-0.959682	0
				}
				{VolumeView "gun.ply"}
			}
			{bone "stan"
				{parameters "ID=body;"}
				{Matrix34
					0.984808	0.173648	0
					0	0	-1
					-0.173648	0.984808	0
					18.9851	11.609	-0.370668
				}
				{VolumeView "stan.ply"}
			}
		}
	}
}
