;Exported by: sana
;Date:        Tue Dec 27 15:47:08 2005
;File:        D:\-Project-\-3DWork-\Entourage\house_euro_115c\house_euro_115s_n_x.max
{Skeleton
	{bone "115s_corner5"
		{Orientation
			1	0	0
			0	-1	0
			0	0	1
		}
		{bone "piece0"
			{Position -12.0875	49.3568	107.665}
			{VolumeView "piece0.ply"}
			{bone "sub_piece0"
				{Position -6.04568	0	-13.4388}
				{VolumeView "sub_piece0.ply"}
			}
		}
		{bone "piece1"
			{Position -2.25836	38.7203	61.0553}
			{VolumeView "piece1.ply"}
		}
		{bone "piece2"
			{Position 25.6092	11.7739	61.0553}
			{VolumeView "piece2.ply"}
			{bone "sub_piece2"
				{Position -15.3415	-12.9866	0}
				{VolumeView "sub_piece2.ply"}
			}
		}
		{bone "piece3"
			{Position -16.3587	-1.44635	119.861}
			{VolumeView "piece3.ply"}
			{bone "sub_piece3"
				{Position -1.10877	-34.0905	0}
				{VolumeView "sub_piece3.ply"}
			}
		}
		{bone "piece4"
			{Position 7.63624	-28.5286	109.611}
			{VolumeView "piece4.ply"}
			{bone "sub_piece4"
				{Position 14.8628	0	-11.5698}
				{VolumeView "sub_piece4.ply"}
			}
		}
		{bone "piece5"
			{Position 19.3697	13.0709	119.861}
			{VolumeView "piece5.ply"}
		}
		{bone "piece6"
			{Position -15.0247	-6.40158	164.457}
			{VolumeView "piece6.ply"}
		}
		{bone "piece7"
			{Position 49.6032	-6.40158	162.527}
			{VolumeView "piece7.ply"}
			{bone "sub_piece7"
				{Position -20.2565	0	-3.08673}
				{VolumeView "sub_piece7.ply"}
			}
		}
		{bone "piece8"
			{Position 55.0049	-6.40158	126.934}
			{VolumeView "piece8.ply"}
			{bone "sub_piece8"
				{Position -17.3627	0	8.48843}
				{VolumeView "sub_piece8.ply"}
			}
		}
		{bone "piece9"
			{Position -33.8853	5.36379	111.122}
			{VolumeView "piece9.ply"}
			{bone "sub_piece9"
				{Position 0	23.0338	4.28314}
				{VolumeView "sub_piece9.ply"}
			}
		}
		{bone "piece10"
			{Position -33.8853	1.93729	67.0536}
			{VolumeView "piece10.ply"}
			{bone "sub_piece10"
				{Position 0	1.04699	-16.3711}
				{VolumeView "sub_piece10.ply"}
			}
		}
		{bone "piece11"
			{Position -33.8853	42.0084	75.9055}
			{VolumeView "piece11.ply"}
			{bone "sub_piece11"
				{Position 1.9368e-005	-1.23735	-16.847}
				{VolumeView "sub_piece11.ply"}
			}
		}
		{bone "piece12"
			{Position -33.8853	43.0114	40.8758}
			{VolumeView "piece12.ply"}
		}
	}
}
{Volume "piece0"
	{Box 35.7565 5.90551 23.5345}
	{Bone "piece0"}
}
{Volume "piece10"
	{Box 8.25001 26.4603 27.1608}
	{Bone "piece10"}
	{Matrix34
		1	0	0
		0	0.974385	0.224887
		0	-0.224887	0.974385
		0	-1.37054	-1.06563
	}
}
{Volume "piece11"
	{Box 8.25 21.3205 16.1808}
	{Bone "piece11"}
	{Position 0	0	0}
}
{Volume "piece12"
	{Box 8.25001 15.8539 23.3353}
	{Bone "piece12"}
	{Matrix34
		1	0	0
		0	0.774385	-0.632714
		0	0.632714	0.774385
		0	1.0223	0.367447
	}
}
{Volume "piece1"
	{Box 29.3229 30.5829 5.90551}
	{Bone "piece1"}
	{Position 1.07763	4.02864	0}
}
{Volume "piece2"
	{Box 30.0213 42.5744 5.90551}
	{Bone "piece2"}
	{Matrix34
		0.974532	0.22425	0
		-0.22425	0.974532	0
		0	0	1
		1.3192	4.00781	0
	}
}
{Volume "piece3"
	{Box 27.0997 53.4367 5.90551}
	{Bone "piece3"}
	{Position 0	0	0}
}
{Volume "piece4"
	{Box 25.8702 29.5276 15.3325}
	{Bone "piece4"}
	{Matrix34
		0.797729	0	-0.603016
		0	1	0
		0.603016	0	0.797729
		-3.23456	0	2.03406
	}
}
{Volume "piece5"
	{Box 40.1373 26.0098 5.90551}
	{Bone "piece5"}
	{Matrix34
		0.931757	0.363083	0
		-0.363083	0.931757	0
		0	0	1
		-3.24445	1.38282	0
	}
}
{Volume "piece6"
	{Box 26.8233 8.25 22.9574}
	{Bone "piece6"}
	{Position -2.19679	0	0}
}
{Volume "piece7"
	{Box 28.3591 8.25 26.0441}
	{Bone "piece7"}
	{Position 0	0	0}
}
{Volume "piece8"
	{Box 32.6034 8.25 18.1344}
	{Bone "piece8"}
	{Position 0	0	0}
}
{Volume "piece9"
	{Box 8.25002 26.6354 27.6672}
	{Bone "piece9"}
	{Matrix34
		1	0	0
		0	0.996525	-0.0832986
		0	0.0832986	0.996525
		0	-0.979036	2.87724
	}
}
{Volume "sub_piece0"
	{Box 20.1154 5.90551 19.1557}
	{Bone "sub_piece0"}
	{Position -2.22835	0	-0.548594}
}
{Volume "sub_piece10"
	{Box 8.25001 25.1277 13.5347}
	{Bone "sub_piece10"}
	{Matrix34
		1	0	0
		0	0.931216	0.364467
		0	-0.364467	0.931216
		0	2.29968	-0.838163
	}
}
{Volume "sub_piece11"
	{Box 8.25001 21.1301 17.894}
	{Bone "sub_piece11"}
	{Position 0	0	0}
}
{Volume "sub_piece2"
	{Box 33.5783 32.5578 5.90551}
	{Bone "sub_piece2"}
	{Position 1.89885	-2.90244	0}
}
{Volume "sub_piece3"
	{Box 24.8822 36.4231 5.90551}
	{Bone "sub_piece3"}
	{Position 0	0	0}
}
{Volume "sub_piece4"
	{Box 24.539 29.5276 15.515}
	{Bone "sub_piece4"}
	{Matrix34
		0.791849	0	-0.610717
		0	1	0
		0.610717	0	0.791849
		-0.130377	0	0.0665407
	}
}
{Volume "sub_piece7"
	{Box 12.9256 8.25 16.0123}
	{Bone "sub_piece7"}
	{Position 0	0	0}
}
{Volume "sub_piece8"
	{Box 20.0154 8.25 15.4336}
	{Bone "sub_piece8"}
	{Position 0	0	0}
}
{Volume "sub_piece9"
	{Box 8.25001 23.285 17.4448}
	{Bone "sub_piece9"}
	{Matrix34
		1	0	0
		0	0.956615	-0.291355
		0	0.291355	0.956615
		0	0.0411279	-1.21946
	}
}
