;Exported by: sana
;Date:        Wed Jan 31 12:21:53 2007
;File:        D:\-Project-\-3DWork-\Entourage\house_ru_140\house_ru_140_cut.max
{Skeleton
	{bone "h_w_4_cut1"
		{Orientation
			1	0	0
			0	-1	0
			0	0	1
		}
		{VolumeView "h_w_4_cut1.ply"}
		{bone "exterior"
			{Position 0	-2.63669	8.83494}
			{VolumeView "exterior.ply"}
		}
		{bone "fix10"
			{Position -22.0706	0.596137	-33.3172}
		}
	}
}
{Volume "body1"
	{Box 21.3718 10.8996 4.67145}
	{Bone "h_w_4_cut1"}
	{Matrix34
		1	0	0
		0	0	1
		0	-1	0
		11.5259	0.348214	-2.0828
	}
}
{Volume "body2"
	{Box 14.3478 33.222 4.67145}
	{Bone "h_w_4_cut1"}
	{Matrix34
		1	0	0
		0	0	1
		0	-1	0
		-6.14207	0.348214	-13.1795
	}
}
{Volume "body3"
	{Box 16.3565 25.3975 4.67145}
	{Bone "h_w_4_cut1"}
	{Matrix34
		1	0	0
		0	0	1
		0	-1	0
		-21.4118	0.348214	-9.28588
	}
}
{Volume "body4"
	{Box 7.56479 11.3239 2.595}
	{Bone "h_w_4_cut1"}
	{Matrix34
		0	-1	0
		0	0	1
		-1	0	0
		-6.85139	26.7133	-0.995346
	}
}
{Volume "body5"
	{Box 33.1172 7.34012 1.82198}
	{Bone "h_w_4_cut1"}
	{Matrix34
		0	-1	0
		0	0	1
		-1	0	0
		-3.61138	-18.5204	-6.40484
	}
}
{Volume "body6"
	{Box 31.9866 40.0289 1.64502}
	{Bone "h_w_4_cut1"}
	{Matrix34
		1	0	0
		0	0.980878	0.194625
		0	-0.194625	0.980878
		6.08556	-21.5202	-3.77388
	}
}
{Volume "body"
	{Box 21.6137 32.512 2.595}
	{Bone "h_w_4_cut1"}
	{Matrix34
		0	-1	0
		0	0	1
		-1	0	0
		-6.85139	12.6156	-12.3122
	}
}
{Volume "roof1"
	{Box 44.3552 20.7079 1.55094}
	{Bone "exterior"}
	{Matrix34
		1	0	0
		0	0.851332	0.524628
		0	-0.524628	0.851332
		-1.45454	27.9508	13.4868
	}
}
{Volume "roof"
	{Box 74.9622 31.3756 1.55094}
	{Bone "exterior"}
	{Matrix34
		1	0	0
		0	0.851332	0.524628
		0	-0.524628	0.851332
		2.3289	5.86748	-0.302356
	}
}
