;Exported by: ubrashaev
;Date:        Sat Feb 11 12:13:19 2006
;File:        D:\-Projects1_5-\-work-\3d\reihstag_buildings\house_reich1_x.max
{Skeleton
	{bone "rh_building_corner3_f9"
		{Orientation
			1	0	0
			0	-1	0
			0	0	1
		}
		{bone "piece00"
			{Position 28.4258	13.6804	-17.966}
			{VolumeView "piece00.ply"}
		}
		{bone "piece01"
			{Position 28.5578	-17.2078	-10.3058}
			{VolumeView "piece01.ply"}
		}
		{bone "piece02"
			{Matrix34
				0	1	0
				-1	0	0
				0	0	1
				-0.499105	-6.50983	-27.0981
			}
			{VolumeView "piece02.ply"}
		}
		{bone "piece03"
			{Position 28.5578	-17.2078	19.6711}
			{VolumeView "piece03.ply"}
		}
		{bone "piece04"
			{Matrix34
				0	-1	0
				1	0	0
				0	0	1
				17.5543	-32.559	19.6711
			}
			{VolumeView "piece04.ply"}
		}
		{bone "piece05"
			{Matrix34
				0	-1	0
				1	0	0
				0	0	1
				7.91471	-32.7216	-5.04031
			}
			{VolumeView "piece05.ply"}
		}
	}
}
{Volume "piece00"
	{Box 7.87402 19.1152 20.3574}
	{Bone "piece00"}
	{Matrix34
		1	0	0
		0	0.5	0.866025
		0	-0.866025	0.5
		5.32476e-005	-0.588113	-4.28827
	}
}
{Volume "piece01"
	{Box 7.87402 14.5411 26.3927}
	{Bone "piece01"}
	{Matrix34
		1	0	0
		0	0.819152	-0.573576
		0	0.573576	0.819152
		4.45568e-005	1.15893	2.39921
	}
}
{Volume "piece02"
	{Box 25.9785 43.4521 3.19977}
	{Bone "piece02"}
	{Matrix34
		0.965926	-0.258819	0
		0.258819	0.965926	0
		0	0	1
		3.85174	-1.68864	0
	}
}
{Volume "piece03"
	{Box 7.87402 20.196 22.6699}
	{Bone "piece03"}
	{Matrix34
		1	0	0
		0	0.573576	0.819152
		0	-0.819152	0.573576
		4.73743e-005	2.79748	-3.40765
	}
}
{Volume "piece04"
	{Box 7.87402 15.8875 22.518}
	{Bone "piece04"}
	{Matrix34
		1	0	0
		0	0.707107	-0.707107
		0	0.707107	0.707107
		0	1.34775	-0.331928
	}
}
{Volume "piece05"
	{Box 7.87402 19.3573 19.5799}
	{Bone "piece05"}
	{Matrix34
		1	0	0
		0	0.866025	0.5
		0	-0.5	0.866025
		-2.26744e-005	0.0250019	-0.596448
	}
}
