;Exported by: dp
;Date:        Mon Nov 05 00:23:32 2012
;File:        C:\Users\dp\Desktop\DesktopArch15\ML20_new1.max
{Skeleton
	{animation
		{sequence "close" {speed 0.5}}
		{sequence "recoil" {speed 1}}
	}
	{bone revolute "basis"
		{speed2 4}
		{Orientation
			1	0	0
			0	-1	0
			0	0	1
		}
		{bone "driver1"
			{Position -19.9982	23.396	0.0587704}
		}
		{bone "driver2"
			{Position -20.237	-28.3497	0.057235}
		}
		{bone "seat1"
			{Matrix34
				0.999998	-0.000301838	0.00181818
				0.000301848	1	0
				-0.00181818	0	0.999998
				-40.2111	4.38921	-0.016507
			}
		}
		{bone "seat2"
			{Matrix34
				0.999998	-0.000301838	0.00181818
				0.000301848	1	0
				-0.00181818	0	0.999998
				-49.5085	-7.23696	-0.0380644
			}
		}
		{bone "commander"
			{Matrix34
				0.999921	-0.000301838	0.0125727
				0.000301893	1	0
				-0.0125727	0	0.999921
				-28.3285	-10.6235	-0.000261633
			}
		}
		{bone "gunner"
			{Matrix34
				0.999998	-0.000301838	0.00181818
				0.000301848	1	0
				-0.00181818	0	0.999998
				-28.5567	9.38136	-0.000355517
			}
		}
		{bone "visor2"
			{Position -7.83487	-25.5514	31.4813}
		}
		{bone "link1"
			{Matrix34
				-0.999994	-0.00358995	0
				0.00358995	-0.999994	0
				0	0	1
				-83.1304	-0.46129	11.2851
			}
		}
		{bone "body"
			{parameters "ID=body;"}
			{animation
				{sequence "repair" {file "body_r.anm"} {speed 0.5}}
			}
			{Matrix34
				0.999994	0.00349065	0
				-0.00349065	0.999994	0
				0	0	1
				-0.120695	0.02735	11.9417
			}
			{VolumeView "body.ply"}
			{bone revolute "turret"
				{parameters "ID=turret;"}
				{animation
					{sequence "repair" {file "turret_r.anm"} {speed 0.5}}
				}
				{limits -29 29}
				{speed 0.004}
				{Position -3.68059e-005	0.0413974	6.79352}
				{VolumeView "turret.ply"}
				{bone revolute "gun_rot"
					{parameters "ID=gun;"}
					{limits -2 45}
					{speed 0.006}
					{Matrix34
						0.776724	0	-0.629841
						0.629841	0	0.776724
						0	-1	0
						-8.01816	-0.0616576	2.30739
					}
					{VolumeView "gun_rot.ply"}
					{bone "gun"
						{parameters "ID=gun;"}
						{animation
							{sequence "repair" {file "gun_r.anm"} {speed 0.5}}
						}
						{Matrix34
							-0.629381	0.777078	0.00544197
							-0.000851869	-0.00769286	0.99997
							0.777097	0.629357	0.00550371
							1.44678	10.5178	0.0421934
						}
						{VolumeView "gun.ply"}
						{bone "visor"
							{Matrix34
								-3.65088e-005	-0.00979045	0.999952
								-0.0102056	-0.9999	-0.00979075
								0.999948	-0.0102055	-6.3479e-005
								3.71083	-0.145682	31.3093
							}
						}
						{bone "fx_invers"
							{Matrix34
								-0.0281936	-0.0686126	-0.997245
								0.00165566	0.997637	-0.0686859
								0.999601	-0.00358759	-0.0280134
								0.153351	-0.897911	-25.2434
							}
						}
						{bone "foresight1"
							{Matrix34
								0.00476465	-0.0110284	0.999928
								-0.00459111	-0.999929	-0.0110071
								0.999978	-0.00453835	-0.00481503
								-0.206533	-0.518966	76.5601
							}
						}
					}
				}
				{bone "shield"
					{parameters "ID=turret;"}
					{Position -0.000291862	-0.0836097	0}
					{VolumeView "shield.ply"}
				}
			}
			{bone "standl"
				{parameters "ID=body;"}
				{Position -4.26894	9.23035	-0.98288}
				{VolumeView "standl.ply"}
				{bone "standl1"
					{parameters "ID=body;"}
					{VolumeView "standl1.ply"}
				}
			}
			{bone "standr"
				{parameters "ID=body;"}
				{Position -4.37398	-9.71183	-0.98288}
				{VolumeView "standr.ply"}
				{bone "standr1"
					{parameters "ID=body;"}
					{VolumeView "standr1.ply"}
				}
			}
			{bone "emit1"
				{Matrix34
					0.999883	-0.00331107	0.0148999
					0.00320393	0.999969	0.00720883
					-0.0149233	-0.00716025	0.999863
					-36.3831	51.3161	-11.4726
				}
			}
			{bone "emit2"
				{Matrix34
					0.999941	-0.00327847	0.0103545
					0.0032039	0.999969	0.00721014
					-0.0103778	-0.00717654	0.99992
					-38.6343	-52.2902	-12.0949
				}
			}
		}
		{bone "pivot_front"
			{parameters "ID=pivot_front;"}
			{Matrix34
				0.999994	0.00349065	0
				-0.00349065	0.999994	0
				0	0	1
				-0.120695	0.02735	11.9417
			}
			{VolumeView "pivot_front.ply"}
			{bone revolute "wheell"
				{parameters "ID=wheelleft;Support=1;Radius=0.6;"}
				{Matrix34
					-0.999998	-0.00182405	0
					-2.09737e-005	0.0114983	0.999934
					-0.00182393	0.999932	-0.0114984
					-0.32276	17.843	-0.287996
				}
				{VolumeView "wheell.ply"}
			}
			{bone revolute "wheelr"
				{parameters "ID=wheelright;Support=1;Radius=0.6;"}
				{Matrix34
					-0.999998	-0.00182405	0
					-2.09736e-005	0.0114983	0.999934
					-0.00182393	0.999932	-0.0114984
					-0.450199	-18.6651	-0.287998
				}
				{VolumeView "wheelr.ply"}
			}
			{bone "fxtracel2"
				{Matrix34
					-0.000112382	0	1
					-0.027946	0.999609	0
					-0.999609	-0.0279511	-0.000112283
					-0.0731121	-18.2528	-12.5262
				}
			}
			{bone "fxtracel1"
				{Matrix34
					-0.000112382	0	1
					-0.027946	0.999609	0
					-0.999609	-0.0279511	-0.000112283
					0.0628902	17.933	-12.6228
				}
			}
		}
	}
}
{Volume "body1"
	{Box 30.1 1.5 1.5}
	{Bone "body"}
	{Matrix34
		-0.00349108	-0.999994	0
		0	0	1
		-0.999994	0.00349108	0
		-0.613573	-0.328987	-0.629139
	}
}
{Volume "body"
	{Box 10.7634 15.2042 2.48385}
	{Bone "body"}
	{Matrix34
		0.999994	-0.00349044	0
		0.00349044	0.999994	0
		0	0	1
		4.0985	0.111066	0.708176
	}
}
{Volume "gun_rot"
	{Box 57.5899 7.63623 5.409}
	{Bone "gun_rot"}
	{Matrix34
		0.77672	0.629837	0.00349044
		0.00271121	0.00219829	-0.999994
		-0.629841	0.776724	0
		0.958385	2.50139	0.105877
	}
}
{Volume "gun"
	{Polyhedron "gun.vol"}
	{Bone "gun"}
	{Matrix34
		0.00544004	0.999983	0.00201273
		0.999985	-0.00543882	-0.000610436
		-0.000599481	0.00201602	-0.999998
		0.0509586	-0.199364	76.1045
	}
}
{Volume "standl"
	{Polyhedron "standl.vol"}
	{Bone "standl"}
	{Matrix34
		0.928585	-0.324753	0.179626
		0.330019	0.943974	0.000601041
		-0.169757	0.0587218	0.983735
		-30.4531	10.8835	-8.21725
	}
}
{Volume "standr"
	{Polyhedron "standr.vol"}
	{Bone "standr"}
	{Matrix34
		0.927016	0.329204	0.179626
		-0.33475	0.942307	0.000601047
		-0.169065	-0.0606869	0.983735
		-30.4738	-10.7037	-8.2287
	}
}
{Volume "turret1"
	{Polyhedron "turret1.vol"}
	{Bone "shield"}
	{Matrix34
		-0.00349108	-0.999994	0
		0	0	1
		-0.999994	0.00349108	0
		-4.23926	-0.138405	7.91424
	}
}
{Volume "turret2"
	{Polyhedron "turret2.vol"}
	{Bone "turret"}
	{Matrix34
		-0.00349108	-0.999994	0
		0	0	1
		-0.999994	0.00349108	0
		0.13737	-0.111918	2.18925
	}
}
{Volume "wheelleft"
	{Cylinder 12.3 5}
	{Bone "wheell"}
	{Matrix34
		-0.999986	-6.07084e-005	-0.00531146
		0	0.999934	-0.0114945
		0.00531181	-0.0114944	-0.99992
		-0.0873013	-0.0533312	0.15757
	}
}
{Volume "wheelright"
	{Cylinder 12.3 5}
	{Bone "wheelr"}
	{Matrix34
		-0.999986	-6.07084e-005	-0.00531146
		0	0.999934	-0.0114945
		0.00531181	-0.0114944	-0.99992
		-0.200518	0.015752	-0.0511107
	}
}
