;Exported by: garry
;Date:        Sat Jul 29 11:31:18 2006
;File:        D:\-Projects-\-3DWork-\Model\Авто-мото\Opel\Blitz-Fuel\benzovoz_crush.max
{Skeleton
	{bone "benzovoz-dead"
		{Orientation
			1	0	0
			0	-1	0
			0	0	1
		}
		{VolumeView "benzovoz-dead.ply"}
	}
}
{Volume "body1"
	{Box 132.113 42.8041 29.4225}
	{Bone "benzovoz-dead"}
	{Matrix34
		0.999993	0.000814909	0.0035491
		-0.000783882	0.999962	-0.00873499
		-0.00355608	0.00873218	0.999955
		-7.63653	0.0923972	19.6468
	}
}
{Volume "body2"
	{Cylinder 16.19 79.7078}
	{Bone "benzovoz-dead"}
	{Matrix34
		0	-1	0
		-0.118418	0	0.992964
		-0.992964	0	-0.118418
		16.9321	4.20229	37.7417
	}
}
{Volume "body3"
	{Box 24.6126 50.6484 19.7954}
	{Bone "benzovoz-dead"}
	{Matrix34
		0.995641	0.0175814	0.0915944
		0	0.982072	-0.188508
		-0.0932665	0.187686	0.977791
		38.4199	-0.148736	17.6765
	}
}
{Volume "body4"
	{Box 22.3975 45.0771 15.6008}
	{Bone "benzovoz-dead"}
	{Position -58.7178	-0.102843	7.7673}
}
