;Exported by: klimenko
;Date:        Sat Dec 24 16:22:59 2005
;File:        D:\-Project-\-3DWork-\fences\breakwater.max
{Skeleton
	{bone "breakwater_2"
		{Orientation
			1	0	0
			0	-1	0
			0	0	1
		}
		{VolumeView "breakwater_2.ply"}
	}
}
{Obstacle "body1"
	{Obb2
		{Center 2.45365 34.428}
		{Extent 2.36977 4.5585}
		{Axis 1 0}
	}
	{Rotate}
	{Tags  "body"}
}
{Obstacle "body2"
	{Obb2
		{Center -0.53556 13.7518}
		{Extent 2.99975 2.48808}
		{Axis 1 0}
	}
	{Rotate}
	{Tags  "body"}
}
{Obstacle "body3"
	{Obb2
		{Center -1.48253 4.82097}
		{Extent 3.50672 4.68765}
		{Axis 1 0}
	}
	{Rotate}
	{Tags  "body"}
}
{Obstacle "body4"
	{Obb2
		{Center -0.854791 -6.88188}
		{Extent 1.84727 3.06783}
		{Axis 1 0}
	}
	{Rotate}
	{Tags  "body"}
}
{Obstacle "body6"
	{Obb2
		{Center 1.76686 -24.5086}
		{Extent 2.9646 2.33937}
		{Axis 1 0}
	}
	{Rotate}
	{Tags  "body"}
}
{Obstacle "body7"
	{Obb2
		{Center -0.64335 -35.9149}
		{Extent 2.39645 3.382}
		{Axis 1 0}
	}
	{Rotate}
	{Tags  "body"}
}
{Volume "body1"
	{Box 4.73953 4.91757 42.5743}
	{Bone "breakwater_2"}
	{Matrix34
		1	0	0
		0	0.995067	-0.0992075
		0	0.0992075	0.995067
		2.45365	-34.428	1.49552
	}
}
{Volume "body2"
	{Box 5.99949 4.97617 45.3936}
	{Bone "breakwater_2"}
	{Position -0.53556	-13.7518	2.97821}
}
{Volume "body3"
	{Box 7.01344 6.76586 40.8639}
	{Bone "breakwater_2"}
	{Matrix34
		1	0	0
		0	0.997937	-0.0641982
		0	0.0641982	0.997937
		-1.48253	-4.82096	0.680555
	}
}
{Volume "body4"
	{Box 3.69454 5.12175 39.7867}
	{Bone "breakwater_2"}
	{Matrix34
		1	0	0
		0	0.999674	0.025526
		0	-0.025526	0.999674
		-0.854791	6.88188	0.159563
	}
}
{Volume "body5"
	{Box 4.73953 4.13504 23.3364}
	{Bone "breakwater_2"}
	{Position 2.2389	15.5574	-7.08695}
}
{Volume "body6"
	{Box 5.9292 4.67875 45.3667}
	{Bone "breakwater_2"}
	{Position 1.76686	24.5086	2.91801}
}
{Volume "body7"
	{Box 4.7929 5.36118 43.7665}
	{Bone "breakwater_2"}
	{Matrix34
		1	0	0
		0	0.999484	-0.0321157
		0	0.0321157	0.999484
		-0.64335	35.9149	3.04254
	}
}
