;Exported by: sana
;Date:        Thu Mar 02 15:50:03 2006
;File:        D:\-Project-\-3DWork-\Entourage\shed_euro_108\shed_euro_108.max
{Skeleton
	{bone "w3"
		{Orientation
			1	0	0
			0	-1	0
			0	0	1
		}
		{VolumeView "w3.ply"}
		{bone "exterior"
			{Position 0	-4.46298	86.1417}
			{VolumeView "exterior.ply"}
		}
	}
}
{Obstacle "body1"
	{Obb2
		{Center 60.1148 6.05431}
		{Extent 4.69665 28.0848}
		{Axis 1 0}
	}
	{Rotate}
	{Tags  "body"}
}
{Obstacle "body3"
	{Obb2
		{Center 50.3 1.33712}
		{Extent 6.81014 17.0643}
		{Axis 1 0}
	}
	{Rotate}
	{Tags  "body"}
}
{Obstacle "body4"
	{Obb2
		{Center 16.8816 -17.3994}
		{Extent 42.6889 4.69666}
		{Axis 1 0}
	}
	{Rotate}
	{Tags  "body"}
}
{Obstacle "body6"
	{Obb2
		{Center 18.5834 -40.2312}
		{Extent 18.8911 15.8263}
		{Axis 1 0}
	}
	{Rotate}
	{Tags  "fire"}
}
{Area "interior"
	{Obb2
		{Center 6.5748 12.9275}
		{Extent 49.2126 26.5748}
		{Axis -1 0}
	}
	{Rotate}
}
{Volume "beam1"
	{Box 5.90551 5.90551 80.1376}
	{Bone "w3"}
	{Matrix34
		0.92306	-0.0610857	0.379774
		-0.00711681	0.984428	0.175641
		-0.384589	-0.16483	0.908252
		50.3198	32.9364	36.3926
	}
}
{Volume "beam2"
	{Box 4.92126 4.92126 75.2111}
	{Bone "w3"}
	{Position -4.26118	-2.04587	37.6055}
}
{Volume "beam4"
	{Box 4.92126 6.69291 99.4281}
	{Bone "w3"}
	{Matrix34
		0	-1	0
		0	0	-1
		1	0	0
		13.4282	-37.3589	114.346
	}
}
{Volume "body1"
	{Box 56.1696 9.3933 55.2717}
	{Bone "w3"}
	{Matrix34
		0	1	0
		-1	0	0
		0	0	1
		60.1148	-6.05431	27.6359
	}
}
{Volume "body2"
	{Box 37.6336 9.3933 45.3228}
	{Bone "w3"}
	{Matrix34
		0	1	0
		-1	0	0
		0	0	1
		60.1148	-34.8749	76.3403
	}
}
{Volume "body3"
	{Box 34.1286 13.6203 127.932}
	{Bone "w3"}
	{Matrix34
		0	1	0
		-1	0	0
		0	0	1
		50.3	-1.33712	63.966
	}
}
{Volume "body4"
	{Box 85.3777 9.3933 55.2717}
	{Bone "w3"}
	{Matrix34
		-1	0	0
		0	-1	0
		0	0	1
		16.8816	17.3994	27.6359
	}
}
{Volume "body6"
	{Box 37.7822 6.9858 74.0641}
	{Bone "w3"}
	{Matrix34
		-1	0	0
		0	-0.940924	-0.338618
		0	-0.338618	0.940924
		18.5834	40.2312	34.8443
	}
}
{Volume "hole"
	{Box 15.4298 18.7866 19.0356}
	{Bone "w3"}
	{Matrix34
		0	1	0
		-1	0	0
		0	0	1
		60.1148	-37.4831	80.8679
	}
}
{Volume "roof"
	{Box 108.136 4.79704 89.0663}
	{Bone "exterior"}
	{Matrix34
		-1	0	0
		0	-0.707107	-0.707107
		0	-0.707107	0.707107
		11.6628	-2.80702	2.19323
	}
}
{Volume "smoke0"
	{Box 5.72457 2.95276 25.7551}
	{Bone "w3"}
	{Matrix34
		-1	0	0
		0	0	-1
		0	-1	0
		50.6477	-1.27965	128.569
	}
}
{Volume "smoke1"
	{Box 16.837 2.81799 20.6041}
	{Bone "w3"}
	{Matrix34
		0	1	0
		-1	0	0
		0	0	1
		61.392	-37.4831	80.8679
	}
}
