;Exported by: butyvsky
;Date:        Mon Mar 05 16:01:39 2007
;File:        D:\-Projects-\-3D Work-\Construction\fence\wood_x.max
{Skeleton
	{bone "gate_wood4_open_x"
		{Orientation
			1	0	0
			0	-1	0
			0	0	1
		}
		{bone "piece00"
			{Matrix34
				0.973894	0	0.227005
				0	1	0
				-0.227005	0	0.973894
				25.5504	4.30719	44.2896
			}
			{VolumeView "piece00.ply"}
		}
		{bone "piece01"
			{Matrix34
				0.9809	-0.096075	-0.16913
				0.100571	0.994763	0.0182007
				0.166495	-0.0348627	0.985426
				-26.2306	-4.04933	43.4005
			}
			{VolumeView "piece01.ply"}
		}
		{bone "piece02"
			{Matrix34
				0.872984	-0.0792331	-0.48127
				-0.132421	0.911155	-0.390207
				0.469428	0.404375	0.784932
				-26.1249	4.07144	43.9951
			}
			{VolumeView "piece02.ply"}
		}
		{bone "piece03"
			{Position -0.38065	5.38074	41.0522}
			{VolumeView "piece03.ply"}
		}
		{bone "piece06"
			{Matrix34
				0.96881	0	-0.247805
				0	1	0
				0.247805	0	0.96881
				-33.7889	0.768433	20.7628
			}
			{VolumeView "piece06.ply"}
		}
		{bone "piece07"
			{Matrix34
				1	0	0
				0	0.958617	0.2847
				0	-0.2847	0.958617
				34.4686	0.768433	20.7628
			}
			{VolumeView "piece07.ply"}
		}
		{bone "piece08"
			{Matrix34
				1	0	0
				0	0.96518	-0.261585
				0	0.261585	0.96518
				16.4424	3.36575	18.4704
			}
			{VolumeView "piece08.ply"}
		}
		{bone "piece09"
			{Matrix34
				0.999986	-0.00528285	-0.000287777
				0.00518458	0.967642	0.252272
				-0.00105425	-0.25227	0.967656
				-16.0318	-1.08831	18.4704
			}
			{VolumeView "piece09.ply"}
		}
		{bone "fx_wood2"
			{Position -6.47845	1.58966	35.5273}
		}
	}
}
{Volume "piece00"
	{Box 27.6472 3.30967 13.9339}
	{Bone "piece00"}
	{Matrix34
		1	0	0
		0	0.850595	0.525822
		0	-0.525822	0.850595
		0	2.57815e-005	1.59376e-005
	}
}
{Volume "piece01"
	{Box 27.2737 1.90244 14.1614}
	{Bone "piece01"}
	{Matrix34
		1	0	0
		0	0.833117	-0.553097
		0	0.553097	0.833117
		0	0	0
	}
}
{Volume "piece02"
	{Box 27.2737 1.76408 14.1614}
	{Bone "piece02"}
	{Matrix34
		1	0	0
		0	0.882145	0.470979
		0	-0.470979	0.882144
		0	-5.28201e-005	-1.61853e-005
	}
}
{Volume "piece03"
	{Box 24.2148 2.29018 13.1772}
	{Bone "piece03"}
	{Matrix34
		1	0	0
		0	0.817554	0.575852
		0	-0.575852	0.817554
		0	-1.18073e-005	1.67631e-005
	}
}
{Volume "piece06"
	{Box 3.5433 3.5433 41.5256}
	{Bone "piece06"}
}
{Volume "piece07"
	{Box 3.5433 3.5433 41.5256}
	{Bone "piece07"}
	{Position 0	0	0}
}
{Volume "piece08"
	{Box 32.3482 3.71051 36.9407}
	{Bone "piece08"}
	{Position 0	0	0}
}
{Volume "piece09"
	{Box 31.5578 4.88244 36.9407}
	{Bone "piece09"}
	{Matrix34
		0.965174	0.261607	0
		-0.261607	0.965175	0
		0	0	1
		1.48106e-005	0	0
	}
}
