;Exported by: sana
;Date:        Thu Jul 06 15:44:30 2006
;File:        D:\ss\store_1\store_03n_x.max
{Skeleton
	{bone "store3_wall2"
		{Orientation
			1	0	0
			0	-1	0
			0	0	1
		}
		{bone "piece01"
			{Position 16.4099	-15.3127	30.4716}
			{VolumeView "piece01.ply"}
			{bone "sub_piece01"
				{Position -4.57422	-3.28067e-005	-4.04321}
				{VolumeView "sub_piece01.ply"}
			}
		}
		{bone "piece02"
			{Position -3.31616	-15.3127	31.2476}
			{VolumeView "piece02.ply"}
			{bone "sub_piece02"
				{Position 3.38977	-3.24273e-005	-4.41078}
				{VolumeView "sub_piece02.ply"}
			}
		}
		{bone "piece03"
			{Position 0.359497	-15.3127	14.217}
			{VolumeView "piece03.ply"}
			{bone "sub_piece03"
				{Position -2.77723	-3.23469e-005	-5.55433}
				{VolumeView "sub_piece03.ply"}
			}
		}
		{bone "piece04"
			{Position -18.7948	-15.3127	22.9161}
			{VolumeView "piece04.ply"}
			{bone "sub_piece04"
				{Position 5.06421	-3.1982e-005	-3.71649}
				{VolumeView "sub_piece04.ply"}
			}
		}
		{bone "piece05"
			{Position 21.6393	21.1372	55.7136}
			{VolumeView "piece05.ply"}
			{bone "sub_piece05"
				{Position -2.94568	-1.77692e-005	-5.48695}
				{VolumeView "sub_piece05.ply"}
			}
		}
		{bone "piece06"
			{Position -9.49207	21.1372	42.7759}
			{VolumeView "piece06.ply"}
			{bone "sub_piece06"
				{Position 6.06445	-1.70556e-005	-4.7361}
				{VolumeView "sub_piece06.ply"}
			}
		}
		{bone "piece07"
			{Position 11.7052	21.1372	36.4226}
			{VolumeView "piece07.ply"}
			{bone "sub_piece07"
				{Position 3.46545	-1.00261e-005	-8.31707}
				{VolumeView "sub_piece07.ply"}
			}
		}
		{bone "piece08"
			{Position 24.7006	21.1372	21.6944}
			{VolumeView "piece08.ply"}
			{bone "sub_piece08"
				{Position -2.13709	-1.7894e-005	-9.01015}
				{VolumeView "sub_piece08.ply"}
			}
		}
		{bone "piece09"
			{Position 6.50696	21.1372	17.4204}
			{VolumeView "piece09.ply"}
			{bone "sub_piece09"
				{Position 3.69653	0	-7.33519}
				{VolumeView "sub_piece09.ply"}
			}
		}
		{bone "piece10"
			{Position -13.2461	21.1372	19.7306}
			{VolumeView "piece10.ply"}
			{bone "sub_piece10"
				{Position 7.45068	-1.69792e-005	-5.25592}
				{VolumeView "sub_piece10.ply"}
			}
		}
		{bone "piece11"
			{Matrix34
				0	1	0
				0.34202	0	0.939693
				0.939693	0	-0.34202
				22.2902	0.059906	23.9166
			}
			{VolumeView "piece11.ply"}
		}
		{bone "piece12"
			{Matrix34
				-1	0	0
				0	-1	0
				0	0	1
				-10.114	0.195259	46.115
			}
			{VolumeView "piece12.ply"}
		}
	}
}
{Volume "piece01"
	{Box 9.80182 5.90551 11.1087}
	{Bone "piece01"}
	{Position -0.000131303	0	0}
}
{Volume "piece02"
	{Box 11.4705 5.90552 8.61331}
	{Bone "piece02"}
	{Matrix34
		0.87892	0	0.47697
		0	1	0
		-0.47697	0	0.87892
		0.162896	0	0.637727
	}
}
{Volume "piece03"
	{Box 14.621 5.90552 7.84142}
	{Bone "piece03"}
	{Matrix34
		0.974495	0	-0.22441
		0	1	0
		0.22441	0	0.974495
		-0.000103941	0	0
	}
}
{Volume "piece04"
	{Box 9.31171 5.90552 11.3537}
	{Bone "piece04"}
	{Position -0.000130811	0	0}
}
{Volume "piece05"
	{Box 12.91 5.90551 10.6921}
	{Bone "piece05"}
	{Matrix34
		0.846499	0	-0.53239
		0	1	0
		0.53239	0	0.846499
		0.202807	0	0.613112
	}
}
{Volume "piece06"
	{Box 12.2446 5.90552 13.8618}
	{Bone "piece06"}
	{Position 0	0	0}
}
{Volume "piece07"
	{Box 15.8256 5.90552 12.2446}
	{Bone "piece07"}
	{Matrix34
		0.991757	0	0.128133
		0	1	0
		-0.128133	0	0.991757
		-1.3797e-005	0	0
	}
}
{Volume "piece08"
	{Box 14.3239 5.90551 13.5153}
	{Bone "piece08"}
	{Position 0	0	0}
}
{Volume "piece09"
	{Box 13.1652 5.90552 11.28}
	{Bone "piece09"}
	{Matrix34
		0.940626	0	0.339446
		0	1	0
		-0.339446	0	0.940626
		-0.487654	0	-0.0323742
	}
}
{Volume "piece10"
	{Box 11.2719 5.90552 14.9014}
	{Bone "piece10"}
	{Matrix34
		0.638229	0	0.769846
		0	1	0
		-0.769846	0	0.638229
		0.568041	0	1.49049
	}
}
{Volume "piece11"
	{Box 19.5888 39.3828 0.984253}
	{Bone "piece11"}
	{Position 0	0	0.492054}
}
{Volume "piece12"
	{Box 59.5134 41.4058 2.68592}
	{Bone "piece12"}
	{Matrix34
		1	0	0
		0	0.991421	-0.130706
		0	0.130706	0.991421
		-7.28454	1.60034	-0.347414
	}
}
{Volume "sub_piece01"
	{Box 5.60497 5.90551 7.60455}
	{Bone "sub_piece01"}
	{Matrix34
		0.802924	0	0.596081
		0	1	0
		-0.596081	0	0.802924
		-0.358925	-1.98773e-005	-0.388051
	}
}
{Volume "sub_piece02"
	{Box 8.65826 5.90552 5.54291}
	{Bone "sub_piece02"}
	{Matrix34
		0.875262	0	0.48365
		0	1	0
		-0.48365	0	0.875262
		0.377956	-1.91255e-005	-0.684186
	}
}
{Volume "sub_piece03"
	{Box 8.16081 5.90552 5.41058}
	{Bone "sub_piece03"}
	{Matrix34
		0.980944	0	-0.194293
		0	1	0
		0.194293	0	0.980944
		-0.0458348	0	-0.23076
	}
}
{Volume "sub_piece04"
	{Box 5.6948 5.90552 7.84143}
	{Bone "sub_piece04"}
	{Matrix34
		0.866025	0	-0.5
		0	1	0
		0.5	0	0.866025
		0.35648	0	-0.135536
	}
}
{Volume "sub_piece05"
	{Box 10.1653 5.90551 7.19081}
	{Bone "sub_piece05"}
	{Matrix34
		0.846163	0	-0.532924
		0	1	0
		0.532924	0	0.846163
		-0.638659	-2.01889e-005	-1.0141
	}
}
{Volume "sub_piece06"
	{Box 7.40219 5.90552 10.2323}
	{Bone "sub_piece06"}
	{Matrix34
		0.810178	0	-0.586185
		0	1	0
		0.586185	0	0.810178
		0.528905	0	-0.237157
	}
}
{Volume "sub_piece07"
	{Box 10.7429 5.90551 6.46885}
	{Bone "sub_piece07"}
	{Matrix34
		0.990654	0	0.1364
		0	1	0
		-0.1364	0	0.990654
		-3.79905e-005	0	0
	}
}
{Volume "sub_piece08"
	{Box 9.58777 5.90551 6.11306}
	{Bone "sub_piece08"}
	{Matrix34
		0.965002	0	-0.262243
		0	1	0
		0.262243	0	0.965002
		0.291293	-2.05188e-005	-0.174404
	}
}
{Volume "sub_piece09"
	{Box 7.50848 5.90552 6.3025}
	{Bone "sub_piece09"}
	{Matrix34
		0.90583	0	0.423641
		0	1	0
		-0.423641	0	0.90583
		0.182027	0	-0.389249
	}
}
{Volume "sub_piece10"
	{Box 6.48732 5.90552 8.6336}
	{Bone "sub_piece10"}
	{Matrix34
		0.871507	0	-0.490384
		0	1	0
		0.490384	0	0.871507
		0.334718	0	-0.0621063
	}
}
