;Exported by: ubrashaev
;Date:        Mon Feb 07 13:17:20 2005
;File:        D:\-Projects1_5-\-work-\3d\bridge_village.max
{Skeleton
	{bone "bridge_village"
		{Orientation
			1	0	0
			0	-1	0
			0	0	1
		}
		{VolumeView "bridge_village.ply"}
		{bone "bridge_village_lend"
			{parameters "Land;Ground;"}
			{VolumeView "bridge_village_lend.ply" {Ground}}
		}
	}
}
{Volume "fire4"
	{Box 98.4252 52.2731 3.93701}
	{Bone "bridge_village"}
	{Matrix34
		1	0	0
		0	0.981123	0.193386
		0	-0.193386	0.981123
		-0.0529704	-74.9648	8.20465
	}
}
{Volume "fire3"
	{Box 98.4252 49.2436 3.93701}
	{Bone "bridge_village"}
	{Matrix34
		1	0	0
		0	0.997852	0.0655077
		0	-0.0655077	0.997852
		-0.0529726	-24.606	14.8963
	}
}
{Volume "fire2"
	{Box 98.4252 49.2436 3.93701}
	{Bone "bridge_village"}
	{Matrix34
		1	0	0
		0	0.997823	-0.0659445
		0	0.0659445	0.997823
		-0.0529747	24.7257	14.8962
	}
}
{Volume "fire1"
	{Box 98.4252 52.2731 3.93701}
	{Bone "bridge_village"}
	{Matrix34
		1	0	0
		0	0.981004	-0.193985
		0	0.193985	0.981004
		-0.0529769	75.0728	8.20442
	}
}
{Volume "railing7"
	{Box 3.94632 3.94632 37.5249}
	{Bone "bridge_village"}
	{Position -47.3294	78.644	-14.7411}
}
{Volume "railing6"
	{Box 3.94632 3.94632 50.6586}
	{Bone "bridge_village"}
	{Position -47.3294	39.2933	-15.1026}
}
{Volume "railing5"
	{Box 3.94632 3.94632 50.6586}
	{Bone "bridge_village"}
	{Position -47.3294	-39.3715	-15.1026}
}
{Volume "railing4"
	{Box 3.94632 3.94632 37.5249}
	{Bone "bridge_village"}
	{Position -47.3294	-78.7071	-14.7412}
}
{Volume "railing3"
	{Box 3.94632 3.94632 37.5249}
	{Bone "bridge_village"}
	{Position 47.1138	78.644	-14.7411}
}
{Volume "railing2"
	{Box 3.94632 3.94632 50.6586}
	{Bone "bridge_village"}
	{Position 47.1138	39.2933	-15.1026}
}
{Volume "railing1"
	{Box 3.94632 3.94632 50.6586}
	{Bone "bridge_village"}
	{Position 47.1138	-39.3715	-15.1026}
}
{Volume "railing"
	{Box 3.94632 3.94632 37.5249}
	{Bone "bridge_village"}
	{Position 47.1138	-78.7071	-14.7412}
}
{Volume "body3"
	{Box 98.4252 52.2731 3.93701}
	{Bone "bridge_village"}
	{Matrix34
		1	0	0
		0	0.981123	0.193386
		0	-0.193386	0.981123
		-0.0529704	-74.9648	8.20465
	}
}
{Volume "body2"
	{Box 98.4252 52.2731 3.93701}
	{Bone "bridge_village"}
	{Matrix34
		1	0	0
		0	0.981004	-0.193985
		0	0.193985	0.981004
		-0.0529769	75.0728	8.20442
	}
}
{Volume "body1"
	{Box 98.4252 49.2436 3.93701}
	{Bone "bridge_village"}
	{Matrix34
		1	0	0
		0	0.997823	-0.0659445
		0	0.0659445	0.997823
		-0.0529747	24.7257	14.8962
	}
}
{Volume "body"
	{Box 98.4252 49.2436 3.93701}
	{Bone "bridge_village"}
	{Matrix34
		1	0	0
		0	0.997852	0.0655077
		0	-0.0655077	0.997852
		-0.0529726	-24.606	14.8963
	}
}
