;Exported by: sana
;Date:        Fri Jan 12 16:51:08 2007
;File:        D:\ss\house_ru_141_lm_corner_work.max
{Skeleton
	{bone "house_ru_141_10_3"
		{Orientation
			1	0	0
			0	-1	0
			0	0	1
		}
		{VolumeView "house_ru_141_10_3.ply"}
		{bone "exterior"
			{Position 0	0	-66.2955}
			{VolumeView "exterior.ply"}
		}
		{bone "fix04"
			{Position 16.4521	-0.195688	14.692}
		}
		{bone "fix05"
			{Position -22.1786	45.5948	-44.1908}
		}
		{bone "fix06"
			{Position 5.62536	-45.2379	-50.0527}
		}
	}
}
{Area "interior"
	{Obb2
		{Center -2.73112 -4.85891}
		{Extent 15.4314 17.726}
		{Axis -1 0}
	}
	{Rotate}
}
{Volume "body1"
	{Box 2.40956 31.4558 2.42151}
	{Bone "house_ru_141_10_3"}
	{Matrix34
		1	0	0
		0	0	1
		0	-1	0
		-4.74561	0.168873	-0.587738
	}
}
{Volume "body2"
	{Box 3.429 18.6428 2.69622}
	{Bone "house_ru_141_10_3"}
	{Matrix34
		0	1	0
		-0.996195	0	0.0871557
		0.0871557	0	0.996195
		-0.065049	-0.0261564	15.6806
	}
}
{Volume "body"
	{Box 2.40956 35.7141 2.42151}
	{Bone "house_ru_141_10_3"}
	{Position -4.74561	-1.7567	-16.6453}
}
{Volume "roof1"
	{Box 25.277 31.4379 5.52725}
	{Bone "exterior"}
	{Matrix34
		0.0228237	-0.792749	-0.609121
		0.999684	0.0116541	0.0222908
		-0.0105722	-0.609437	0.792764
		-4.25031	-26.1213	67.5969
	}
}
{Volume "roof2"
	{Box 23.2549 31.4379 5.52725}
	{Bone "exterior"}
	{Matrix34
		0.0228239	-0.782636	0.62206
		0.999684	0.0244467	-0.00592201
		-0.0105725	0.621999	0.782947
		-5.0415	24.3197	67.5878
	}
}
{Volume "roof3"
	{Box 20.2317 28.6085 5.52725}
	{Bone "exterior"}
	{Matrix34
		0.0228243	-0.937267	0.347863
		0.999684	0.0250766	0.00197317
		-0.0105726	0.347708	0.937543
		-3.66055	7.56764	76.8501
	}
}
{Volume "roof4"
	{Box 20.2317 44.1388 5.52725}
	{Bone "exterior"}
	{Matrix34
		0.628159	0.00925598	0.77803
		0.00983468	0.999755	-0.019834
		-0.778023	0.0201106	0.627914
		-20.2989	1.04014	68.8008
	}
}
{Volume "roof"
	{Box 25.277 31.4379 5.52725}
	{Bone "exterior"}
	{Matrix34
		0.0235289	-0.944893	-0.326534
		0.99915	0.0111652	0.0396865
		-0.0338537	-0.32719	0.944352
		-2.88688	-8.67802	76.5135
	}
}
