;Exported by: Normand
;Date:        Thu Feb 24 21:28:35 2013
;File:        C:\Users\Normand\m17_xx.max
{Skeleton
	{bone "basis"
		{parameters "SteerMax=30;WheelRadius=0.2;"}
		{Orientation
			1	0	0
			0	-1	0
			0	0	1
		}
		{bone "body"
			{parameters "ID=body;"}
			{Matrix34
				1	0	0
				0	1	-0.000554085
				0	0.000554085	1
				0.168825	-0.500336	17.9098
			}
			{VolumeView "body.ply"}
			{bone "doorl"
				{parameters "ID=body;"}
				{Matrix34
					0.99998	0.00626831	0.000558821
					0.00628384	-0.999387	-0.034455
					-0.000342504	-0.0344578	0.999406
					17.6251	17.2191	7.53941
				}
				{VolumeView "doorl.ply"}
				{bone "window_shieldl"
					{parameters "ID=body;"}
					{Matrix34
						0.258046	-0.964392	-0.0579686
						-0.0245406	0.0534365	-0.99827
						0.965821	0.259022	-0.00987751
						-7.34829	-2.2883	5.97219
					}
					{VolumeView "window_shieldl.ply"}
					{bone "shieldl"
						{parameters "ID=body;"}
						{Matrix34
							0.0256342	0.263642	0.96428
							-0.0673749	-0.961948	0.264795
							-0.997398	0.071758	0.00690274
							0.121983	3.53114	2.48263
						}
						{VolumeView "shieldl.ply"}
					}
				}
			}
			{bone "doorr"
				{parameters "ID=body;"}
				{Matrix34
					0.9999	0.0141313	0
					-0.0141313	0.9999	0
					0	0	1
					17.6251	-15.8572	7.52114
				}
				{VolumeView "doorl.ply"}
				{bone "window_shieldr"
					{parameters "ID=body;"}
					{Matrix34
						0.258045	-0.964392	-0.0579679
						-0.02454	0.0534379	-0.99827
						0.965821	0.259022	-0.00987759
						-7.34829	-2.28861	5.97235
					}
					{VolumeView "window_shieldl.ply"}
					{bone "shieldr1"
						{parameters "ID=body;"}
						{Matrix34
							0.0256335	0.263642	0.96428
							-0.0673751	-0.961948	0.264794
							-0.997398	0.071758	0.00690356
							0.121981	3.53115	2.48263
						}
						{VolumeView "shieldl.ply"}
					}
				}
			}
			{bone revolute "wheelr2"
				{parameters "ID=trackright;Radius=0.45;"}
				{Matrix34
					-1	1.57356e-005	0
					0	-0.000554128	1
					-1.57356e-005	-1	-0.000554128
					-3.77299	-16.0645	-5.30418
				}
				{VolumeView "wheelr2.ply"}
			}
			{bone revolute "wheelr3"
				{parameters "ID=trackright;Radius=0.6;"}
				{Matrix34
					-1	1.57356e-005	0
					0	-0.000554128	1
					-1.57357e-005	-1	-0.000554128
					-44.846	-16.0641	-5.96695
				}
				{VolumeView "wheelr3.ply"}
			}
			{bone revolute "wheell2"
				{parameters "ID=trackleft;Radius=0.45;"}
				{Matrix34
					-1	1.56482e-005	0
					0	-0.000553596	1
					1.56482e-005	1	0.000553596
					-3.77299	17.4616	-5.28568
				}
				{VolumeView "wheell2.ply"}
			}
			{bone revolute "wheell3"
				{parameters "ID=trackleft;Radius=0.6;"}
				{Matrix34
					-1	-1.89861e-005	0
					0	-0.000553596	1
					-1.89861e-005	1	0.000553596
					-44.846	17.462	-5.94837
				}
				{VolumeView "wheell3.ply"}
			}
			{bone "stand"
				{Matrix34
					1	0	0
					0	1	0
					0	0	1
					-35.8524	1.37064	9.59091
				}
				{VolumeView "stand.ply"}
				{bone revolute "turret"
					{Matrix34
						-0.949639	0.0163496	-0.312919
						0.0163494	-0.994692	-0.101588
						-0.312919	-0.101588	0.944331
						0	0	3.4628
					}
					{VolumeView "turret.ply"}
					{bone revolute "gun_rot"
						{Matrix34
							0.98645	0.0229934	-0.162442
							0.162306	0.00768488	0.986711
							0.0239362	-0.999706	0.00384878
							-0.0878524	-0.00601739	16.3178
						}
						{VolumeView "gun_rot.ply"}
					}
				}
			}
			{bone "shield1"
				{parameters "ID=body;"}
				{Matrix34
					0.999984	0	0.00563571
					-0.00563547	-0.00975846	0.999936
					5.16583e-005	-0.999952	-0.00975833
					16.4819	0.348768	20.0586
				}
				{VolumeView "shield1.ply"}
			}
			{bone "fxfire1"
				{Matrix34
					0.99999	0.00453793	0
					0	-0.000552696	1
					0.00453793	-0.99999	-0.000552698
					25.4508	0.286809	8.26218
				}
			}
			{bone "visor"
				{Matrix34
					1	-1.57356e-005	0
					0	-0.000554248	1
					-1.57356e-005	-1	-0.000554248
					37.3722	0.55345	17.5008
				}
			}
			{bone "part1"
				{parameters "ID=body;"}
				{Position -55.5176	-7.35811	-0.00395966}
				{VolumeView "door_back.ply"}
			}
			{bone "engine"
				{parameters "ID=engine;"}
				{Position 0	0	0.000305176}
				{VolumeView "engine.ply"}
				{bone "part2"
					{parameters "ID=body;"}
					{Matrix34
						0.139202	-0.000548674	0.990264
						0.000548345	1	0.000476986
						-0.990264	0.000476609	0.139202
						35.2968	-3.05914	11.6113
					}
					{VolumeView "engine_doorr.ply"}
				}
				{bone "engine_doorl"
					{parameters "ID=body;"}
					{Matrix34
						0.139202	-0.000548674	0.990264
						0.000548345	1	0.000476986
						-0.990264	0.000476609	0.139202
						35.2968	4.01263	11.6151
					}
					{VolumeView "engine_doorl.ply"}
				}
			}
			{bone "buffer"
				{parameters "ID=body;"}
				{Position 0	0	0.000305176}
				{VolumeView "detail9.ply"}
			}
			{bone "support_canl"
				{parameters "ID=body;"}
				{Matrix34
					1	0	0
					0	1	0.000554085
					0	-0.000554085	1
					21.7543	19.3908	5.15501
				}
				{VolumeView "support_canl.ply"}
			}
			{bone "support_canr"
				{parameters "ID=body;"}
				{Matrix34
					1	0	0
					0	-1	-0.000554085
					0	-0.000554085	1
					21.7543	-18.0438	5.13427
				}
				{VolumeView "support_canl.ply"}
			}
		}
		{bone "wheelsR"
			{parameters "ID=trackright;"}
			{Matrix34
				1	0	0
				0	1	-0.000554085
				0	0.000554085	1
				-24.7142	-16.3787	7.2413
			}
			{VolumeView "wheelsr.ply"}
			{bone "trackR"
				{parameters "ID=trackright;"}
				{Position 0.15366	0.0965538	-2.31107}
				{VolumeView "trackr.ply"}
			}
			{bone revolute "wheelr8"
				{parameters "ID=trackright;Radius=0.75;"}
				{Matrix34
					-1	1.57356e-005	0
					0	-0.000554097	1
					-1.57356e-005	-1	-0.000554097
					-0.102339	2.7933	8.52214
				}
				{VolumeView "wheelr8.ply"}
			}
			{bone "fxtracer2"
				{Matrix34
					1	0	0
					0	1	0
					0	0	1
					-0.274275	33.1658	-7.413
				}
			}
			{bone "wsr1"
				{parameters "ID=trackright;"}
				{Matrix34
					-1	0	0
					0	0.00919107	0.999958
					0	-0.999958	0.00919107
					1.16047	0.000152588	-0.776983
				}
				{VolumeView "wsr1.ply"}
				{bone "wtr1"
					{parameters "ID=trackright;"}
					{Matrix34
						1	0	1.57356e-005
						0	0.999953	0.00974514
						-1.57349e-005	-0.00974514	0.999953
						-7.62393	-2.33369	2.8005
					}
					{VolumeView "wtr1.ply"}
					{bone revolute "wheelr4"
						{parameters "ID=trackright;Radius=0.2;"}
						{Matrix34
							1	0	-3.14705e-005
							0	1	0
							3.14705e-005	0	1
							-3.8414	0.0199509	-2.80814
						}
						{VolumeView "wheelr4.ply"}
					}
					{bone revolute "wheelr5"
						{parameters "ID=trackright;Radius=0.2;"}
						{Matrix34
							1	0	-3.14705e-005
							0	1	0
							3.14705e-005	0	1
							3.80928	0.0199494	-2.80841
						}
						{VolumeView "wheelr5.ply"}
					}
				}
			}
			{bone "wsr2"
				{parameters "ID=trackright;"}
				{Matrix34
					1	0	0
					0	0.00919122	0.999958
					0	-0.999958	0.00919122
					-0.924545	0.000457764	-0.776981
				}
				{VolumeView "wsr1.ply"}
				{bone "wtr2"
					{parameters "ID=trackright;"}
					{Matrix34
						1	0	1.57356e-005
						0	0.999952	0.00974532
						-1.57349e-005	-0.00974532	0.999952
						-7.62393	-2.33369	2.80042
					}
					{VolumeView "wtr1.ply"}
					{bone revolute "wheelr6"
						{parameters "ID=trackright;Radius=0.2;"}
						{Matrix34
							-1	0	0
							0	1	0
							0	0	1
							3.81503	0.019949	-2.80828
						}
						{VolumeView "wheelr6.ply"}
					}
					{bone revolute "wheelr7"
						{parameters "ID=trackright;Radius=0.2;"}
						{Matrix34
							-1	0	0
							0	1	0
							0	0	1
							-3.82687	0.0199494	-2.80816
						}
						{VolumeView "wheelr7.ply"}
					}
				}
			}
		}
		{bone "wheelsL"
			{parameters "ID=trackleft;"}
			{Matrix34
				1	0	0
				0	-1	-0.000554085
				0	-0.000554085	1
				-24.7142	16.7709	7.2413
			}
			{VolumeView "wheelsl.ply"}
			{bone revolute "wheell8"
				{parameters "ID=trackleft;Radius=0.75;"}
				{Matrix34
					-1	-1.56482e-005	0
					0	-0.000553922	1
					-1.56482e-005	1	0.000553922
					-0.101807	-2.81816	8.51886
				}
				{VolumeView "wheell8.ply"}
			}
			{bone "trackL"
				{parameters "ID=trackleft;"}
				{Position 0.153736	0.0512085	-2.31115}
				{VolumeView "trackl.ply"}
			}
			{bone "fxtracel2"
				{Matrix34
					1	0	0
					0	-1	-0.00110808
					0	-0.00110808	1
					-0.300848	33.094	-7.37486
				}
			}
			{bone "wsl1"
				{parameters "ID=trackleft;"}
				{Matrix34
					-1	-3.0907e-005	0
					0	0.00919155	0.999958
					3.09057e-005	-0.999958	0.00919155
					1.16047	-0.0330544	-0.777002
				}
				{VolumeView "wsl1.ply"}
				{bone "wtl1"
					{parameters "ID=trackleft;"}
					{Matrix34
						1	0	1.57356e-005
						0	0.999952	0.00974514
						-1.57349e-005	-0.00974514	0.999952
						-7.62393	-2.33369	2.8005
					}
					{VolumeView "wtl1.ply"}
					{bone revolute "wheell5"
						{parameters "ID=trackleft;Radius=0.2;"}
						{Matrix34
							1	0	-6.24657e-005
							0	1	0
							-6.24657e-005	0	-1
							3.8025	0.0200872	-2.90247
						}
						{VolumeView "wheell5.ply"}
					}
					{bone revolute "wheell4"
						{parameters "ID=trackleft;Radius=0.2;"}
						{Matrix34
							1	0	-6.24657e-005
							0	1	0
							-6.24657e-005	0	-1
							-3.8391	0.0200882	-2.90196
						}
						{VolumeView "wheell4.ply"}
					}
				}
			}
			{bone "wsl2"
				{parameters "ID=trackleft;"}
				{Matrix34
					1	3.0907e-005	0
					0	0.00919134	0.999958
					3.09057e-005	-0.999958	0.00919134
					-0.924549	-0.0328121	-0.777
				}
				{VolumeView "wsl2.ply"}
				{bone "wtl2"
					{parameters "ID=trackleft;"}
					{Matrix34
						1	0	1.57356e-005
						0	0.999953	0.00974532
						-1.57349e-005	-0.00974532	0.999953
						-7.62393	-2.33369	2.80042
					}
					{VolumeView "wtl2.ply"}
					{bone revolute "wheell7"
						{parameters "ID=trackleft;Radius=0.2;"}
						{Matrix34
							-1	0	-3.08203e-005
							0	1	0
							3.08203e-005	0	-1
							-3.82656	0.0200863	-2.9028
						}
						{VolumeView "wheell7.ply"}
					}
					{bone revolute "wheell6"
						{parameters "ID=trackleft;Radius=0.2;"}
						{Matrix34
							-1	0	-3.08203e-005
							0	1	0
							3.08203e-005	0	-1
							3.75519	0.0200858	-2.90253
						}
						{VolumeView "wheell6.ply"}
					}
				}
			}
		}
		{bone "pivot_front"
			{Matrix34
				1	0	0
				0	1	-0.000554085
				0	0.000554085	1
				45.7335	0.365689	10.0027
			}
			{VolumeView "pivot_front.ply"}
			{bone revolute "steerl"
				{Matrix34
					-1	0	0
					0	1	0.000554085
					0	-0.000554085	1
					0.00157928	14.9157	-0.29356
				}
				{bone "fxtracel1"
					{Matrix34
						-1	-3.12964e-005	0
						-3.12964e-005	1	0
						0	0	1
						-0.415451	2.3624	-9.93684
					}
				}
				{bone revolute "wheell1"
					{parameters "ID=wheelleft;"}
					{Matrix34
						1	1.58866e-005	0
						0	0	1
						-1.58866e-005	1	0
						0.0321655	-0.116606	0.178469
					}
					{VolumeView "wheell1.ply"}
				}
			}
			{bone revolute "steerr"
				{Matrix34
					-1	0	0
					0	1	0.000554085
					0	-0.000554085	1
					-0.00318146	-15.2564	-0.31016
				}
				{bone "fxtracer1"
					{Matrix34
						-1	3.14713e-005	0
						3.14712e-005	1	0
						0	0	1
						-0.565563	-2.30323	-10.0896
					}
				}
				{bone revolute "wheelr1"
					{parameters "ID=wheelright;"}
					{Matrix34
						1	-1.57356e-005	0
						0	0	1
						-1.57356e-005	-1	0
						-0.0310669	0.167175	0.178408
					}
					{VolumeView "wheell1.ply"}
				}
			}
		}
	}
}
{Volume "body"
	{Polyhedron "body.vol"}
	{Bone "body"}
	{Matrix34
		1	0	0
		0	1	0.000554085
		0	-0.000554085	1
		-14.6394	0.65662	-6.10233
	}
}
{Volume "engine"
	{Polyhedron "engine.vol"}
	{Bone "engine"}
	{Matrix34
		1	0	0
		0	1	0.000554085
		0	-0.000554085	1
		42.6278	0.76144	-6.24251
	}
}
{Volume "trackleft"
	{Box 53 19 8}
	{Bone "wheelsl"}
	{Matrix34
		1	1.56482e-005	0
		0	-0.000553596	1
		-1.56482e-005	1	0.000553596
		1.50639	-0.394551	2.29509
	}
}
{Volume "trackright"
	{Box 53 19 8}
	{Bone "wheelsr"}
	{Matrix34
		1	-1.57356e-005	0
		0	-0.000554367	0.999999
		-1.57356e-005	-0.999999	-0.000554367
		1.24856	0.10368	2.52732
	}
}
{Volume "turret"
	{Box 17.3132 16.5109 7.28589}
	{Bone "turret"}
	{Matrix34
		0.961629	0.063258	0.26696
		0.271377	-0.076405	-0.959436
		-0.0402949	0.995068	-0.09064
		-0.386498	3.63123	7.07454
	}
}
{Volume "wheelleft"
	{Box 21 21 5.3}
	{Bone "steerl"}
	{Matrix34
		-1	-1.57356e-005	0
		0	0	1
		1.57356e-005	-1	0
		-0.0276721	2.47807	0.224388
	}
}
{Volume "wheelright"
	{Box 21 21 5.3}
	{Bone "steerr"}
	{Matrix34
		-1	-1.57356e-005	0
		0	0	1
		1.57356e-005	-1	0
		-0.0176661	-2.29652	0.187231
	}
}