;Exported by: Thomas
;Date:        Fri Jul 22 23:25:04 2016
;File:        C:\Users\Thomas\Desktop\Men of War Max\Weapons\Tutorial -Weapons\Tutorial -Weapons\type99_lmg_b.max
{Skeleton
	{bone "body"
		{parameters "CommonMesh;ID=rifle;"}
		{Orientation
			1	0	0
			0	-1	0
			0	0	1
		}
		{VolumeView "body.ply"}
		{bone "handle"
			{Matrix34
				0.996195	0.0871558	0
				0	0	-1
				-0.0871557	0.996195	0
				6.11023	2.73463	0.00747254
			}
		}
		{bone "foresight3"
			{Matrix34
				0.996195	0.0871557	0
				0.0871558	-0.996195	0
				0	0	-1
				19.7577	3.94765	0.00121759
			}
		}
		{bone "fxshell"
			{Matrix34
				0	0	1
				0.996195	0.0871556	0
				-0.0871547	0.996195	0
				4.08227	2.68825	0.516622
			}
		}
	}
}
{Volume "body"
	{Polyhedron "body.vol"}
	{Bone "body"}
	{Matrix34
		0.996217	0.0868956	0
		-0.0865711	0.996246	-3.54077e-005
		0.000193897	-0.00216704	0.999998
		5.45241	0.94284	-1.1527
	}
}
{Volume "select"
	{Polyhedron "select.vol"}
	{Bone "body"}
	{Matrix34
		0.996217	0.0868956	0
		-0.0865709	0.996246	-3.53802e-005
		0.000193864	-0.00216702	0.999998
		5.45241	0.942842	-1.37422
	}
}
{Extender "preview"
	{"Stuff_Primary"
		{camera
			{origin 3.67402	0.432996	27.484}
			{lookat 6.56094	-3.13539	-32.4903}
			{fov 45}
			{horizon -44.0574}
		}
		{lights
			{"0"
				{type point}
				{position 1.10919	-10.3813	-3.72076}
			}
			{"1"
				{type point}
				{position 4.43082	11.5279	-4.98755}
			}
			{"2"
				{type directional}
				{direction 0.12152	-0.0474327	-0.482683}
			}
		}
	}
	{"Stuff"
		{camera
			{origin 3.81158	0.420961	29.2403}
			{lookat 6.6985	-3.14742	-30.734}
			{fov 45}
			{horizon -44.0574}
		}
		{lights
			{"0"
				{type point}
				{position 1.24675	-10.3934	-1.96452}
			}
			{"1"
				{type point}
				{position 4.56838	11.5158	-3.23132}
			}
			{"2"
				{type directional}
				{direction 0.12152	-0.0474327	-0.482683}
			}
		}
	}
}
