;Exported by: shevchenko
;Date:        Thu Jun 29 12:52:47 2006
;File:        D:\-Projects1_5-\-3DWork-\bsh\bsh_c135-a1_x.max
{Skeleton
	{bone "bsh135_w2_2"
		{Orientation
			1	0	0
			0	-1	0
			0	0	1
		}
		{bone "piece0"
			{Matrix34
				-0.704416	-0.704416	0.0871572
				0.0616294	0.0616294	0.996195
				-0.707107	0.707106	0
				21.3238	-8.79974	22.5393
			}
			{VolumeView "piece0.ply"}
		}
		{bone "piece1"
			{Matrix34
				0.241847	0.241847	0.939692
				0.664462	0.664462	-0.342023
				-0.707107	0.707107	0
				19.6297	-10.4939	-9.95129
			}
			{VolumeView "piece1.ply"}
		}
		{bone "piece2"
			{Matrix34
				-0.704416	-0.704416	0.0871557
				0.0616284	0.0616284	0.996195
				-0.707107	0.707107	0
				-4.57779	-34.6554	11.5218
			}
			{VolumeView "piece2.ply"}
		}
		{bone "piece3"
			{Matrix34
				-0.499999	0.500001	-0.707107
				-0.5	0.5	0.707107
				0.707108	0.707106	0
				0.256252	12.2266	4.12096
			}
			{VolumeView "piece3.ply"}
		}
		{bone "piece4"
			{Matrix34
				-0.704415	0.704418	-0.0871556
				-0.0616288	0.0616278	0.996195
				0.707108	0.707105	0
				11.648	0.834772	20.0663
			}
			{VolumeView "piece4.ply"}
		}
		{bone "piece5"
			{Matrix34
				-0.707107	-0.707107	0
				0	0	1
				-0.707107	0.707107	0
				1.57283	-18.8454	58.3022
			}
			{VolumeView "piece5.ply"}
		}
	}
}
{Volume "piece0"
	{Box 12.7007 24.6168 9.84252}
	{Bone "piece0"}
	{Matrix34
		0.988561	-0.150824	0
		0.150824	0.988561	0
		0	0	0.999999
		-0.521973	0.224772	1.97338e-005
	}
}
{Volume "piece1"
	{Box 12.7007 24.6168 9.84252}
	{Bone "piece1"}
	{Matrix34
		0.988561	-0.150824	0
		0.150824	0.988561	0
		0	0	1
		-0.521976	0.224778	2.00272e-005
	}
}
{Volume "piece2"
	{Box 19.839 36.2775 9.84252}
	{Bone "piece2"}
	{Matrix34
		0.997818	-0.0660268	0
		0.0660268	0.997818	0
		0	0	1
		0.185556	0.656109	1.25813e-005
	}
}
{Volume "piece3"
	{Box 12.7007 24.6168 6.20079}
	{Bone "piece3"}
	{Matrix34
		0.988561	-0.150824	0
		0.150824	0.98856	0
		0	0	1
		-1.03447	0.0914861	1.83047
	}
}
{Volume "piece4"
	{Box 12.7007 24.6168 6.20079}
	{Bone "piece4"}
	{Matrix34
		0.988561	-0.150824	0
		0.150824	0.98856	0
		0	0	1
		-1.03447	0.0914887	1.83047
	}
}
{Volume "piece5"
	{Box 32.7074 2.30714 29.1078}
	{Bone "piece5"}
	{Matrix34
		1	0	0
		0	0.642788	-0.766044
		0	0.766045	0.642787
		4.03948	-10.2819	-2.23475
	}
}
