;Exported by: shevchenko
;Date:        Tue Nov 16 12:55:12 2004
;File:        D:\-Projects1_5-\-3DWork-\nadolbi.max
{Skeleton
	{bone "dot_element_omaha"
		{Orientation
			1.0000	0.0000	0.0000
			0.0000	-1.0000	0.0000
			0.0000	0.0000	1.0000
		}
		{VolumeView "dot_element_omaha.ply"}
	}
}
{Obstacle "body1"
	{Obb2
		{Center 0 0}
		{Extent 14.2717 14.2717}
		{Axis 1 0}
	}
	{Rotate}
}
{Volume "body5"
	{Box 3.93701 3.93701 27.5591}
	{Bone "dot_element_omaha"}
	{Matrix34
		-0.7071	0.7071	-0.0000
		-0.6124	-0.6124	0.5000
		0.3536	0.3536	0.8660
		-6.0657	-5.8144	16.5298
	}
}
{Volume "body4"
	{Box 3.93701 3.93701 27.5591}
	{Bone "dot_element_omaha"}
	{Matrix34
		-0.7071	-0.7071	0.0000
		0.6124	-0.6124	0.5000
		-0.3536	0.3536	0.8660
		5.7818	-5.8144	16.5298
	}
}
{Volume "body3"
	{Box 3.93701 3.93701 27.5591}
	{Bone "dot_element_omaha"}
	{Matrix34
		0.7071	-0.7071	-0.0000
		0.6124	0.6124	0.5000
		-0.3536	-0.3536	0.8660
		5.7818	5.6346	16.5298
	}
}
{Volume "body2"
	{Box 3.93701 3.93701 27.5591}
	{Bone "dot_element_omaha"}
	{Matrix34
		0.7071	0.7071	-0.0000
		-0.6124	0.6124	0.5000
		0.3536	-0.3536	0.8660
		-5.8762	5.6346	16.5298
	}
}
{Volume "body1"
	{Box 28.5433 28.5433 4.92126}
	{Bone "dot_element_omaha"}
	{Position 0.0000	0.0000	2.4606}
}
