;Exported by: sergienko
;Date:        Mon Nov 28 11:21:17 2005
;File:        D:\-projets1_5\3dwork\anima\construction\hangar_old\Tower_hangar_x.max
{Skeleton
	{bone "air_force_hangar_roof2_x"
		{Orientation
			1	0	0
			0	-1	0
			0	0	1
		}
		{bone "piece2"
			{Matrix34
				-0.391791	-0.894674	0.21461
				0.834489	-0.247319	0.492404
				-0.387464	0.372009	0.843493
				-13.6554	37.147	74.4757
			}
			{VolumeView "piece2.ply"}
		}
		{bone "piece1"
			{Position 17.0332	31.027	74.9525}
			{VolumeView "piece1.ply"}
		}
		{bone "piece4"
			{Matrix34
				0.422618	-0.906308	0
				0.906308	0.422618	0
				0	0	1
				-8.10993	-11.2421	96.3721
			}
			{VolumeView "piece4.ply"}
		}
		{bone "piece3"
			{Position 27.2422	-8.77053	93.4581}
			{VolumeView "piece3.ply"}
		}
		{bone "fx_steel"
			{Position 11.2768	13.2285	93.6844}
		}
	}
}
{Volume "piece1"
	{Box 45.5238 35.1107 2.60656}
	{Bone "piece1"}
	{Matrix34
		1	0	0
		0	0.984808	-0.173648
		0	0.173648	0.984808
		0	-0.226312	0.619764
	}
}
{Volume "piece2"
	{Box 37.8116 19.656 2.29215}
	{Bone "piece2"}
	{Matrix34
		1	0	0
		0	0.866025	-0.5
		0	0.5	0.866025
		1.19347	0.446135	0.720576
	}
}
{Volume "piece3"
	{Box 24.9369 34.6994 3.25599}
	{Bone "piece3"}
	{Matrix34
		1	0	0
		0	0.866025	-0.5
		0	0.5	0.866025
		0	-0.0355516	1.1809
	}
}
{Volume "piece4"
	{Box 31.0737 25.0348 2.72326}
	{Bone "piece4"}
	{Matrix34
		1	0	0
		0	0.906308	-0.422618
		0	0.422618	0.906308
		0.486454	-1.04879	-0.0417712
	}
}
