;Exported by: sana
;Date:        Mon Jul 10 16:58:06 2006
;File:        D:\-Project-\-3DWork-\Entourage\fence\barricade_brick.max
{Skeleton
	{bone "barricade_brick1_c1"
		{Orientation
			1	0	0
			0	-1	0
			0	0	1
		}
		{VolumeView "barricade_brick1_c1.ply"}
		{bone "climb1"
			{Matrix34
				0.209265	-0.977859	0
				0.977859	0.209265	0
				0	0	1
				-3.4903	5.93172	0
			}
			{visibility 0}
		}
		{bone "climb2"
			{Matrix34
				-0.20142	0.979505	0
				-0.979505	-0.20142	0
				0	0	1
				7.21539	-38.8038	0
			}
			{visibility 0}
		}
	}
}
{Obstacle "rectangle03"
	{Polygon2
		{Radius 0}
		{Vertex 29.5334 8.43731}
		{Vertex 29.4026 22.7159}
		{Vertex 4.32722 33.0996}
		{Vertex -22.2622 25.1853}
		{Vertex -22.6013 9.76237}
	}
	{Rotate}
}
{Volume "body03"
	{Box 11.1979 6.23396 9.92126}
	{Bone "barricade_brick1_c1"}
	{Position 23.7527	-15.5407	4.96063}
}
{Volume "body04"
	{Box 29.4683 6.23396 15.748}
	{Bone "barricade_brick1_c1"}
	{Matrix34
		1	0	0
		0	0.984808	0.173648
		0	-0.173648	0.984808
		3.45908	-16.5954	7.89257
	}
}
{Volume "body07"
	{Box 45.5384 21.2765 18.4055}
	{Bone "barricade_brick1_c1"}
	{Matrix34
		1	0	0
		0	0.707107	-0.707107
		0	0.707107	0.707107
		1.59621	-18.4317	-1.31497
	}
}
