;Exported by: sana
;Date:        Tue Dec 27 15:46:53 2005
;File:        D:\-Project-\-3DWork-\Entourage\house_euro_115c\house_euro_115s_n_x.max
{Skeleton
	{bone "115s_corner8"
		{Orientation
			1	0	0
			0	-1	0
			0	0	1
		}
		{bone "piece0"
			{Position -9.25196	-3.76884	70.6191}
			{VolumeView "piece0.ply"}
			{bone "sub_piece0"
				{Position -18.7096	0	12.5248}
				{VolumeView "sub_piece0.ply"}
			}
		}
		{bone "piece1"
			{Position 19.4622	-11.5593	119.861}
			{VolumeView "piece1.ply"}
			{bone "sub_piece1"
				{Position -20.3586	-4.70158	0}
				{VolumeView "sub_piece1.ply"}
			}
		}
		{bone "piece2"
			{Position 29.3953	-38.752	116.24}
			{VolumeView "piece2.ply"}
			{bone "sub_piece2"
				{Position 2.85174	0	-18.3112}
				{VolumeView "sub_piece2.ply"}
			}
		}
		{bone "piece3"
			{Position 30.0706	-38.752	70.912}
			{VolumeView "piece3.ply"}
		}
		{bone "piece4"
			{Position -2.72437	-38.752	118.116}
			{VolumeView "piece4.ply"}
			{bone "sub_piece4"
				{Position -7.80477	0	-11.482}
				{VolumeView "sub_piece4.ply"}
			}
		}
		{bone "piece5"
			{Position -29.7409	-38.752	99.2043}
			{VolumeView "piece5.ply"}
			{bone "sub_piece5"
				{Position -1.42587	0	-17.2605}
				{VolumeView "sub_piece5.ply"}
			}
		}
		{bone "piece6"
			{Position 46.4301	-39.9475	101.622}
			{VolumeView "piece6.ply"}
		}
		{bone "piece7"
			{Position 46.4301	-39.9475	49.7854}
			{VolumeView "piece7.ply"}
		}
		{bone "piece8"
			{Position -30.498	-19.6426	61.3985}
			{VolumeView "piece8.ply"}
			{bone "sub_piece8"
				{Position 8.01789	20.119	0}
				{VolumeView "sub_piece8.ply"}
			}
		}
		{bone "piece9"
			{Position 13.6004	14.4334	61.3985}
			{VolumeView "piece9.ply"}
			{bone "sub_piece9"
				{Position -22.3462	12.1753	0}
				{VolumeView "sub_piece9.ply"}
			}
		}
	}
}
{Volume "piece0"
	{Box 28.9497 29.5276 16.347}
	{Bone "piece0"}
	{Matrix34
		0.799772	0	-0.600304
		0	1	0
		0.600304	0	0.799772
		1.4665	0	-0.613795
	}
}
{Volume "piece1"
	{Box 30.9302 41.2105 5.90551}
	{Bone "piece1"}
	{Position 0	0	0}
}
{Volume "piece2"
	{Box 24.1648 8.25 20.9228}
	{Bone "piece2"}
	{Position 1.18669	0	-1.84614}
}
{Volume "piece3"
	{Box 24.9152 8.25 28.2172}
	{Bone "piece3"}
	{Position 0	0	-1.71661e-005}
}
{Volume "piece4"
	{Box 17.8459 8.25 18.6729}
	{Bone "piece4"}
	{Matrix34
		0.842423	0	-0.538818
		0	1	0
		0.538818	0	0.842423
		0.827029	0	-0.636774
	}
}
{Volume "piece5"
	{Box 22.964 8.25 20.8628}
	{Bone "piece5"}
	{Position 0	0	0}
}
{Volume "piece6"
	{Box 6.90607 8.24311 46.4513}
	{Bone "piece6"}
	{Position -0.697266	-1.36578	0}
}
{Volume "piece7"
	{Box 7.55231 5.51154 60.2007}
	{Bone "piece7"}
	{Position 1.02039	0	0}
}
{Volume "piece8"
	{Box 31.8043 25.8354 8.25}
	{Bone "piece8"}
	{Position 3.74497	0	0}
}
{Volume "piece9"
	{Box 42.7621 24.2022 8.25}
	{Bone "piece9"}
	{Position 0	0	0}
}
{Volume "sub_piece0"
	{Box 29.8727 29.5276 15.6301}
	{Bone "sub_piece0"}
	{Matrix34
		0.806693	0	-0.590971
		0	1	0
		0.590971	0	0.806693
		-0.37063	0	0.793572
	}
}
{Volume "sub_piece1"
	{Box 31.0105 31.8074 5.90551}
	{Bone "sub_piece1"}
	{Position 0	0	0}
}
{Volume "sub_piece2"
	{Box 17.5247 8.25 14.1086}
	{Bone "sub_piece2"}
	{Position 2.43811	0	0}
}
{Volume "sub_piece4"
	{Box 17.8609 8.25 11.7882}
	{Bone "sub_piece4"}
	{Matrix34
		0.860032	0	-0.51024
		0	1	0
		0.51024	0	0.860032
		-0.0529248	0	-0.403614
	}
}
{Volume "sub_piece5"
	{Box 20.4125 8.25 14.2587}
	{Bone "sub_piece5"}
	{Position 0	0	-1.52588e-005}
}
{Volume "sub_piece8"
	{Box 32.7813 23.3588 8.25}
	{Bone "sub_piece8"}
	{Matrix34
		0.889705	-0.456535	0
		0.456535	0.889705	0
		0	0	1
		1.71739	0.19488	0
	}
}
{Volume "sub_piece9"
	{Box 34.4859 26.8674 8.25}
	{Bone "sub_piece9"}
	{Matrix34
		0.882626	0.470075	0
		-0.470075	0.882626	0
		0	0	1
		0.403838	-0.746782	0
	}
}
