;Exported by: golanov
;Date:        Tue Dec 20 11:43:25 2005
;File:        D:\-Projects-\-3DWork-\Constructions\LightHouse\LightHouse_Westkapelle_x01.max
{Skeleton
	{bone "lh_wk_f3_2_x"
		{Orientation
			1	0	0
			0	-1	0
			0	0	1
		}
		{bone "piece0"
			{Position 15.177	-23.3181	55.3622}
			{VolumeView "piece0.ply"}
			{bone "sub_piece0"
				{Position -13.7463	13.7161	-10.7012}
				{VolumeView "sub_piece0.ply"}
			}
		}
		{bone "piece1"
			{Position -0.289211	7.03573	76.6662}
			{VolumeView "piece1.ply"}
			{bone "sub_piece1"
				{Position 4.32163	20.2995	-3.08484}
				{VolumeView "sub_piece1.ply"}
			}
		}
		{bone "piece2"
			{Position -4.43674	9.24253	19.8083}
			{VolumeView "piece2.ply"}
			{bone "sub_piece2"
				{Position 5.17959	18.5931	12.9005}
				{VolumeView "sub_piece2.ply"}
			}
		}
		{bone "piece3"
			{Position -3.62739	28.6437	-30.4444}
			{VolumeView "piece3.ply"}
		}
		{bone "sub_piece3"
			{Position -2.55616	-12.9313	-27.9724}
			{VolumeView "sub_piece3.ply"}
		}
	}
}
{Volume "piece0"
	{Box 6.0675 17.2166 41.4559}
	{Bone "piece0"}
	{Matrix34
		-0.498459	-0.863355	0.0784591
		0.866025	-0.5	0
		0.0392296	0.0679476	0.996917
		1.55487	1.12747	-0.717606
	}
}
{Volume "piece1"
	{Box 5.60201 15.6671 21.4193}
	{Bone "piece1"}
	{Matrix34
		-0.996701	0.0207419	0.0784591
		-0.0208061	-0.999784	0
		0.0784421	-0.00163243	0.996917
		-0.0286053	0.131031	-0.225663
	}
}
{Volume "piece2"
	{Box 7.28262 16.5996 34.3507}
	{Bone "piece2"}
	{Matrix34
		-0.996701	0.0207419	0.0784591
		-0.0208061	-0.999784	0
		0.0784421	-0.00163243	0.996917
		-0.0257604	-0.14861	0.0832023
	}
}
{Volume "piece3"
	{Box 8.84838 16.4986 50.0216}
	{Bone "piece3"}
	{Matrix34
		-0.861116	0.502316	0.0784591
		-0.50387	-0.863779	0
		0.0677714	-0.0395332	0.996917
		1.64017	-1.08937	-0.616333
	}
}
{Volume "sub_piece0"
	{Box 7.58438 17.2166 25.8063}
	{Bone "sub_piece0"}
	{Matrix34
		-0.863355	-0.498458	0.0784591
		0.5	-0.866025	0
		0.0679476	0.0392296	0.996917
		0.617755	0.280833	-0.649134
	}
}
{Volume "sub_piece1"
	{Box 5.60201 16.6563 29.7728}
	{Bone "sub_piece1"}
	{Matrix34
		-0.861116	0.502316	0.0784591
		-0.50387	-0.863779	0
		0.0677714	-0.0395332	0.996917
		0.484018	-0.907386	-1.90763
	}
}
{Volume "sub_piece2"
	{Box 6.55436 15.9476 16.6427}
	{Bone "sub_piece2"}
	{Matrix34
		-0.861116	0.502316	0.0784591
		-0.50387	-0.863779	0
		0.0677714	-0.0395332	0.996917
		0.932444	-1.0068	0.205062
	}
}
{Volume "sub_piece3"
	{Box 9.22688 21.2907 33.5328}
	{Bone "sub_piece3"}
	{Matrix34
		-0.850244	-0.520508	0.0784591
		0.522117	-0.852874	0
		0.0669157	0.0409648	0.996917
		1.05229	1.59975	-0.584603
	}
}
