;Exported by: ubrashaev
;Date:        Wed Apr 26 18:16:13 2006
;File:        D:\-Projects1_5-\-work-\3d\-entourage\dok_fence_x.max
{Skeleton
	{bone "fence"
		{Orientation
			1	0	0
			0	-1	0
			0	0	1
		}
		{bone "piece02"
			{Matrix34
				0.983883	-0.120854	-0.13179
				0.11618	0.992313	-0.0426191
				0.135927	0.0266209	0.990361
				0	40.6	9.34898
			}
			{VolumeView "piece02.ply"}
		}
		{bone "piece01"
			{Matrix34
				0.986364	0.130216	0.100648
				-0.135547	0.989605	0.0480472
				-0.0933457	-0.0610346	0.993761
				0	13.529	9.27064
			}
			{VolumeView "piece01.ply"}
		}
		{bone "piece00"
			{Matrix34
				0.990324	-0.104006	-0.0918723
				0.100582	0.994077	-0.0411566
				0.0956087	0.0315177	0.99492
				0	-27.9924	9.27064
			}
			{VolumeView "piece00.ply"}
		}
	}
}
{Volume "piece00"
	{Box 1.96851 44.5016 22.1726}
	{Bone "piece00"}
	{Position 0	0	0}
}
{Volume "piece01"
	{Box 1.96851 43.8767 22.1726}
	{Bone "piece01"}
	{Position 0	1.44888e-005	0}
}
{Volume "piece02"
	{Box 1.96851 19.2866 22.0159}
	{Bone "piece02"}
	{Position 0	1.75939e-005	0}
}
