;Exported by: butyvsky
;Date:        Thu Jul 05 10:40:59 2007
;File:        D:\-Projects-\-3D Work-\marine\s100\s101_now_torped.max
{Skeleton
	{animation
		{sequence "drift" {speed 0.5}}
		{sequence "move" {speed 0.5}}
	}
	{bone "basis"
		{parameters "SteerMax=45;"}
		{Orientation
			1	0	0
			0	-1	0
			0	0	1
		}
		{bone "body"
			{parameters "ID=body;"}
			{Matrix34
				0	1	0
				-1	0	0
				0	0	1
				0	0	0
			}
			{VolumeView "body.ply"}
			{bone "cabin"
				{parameters "ID=cabin;"}
				{Position -0.0110168	-105.793	76.2882}
				{VolumeView "cabin.ply"}
				{bone "gunner"
					{Matrix34
						0	-1	0
						1	0	0
						0	0	1
						-11.3647	-0.0833201	-23.0624
					}
				}
				{bone "driver"
					{Matrix34
						0	-1	0
						1	0	0
						0	0	1
						4.00818	-0.0833132	-23.0624
					}
				}
			}
			{bone "fx_bulb1"
				{Matrix34
					0.573577	0.819152	0
					-0.819152	0.573577	0
					0	0	1
					27.1535	335.353	8.80642
				}
			}
			{bone "fx_bulb2"
				{Matrix34
					-0.258819	0.965926	0
					0.965926	0.258819	0
					0	0	1
					-25.1222	335.313	8.35494
				}
			}
			{bone "fx_bulb_norm_engine1"
				{Matrix34
					0	1	0
					-1	0	0
					0	0	1
					1.82422	340.392	3.98494
				}
			}
			{bone "fx_bulb_norm_front1"
				{Matrix34
					0.906308	-0.422619	0
					0.422619	0.906308	0
					0	0	1
					7.08325	-319.428	4.51409
				}
			}
			{bone "fx_bulb_norm_front2"
				{Matrix34
					-0.866025	-0.500001	0
					0.500001	-0.866025	0
					0	0	1
					-5.82291	-319.488	4.52394
				}
			}
			{bone "fx_bulb_small_back1"
				{Matrix34
					0.939693	-0.34202	0
					0.34202	0.939693	0
					0	0	1
					29.7993	331.559	7.9744
				}
			}
			{bone "fx_bulb_small_back2"
				{Matrix34
					-1	0	0
					0	-1	0
					0	0	1
					-26.5819	332.653	7.52292
				}
			}
			{bone "fx_bulb_small_center1"
				{Position 49.9292	-66.7009	7.44985}
			}
			{bone "fx_bulb_small_center2"
				{Matrix34
					0.996195	-0.0871562	0
					0.0871562	0.996195	0
					0	0	1
					52.761	79.8661	2.17967
				}
			}
			{bone "fx_bulb_small_center3"
				{Position 33.1472	-229.266	6.60601}
			}
			{bone "fx_bulb_small_center4"
				{Matrix34
					0.996195	-0.0871562	0
					0.0871562	0.996195	0
					0	0	1
					48.5845	167.032	2.17967
				}
			}
			{bone "fx_bulb_small_center5"
				{Matrix34
					-0.996195	-0.0871558	0
					0.0871558	-0.996195	0
					0	0	1
					-41.7858	166.921	-1.64661
				}
			}
			{bone "fx_bulb_small_center6"
				{Matrix34
					-0.996195	-0.0871558	0
					0.0871558	-0.996195	0
					0	0	1
					-42.6881	79.7549	-1.64661
				}
			}
			{bone "fx_bulb_small_center7"
				{Matrix34
					-1	0	0
					0	-1	0
					0	0	1
					-35.8889	-229.279	6.606
				}
			}
			{bone "fx_bulb_small_center8"
				{Matrix34
					-1	0	0
					0	-1	0
					0	0	1
					-47.0226	-60.4145	7.44985
				}
			}
			{bone "fx_bulb_small_center9"
				{Matrix34
					0.996195	-0.0871562	0
					0.0871562	0.996195	0
					0	0	1
					52.3745	5.69506	2.17967
				}
			}
			{bone "fx_bulb_small_center10"
				{Matrix34
					-0.996195	-0.0871558	0
					0.0871558	-0.996195	0
					0	0	1
					-40.4382	5.58384	-1.64661
				}
			}
			{bone revolute "fx_exp1"
				{limits -2 2}
				{Matrix34
					0	-1	0
					1	0	0
					0	0	1
					-0.997009	-276.276	48.4578
				}
			}
			{bone revolute "fx_exp2"
				{limits -2 2}
				{Matrix34
					0	-1	0
					1	0	0
					0	0	1
					-0.997009	-44.4406	42.3975
				}
			}
			{bone revolute "fx_exp3"
				{limits -2 2}
				{Matrix34
					0	-1	0
					1	0	0
					0	0	1
					-0.996964	85.671	38.9599
				}
			}
			{bone revolute "fx_exp4"
				{limits -2 2}
				{Matrix34
					0	-1	0
					1	0	0
					0	0	1
					-0.975861	221.874	39.3773
				}
			}
			{bone "fx_smoke"
				{Matrix34
					0.258819	0.965926	0
					-0.965926	0.258819	0
					0	0	1
					-16.6023	228.999	50.9378
				}
			}
			{bone "pivot_back"
				{Position 0.950806	332.414	-23.3474}
			}
			{bone "pivot_front"
				{parameters "Main=1;"}
				{Position 0.950783	-75.6962	-23.3474}
			}
			{bone "emitx1"
				{Matrix34
					-1	0	0
					0	-1	0
					0	0	1
					-80.7658	204.238	50.6283
				}
				{visibility 0}
			}
			{bone "emitx2"
				{Position 76.7696	202.619	50.6283}
				{visibility 0}
			}
			{bone "emitx4"
				{Position 76.7696	-21.2449	50.6283}
				{visibility 0}
			}
			{bone "emitx3"
				{Matrix34
					-1	0	0
					0	-1	0
					0	0	1
					-80.417	-22.1369	50.6283
				}
				{visibility 0}
			}
			{bone "node_r1"
				{Matrix34
					-1	0	0
					0	-1	0
					0	0	1
					-31.6321	181.949	44.6558
				}
			}
			{bone "node_l1"
				{Matrix34
					1	0	0
					0	-1	0
					0	0	1
					36.9329	183.091	45.0432
				}
			}
			{bone "place3"
				{Matrix34
					0.173648	-0.984808	0
					0.984808	0.173648	0
					0	0	1
					39.06	-40.8569	43.0123
				}
			}
			{bone "place2"
				{Matrix34
					0.0871556	-0.996195	0
					0.996195	0.0871556	0
					0	0	1
					27.3719	283.389	38.2445
				}
			}
			{bone "place1"
				{Matrix34
					-0.173648	-0.984808	0
					0.984808	-0.173648	0
					0	0	1
					-26.9643	282.896	38.2445
				}
			}
			{bone "place4"
				{Matrix34
					-0.258819	-0.965926	0
					0.965926	-0.258819	0
					0	0	1
					-38.3143	-40.8385	44.3822
				}
			}
			{bone "place5"
				{Matrix34
					0	-1	0
					1	0	0
					0	0	1
					-38.3143	-64.0601	44.3822
				}
			}
			{bone "node_r2"
				{Matrix34
					-1	0	0
					0	-1	0
					0	0	1
					-31.6321	-53.0244	44.6558
				}
			}
			{bone "node_l2"
				{Matrix34
					1	0	0
					0	-1	0
					0	0	1
					36.9329	-51.8824	45.0432
				}
			}
			{bone "node_r3"
				{Matrix34
					-1	0	0
					0	-1	0
					0	0	1
					-31.6321	-205.327	44.6558
				}
			}
			{bone "node_l3"
				{Matrix34
					1	0	0
					0	-1	0
					0	0	1
					36.9329	-204.185	45.0432
				}
			}
			{bone "attach_gun1"
				{Position -0.0854187	-255.546	60.7995}
			}
			{bone "attach_gun2"
				{Position -0.624786	197.117	38.087}
			}
			{bone "attach_gun3"
				{Position -0.00918579	46.5212	36.7562}
			}
			{bone "body_front"
				{parameters "ID=body_front;"}
				{Position 0	-212.334	0}
				{VolumeView "body_front.ply"}
				{bone "fire_front1"
					{Matrix34
						0.965926	0	0.258819
						0	1	0
						-0.258819	0	0.965926
						48.6636	101.536	20.7467
					}
				}
				{bone "fire_front2"
					{Matrix34
						0.951251	0.167731	0.258819
						-0.173648	0.984808	0
						-0.254887	-0.0449435	0.965926
						-16.8786	-88.3897	21.1479
					}
				}
				{bone "fire_front3"
					{Matrix34
						0.951251	0.167731	0.258819
						-0.173648	0.984808	0
						-0.254887	-0.0449435	0.965926
						41.6697	-19.0266	31.4003
					}
				}
				{bone "fire_front4"
					{Matrix34
						0.965926	0	0.258819
						0	1	0
						-0.258819	0	0.965926
						-50.2697	101.536	16.7977
					}
				}
				{bone "smoke_front1"
					{Matrix34
						0.906308	0	0.422618
						0	1	0
						-0.422618	0	0.906308
						32.4692	-72.4568	24.1273
					}
				}
				{bone "smoke_front2"
					{Matrix34
						0.892539	0.157379	0.422618
						-0.173648	0.984808	0
						-0.416198	-0.0733869	0.906308
						-24.2625	-69.51	17.2038
					}
				}
			}
			{bone "body_rear"
				{parameters "ID=body_rear;"}
				{Position 0	259.926	0}
				{VolumeView "body_rear.ply"}
				{bone "fire_rear1"
					{Matrix34
						-0.0871578	0	0.996195
						0	1	0
						-0.996195	0	-0.0871578
						-16.2327	-58.7743	37.6135
					}
				}
				{bone "fire_rear2"
					{Matrix34
						-0.0871578	0	0.996195
						0	1	0
						-0.996195	0	-0.0871578
						-0.176147	50.1325	37.6135
					}
				}
				{bone "fire_rear3"
					{Matrix34
						-0.0871578	0	0.996195
						0	1	0
						-0.996195	0	-0.0871578
						-38.1144	26.5521	18.0936
					}
				}
				{bone "smoke_rear1"
					{Matrix34
						-0.17365	0	0.984807
						0	1	0
						-0.984807	0	-0.17365
						-23.3434	-49.0725	37.6135
					}
				}
				{bone "smoke_rear2"
					{Matrix34
						-0.17365	0	0.984807
						0	1	0
						-0.984807	0	-0.17365
						40.5989	1.91492	31.8413
					}
				}
				{bone "smoke_rear3"
					{Matrix34
						-0.17365	0	0.984807
						0	1	0
						-0.984807	0	-0.17365
						41.4154	22.9835	20.6537
					}
				}
				{bone "smoke_rear4"
					{Matrix34
						-0.17365	0	0.984807
						0	1	0
						-0.984807	0	-0.17365
						-37.3771	7.66358	24.0426
					}
				}
			}
			{bone "fire_center1"
				{Matrix34
					0.965926	0	0.258819
					0	1	0
					-0.258819	0	0.965926
					50.2306	6.07151	27.145
				}
			}
			{bone "fire_center2"
				{Matrix34
					0.965926	0	0.258819
					0	1	0
					-0.258819	0	0.965926
					-45.6263	-2.02827	23.6262
				}
			}
			{bone "fire_center3"
				{Matrix34
					0.5	0	0.866026
					0	1	0
					-0.866026	0	0.5
					49.3143	81.3814	15.774
				}
			}
			{bone "smoke_center1"
				{Matrix34
					0.906308	0	0.422618
					0	1	0
					-0.422618	0	0.906308
					-50.512	4.95958	27.0283
				}
			}
			{bone "smoke_center2"
				{Matrix34
					0.573577	0	0.819152
					0	1	0
					-0.819152	0	0.573577
					50.9142	56.0478	23.6262
				}
			}
			{bone "smoke_center3"
				{Matrix34
					0	0	1
					0	1	0
					-1	0	0
					-50.8791	72.2093	16.2821
				}
			}
			{bone "smoke_center4"
				{Matrix34
					0	0	1
					0	1	0
					-1	0	0
					50.9268	149.494	23.0894
				}
			}
		}
		{bone "volume_holder"
			{Orientation
				0.999926	0	-0.0121343
				0	1	0
				0.0121343	0	0.999926
			}
		}
	}
}
{Volume "ballast1"
	{Box 29.5276 29.5276 306.358}
	{Bone "volume_holder"}
	{Matrix34
		0	0	1
		0	1	0
		-1	0	0
		142.278	18.1622	-5.61135
	}
}
{Volume "ballast2"
	{Box 29.5276 29.5276 318.111}
	{Bone "volume_holder"}
	{Matrix34
		0	0	1
		0	1	0
		-1	0	0
		-175.695	18.1622	-6.94096
	}
}
{Volume "ballast3"
	{Box 29.5276 29.5276 305.118}
	{Bone "volume_holder"}
	{Matrix34
		0	0	1
		0	1	0
		-1	0	0
		142.051	-18.999	-5.62163
	}
}
{Volume "ballast4"
	{Box 29.5276 29.5276 314.87}
	{Bone "volume_holder"}
	{Matrix34
		0	0	1
		0	1	0
		-1	0	0
		-176.714	-18.999	-6.97299
	}
}
{Volume "body_front"
	{Polyhedron "body_front.vol"}
	{Bone "volume_holder"}
	{Matrix34
		1	0	0
		0	-1	0
		0	0	-1
		182.281	-0.883821	-17.0367
	}
}
{Volume "body_rear"
	{Box 153.389 92.126 53.6314}
	{Bone "volume_holder"}
	{Matrix34
		1	0	0
		0	-1	0
		0	0	-1
		-257.062	-0.439158	7.54623
	}
}
{Volume "body"
	{Box 258.107 95.6693 61.6545}
	{Bone "volume_holder"}
	{Matrix34
		1	0	0
		0	-1	0
		0	0	-1
		-52.3502	0.0876433	8.81147
	}
}
{Volume "cabin"
	{Box 66.1136 73.7285 61.6545}
	{Bone "cabin"}
	{Matrix34
		0	-0.999926	-0.0121343
		-1	0	0
		0	0.0121343	-0.999926
		0.0986854	2.12906	-26.1006
	}
}
{Volume "place1"
	{Box 13.4823 11.8904 35.0518}
	{Bone "place1"}
	{Position 1.13776e-005	0	13.8448}
}
{Volume "place2"
	{Box 13.4823 11.8904 35.0518}
	{Bone "place2"}
	{Position -1.74468e-005	0	13.8448}
}
{Volume "place3"
	{Box 13.4823 11.8904 35.0518}
	{Bone "place3"}
	{Position -0.765168	0.223484	13.368}
}
{Volume "place4"
	{Box 13.4823 11.8904 35.0518}
	{Bone "place4"}
	{Position -0.358533	0.223497	13.9293}
}
{Volume "place5"
	{Box 13.4823 11.8904 35.0518}
	{Bone "place5"}
	{Position -0.826927	-0.405717	13.368}
}
