;Exported by: sana
;Date:        Fri Aug 10 11:51:48 2007
;File:        D:\-Project-\-3DWork-\Entourage\School_Ru\School_ru_cut3a.max
{Skeleton
	{bone "school_ru_inn_l_2_4"
		{Orientation
			1	0	0
			0	-1	0
			0	0	1
		}
		{VolumeView "school_ru_inn_l_2_4.ply"}
		{bone "exterior"
			{Position 21.0262	26.0561	50.442}
			{VolumeView "exterior.ply"}
		}
		{bone "fix175"
			{Position -27.0764	0.0370941	-37.465}
		}
		{bone "fix176"
			{Position 2.98878	0.272873	-23.8158}
		}
	}
}
{Area "interior"
	{Obb2
		{Center 30.0263 -34.574}
		{Extent 33.1274 36.4293}
		{Axis -1 0}
	}
	{Rotate}
}
{Volume "body1"
	{Box 28.2478 30.285 4.3347}
	{Bone "school_ru_inn_l_2_4"}
	{Matrix34
		-0.94044	0	0.339959
		0.339959	0	0.94044
		0	1	0
		-18.6093	-0.0968277	-9.73248
	}
}
{Volume "body"
	{Box 49.1265 32.751 4.3347}
	{Bone "school_ru_inn_l_2_4"}
	{Matrix34
		-1	0	0
		0	0	1
		0	1	0
		6.98896	-0.0968277	7.57524
	}
}
{Volume "roof1"
	{Box 81.1793 34.426 3.47737}
	{Bone "exterior"}
	{Matrix34
		1	0	0
		0	0.965914	0.258864
		0	-0.258864	0.965914
		-0.93895	-13.7747	0.528565
	}
}
{Volume "roof"
	{Box 93.3095 47.8139 3.47737}
	{Bone "exterior"}
	{Matrix34
		1	0	0
		0	0.972592	-0.232517
		0	0.232517	0.972592
		2.6825	24.7373	-0.731178
	}
}
