;Exported by: skr
;Date:        Tue Sep 10 11:20:55 2013
;File:        D:\Documents\3dsmax\scenes\2 cm FLAK 38 flakvierling\flakvierling_xx.max
{Skeleton
	{bone "basis"
		{Orientation
			1	0	0
			0	-1	0
			0	0	1
		}
		{bone "body"
			{parameters "ID=body;"}
			{Matrix34
				0.997614	0	0.069038
				0	1	0
				-0.069038	0	0.997614
				42.8452	0	-0.833728
			}
			{VolumeView "body.ply"}
			{bone revolute "turret"
				{parameters "ID=turret;"}
				{speed 0.01}
				{Position -0.122097	0.176792	4.46872}
				{VolumeView "turret.ply"}
				{bone revolute "gun_rot"
					{parameters "ID=gun;"}
					{limits -25 35}
					{speed 0.01}
					{Matrix34
						1	0	0
						0	0	1
						0	-1	0
						-1.29379	4.29538	15.5196
					}
					{VolumeView "gun_rot.ply"}
					{bone "gun1"
						{parameters "ID=gun;"}
						{Matrix34
							0	0	-1
							-0.339791	0.940501	0
							0.940501	0.339791	0
							-8.25384	-0.801722	10.7626
						}
						{VolumeView "gun1.ply"}
					}
					{bone "gun2"
						{parameters "ID=gun;"}
						{Matrix34
							0	0	-1
							-0.220439	0.975401	0
							0.975401	0.220439	0
							-6.85908	-4.96413	10.7626
						}
						{VolumeView "gun2.ply"}
					}
					{bone "gun3"
						{parameters "ID=gun;"}
						{Matrix34
							0	0	1
							-0.339791	0.940501	0
							0.940501	0.339791	0
							-8.25384	-0.801723	-2.19398
						}
						{VolumeView "gun3.ply"}
					}
				}
				{bone revolute "podnozhka"
					{Matrix34
						0	-1	0
						0	0	1
						-1	0	0
						-13.1367	9.72318	2.00114
					}
					{VolumeView "podnozhka.ply"}
					{bone revolute "seat"
						{Matrix34
							0	0	1
							0	1	0
							-1	0	0
							-4.37511	1.50178	-6.0004
						}
						{VolumeView "seat.ply"}
					}
				}
				{bone revolute "podnozhka01"
					{Matrix34
						0	1	0
						0	0	1
						-1	0	0
						-13.1367	-9.65592	2.00114
					}
					{VolumeView "podnozhka01.ply"}
				}
				{bone revolute "shield2"
					{parameters "ID=shield1;"}
					{Matrix34
						-0.0766699	0.906329	-0.41556
						0.899288	0.242851	0.363736
						-0.430584	0.34582	0.83367
						11.055	5.35004	7.00832
					}
					{VolumeView "shield2.ply"}
				}
			}
		}
		{bone "lafet"
			{Matrix34
				0.994957	0	0.100305
				0	1	0
				-0.100305	0	0.994957
				-23.433	-0.624989	-0.114161
			}
			{VolumeView "lafet.ply"}
		}
		{bone revolute "shield1"
			{parameters "ID=shield1;"}
			{Matrix34
				-0.0443464	-0.965926	-0.254992
				0.165504	-0.258819	0.951641
				-0.985212	0	0.171342
				113.64	-5.41988	4.1991
			}
			{VolumeView "shield1.ply"}
		}
	}
}
{Volume "body1"
	{Box 32.1394 22.4035 3.16287}
	{Bone "body"}
	{Position -2.59681	0.04258	3.446}
}
{Volume "body2"
	{Box 18.9573 7.86727 5.15638}
	{Bone "body"}
	{Position -28.1983	-0.104218	2.63452}
}
{Volume "body3"
	{Box 9.91957 9.4504 5.1193}
	{Bone "body"}
	{Position 9.2387	-16.0255	2.52577}
}
{Volume "body4"
	{Box 9.91957 9.4504 5.1193}
	{Bone "body"}
	{Position 9.2387	16.1227	2.52577}
}
{Volume "gun_rot1"
	{Cylinder 6.8923 0.97718}
	{Bone "gun_rot"}
	{Matrix34
		0.941683	0.336501	0
		-0.336501	0.941683	0
		0	0	1
		0.0376244	0.0666676	8.9271
	}
}
{Volume "gun_rot2"
	{Cylinder 6.8923 0.97718}
	{Bone "gun_rot"}
	{Matrix34
		0.941683	0.336501	0
		-0.336501	0.941683	0
		0	0	1
		0.0376206	0.0666695	-0.319457
	}
}
{Volume "lafet"
	{Box 47.3046 48.5175 8.89488}
	{Bone "lafet"}
	{Position -2.70954	-0.272339	2.76738}
}
{Volume "shield1"
	{Box 0.702292 17.0576 17.266}
	{Bone "shield1"}
	{Matrix34
		0	1	0
		0	0	1
		1	0	0
		8.03926	-0.0275309	3.19735
	}
}
{Volume "shield8"
	{Box 0.717627 15.1196 14.4347}
	{Bone "shield1"}
	{Matrix34
		0	0.914508	0.404568
		0	-0.404568	0.914508
		1	0	0
		9.60937	-3.03729	18.3414
	}
}
{Volume "shield9"
	{Box 0.717627 15.1196 14.4347}
	{Bone "shield2"}
	{Matrix34
		0.00885218	0.914465	0.404568
		-0.00391608	-0.404548	0.914508
		-0.999953	0.00967969	0
		9.58619	-3.11638	18.3414
	}
}
{Volume "shield"
	{Box 0.702292 17.0576 17.266}
	{Bone "shield2"}
	{Matrix34
		0.00967982	0.999953	0
		0	0	1
		-0.999953	0.00967974	0
		8.23444	-0.0934064	3.19736
	}
}
{Volume "turret1"
	{Box 13.4369 24.1102 10.0062}
	{Bone "turret"}
	{Matrix34
		1	0	0
		0	0	1
		0	-1	0
		-1.305	0.340493	11.3367
	}
}
{Volume "turret2"
	{Box 8.10028 14.2946 9.72034}
	{Bone "turret"}
	{Matrix34
		1	0	0
		0	0	1
		0	-1	0
		9.35693	0.2786	7.57249
	}
}
