;Exported by: Артем
;Date:        Sat Jul 12 11:20:09 2014
;File:        D:\Autodesk\Low poly\freelance\DMS\Tanks\Crusader\expo\Crusader_xx.max
{Skeleton
	{bone "basis"
		{Orientation
			1	0	0
			0	-1	0
			0	0	1
		}
;		{Extension "/properties/damage_components.ext"}
		{bone "wheelsr"
			{parameters "wheelsR;"}
			{Position -6.77732	-17.4406	8.70772}
			{bone revolute "wheelr6"
				{parameters "ID=trackRight;Radius=0.4;"}
				{Matrix34
					1	0	0
					0	0	-1
					0	1	0
					-34.0064	-5.90551	0
				}
				{VolumeView "wheelr6.ply"}
			}
			{bone revolute "wheelr4"
				{parameters "ID=trackRight;Radius=0.4;"}
				{Matrix34
					0.983255	-0.182236	0
					0	0	-1
					0.182236	0.983255	0
					0	-5.90551	0
				}
				{VolumeView "wheelr6.ply"}
			}
			{bone revolute "part3"
				{parameters "ID=trackRight;Radius=0.4;"}
				{Matrix34
					0.991445	0.130526	0
					0	0	-1
					-0.130526	0.991445	0
					17.0445	-5.90551	0
				}
				{VolumeView "wheelr6.ply"}
			}
			{bone revolute "wheelr2"
				{parameters "ID=trackRight;Radius=0.4;"}
				{Matrix34
					0.991664	0.103685	-0.0765045
					-0.0938055	0.17386	-0.980292
					-0.0883407	0.979297	0.182137
					34.3485	-5.90552	0
				}
				{VolumeView "wheelr6.ply"}
			}
		}
		{bone "wheelsl"
			{parameters "wheelsL;"}
			{Position -6.77732	15.9254	8.70773}
			{bone revolute "wheell2"
				{parameters "ID=trackleft;Radius=0.4;"}
				{Matrix34
					0.995396	-0.0958458	0
					0	0	-1
					0.0958458	0.995396	0
					34.3485	5.90551	0
				}
				{VolumeView "wheell2.ply"}
			}
			{bone revolute "wheell4"
				{parameters "ID=trackleft;Radius=0.4;"}
				{Matrix34
					0.993572	0.113203	0
					-0.0225691	0.198086	-0.979925
					-0.110931	0.973626	0.199368
					0	5.90551	0
				}
				{VolumeView "wheell2.ply"}
			}
			{bone revolute "wheell5"
				{parameters "ID=trackleft;Radius=0.4;"}
				{Matrix34
					1	0	0
					0	0.233445	-0.97237
					0	0.97237	0.233445
					-16.8203	5.90551	0
				}
				{VolumeView "wheell2.ply"}
			}
		}
		{bone "body"
			{parameters "ID=body;"}
			{Matrix34
				0.999049	-0.00114142	-0.0435985
				-0.00152203	0.998136	-0.0610082
				0.0435869	0.0610165	0.997185
				-8.731	-0.757568	17.0721
			}
			{VolumeView "body.ply"}
			{bone revolute "turret"
				{parameters "ID=turret;"}
				{Matrix34
					0.675725	-0.737106	0.00835456
					0.735311	0.673193	-0.0782891
					0.0520831	0.0590451	0.996896
					8.14758	0.0515734	12.9492
				}
				{VolumeView "turret.ply"}
				{bone "cover"
					{parameters "ID=turret;"}
					{Position -9.03013	0.000306487	8.76178}
					{VolumeView "cover.ply"}
				}
				{bone revolute "gun_rot"
					{parameters "ID=gun;"}
					{limits -10 10}
					{speed 0.015}
					{Matrix34
						0.953326	-0.219985	-0.206824
						0.200477	-0.051051	0.978367
						-0.225785	-0.974167	-0.00456627
						17.993	0.00652753	1.81856
					}
					{VolumeView "gun_rot.ply"}
					{bone "gun"
						{parameters "ID=gun;"}
						{Matrix34
							1	0	0
							0	0	-1
							0	1	0
							14.6077	-0.325298	0.0622527
						}
						{VolumeView "gun.ply"}
					}
				}
			}
			{bone revolute "mgun2_turret"
				{parameters "ID=body;"}
				{limits -120 30}
				{Matrix34
					0.990634	0	-0.136547
					0	1	0
					0.136547	0	0.990634
					38.6788	7.65878	8.77464
				}
				{VolumeView "mgun2_turret.ply"}
				{bone revolute "mgun2_rot"
					{parameters "ID=body;"}
					{limits -10 10}
					{Matrix34
						0.989802	0.0409702	0.136432
						-0.136547	0	0.990634
						0.0405864	-0.99916	0.00559442
						6.55972	-3.14713e-005	-0.0754738
					}
					{VolumeView "mgun2_rot.ply"}
				}
			}
			{bone revolute "wheell1"
				{parameters "ID=trackleft;Radius=0.25;"}
				{Matrix34
					0.999968	-0.00796832	0.00045203
					-0.00100628	-0.182061	-0.983287
					0.00791747	0.983255	-0.182064
					53.8618	22.5342	-3.9355
				}
				{VolumeView "wheell1.ply"}
			}
			{bone revolute "part1"
				{parameters "ID=trackleft;Radius=0.36;"}
				{Matrix34
					0.993255	0.107319	0.043894
					0.0472107	-0.0285607	-0.998477
					-0.105902	0.993814	-0.0334347
					-47.4404	22.6165	-5.45068
				}
				{VolumeView "part1.ply"}
			}
			{bone revolute "wheelr7"
				{parameters "ID=trackRight;Radius=0.36;"}
				{Matrix34
					0.999982	-0.00608105	0.000212185
					-0.000635397	-0.13904	-0.990287
					0.0060515	0.990268	-0.139041
					-47.4404	-22.6165	-5.45068
				}
				{VolumeView "wheelr7.ply"}
			}
			{bone revolute "wheelr1"
				{parameters "ID=trackRight;Radius=0.25;"}
				{Matrix34
					1	0	0
					0	0	-1
					0	1	0
					53.8628	-22.5342	-3.93538
				}
				{VolumeView "wheelr1.ply"}
			}
			{bone "part2"
				{Position -56.567	-1.20401e-005	8.37775}
				{VolumeView "part2.ply"}
			}
			{bone "shieldr3"
				{parameters "ID=shieldR3;"}
				{Position -52.5043	-22.3445	-0.769319}
				{VolumeView "shieldr3.ply"}
			}
			{bone "shieldl2"
				{parameters "ID=shieldL2;"}
				{Position 40.8016	25.6981	2.4028}
				{VolumeView "shieldl2.ply"}
			}
			{bone "shieldr5"
				{parameters "ID=shield;"}
				{Position -10.1961	-26.267	2.18204}
				{VolumeView "shieldr5.ply"}
			}
			{bone "shieldr4"
				{parameters "ID=shield;"}
				{Position -41.2007	-26.2878	0.397923}
				{VolumeView "shieldr4.ply"}
			}
			{bone "shieldl5"
				{parameters "ID=shield;"}
				{Position -10.1961	26.2734	1.72037}
				{VolumeView "shieldl5.ply"}
			}
			{bone "shieldl4"
				{parameters "ID=shield;"}
				{Position -41.2007	26.2547	-0.0637474}
				{VolumeView "shieldl4.ply"}
			}
			{bone "engine"
				{parameters "ID=engine;"}
				{Position -39.9512	0.0511458	4.80468}
				{VolumeView "engine.ply"}
			}
		}
	}
}
{Volume "body1"
	{Polyhedron "body1.vol"}
	{Bone "body"}
	{Matrix34
		0	-1	0
		0	0	1
		-1	0	0
		4.95706	-0.0108384	3.65667
	}
}
{Volume "body2"
	{Polyhedron "body2.vol"}
	{Bone "body"}
	{Matrix34
		0	-1	0
		0	0	1
		-1	0	0
		18.2133	-0.0108302	2.12277
	}
}
{Volume "body3"
	{Polyhedron "body3.vol"}
	{Bone "body"}
	{Matrix34
		0	-1	0
		0	0	1
		-1	0	0
		3.46646	-0.0108324	-5.65861
	}
}
{Volume "box2"
	{Polyhedron "box2.vol"}
	{Bone "body"}
	{Matrix34
		-1	0	0
		0	0	1
		0	1	0
		1.15031	15.8817	8.19576
	}
}
{Volume "box3"
	{Polyhedron "box3.vol"}
	{Bone "body"}
	{Matrix34
		-1	0	0
		0	0	1
		0	1	0
		1.15031	-25.4341	8.19576
	}
}
{Volume "engine"
	{Polyhedron "engine.vol"}
	{Bone "engine"}
	{Matrix34
		0	-1	0
		0	0	1
		-1	0	0
		2.99464	-0.0108323	-5.18372
	}
}
{Volume "gun"
	{Cylinder 0.995356 24}
	{Bone "gun"}
	{Matrix34
		0	-1	0
		0	0	1
		-1	0	0
		1.32595	-0.00465442	0.0112528
	}
}
{Volume "mantlet"
	{Polyhedron "mantlet.vol"}
	{Bone "gun_rot"}
	{Matrix34
		0	0	1
		0	1	0
		-1	0	0
		-1.25292	-0.301743	0.0563774
	}
}
{Volume "part1"
	{Cylinder 7.13469 5.70811}
	{Bone "part1"}
	{Position -0.00213259	0.00175654	-0.00189948}
}
{Volume "part2"
	{Cylinder 4.68226 22.579}
	{Bone "part2"}
	{Matrix34
		1	0	0
		0	0	1
		0	-1	0
		-0.523151	0.00309086	0.00561295
	}
}
{Volume "part3"
	{Cylinder 8.24342 5.70811}
	{Bone "part3"}
	{Position 0	0	0}
}
{Volume "shieldl4"
	{Box 29 10 1}
	{Bone "shieldl4"}
	{Matrix34
		0.991445	0	0.130526
		-0.130526	0	0.991445
		0	-1	0
		-0.0819778	0.00803375	-0.114635
	}
}
{Volume "shieldl5"
	{Box 34 10 1}
	{Bone "shieldl5"}
	{Matrix34
		1	0	0
		0	0	1
		0	-1	0
		0.124512	-0.00445175	0.0581016
	}
}
{Volume "shieldr4"
	{Box 29 10 1}
	{Bone "shieldr4"}
	{Matrix34
		0.991445	0	0.130526
		-0.130526	0	0.991445
		0	-1	0
		-0.0819931	0.0178642	-0.576305
	}
}
{Volume "shieldr5"
	{Box 34 10 1}
	{Bone "shieldr5"}
	{Matrix34
		1	0	0
		0	0	1
		0	-1	0
		0.124512	0.00336075	-0.403568
	}
}
{Volume "trackleft"
	{Polyhedron "trackleft.vol"}
	{Bone "wheelsl"}
	{Matrix34
		-1	0	0
		0	0	1
		0	1	0
		0.0382586	4.44913	1.89519
	}
}
{Volume "trackright"
	{Polyhedron "trackright.vol"}
	{Bone "wheelsr"}
	{Matrix34
		-1	0	0
		0	0	1
		0	1	0
		0.0382566	-7.33977	1.89519
	}
}
{Volume "turret"
	{Polyhedron "turret.vol"}
	{Bone "turret"}
	{Position -1.22969	-0.261061	-2.2044}
}
