;Exported by: sk
;Date:        Fri Feb 24 15:29:40 2006
;File:        D:\-Projects1_5-\-3DWork-\City_Du\Bahnhof_house\BB_x.max
{Skeleton
	{bone "roof_center3_x"
		{Orientation
			1	0	0
			0	-1	0
			0	0	1
		}
		{bone "piece13"
			{Position 28.5212	34.1683	7.12492}
			{VolumeView "piece13.ply"}
		}
		{bone "piece1"
			{Position 82.4838	-22.3141	3.2117}
			{VolumeView "piece1.ply"}
		}
		{bone "piece2"
			{Position -49.6264	7.98602	-26.2774}
			{VolumeView "piece2.ply"}
		}
		{bone "piece3"
			{Position 12.6085	10.2477	-26.2774}
			{VolumeView "piece3.ply"}
		}
		{bone "piece4"
			{Position 82.4838	24.2343	3.2117}
			{VolumeView "piece4.ply"}
		}
		{bone "piece5"
			{Position 68.5867	28.5828	19.4101}
			{VolumeView "piece5.ply"}
		}
		{bone "piece6"
			{Position 61.6578	-38.3609	16.9646}
			{VolumeView "piece6.ply"}
		}
		{bone "piece7"
			{Position -58.4266	43.0171	-17.01}
			{VolumeView "piece7.ply"}
		}
		{bone "piece8"
			{Position -49.4604	-19.0031	-14.0322}
			{VolumeView "piece8.ply"}
		}
		{bone "piece9"
			{Position -45.2367	-60.1787	-13.8014}
			{VolumeView "piece9.ply"}
		}
		{bone "piece10"
			{Position 14.4511	-51.546	3.12683}
			{VolumeView "piece10.ply"}
		}
		{bone "piece11"
			{Position 9.94714	-21.3997	2.82062}
			{VolumeView "piece11.ply"}
		}
		{bone "piece12"
			{Position -17.9202	38.1275	-5.57758}
			{VolumeView "piece12.ply"}
		}
	}
}
{Volume "piece10"
	{Box 60.5762 45.2037 2.61924}
	{Bone "piece10"}
	{Matrix34
		0.964297	0	0.264823
		0	1	0
		-0.264823	0	0.964297
		1.80471	0	0.929987
	}
}
{Volume "piece11"
	{Box 79.0538 53.98 1.81695}
	{Bone "piece11"}
	{Matrix34
		0.962052	0	0.272867
		0	1	0
		-0.272867	0	0.962052
		2.61988	0	0.0427455
	}
}
{Volume "piece12"
	{Box 72.6264 80.4261 3.0575}
	{Bone "piece12"}
	{Matrix34
		0.960045	0	0.279847
		0	1	0
		-0.279847	0	0.960045
		0.255747	0	-0.268235
	}
}
{Volume "piece13"
	{Box 76.4057 82.2641 2.19453}
	{Bone "piece13"}
	{Matrix34
		0.962779	0	0.27029
		0	1	0
		-0.27029	0	0.962779
		2.40354	0	0.966483
	}
}
{Volume "piece1"
	{Box 2.95276 2.95276 38.0851}
	{Bone "piece1"}
	{Position 0	0	0}
}
{Volume "piece2"
	{Box 2.95276 87.4705 2.95276}
	{Bone "piece2"}
}
{Volume "piece3"
	{Box 92.0432 91.9938 2.95277}
	{Bone "piece3"}
	{Position 0	0	0}
}
{Volume "piece4"
	{Box 2.95276 2.95277 38.0851}
	{Bone "piece4"}
	{Position 0	0	0}
}
{Volume "piece5"
	{Box 38.2456 82.9852 2.64837}
	{Bone "piece5"}
	{Matrix34
		0.965969	0	0.258657
		0	1	0
		-0.258657	0	0.965969
		0.129939	0	-0.485227
	}
}
{Volume "piece6"
	{Box 52.1035 63.1171 2.38887}
	{Bone "piece6"}
	{Matrix34
		0.960827	0	0.277149
		0	1	0
		-0.277149	0	0.960827
		1.65032	0	0.46698
	}
}
{Volume "piece7"
	{Box 57.8645 75.1464 3.33855}
	{Bone "piece7"}
	{Matrix34
		0.963253	0	0.268597
		0	1	0
		-0.268597	0	0.963253
		-0.118933	0	-0.324672
	}
}
{Volume "piece8"
	{Box 75.797 67.3506 3.48652}
	{Bone "piece8"}
	{Matrix34
		0.961995	0	0.273068
		0	1	0
		-0.273068	0	0.961995
		0.142964	0	-0.503639
	}
}
{Volume "piece9"
	{Box 83.5432 45.9227 3.11849}
	{Bone "piece9"}
	{Matrix34
		0.963675	0	0.267077
		0	1	0
		-0.267077	0	0.963675
		-0.110599	0	0.399094
	}
}
