;Exported by: sergienko
;Date:        Thu Apr 27 16:20:06 2006
;File:        D:\-projets1_5\3dwork\anima\construction\catholic_church\Catholic_church_x.max
{Skeleton
	{bone "church_corner2"
		{Orientation
			1	0	0
			0	-1	0
			0	0	1
		}
		{bone "fx_dust1"
			{Position 16.6284	28.6386	41.3349}
		}
		{bone "fx_dust2"
			{Position 16.6284	-36.7134	41.3349}
		}
		{bone "piece1"
			{Matrix34
				0	-1	0
				0	0	1
				-1	0	0
				32.3282	-46.5621	61.4469
			}
			{VolumeView "piece1.ply"}
		}
		{bone "piece2"
			{Matrix34
				0	-1	0
				0	0	1
				-1	0	0
				32.3282	-12.8702	61.1456
			}
			{VolumeView "piece2.ply"}
		}
		{bone "piece3"
			{Matrix34
				0	-1	0
				0	0	1
				-1	0	0
				32.3282	6.80164	31.2904
			}
			{VolumeView "piece3.ply"}
		}
		{bone "piece4"
			{Matrix34
				-1	0	0
				0	0	1
				0	1	0
				-26.3841	-57.0807	171.264
			}
			{VolumeView "piece4.ply"}
		}
		{bone "piece5"
			{Matrix34
				-1	0	0
				0	0	1
				0	1	0
				-19.8668	-57.0807	117.53
			}
			{VolumeView "piece5.ply"}
		}
		{bone "piece6"
			{Matrix34
				-1	0	0
				0	0	1
				0	1	0
				-4.42084	-57.0806	44.7075
			}
			{VolumeView "piece6.ply"}
		}
		{bone "piece9"
			{Matrix34
				-1	0	0
				0	1	0
				0	0	1
				-29.0629	-36.9561	199.36
			}
			{VolumeView "piece9.ply"}
		}
		{bone "piece8"
			{Matrix34
				-1	0	0
				0	1	0
				0	0	1
				-7.81921	-36.4905	166.624
			}
			{VolumeView "piece8.ply"}
		}
		{bone "piece7"
			{Matrix34
				-1	0	0
				0	1	0
				0	0	1
				29.2418	-35.8334	109.514
			}
			{VolumeView "piece7.ply"}
		}
		{bone "sub_piece1"
			{Matrix34
				0	-1	0
				0	0	1
				-1	0	0
				32.3282	28.274	61.3349
			}
			{VolumeView "sub_piece1.ply"}
		}
		{bone "sub_piece2"
			{Matrix34
				-1	0	0
				0	0	1
				0	1	0
				-11.6475	-57.0807	78.4552
			}
			{VolumeView "sub_piece2.ply"}
		}
		{bone "sub_piece3"
			{Matrix34
				-1	0	0
				0	1	0
				0	0	1
				-3.13538	27.3578	159.406
			}
			{VolumeView "sub_piece3.ply"}
		}
		{bone "sub_piece4"
			{Position 7.30774	-24.5529	141.296}
			{VolumeView "sub_piece4.ply"}
		}
		{bone "sub_piece5"
			{Position -4.53333	-51.262	157.17}
			{VolumeView "sub_piece5.ply"}
		}
	}
}
{Volume "piece1"
	{Box 28.6884 33.0893 8.75}
	{Bone "piece1"}
	{Position 0	0	2.27124e-005}
}
{Volume "piece2"
	{Box 36.1539 32.4867 8.75}
	{Bone "piece2"}
	{Position 1.381e-005	0	3.34599e-005}
}
{Volume "piece3"
	{Box 30.4178 28.6691 8.75}
	{Bone "piece3"}
	{Position 0	0	4.27382e-005}
}
{Volume "piece4"
	{Box 20.4383 74.1324 8.75001}
	{Bone "piece4"}
	{Matrix34
		0.939693	-0.34202	0
		0.34202	0.939693	0
		0	0	1
		0	-1.20679e-005	0
	}
}
{Volume "piece5"
	{Box 38.7464 30.193 8.75004}
	{Bone "piece5"}
	{Position -2.18412e-005	-1.15616e-005	1.04782e-005}
}
{Volume "piece6"
	{Box 65.5654 23.6503 8.75003}
	{Bone "piece6"}
	{Position 9.40074e-005	0	0}
}
{Volume "piece7"
	{Box 2.27409 51.2708 47.3081}
	{Bone "piece7"}
	{Matrix34
		-0.849863	0	0.527003
		0	-1	0
		-0.527003	0	-0.849863
		1.08286	0	1.71834
	}
}
{Volume "piece8"
	{Box 3.04372 44.8806 47.7607}
	{Bone "piece8"}
	{Matrix34
		-0.838508	0	0.544889
		0	-1	0
		-0.544889	0	-0.838508
		-3.22648	0	-6.59574
	}
}
{Volume "piece9"
	{Box 1.25011 53.0312 37.7571}
	{Bone "piece9"}
	{Matrix34
		-0.839894	0	0.542751
		0	1	0
		0.542751	0	0.839894
		-0.209138	-1.21939e-005	-0.323566
	}
}
{Volume "sub_piece1"
	{Box 21.9297 26.5919 8.75}
	{Bone "sub_piece1"}
	{Position 2.14225e-005	0	4.68306e-005}
}
{Volume "sub_piece2"
	{Box 43.5775 34.6148 8.75004}
	{Bone "sub_piece2"}
	{Position -2.51798e-005	0	-1.79915e-005}
}
{Volume "sub_piece3"
	{Box 1.8797 44.8728 31.0348}
	{Bone "sub_piece3"}
	{Matrix34
		-0.840516	0	0.541786
		0	-1	0
		-0.541786	0	-0.840516
		-2.72256	-4.27806	-3.30685
	}
}
{Volume "sub_piece4"
	{Box 3.82547 6.88977 55.0604}
	{Bone "sub_piece4"}
	{Matrix34
		0.843493	0	0.537141
		0	1	0
		-0.537141	0	0.843493
		-1.5835	-1.52588e-005	0.188336
	}
}
{Volume "sub_piece5"
	{Box 4.35202 6.88974 76.7318}
	{Bone "sub_piece5"}
	{Matrix34
		0.837347	0	0.546671
		0	1	0
		-0.546671	0	0.837347
		0.514234	0	-0.317078
	}
}
