;Exported by: sana
;Date:        Sat Jan 28 14:50:26 2006
;File:        D:\-Project-\-3DWork-\Entourage\house_euro_110\house_euro_110_x.max
{Skeleton
	{bone "110n_corner7"
		{Orientation
			1	0	0
			0	-1	0
			0	0	1
		}
		{bone "piece0"
			{Position -9.66007	-10.7425	53.2005}
			{VolumeView "piece0.ply"}
			{bone "sub_piece0"
				{Position 0	-5.01352	-15.152}
				{VolumeView "sub_piece0.ply"}
			}
		}
		{bone "piece1"
			{Position -9.66007	16.3862	45.2903}
			{VolumeView "piece1.ply"}
			{bone "sub_piece1"
				{Position 0	6.87275	-9.65634}
				{VolumeView "sub_piece1.ply"}
			}
		}
		{bone "piece2"
			{Position -9.66006	-23.4155	20.7352}
			{VolumeView "piece2.ply"}
		}
		{bone "piece3"
			{Position -27.4745	3.70461	52.4872}
			{VolumeView "piece3.ply"}
			{bone "sub_piece3"
				{Position -12.8683	-10.1066	0}
				{VolumeView "sub_piece3.ply"}
			}
		}
		{bone "piece4"
			{Position -65.0217	-12.4542	52.4872}
			{VolumeView "piece4.ply"}
			{bone "sub_piece4"
				{Position 2.11536	15.5125	0}
				{VolumeView "sub_piece4.ply"}
			}
		}
		{bone "piece5"
			{Position -73.0718	26.6794	52.4872}
			{VolumeView "piece5.ply"}
			{bone "sub_piece5"
				{Position -5.99343	-19.2143	0}
				{VolumeView "sub_piece5.ply"}
			}
		}
	}
}
{Volume "piece0"
	{Box 7.87402 26.8502 14.7598}
	{Bone "piece0"}
	{Position 1.52588e-005	0	-0.641732}
}
{Volume "piece1"
	{Box 7.87402 18.8241 13.0886}
	{Bone "piece1"}
	{Matrix34
		1	0	0
		0	0.835145	-0.550029
		0	0.550029	0.835145
		0	-0.526439	0.732803
	}
}
{Volume "piece2"
	{Box 7.87402 17.8258 16.2973}
	{Bone "piece2"}
	{Position -1.52588e-005	0	0.172039}
}
{Volume "piece3"
	{Box 26.2067 26.4417 3.93701}
	{Bone "piece3"}
	{Position 0	0	0}
}
{Volume "piece4"
	{Box 26.5968 22.2721 3.93701}
	{Bone "piece4"}
	{Matrix34
		0.984132	-0.177437	0
		0.177437	0.984132	0
		0	0	1
		0.424158	-0.0831604	0
	}
}
{Volume "piece5"
	{Box 22.7979 27.0293 3.93701}
	{Bone "piece5"}
	{Matrix34
		0.879702	-0.475525	0
		0.475525	0.879702	0
		0	0	1
		0.52277	-1.89796	0
	}
}
{Volume "sub_piece0"
	{Box 7.87402 16.3775 15.152}
	{Bone "sub_piece0"}
	{Matrix34
		1	0	0
		0	0.998371	-0.0570548
		0	0.0570548	0.998371
		-1.52588e-005	-0.210382	-0.227068
	}
}
{Volume "sub_piece1"
	{Box 7.87402 13.7865 8.65081}
	{Bone "sub_piece1"}
	{Matrix34
		1	0	0
		0	0.935935	0.352171
		0	-0.352171	0.935935
		0	-0.381526	-0.125569
	}
}
{Volume "sub_piece3"
	{Box 17.4539 23.8563 3.93701}
	{Bone "sub_piece3"}
	{Matrix34
		0.801485	0.598015	0
		-0.598015	0.801485	0
		0	0	1
		-2.14779	0.3478	0
	}
}
{Volume "sub_piece4"
	{Box 17.3928 15.3799 3.93701}
	{Bone "sub_piece4"}
	{Matrix34
		0.923987	-0.382424	0
		0.382424	0.923987	0
		0	0	1
		2.35739	0.243982	0
	}
}
{Volume "sub_piece5"
	{Box 20.6504 13.7015 3.93701}
	{Bone "sub_piece5"}
	{Matrix34
		0.976026	-0.217653	0
		0.217653	0.976026	0
		0	0	1
		-0.329324	-0.350464	0
	}
}
