;Exported by: sergienko
;Date:        Thu Jun 29 19:18:40 2006
;File:        D:\-projets1_5\3dwork\anima\construction\e_house021_corner\e_house021_corner01_x.max
{Skeleton
	{bone "022_corner3_x"
		{Orientation
			1	0	0
			0	-1	0
			0	0	1
		}
		{bone "piece11"
			{Matrix34
				-0.766044	0	-0.642788
				0.642788	0	-0.766044
				0	-1	0
				15.668	-29.067	11.4082
			}
			{VolumeView "piece11.ply"}
		}
		{bone "piece9"
			{Matrix34
				-0.766048	0	0.642784
				-0.642784	0	-0.766048
				0	-1	0
				4.2095	-28.8518	15.8588
			}
			{VolumeView "piece9.ply"}
		}
		{bone "piece8"
			{Matrix34
				-0.342024	0	0.939691
				-0.939691	0	-0.342024
				0	-1	0
				-7.88394	-28.4449	7.35994
			}
			{VolumeView "piece8.ply"}
		}
		{bone "piece2"
			{Matrix34
				0	-0.5	0.866026
				0	0.866026	0.5
				-1	0	0
				-26.9075	-20.249	13.653
			}
			{VolumeView "piece2.ply"}
		}
		{bone "piece3"
			{Matrix34
				0	-0.5	0.866026
				0	0.866026	0.5
				-1	0	0
				-26.9075	-3.24037	17.0605
			}
			{VolumeView "piece3.ply"}
		}
		{bone "piece1"
			{Matrix34
				0	0.819152	-0.573576
				0	-0.573576	-0.819152
				-1	0	0
				-26.9075	-22.8078	39.7754
			}
			{VolumeView "piece1.ply"}
		}
		{bone "piece4"
			{Matrix34
				0	-0.5	0.866026
				0	0.866026	0.5
				-1	0	0
				-26.9075	5.91213	45.2731
			}
			{VolumeView "piece4.ply"}
		}
		{bone "piece6"
			{Matrix34
				0	-0.5	0.866026
				0	0.866026	0.5
				-1	0	0
				-26.9075	23.0856	17.1766
			}
			{VolumeView "piece6.ply"}
		}
		{bone "piece7"
			{Matrix34
				0	-0.819152	-0.573576
				0	-0.573576	0.819152
				-1	0	0
				-26.9075	27.354	38.3525
			}
			{VolumeView "piece7.ply"}
		}
		{bone "piece5"
			{Matrix34
				0	-0.5	0.866026
				0	0.866026	0.5
				-1	0	0
				-26.9075	22.8294	56.5002
			}
			{VolumeView "piece5.ply"}
		}
		{bone "piece10"
			{Matrix34
				-0.866028	0	0.499996
				-0.499996	0	-0.866028
				0	-1	0
				-11.5382	-28.2884	52.1629
			}
			{VolumeView "piece10.ply"}
		}
		{bone "piece15"
			{Matrix34
				-0.642788	0.766045	0
				-0.766045	-0.642788	0
				0	0	1
				-12.9506	11.9326	52.9325
			}
			{VolumeView "piece15.ply"}
		}
		{bone "piece13"
			{Position -7.06964	-5.85944	52.9325}
			{VolumeView "piece13.ply"}
		}
		{bone "piece12"
			{Position 6.09857	-16.1992	52.9325}
			{VolumeView "piece12.ply"}
		}
		{bone "piece14"
			{Position -6.539	-19.9035	52.9325}
			{VolumeView "piece14.ply"}
		}
	}
}
{Volume "piece10"
	{Box 13.782 10.5071 9.84252}
	{Bone "piece10"}
	{Matrix34
		0.997621	0.0689314	0
		-0.0689314	0.997621	0
		0	0	1
		0.0437495	0.199476	0
	}
}
{Volume "piece11"
	{Box 18.8365 16.9926 9.84252}
	{Bone "piece11"}
	{Matrix34
		0.984808	0.173648	0
		-0.173648	0.984808	0
		0	0	1
		-1.8995	0.853835	0
	}
}
{Volume "piece12"
	{Box 13.2387 9.55341 1.9685}
	{Bone "piece12"}
	{Matrix34
		0.906308	-0.422618	0
		0.422618	0.906308	0
		0	0	1
		-0.780853	-0.849619	0
	}
}
{Volume "piece13"
	{Box 18.8831 13.6666 1.9685}
	{Bone "piece13"}
	{Matrix34
		0.939693	-0.34202	0
		0.34202	0.939693	0
		0	0	1
		0.42205	0.918778	0
	}
}
{Volume "piece14"
	{Box 11.9271 9.9752 1.9685}
	{Bone "piece14"}
	{Matrix34
		0.965926	0.258819	0
		-0.258819	0.965926	0
		0	0	1
		-0.0875823	0.0883198	0
	}
}
{Volume "piece15"
	{Box 13.2387 9.55341 1.9685}
	{Bone "piece15"}
	{Matrix34
		0.906308	-0.422618	0
		0.422618	0.906308	0
		0	0	1
		-0.780862	-0.849643	0
	}
}
{Volume "piece1"
	{Box 19.7532 27.361 9.84253}
	{Bone "piece1"}
	{Matrix34
		0.984808	0.173648	0
		-0.173648	0.984808	0
		0	0	1
		0	0	0
	}
}
{Volume "piece2"
	{Box 10.5337 20.3634 9.84253}
	{Bone "piece2"}
	{Matrix34
		0.930738	-0.365686	0
		0.365686	0.930738	0
		0	0	1
		0.367653	-0.154556	0
	}
}
{Volume "piece3"
	{Box 16.8017 14.1433 9.84253}
	{Bone "piece3"}
	{Position -2.09982	0.948645	0}
}
{Volume "piece4"
	{Box 19.2087 28.5378 9.84253}
	{Bone "piece4"}
	{Matrix34
		0.978182	-0.207748	0
		0.207748	0.978182	0
		0	0	1
		0	0	1.42398e-005
	}
}
{Volume "piece5"
	{Box 15.3133 9.02239 9.84253}
	{Bone "piece5"}
	{Matrix34
		0.986338	0.164733	0
		-0.164733	0.986338	0
		0	0	1
		-0.152919	0.954587	2.30367e-005
	}
}
{Volume "piece6"
	{Box 22.95 24.6533 9.84253}
	{Bone "piece6"}
	{Matrix34
		0.658534	0.752551	0
		-0.752551	0.658534	0
		0	0	1
		0	1.21291e-005	1.9961e-005
	}
}
{Volume "piece7"
	{Box 13.4757 9.93605 9.84253}
	{Bone "piece7"}
	{Matrix34
		0.995969	0.0897014	0
		-0.0897014	0.995969	0
		0	0	1
		-0.115824	0.717657	1.32022e-005
	}
}
{Volume "piece8"
	{Box 12.2602 20.779 9.84252}
	{Bone "piece8"}
	{Matrix34
		0.939692	-0.342021	0
		0.342021	0.939692	-4.39564e-005
		1.35479e-005	4.18464e-005	1
		1.01929	-0.370997	2.17996e-005
	}
}
{Volume "piece9"
	{Box 13.0163 10.1645 9.84252}
	{Bone "piece9"}
	{Matrix34
		0.996195	0.0871558	0
		-0.0871558	0.996195	0
		0	0	1
		0.0874858	0.513036	0
	}
}
