;Exported by: kolesnikov
;Date:        Fri Jul 01 18:43:37 2005
;File:        D:\-Project-\-3DWork-\barricade_new_vik.max
{Skeleton
	{bone "barricade2_c_corner2_x"
		{Orientation
			1	0	0
			0	-1	0
			0	0	1
		}
		{bone "piece9"
			{Matrix34
				0	0	1
				0	1	0
				-1	0	0
				9.43237	-15.6989	16.6721
			}
			{VolumeView "piece9.ply"}
		}
		{bone "piece6"
			{Position -3.48828	10.0387	-1.75478}
			{VolumeView "piece6.ply"}
		}
		{bone "piece7"
			{Matrix34
				0	0	1
				0	1	0
				-1	0	0
				9.43237	11.6498	16.6721
			}
			{VolumeView "piece7.ply"}
		}
		{bone "piece8"
			{Position 9.87286	10.0387	-1.75478}
			{VolumeView "piece8.ply"}
		}
		{bone "piece5"
			{Matrix34
				0.0102805	0.9983	0.0573667
				0.0581493	0.056676	-0.996698
				-0.998255	0.0135824	-0.0574678
				26.5881	3.97485	3.69907
			}
			{VolumeView "piece5.ply"}
		}
		{bone "piece4"
			{Matrix34
				0.0102805	0.9983	0.0573667
				0.0581493	0.056676	-0.996698
				-0.998255	0.0135824	-0.0574678
				36.4875	15.6265	3.69907
			}
			{VolumeView "piece4.ply"}
		}
		{bone "fx_stone1a"
			{Position 22.0475	2.16614	0}
		}
	}
}
{Volume "body3_vol34"
	{Box 7.2459 9.58165 3.72293}
	{Bone "piece4"}
	{Matrix34
		0.0102804	0.0581495	-0.998255
		0.9983	0.0566759	0.0135824
		0.0573666	-0.996698	-0.057468
		0.444929	0.24963	0.0356749
	}
}
{Volume "body3_vol35"
	{Box 7.2459 9.58165 3.72293}
	{Bone "piece5"}
	{Matrix34
		0.0102804	0.0581495	-0.998255
		0.9983	0.0566759	0.0135824
		0.0573666	-0.996698	-0.057468
		0.444934	0.249631	0.0356501
	}
}
{Volume "body3_vol29"
	{Polyhedron "body3_vol29.vol"}
	{Bone "piece8"}
	{Position 6.17175	3.31946	10.2746}
}
{Volume "body3_vol37"
	{Box 13.743 0.469501 16.165}
	{Bone "piece7"}
	{Matrix34
		0	1	0
		0	0	1
		1	0	0
		-0.801698	-0.0197977	0.222667
	}
}
{Volume "body3_vol30"
	{Polyhedron "body3_vol30.vol"}
	{Bone "piece6"}
	{Position 7.50482	3.31946	10.2746}
}
{Volume "body3_vol36"
	{Box 13.743 0.469501 16.165}
	{Bone "piece9"}
	{Matrix34
		0	1	0
		0	0	1
		1	0	0
		-0.249115	-0.0388407	-0.0222344
	}
}
