;Exported by: Normand
;Date:        Fri Dec 16 13:40:31 2011
;File:        C:\Users\Normand\StudebekerUS6.max
{Skeleton
	{animation
		{sequence "doorright" {speed 0.2}}
		{sequence "doorleft" {speed 0.2}}
		{sequence "start" {speed 1}}
		{sequence "stop" {speed 1}}
	}
	{bone "basis"
		{parameters "SteerMax=30;WheelRadius=0.5;"}
		{Orientation
			1	0	0
			0	-1	0
			0	0	1
		}
		{bone "body"
			{parameters "ID=body;"}
			{animation
				{sequence "repair" {file "body_r.anm"}}
			}
			{Matrix34
				0.999826	0.0116988	-0.0145113
				-0.0117477	0.999926	-0.00328553
				0.0144718	0.00345544	0.999889
				-2.22974	0.131442	15.7524
			}
			{VolumeView "body.ply"}
			{bone "cabin"
				{parameters "ID=cabin;"}
				{animation
					{sequence "repair" {file "cabin_r.anm"}}
				}
				{Matrix34
					0.999426	-0.0215382	0.0261425
					0.0215941	0.999765	-0.0018621
					-0.0260962	0.0024256	0.999657
					9.62745	0.0342328	10.7248
				}
				{VolumeView "cabin.ply"}
				{bone revolute "doorleft"
					{parameters "ID=cabin;"}
					{Matrix34
						0.999819	-0.00127901	0.0189827
						0.00146666	0.99995	-0.00988189
						-0.0189691	0.00990804	0.999771
						6.75263	12.7994	-1.55147
					}
					{VolumeView "doorleft.ply"}
					{bone "glass_doorleft"
						{parameters "ID=Glass;"}
						{Matrix34
							0.999343	0.0111713	-0.0344757
							-0.0110105	0.999928	0.00485722
							0.0345273	-0.00447427	0.999394
							-9.14966	0.159545	12.5862
						}
						{VolumeView "glass_doorleft.ply"}
					}
				}
				{bone revolute "doorright"
					{parameters "ID=cabin;"}
					{Matrix34
						0.999717	0.0161731	0.0174704
						-0.0159335	0.999778	-0.0137723
						-0.0176893	0.0134901	0.999753
						7.05684	-13.0714	-0.92042
					}
					{VolumeView "doorright.ply"}
					{bone "glass_doorright"
						{parameters "ID=Glass;"}
						{Matrix34
							0.999638	-0.0152823	-0.0221492
							0.0154317	0.999859	0.00660507
							0.0220452	-0.00694434	0.999733
							-9.8241	1.88347	11.3959
						}
						{VolumeView "glass_doorright.ply"}
					}
				}
				{bone "glass_back"
					{parameters "ID=Glass;"}
					{Matrix34
						0.00980634	-0.999951	-0.00110163
						0.050597	-0.000604077	0.998719
						-0.998671	-0.00984945	0.0505886
						-11.8911	-0.0532413	11.9014
					}
					{VolumeView "glass_back.ply"}
				}
				{bone "glass_front"
					{parameters "ID=Glass;"}
					{Matrix34
						0.999677	0.0246629	0.00614114
						-0.0246697	0.999695	0.00100473
						-0.00611451	-0.0011558	0.999981
						4.53853	-2.68868	15.662
					}
					{VolumeView "glass_front.ply"}
				}
				{bone "commander"
					{Matrix34
						0.999919	-0.0116993	-0.00503319
						0.0116567	0.999897	-0.0083994
						0.00513094	0.00833985	0.999952
						-4.05321	-5.74244	-9.31546
					}
				}
				{bone "visor"
					{Matrix34
						0.999918	-0.0116983	-0.00520805
						0.0116543	0.999897	-0.00839504
						0.00530575	0.00833349	0.999951
						-7.48507	7.12507	11.8831
					}
				}
				{bone "headlightr"
					{Matrix34
						0.999784	0.0139297	-0.0154296
						-0.0139864	0.999896	-0.00357393
						0.0153782	0.00378896	0.999875
						30.1033	-9.78125	0.730301
					}
				}
				{bone "headlightl"
					{Matrix34
						0.999824	0.013927	-0.0125972
						-0.013973	0.999896	-0.00357409
						0.0125461	0.00374947	0.999914
						30.0481	10.1217	0.727955
					}
				}
				{bone "driver"
					{Matrix34
						0.999942	-0.0102503	0.00324633
						0.0103685	0.999196	-0.0387389
						-0.00284657	0.0387702	0.999244
						-2.8166	3.23287	-9.61595
					}
				}
				{bone "glass_lightr"
					{parameters "ID=cabin;"}
					{Matrix34
						0.999997	1.42904e-005	-0.00251627
						-1.44408e-005	1	-5.38346e-005
						0.00251626	5.39641e-005	0.999997
						29.9526	-9.94865	0.252748
					}
					{VolumeView "glass_lightr.ply"}
				}
				{bone "glass_lightl"
					{parameters "ID=cabin;"}
					{Matrix34
						0.999997	1.42904e-005	-0.00251627
						-1.44408e-005	1	-5.38346e-005
						0.00251626	5.39641e-005	0.999997
						29.89	10.0869	0.313269
					}
					{VolumeView "glass_lightl.ply"}
				}
			}
			{bone "body_back"
				{parameters "ID=body;"}
				{Matrix34
					0.999924	-0.00691359	0.0102227
					0.00700272	0.999937	-0.00871383
					-0.0101618	0.00878485	0.99991
					-40.4005	0.490496	14.9764
				}
				{VolumeView "body_back.ply"}
				{bone "fxstop1"
					{Matrix34
						0.999988	-0.00494095	0.000425054
						0.00493029	0.999739	0.0222872
						-0.00053504	-0.0222847	0.999751
						-36.0201	11.7609	-9.37471
					}
				}
				{bone "fxstop2"
					{Matrix34
						0.999943	-0.000654663	0.0106733
						0.00041825	0.999755	0.0221397
						-0.0106852	-0.0221338	0.999698
						-36.4877	-9.53884	-9.71612
					}
				}
				{bone "shield"
					{parameters "CommonMesh;ID=shield;"}
					{animation
						{sequence "repair" {file "shield_r.anm"}}
					}
					{Matrix34
						0.999835	0	0.0181627
						0	1	0
						-0.0181627	0	0.999835
						0.0692596	-0.0412598	5.41331
					}
					{VolumeView "shield.ply"}
				}
				{bone "seat01"
					{Matrix34
						-0.0233323	-0.999699	-0.00763622
						0.999719	-0.023364	0.00406631
						-0.00424355	-0.00753899	0.999963
						26.5366	8.77096	-6.9757
					}
				}
				{bone "seat02"
					{Matrix34
						0.00784568	0.999941	0.00751784
						-0.99996	0.00787747	-0.00418483
						-0.00424369	-0.00748451	0.999963
						26.302	-7.99218	-7.10297
					}
				}
				{bone "seat03"
					{Matrix34
						-0.00946682	-0.999927	-0.00749501
						0.999946	-0.00949843	0.00417268
						-0.00424356	-0.0074549	0.999963
						13.6752	9.20957	-7.02689
					}
				}
				{bone "seat04"
					{Matrix34
						-0.00478491	0.999959	0.0076933
						-0.99998	-0.00475189	-0.00428089
						-0.00424402	-0.00771345	0.999961
						13.2631	-7.95778	-7.1581
					}
				}
				{bone "seat05"
					{Matrix34
						-0.00512668	0.999957	0.00769808
						-0.999978	-0.00509362	-0.00428354
						-0.00424401	-0.00771967	0.999961
						0.0973778	-7.89446	-7.2134
					}
				}
				{bone "seat06"
					{Matrix34
						-0.00766924	-0.999942	-0.00752015
						0.999962	-0.00770103	0.00418601
						-0.00424375	-0.00748756	0.999963
						0.722309	9.07061	-7.08287
					}
				}
				{bone "seat07"
					{Matrix34
						-0.0073836	-0.999944	-0.00752416
						0.999964	-0.00741548	0.00418841
						-0.00424401	-0.00749275	0.999963
						-11.8237	9.43521	-7.13341
					}
				}
				{bone "seat08"
					{Matrix34
						-0.00531371	0.999956	0.00770141
						-0.999977	-0.00528063	-0.004285
						-0.00424403	-0.00772382	0.999961
						-11.448	-7.83531	-7.26201
					}
				}
				{bone "seat09"
					{Matrix34
						-0.00662358	-0.99995	-0.00753477
						0.999969	-0.00665548	0.00419413
						-0.00424411	-0.00750655	0.999963
						-26.0247	9.32782	-7.19446
					}
				}
				{bone "seat10"
					{Matrix34
						-0.00487695	0.999958	0.00769474
						-0.999979	-0.00484391	-0.0042816
						-0.00424405	-0.00771527	0.999961
						-26.2699	-7.78094	-7.32448
					}
				}
			}
			{bone "fuel"
				{parameters "ID=fuel;"}
				{Matrix34
					0.999706	-0.0091772	0.0224328
					0.00926517	0.99995	-0.00382273
					-0.0223966	0.00402946	0.999741
					-12.0969	14.8282	-1.20477
				}
				{VolumeView "fuel.ply"}
			}
			{bone "fxsmoke"
				{Matrix34
					0.999881	-0.00768104	0.0134121
					0.0075147	0.999895	0.0124144
					-0.013506	-0.0123121	0.999833
					-20.6813	-8.55326	-3.73798
				}
			}
			{bone "engine"
				{parameters "ID=engine;"}
				{animation
					{sequence "repair" {file "engine_r.anm"}}
				}
				{Matrix34
					0.999426	-0.0215383	0.0261425
					0.0215943	0.999765	-0.00186232
					-0.0260962	0.00242588	0.999657
					28.506	-0.187149	11.4272
				}
				{VolumeView "engine.ply"}
				{bone "fxfire1"
					{Matrix34
						0.999884	0.00981819	-0.0116532
						0.0116634	-0.00098693	0.999932
						0.00980607	-0.999951	-0.00110145
						-1.66022	-0.126305	-8.50601
					}
				}
				{bone revolute "hood"
					{parameters "ID=engine;"}
					{Matrix34
						0.99977	-0.00194317	-0.0213416
						0.0213618	0.011087	0.99971
						-0.00170594	-0.999937	0.011126
						-10.8234	-0.114971	7.95592
					}
					{VolumeView "hood.ply"}
				}
			}
		}
		{bone "pivot_front"
			{parameters "ID=pivot_front;"}
			{Matrix34
				0.999994	-0.00295935	-0.00149955
				0.00302813	0.998826	0.0483443
				0.00135465	-0.0483485	0.99883
				31.9844	0.36855	9.82556
			}
			{VolumeView "pivot_front.ply"}
			{bone revolute "shaft_front"
				{parameters "ID=shaft_front;"}
				{Matrix34
					0.999907	0.010331	-0.00888412
					0.00849046	0.0375091	0.99926
					0.0106568	-0.999243	0.0374179
					-5.73088	-3.01861	0.0999928
				}
				{VolumeView "shaft_front.ply"}
			}
			{bone revolute "steer_l1"
				{Matrix34
					0.0140083	-0.998505	0.0528278
					-0.999898	-0.013852	0.0033145
					0.0025776	0.0528692	0.998598
					-0.0184212	13.8339	-1.104
				}
				{bone revolute "wheelleft1"
					{parameters "ID=wheelleft1;"}
					{Matrix34
						-0.00713033	0.999937	-0.00868153
						-0.0226056	0.00851836	0.999708
						0.999719	0.00732452	0.0225436
						-1.99857	-0.0424347	-0.0527687
					}
					{VolumeView "wheelleft1.ply"}
				}
			}
			{bone revolute "steer_r1"
				{Matrix34
					-0.00455719	-0.998595	0.0528042
					-0.999914	0.00519953	0.0120243
					0.0122817	0.0527453	0.998532
					-0.198782	-14.3897	0.390841
				}
				{bone revolute "wheelright1"
					{parameters "ID=wheelright1;"}
					{Matrix34
						0.0114337	0.999923	0.00473827
						0.00515915	-0.00479758	0.999975
						0.999921	-0.0114087	-0.00521332
						1.83628	-0.050581	-0.0449429
					}
					{VolumeView "wheelright1.ply"}
				}
			}
			{bone "fxtracel1"
				{Matrix34
					-0.0028548	0.999036	-0.0438152
					-0.00512428	0.0438003	0.999027
					-0.999983	-0.00307571	-0.00499423
					-0.150894	15.1719	-10.7661
				}
			}
			{bone "fxtracer1"
				{Matrix34
					-0.0109788	0.999465	-0.0308237
					0.0227838	0.031068	0.999258
					-0.99968	-0.0102676	0.0231126
					-0.478483	-16.4235	-9.09113
				}
			}
		}
		{bone prizmatic "pivot_back"
			{parameters "ID=pivot_back;"}
			{Matrix34
				0.999897	0.0128051	0.00648589
				-0.0128452	0.999898	0.00616629
				-0.00640628	-0.00624896	0.99996
				-45.593	-0.921216	12.9634
			}
			{VolumeView "pivot_back.ply"}
			{bone "shaft_back2"
				{parameters "ID=shaft_back2;"}
				{Matrix34
					0.999126	-0.0121352	-0.040002
					0.0402167	0.0180358	0.999028
					-0.0114019	-0.999764	0.018508
					15.2261	1.14251	-3.96687
				}
				{VolumeView "shaft_back2.ply"}
			}
			{bone "shaft_back1"
				{parameters "ID=shaft_back1;"}
				{Matrix34
					0.998839	-0.0129302	-0.0464047
					0.0466655	0.0206924	0.998696
					-0.0119531	-0.999702	0.0212718
					15.8896	-0.683481	-3.36167
				}
				{VolumeView "shaft_back1.ply"}
			}
			{bone revolute "wheelright2"
				{parameters "ID=wheelright2;"}
				{Matrix34
					-0.999957	0.00524509	0.00764982
					0.00773578	0.016569	0.999833
					-0.00511734	-0.999849	0.0166089
					10.9551	-14.7425	-3.12616
				}
				{VolumeView "wheelright2.ply"}
			}
			{bone revolute "wheelleft2"
				{parameters "ID=wheelleft2;"}
				{Matrix34
					-0.999486	-0.0310312	0.0080327
					0.00782979	0.00665482	0.999947
					0.0310832	-0.999496	0.00640841
					11.2444	17.5573	-3.54149
				}
				{VolumeView "wheelleft2.ply"}
			}
			{bone revolute "wheelleft3"
				{parameters "ID=wheelleft3;"}
				{Matrix34
					-0.999853	0.0154099	0.00754063
					0.00770769	0.0108104	0.999912
					-0.0153269	-0.999823	0.0109276
					-11.6184	17.7303	-3.41368
				}
				{VolumeView "wheelleft3.ply"}
			}
			{bone revolute "wheelright3"
				{parameters "ID=wheelright3;"}
				{Matrix34
					-0.999896	0.0122613	0.00757449
					0.00780684	0.0190152	0.999789
					-0.0121145	-0.999744	0.0191089
					-12.0498	-14.3662	-3.07054
				}
				{VolumeView "wheelright3.ply"}
			}
			{bone "fxtracer2"
				{Matrix34
					-0.0146165	-0.0422063	-0.999002
					0.00491256	0.999094	-0.0422815
					-0.999881	0.00552591	0.0143957
					-12.3216	-16.9223	-12.633
				}
			}
			{bone "fxtracel2"
				{Matrix34
					-0.0235667	-0.0122328	-0.999647
					0.00639355	0.999903	-0.0123858
					-0.999702	0.00668345	0.0234859
					-11.4596	20.9748	-13.0965
				}
			}
		}
		{bone "link2"
			{Matrix34
				-0.999932	0.011645	-0.000228861
				-3.0556e-005	0.0170266	0.999855
				0.0116472	0.999787	-0.017025
				-77.7244	0.39483	16.0216
			}
		}
		{bone "emit1"
			{Matrix34
				0.00884067	-0.999951	0.00447319
				0.999961	0.00884065	-2.38416e-005
				-1.57055e-005	0.00447323	0.99999
				-1.28331	22.7329	-0.0468389
			}
		}
		{bone "emit2"
			{Matrix34
				-0.00400451	0.999992	0
				-0.999982	-0.00400447	-0.00445746
				-0.00445742	-1.78499e-005	0.99999
				-1.93395	-22.7703	0.156
			}
		}
		{bone "emit4"
			{Matrix34
				1	0	0
				0	0.99999	-0.00447319
				0	0.00447319	0.99999
				-99.1263	-12.5739	0.110744
			}
		}
		{bone "emit3"
			{Matrix34
				1	0	0
				0	0.99999	-0.00447319
				0	0.00447319	0.99999
				-98.7279	13.7007	-0.00678665
			}
		}
	}
}
{Volume "body_back"
	{Box 72.5 11.5 41.7}
	{Bone "body_back"}
	{Matrix34
		0.99998	-0.00471352	0.00420808
		-0.00424358	-0.00754063	0.999962
		-0.00468154	-0.999961	-0.00756032
		-0.0266567	0.697067	-5.04382
	}
}
{Volume "body"
	{Box 121 3.3 19}
	{Bone "body"}
	{Matrix34
		0.999655	-0.0117772	0.0234597
		-0.0234473	0.00118773	0.999724
		-0.0118018	-0.99993	0.000911181
		-15.8039	0.850644	0.470498
	}
}
{Volume "cabin"
	{Box 16.0447 28.7698 30}
	{Bone "cabin"}
	{Matrix34
		0.999884	0.00981853	-0.0116534
		0.0116636	-0.000987162	0.999931
		0.00980633	-0.999951	-0.00110168
		-4.35602	-0.106609	2.60794
	}
}
{Volume "engine"
	{Box 28.5 16.3745 19.3073}
	{Bone "engine"}
	{Matrix34
		0.999884	0.00981846	-0.0116534
		0.0116636	-0.000987132	0.999931
		0.00980634	-0.999951	-0.00110161
		-0.995503	-0.223082	-0.657287
	}
}
{Volume "fuel"
	{Box 17 11 9}
	{Bone "fuel"}
	{Matrix34
		0.999965	-0.00253912	-0.00797202
		0.00256101	0.999993	0.00274878
		0.00796501	-0.00276915	0.999965
		-0.525024	0.28737	0.0553665
	}
}
{Volume "glass_back"
	{Box 15.1225 5.86467 0.293233}
	{Bone "glass_back"}
	{Matrix34
		1	-0.000206991	0
		0.000206899	1	0
		0	0	1
		0.0225066	0.00726696	-0.0733492
	}
}
{Volume "glass_doorleft"
	{Box 14 7 0.45}
	{Bone "glass_doorleft"}
	{Matrix34
		0.98912	-0.147082	0.00298017
		-0.00395479	-0.00633332	0.999972
		-0.147059	-0.989104	-0.00684622
		0.96777	-0.574765	-0.640598
	}
}
{Volume "glass_doorright"
	{Box 14 7 0.45}
	{Bone "glass_doorright"}
	{Matrix34
		0.989262	0.146032	-0.00596492
		0.00719393	-0.00789102	0.999943
		0.145977	-0.989248	-0.00885743
		1.352	-1.53492	0.0212729
	}
}
{Volume "glass_front"
	{Box 7 21 1.515}
	{Bone "glass_front"}
	{Matrix34
		0.526227	-0.00781871	-0.850308
		0.0148654	0.999889	0
		0.850214	-0.0126433	0.526286
		0.92263	2.80026	-4.09341
	}
}
{Volume "glass_lightl"
	{Cylinder 2 0.25}
	{Bone "glass_lightl"}
	{Matrix34
		0.00980331	-0.999951	-0.00130825
		0.0116655	-0.00119404	0.999931
		-0.999884	-0.00981817	0.0116533
		-0.117474	0.0291797	0.0852389
	}
}
{Volume "glass_lightr"
	{Cylinder 2 0.25}
	{Bone "glass_lightr"}
	{Matrix34
		0.00980331	-0.999951	-0.00130825
		0.0116655	-0.00119404	0.999931
		-0.999884	-0.00981817	0.0116533
		-0.0136573	-0.0334739	0.108579
	}
}
{Volume "shield"
	{Box 72 22.5 41}
	{Bone "shield"}
	{Matrix34
		0.999891	-0.00471397	-0.0139551
		0.0139189	-0.00762607	0.999874
		-0.00481897	-0.99996	-0.00755982
		-0.196674	0.680523	5.88482
	}
}
{Volume "wheelleft1"
	{Cylinder 10.3 5.3}
	{Bone "wheelleft1"}
	{Matrix34
		0.999985	0.00465536	-0.00279395
		-0.00459113	0.999735	0.022574
		0.0028983	-0.0225605	0.999741
		0.193314	-0.0558192	0.195955
	}
}
{Volume "wheelleft2"
	{Cylinder 10.2 10.8}
	{Bone "wheelleft2"}
	{Matrix34
		0.999081	-0.00133387	-0.0428514
		0.00116259	0.999991	-0.00402175
		0.0428564	0.00396825	0.999073
		-0.114377	0.0155402	-0.518355
	}
}
{Volume "wheelleft3"
	{Cylinder 10.3 10.8}
	{Bone "wheelleft3"}
	{Matrix34
		0.999993	-0.00116279	0.00357971
		0.00116211	0.999999	0.000190345
		-0.00357992	-0.000186186	0.999993
		-0.252272	0.0204425	-0.770754
	}
}
{Volume "wheelright1"
	{Cylinder 10.3 5.3}
	{Bone "wheelright1"}
	{Matrix34
		0.999824	-0.0185466	-0.00279906
		0.0185314	0.999814	-0.00537025
		0.00289814	0.00531739	0.999982
		0.11962	0.0781596	0.093245
	}
}
{Volume "wheelright2"
	{Cylinder 10.3 10.8}
	{Bone "wheelright2"}
	{Matrix34
		0.999978	-0.00112281	-0.00659279
		0.00116195	0.999982	0.00593675
		0.00658601	-0.00594426	0.999961
		-0.0623495	0.068407	-0.161929
	}
}
{Volume "wheelright3"
	{Cylinder 10.3 10.8}
	{Bone "wheelright3"}
	{Matrix34
		0.999999	-0.00116506	0.000420973
		0.00116149	0.999964	0.00839256
		-0.000430736	-0.00839206	0.999965
		-0.203671	0.0831081	-0.108093
	}
}
