;Exported by: shevchenko
;Date:        Mon Aug 29 11:36:50 2005
;File:        D:\-Projects1_5-\-3DWork-\e_farm_121_lm_corner_x.max
{Skeleton
	{animation
		{sequence "crush" {speed 0.4}}
	}
	{bone "121_f1c1"
		{parameters "CommonMesh;"}
		{Orientation
			1	0	0
			0	-1	0
			0	0	1
		}
		{VolumeView "121_f1c1.ply"}
		{bone "piece0"
			{Matrix34
				0	-1	0
				0	0	1
				-1	0	0
				-10.9759	9.64154	16.1824
			}
			{VolumeView "piece0.ply"}
		}
		{bone "piece1"
			{Matrix34
				1	0	0
				0	0	1
				0	-1	0
				0.532864	16.5551	16.0827
			}
			{VolumeView "piece1.ply"}
		}
		{bone "piece2"
			{Matrix34
				1	0	0
				0	0	1
				0	-1	0
				18.9854	16.5551	18.5183
			}
			{VolumeView "piece2.ply"}
		}
		{bone "piece3"
			{Matrix34
				1	0	0
				0	0	1
				0	-1	0
				3.3269	16.5551	47.2441
			}
			{VolumeView "piece3.ply"}
		}
		{bone "piece4"
			{Matrix34
				0	-1	0
				0	0	1
				-1	0	0
				-10.9759	5.72836	47.2441
			}
			{VolumeView "piece4.ply"}
		}
		{bone "piece5"
			{Matrix34
				0	-1	0
				0	0	1
				-1	0	0
				-10.9759	-7.06693	58.7288
			}
			{VolumeView "piece5.ply"}
		}
	}
}
{Volume "piece5"
	{Box 5.90551 10.0591 12.6285}
	{Bone "piece5"}
	{Matrix34
		0	0	-1
		-0.910156	0.414266	0
		0.414266	0.910156	0
		0.12461	0.54371	0
	}
}
{Volume "piece4"
	{Box 5.90552 16.5354 23.1496}
	{Bone "piece4"}
	{Matrix34
		0	0	-1
		-0.905095	-0.425209	0
		-0.425209	0.905095	0
		-1.01075	-0.673177	0
	}
}
{Volume "piece3"
	{Box 14.7264 5.90552 28.9764}
	{Bone "piece3"}
	{Matrix34
		0.83506	0.550159	0
		0	0	-1
		-0.550159	0.83506	0
		-2.94561	-0.608567	0
	}
}
{Volume "piece2"
	{Box 13.1035 5.90552 29.1313}
	{Bone "piece2"}
	{Matrix34
		0.998063	-0.0622061	0
		0	0	-1
		0.0622061	0.998063	0
		0.906074	0.8818	-1.69149e-005
	}
}
{Volume "piece1"
	{Box 14.84 5.90552 24.3531}
	{Bone "piece1"}
	{Matrix34
		1	0	0
		0	0	-1
		0	1	0
		0	0.0121441	-1.69468e-005
	}
}
{Volume "piece0"
	{Box 5.90552 13.5513 23.0265}
	{Bone "piece0"}
	{Matrix34
		0	0	-1
		-1	0	0
		0	1	0
		-1.81723e-005	0.0925112	0
	}
}
