;Exported by: shevchenko
;Date:        Tue Mar 14 11:54:59 2006
;File:        D:\-Projects1_5-\-3DWork-\euro1_corner2_lm_corner_x.max
{Skeleton
	{bone "101_f3w3"
		{Orientation
			1	0	0
			0	-1	0
			0	0	1
		}
		{bone "piece0"
			{Matrix34
				0	1	0
				0	0	1
				1	0	0
				16.4176	-9.44785	-16.278
			}
			{VolumeView "piece0.ply"}
		}
		{bone "piece1"
			{Matrix34
				0	-1	0
				0	0	1
				-1	0	0
				13.5527	-6.22696	-4.68364
			}
			{VolumeView "piece1.ply"}
		}
		{bone "piece2"
			{Matrix34
				0	1	0
				0	0	1
				1	0	0
				16.4176	30.4362	-15.182
			}
			{VolumeView "piece2.ply"}
		}
		{bone "piece3"
			{Matrix34
				0	1	0
				0	0	1
				1	0	0
				-17.7027	13.7446	-14.3599
			}
			{VolumeView "piece3.ply"}
		}
		{bone "piece4"
			{Matrix34
				0	1	0
				0	0	1
				1	0	0
				-10.2654	-19.759	-14.3599
			}
			{VolumeView "piece4.ply"}
		}
		{bone "piece5"
			{Matrix34
				-0.321517	-0.866025	-0.382919
				0.556884	-0.5	0.663235
				-0.765838	0	0.643034
				3.90971	13.3116	-0.565331
			}
			{VolumeView "piece5.ply"}
		}
		{bone "piece6"
			{Matrix34
				0	1	0
				0	0	1
				1	0	0
				-5.08928	-4.68777	-14.3599
			}
			{VolumeView "piece6.ply"}
		}
		{bone "piece7"
			{Matrix34
				-0.321517	-0.866025	-0.382919
				0.556884	-0.5	0.663235
				-0.765838	0	0.643034
				9.73911	-18.4025	-5.45997
			}
			{VolumeView "piece7.ply"}
		}
		{bone "piece8"
			{Matrix34
				0	1	0
				0	0	1
				1	0	0
				-5.01979	33.9121	-14.3599
			}
			{VolumeView "piece8.ply"}
		}
	}
}
{Volume "piece0"
	{Box 5.90551 27.441 14.807}
	{Bone "piece0"}
	{Matrix34
		0	0	1
		0.984808	-0.173648	0
		0.173648	0.984808	0
		0.217875	0.495264	0
	}
}
{Volume "piece1"
	{Box 1.9685 35.5971 31.7371}
	{Bone "piece1"}
	{Matrix34
		0	0.766044	-0.642788
		-1	0	0
		0	0.642788	0.766044
		-0.565589	-3.54141	-4.70624
	}
}
{Volume "piece2"
	{Box 5.90552 16.177 13.9961}
	{Bone "piece2"}
	{Matrix34
		0	0	1
		1	0	0
		0	1	0
		0	0.139667	0
	}
}
{Volume "piece3"
	{Box 46.6243 15.0885 3.93701}
	{Bone "piece3"}
	{Matrix34
		0	0	1
		1	0	0
		0	1	0
		1.18745e-005	0	7.3856
	}
}
{Volume "piece4"
	{Box 22.4089 11.0935 3.93701}
	{Bone "piece4"}
	{Matrix34
		0	0	1
		1	0	0
		0	1	0
		0	0	10.9278
	}
}
{Volume "piece5"
	{Box 2.56396 4.26196 75.6533}
	{Bone "piece5"}
	{Matrix34
		-0.5	0.866025	0.000321529
		-0.866025	-0.500001	0
		0.000161476	-0.000278863	1
		-0.789744	0.41547	-1.60134
	}
}
{Volume "piece6"
	{Box 32.3564 13.9447 3.93701}
	{Bone "piece6"}
	{Matrix34
		0	0	1
		1	0	0
		0	1	0
		0	0	1.55384
	}
}
{Volume "piece7"
	{Box 2.62201 4.26195 58.9918}
	{Bone "piece7"}
	{Matrix34
		-0.5	0.866025	0.000321529
		-0.866025	-0.500001	0
		0.000161476	-0.000278863	1
		-0.679686	0.462711	-1.6384
	}
}
{Volume "piece8"
	{Box 31.5662 11.5595 3.93701}
	{Bone "piece8"}
	{Matrix34
		0	0	1
		1	0	0
		0	1	0
		0	0	2.0585
	}
}
