;Exported by: Loskutov_K
;Date:        Fri Feb 06 16:59:04 2009
;File:        D:\_Bushlaty\gun\20mm_Breda_1935\20mm_Breda_1935_x\20mm_Breda_x.max
{Skeleton
	{bone revolute "basis"
		{Orientation
			1	0	0
			0	-1	0
			0	0	1
		}
		{bone "stanina"
			{Position 0	0	9.14972}
			{VolumeView "stanina.ply"}
			{bone "support01"
				{parameters "ID=support01;"}
				{Matrix34
					0.950686	0	0.310154
					-0.310154	0	0.950686
					0	-1	0
					-10.1864	-0.00792971	-0.0436401
				}
				{VolumeView "support01.ply"}
				{bone "rastyazhka01"
					{parameters "ID=support01;"}
					{Matrix34
						0.932608	-0.360892	0
						0.360892	0.932608	0
						0	0	1
						-11.1129	0.117525	-0.0155749
					}
					{VolumeView "rastyazhka01.ply"}
				}
			}
			{bone "support02"
				{parameters "ID=support02;"}
				{Matrix34
					-0.676252	0.668544	0.309407
					0.220035	-0.217526	0.95093
					0.703042	0.711148	0
					7.23301	-7.14902	-0.0436401
				}
				{VolumeView "support02.ply"}
				{bone "rastyazhka02"
					{parameters "ID=support02;"}
					{Matrix34
						0.932608	-0.360892	0
						0.360892	0.932607	0
						0	0	1
						-11.1129	0.117525	-0.0155748
					}
					{VolumeView "rastyazhka02.ply"}
				}
			}
			{bone "support03"
				{parameters "ID=support03;"}
				{Matrix34
					-0.676791	-0.664392	0.317077
					0.22627	0.222125	0.9484
					-0.70054	0.713613	0
					7.24697	7.13485	-0.0436401
				}
				{VolumeView "support03.ply"}
				{bone "rastyazhka03"
					{parameters "ID=support03;"}
					{Matrix34
						0.932608	-0.360892	0
						0.360892	0.932608	0
						0	0	1
						-11.1129	0.117524	-0.0155758
					}
					{VolumeView "rastyazhka03.ply"}
				}
			}
			{bone "pivot_front"
				{parameters "ID=stanina;"}
				{Matrix34
					1	0	0
					0	0	1
					0	-1	0
					0.00876998	0	-3.67706
				}
				{VolumeView "pivot_front.ply"}
				{bone revolute "wheelr"
					{parameters "ID=wheelleft;"}
					{Matrix34
						-1	0	0
						0	0.0147266	0.999892
						0	0.999892	-0.0147266
						-41.0026	-4.73095	-11.3666
					}
					{VolumeView "wheelr.ply"}
				}
				{bone revolute "wheell"
					{parameters "ID=wheelright;"}
					{Matrix34
						-0.94615	-0.323565	-0.0102709
						-0.0625561	0.213868	-0.974858
						-0.317626	0.921719	0.222592
						-29.0978	-3.16563	9.68091
					}
					{VolumeView "wheell.ply"}
				}
			}
			{bone "body"
				{parameters "ID=body;"}
				{Position 0.57712	0.191671	0.666134}
				{VolumeView "body.ply"}
				{bone revolute "turret"
					{parameters "ID=Turret;"}
					{Position -0.0124154	-0.0715079	1.26109}
					{VolumeView "turret.ply"}
					{bone revolute "gun_rot"
						{parameters "ID=Gun;"}
						{limits -45 20}
						{speed 0.08}
						{Matrix34
							0.703586	0	-0.710611
							-0.710611	0	-0.703586
							0	1	0
							1.28096	-0.0953164	9.1868
						}
						{VolumeView "gun_rot.ply"}
						{bone "gun"
							{parameters "ID=Gun;"}
							{Position 0	0	0}
							{VolumeView "gun.ply"}
						}
					}
				}
			}
		}
	}
}