;Exported by: ubrashaev
;Date:        Wed Jul 05 12:50:12 2006
;File:        D:\-Projects1_5-\-work-\3d\normandy\windmill\wind_mill2.max
{Skeleton
	{bone "basis"
		{Orientation
			1	0	0
			0	-1	0
			0	0	1
		}
		{bone "wind_mill2_corner4"
			{Matrix34
				0.573577	-0.819152	0
				0.819152	0.573577	0
				0	0	1
				0	0	0
			}
			{VolumeView "wind_mill2_corner4.ply"}
		}
	}
}
{Obstacle "rectangle08"
	{Obb2
		{Center 1.6488 -27.7839}
		{Extent 22.4451 3.03566}
		{Axis 0.240304 0.970698}
	}
	{Rotate}
}
{Obstacle "rectangle09"
	{Obb2
		{Center -1.8462 9.63994}
		{Extent 18.1805 3.03566}
		{Axis -0.444313 0.895872}
	}
	{Rotate}
}
{Volume "body1"
	{Box 7.04854 27.9807 128.365}
	{Bone "wind_mill2_corner4"}
	{Matrix34
		-0.422734	-0.896682	-0.13137
		0.904903	-0.425559	-0.00717372
		-0.0494731	-0.121909	0.991308
		-25.1622	12.5482	64.1819
	}
}
{Volume "body2"
	{Box 7.04854 45.8193 128.365}
	{Bone "wind_mill2_corner4"}
	{Matrix34
		-0.789818	-0.604678	-0.102719
		0.607732	-0.79414	0.00196411
		-0.0827613	-0.0608745	0.994709
		-0.869758	-5.88115	64.1821
	}
}
{Volume "body3"
	{Box 3.5698 60.0907 54.1442}
	{Bone "wind_mill2_corner4"}
	{Matrix34
		-0.0227498	0.0195009	0.999551
		0.897201	0.441465	0.0118075
		-0.441036	0.897067	-0.0275395
		5.19318	-13.2291	80.4579
	}
}
{Volume "body4"
	{Box 3.5698 60.0907 46.8781}
	{Bone "wind_mill2_corner4"}
	{Matrix34
		-0.00167809	-0.0191938	0.999815
		0.45202	0.891829	0.0178794
		-0.892006	0.451966	0.0071794
		-17.793	8.89773	79.8297
	}
}
{Volume "body5"
	{Box 7.04854 27.9807 128.365}
	{Bone "wind_mill2_corner4"}
	{Matrix34
		-0.98678	-0.0949131	-0.13137
		0.0966865	-0.99529	-0.00717372
		-0.13007	-0.0197806	0.991308
		9.04284	-33.975	64.1819
	}
}
