;Exported by: sana
;Date:        Thu Mar 22 14:28:43 2007
;File:        D:\-Project-\-3DWork-\Entourage\SelSovet\SelSovet_cut2_x.max
{Skeleton
	{bone "sels_wall1_4_x"
		{Orientation
			1	0	0
			0	-1	0
			0	0	1
		}
		{bone "piece01"
			{Position 25.732	0.0106812	11.977}
			{VolumeView "piece01.ply"}
		}
		{bone "piece02"
			{Position 26.8865	0.0508728	-4.76871}
			{VolumeView "piece02.ply"}
		}
		{bone "piece03"
			{Position 7.62002	0.0334167	-14.4279}
			{VolumeView "piece03.ply"}
		}
		{bone "piece04"
			{Position -25.5763	0.0382385	-12.3815}
			{VolumeView "piece04.ply"}
		}
	}
}
{Volume "piece01"
	{Box 16.5822 3.8125 22.4824}
	{Bone "piece01"}
	{Position 0	0	0.750757}
}
{Volume "piece02"
	{Box 15.302 4.08784 16.1692}
	{Bone "piece02"}
	{Matrix34
		0.969569	0	0.244817
		0	1	0
		-0.244817	0	0.969569
		-0.293209	0	-0.409597
	}
}
{Volume "piece03"
	{Box 16.2424 4.35693 19.5355}
	{Bone "piece03"}
	{Matrix34
		0.941498	0	0.33702
		0	1	0
		-0.33702	0	0.941498
		0.322286	0	1.01138
	}
}
{Volume "piece04"
	{Box 17.6396 4.32149 18.0751}
	{Bone "piece04"}
	{Matrix34
		0.991959	0	0.126561
		0	1	0
		-0.126561	0	0.991959
		-0.895655	0	-0.688788
	}
}
