;Exported by: sana
;Date:        Wed Dec 28 12:53:24 2005
;File:        D:\-Project-\-3DWork-\Entourage\hangar\hangar_port_x.max
{Skeleton
	{bone "hangarport_corner5"
		{Orientation
			1	0	0
			0	-1	0
			0	0	1
		}
		{bone "exterior"
			{Position 0.466068	10.3169	92.0691}
		}
		{bone "piece0"
			{Position -21.624	25.045	69.4181}
			{VolumeView "piece0.ply"}
		}
		{bone "piece1"
			{Position 14.3058	25.045	67.3217}
			{VolumeView "piece1.ply"}
			{bone "sub_piece1"
				{Position -20.2068	0	2.96989}
				{VolumeView "sub_piece1.ply"}
			}
		}
		{bone "piece2"
			{Position 42.607	25.045	70.5032}
			{VolumeView "piece2.ply"}
			{bone "sub_piece2"
				{Position -8.32733	0	-4.40437}
				{VolumeView "sub_piece2.ply"}
			}
		}
		{bone "piece3"
			{Position 17.2175	25.045	49.7936}
			{VolumeView "piece3.ply"}
			{bone "sub_piece3"
				{Position -12.753	0	-3.90161}
				{VolumeView "sub_piece3.ply"}
			}
		}
		{bone "piece4"
			{Position 8.01664	25.045	29.426}
			{VolumeView "piece4.ply"}
		}
		{bone "piece5"
			{Position 17.9745	25.045	12.8738}
			{VolumeView "piece5.ply"}
			{bone "sub_piece5"
				{Position 1.747	0	16.247}
				{VolumeView "sub_piece5.ply"}
			}
		}
		{bone "piece6"
			{Position 8.60947	-12.9281	71.529}
			{VolumeView "piece6.ply"}
		}
		{bone "piece7"
			{Position 8.59679	-29.7301	92.0359}
			{VolumeView "piece7.ply"}
		}
		{bone "piece8"
			{Matrix34
				-1	0	0
				0	-1	0
				0	0	-1
				12.0123	-28.9605	113.4
			}
			{VolumeView "piece8.ply"}
		}
		{bone "piece9"
			{Matrix34
				-1	0	0
				0	-1	0
				0	0	-1
				-13.463	3.68494	91.1508
			}
			{VolumeView "piece9.ply"}
		}
		{bone "piece10"
			{Position 38.7753	27.3403	80.6699}
			{VolumeView "piece10.ply"}
		}
		{bone "piece11"
			{Position 33.2817	-16.2037	109.104}
			{VolumeView "piece11.ply"}
		}
		{bone "piece12"
			{Position -31.877	-15.34	107.194}
			{VolumeView "piece12.ply"}
		}
		{bone "piece13"
			{Position -6.19652	17.1329	85.7412}
			{VolumeView "piece13.ply"}
		}
	}
}
{Volume "piece0"
	{Box 14.3253 11.2972 8.85827}
	{Bone "piece0"}
	{Matrix34
		-1	0	0
		0	0	1
		0	1	0
		0.102294	-0.214969	0.572131
	}
}
{Volume "piece10"
	{Box 42.6781 31.8863 2.75899}
	{Bone "piece10"}
	{Matrix34
		1	0	0
		0	0.826186	-0.563397
		0	0.563397	0.826186
		3.05176e-005	-0.625324	-0.260148
	}
}
{Volume "piece11"
	{Box 65.5127 27.1833 2.78851}
	{Bone "piece11"}
	{Matrix34
		1	0	0
		0	0.836903	-0.547351
		0	0.547351	0.836903
		0	-0.217718	-1.25719
	}
}
{Volume "piece12"
	{Box 60.1176 27.9149 3.01184}
	{Bone "piece12"}
	{Matrix34
		1	0	0
		0	0.836903	-0.547351
		0	0.547351	0.836903
		5.06309	-0.519315	0.360703
	}
}
{Volume "piece13"
	{Box 41.9478 51.3335 3.14277}
	{Bone "piece13"}
	{Matrix34
		1	0	0
		0	0.82871	-0.559678
		0	0.559678	0.82871
		-1.14441e-005	0.218804	-0.70237
	}
}
{Volume "piece1"
	{Box 25.9719 11.7631 8.85827}
	{Bone "piece1"}
	{Matrix34
		-1	0	0
		0	0	1
		0	1	0
		0.510057	-0.214985	2.31912
	}
}
{Volume "piece2"
	{Box 14.0924 9.43375 8.85827}
	{Bone "piece2"}
	{Matrix34
		-1	0	0
		0	0	1
		0	1	0
		1.32527	-0.214948	0.418766
	}
}
{Volume "piece3"
	{Box 18.2852 22.8273 8.85827}
	{Bone "piece3"}
	{Matrix34
		-0.920642	0	-0.390408
		-0.390408	0	0.920642
		0	1	0
		1.07379	-0.214979	0.0715115
	}
}
{Volume "piece4"
	{Box 10.7149 20.0322 8.85827}
	{Bone "piece4"}
	{Matrix34
		-1	0	0
		0	0	1
		0	1	0
		-0.945935	-0.214972	-0.490058
	}
}
{Volume "piece5"
	{Box 12.1125 15.9558 8.85827}
	{Bone "piece5"}
	{Matrix34
		-0.982683	0	0.185293
		0.185293	0	0.982683
		0	1	0
		0.0342041	-0.21497	-0.385059
	}
}
{Volume "piece6"
	{Box 3.93706 69.3167 3.93702}
	{Bone "piece6"}
	{Position 0	0	0}
}
{Volume "piece7"
	{Box 4.30763 4.51586 43.7475}
	{Bone "piece7"}
}
{Volume "piece8"
	{Box 86.9175 4.9213 4.92126}
	{Bone "piece8"}
	{Matrix34
		-1	0	0
		0	-1	0
		0	0	-1
		0	0	-3.28269e-005
	}
}
{Volume "piece9"
	{Box 3.93705 80.1356 5.3569}
	{Bone "piece9"}
	{Matrix34
		-1	0	0
		0	-0.836086	0.548599
		0	-0.548599	-0.836086
		-2.3241e-005	-0.257208	0.060678
	}
}
{Volume "sub_piece1"
	{Box 12.3454 8.96789 8.85827}
	{Bone "sub_piece1"}
	{Matrix34
		-1	0	0
		0	0	1
		0	1	0
		-0.305329	-0.214972	0.397433
	}
}
{Volume "sub_piece2"
	{Box 8.50202 11.5301 8.85827}
	{Bone "sub_piece2"}
	{Matrix34
		-0.964523	0	-0.263997
		-0.263997	0	0.964523
		0	1	0
		-0.383021	-0.214955	-0.209854
	}
}
{Volume "sub_piece3"
	{Box 8.15262 12.4619 8.85827}
	{Bone "sub_piece3"}
	{Matrix34
		-0.944069	0	-0.329749
		-0.329749	0	0.944069
		0	1	0
		-0.183901	-0.214973	0.909095
	}
}
{Volume "sub_piece5"
	{Box 10.7149 11.6466 8.85827}
	{Bone "sub_piece5"}
	{Matrix34
		-1	0	0
		0	0	1
		0	1	0
		0.160602	-0.214971	-0.301344
	}
}
