;Exported by: sana
;Date:        Tue Jan 03 16:01:28 2006
;File:        D:\-Project-\-3DWork-\Entourage\house_euro_104c\house_euro_104c_x.max
{Skeleton
	{bone "104c_corner16"
		{Orientation
			1	0	0
			0	-1	0
			0	0	1
		}
		{bone "piece2"
			{Position -14.6977	-10.7583	183.727}
			{VolumeView "piece2.ply"}
			{bone "sub_piece2"
				{Position 6.90453	-16.0265	-23.8894}
				{VolumeView "sub_piece2.ply"}
			}
		}
		{bone "piece5"
			{Position -17.0318	20.1649	160.369}
			{VolumeView "piece5.ply"}
		}
		{bone "piece4"
			{Position 19.3067	-23.2465	159.408}
			{VolumeView "piece4.ply"}
		}
		{bone "piece3"
			{Position -17.0318	-21.2412	162.144}
			{VolumeView "piece3.ply"}
		}
		{bone "piece0"
			{Position -14.6977	9.73857	180.607}
			{VolumeView "piece0.ply"}
		}
		{bone "piece1"
			{Position -14.5792	29.2013	154.856}
			{VolumeView "piece1.ply"}
		}
		{bone "piece6"
			{Position 28.8607	5.0291	201.612}
			{VolumeView "piece6.ply"}
			{bone "sub_piece6"
				{Position 0	-19.7393	4.93483}
				{VolumeView "sub_piece6.ply"}
			}
		}
		{bone "piece7"
			{Position 28.8607	23.215	168.439}
			{VolumeView "piece7.ply"}
		}
		{bone "piece8"
			{Position 28.8607	-1.82474	146.415}
			{VolumeView "piece8.ply"}
			{bone "sub_piece8"
				{Position 0	-5.30037	20.1048}
				{VolumeView "sub_piece8.ply"}
			}
		}
		{bone "piece9"
			{Position 28.8607	-41.212	151.624}
			{VolumeView "piece9.ply"}
		}
	}
}
{Volume "piece0"
	{Box 61.837 3.29551 35.1779}
	{Bone "piece0"}
	{Matrix34
		1	0	0
		0	0.812741	0.582626
		0	-0.582626	0.812741
		2.30314	-0.414707	0.947686
	}
}
{Volume "piece1"
	{Box 60.123 3.37831 38.8339}
	{Bone "piece1"}
	{Matrix34
		1	0	0
		0	0.812741	0.582626
		0	-0.582626	0.812741
		-0.512753	1.07366	-1.67695
	}
}
{Volume "piece2"
	{Box 65.6541 2.66414 31.2331}
	{Bone "piece2"}
	{Matrix34
		1	0	0
		0	0.816769	-0.576965
		0	0.576965	0.816769
		5.66772	0.556531	0.625664
	}
}
{Volume "piece3"
	{Box 3.93702 5.03724 67.4879}
	{Bone "piece3"}
	{Matrix34
		1	0	0
		0	0.808933	-0.587901
		0	0.587901	0.808933
		0	-0.231538	-0.0434364
	}
}
{Volume "piece4"
	{Box 3.93702 4.75887 72.225}
	{Bone "piece4"}
	{Matrix34
		1	0	0
		0	0.806795	-0.590831
		0	0.590831	0.806795
		2.22661e-005	0.651234	0.851595
	}
}
{Volume "piece5"
	{Box 3.93702 4.94953 70.4188}
	{Bone "piece5"}
	{Matrix34
		1	0	0
		0	0.819369	0.573266
		0	-0.573266	0.819369
		0	-0.451575	0.770633
	}
}
{Volume "piece6"
	{Box 9.25002 26.8674 30.1573}
	{Bone "piece6"}
	{Position 0	0	0}
}
{Volume "piece7"
	{Box 9.25001 18.7474 38.1992}
	{Bone "piece7"}
	{Matrix34
		1	0	0
		0	0.802714	0.596364
		0	-0.596364	0.802714
		-1.89009e-005	-1.10582	-1.52408
	}
}
{Volume "piece8"
	{Box 9.25001 29.2434 31.2539}
	{Bone "piece8"}
	{Matrix34
		1	0	0
		0	0.88336	-0.468696
		0	0.468696	0.88336
		-1.71802e-005	-1.13613	4.60498
	}
}
{Volume "piece9"
	{Box 9.25001 16.8518 31.9373}
	{Bone "piece9"}
	{Matrix34
		1	0	0
		0	0.81188	-0.583824
		0	0.583824	0.81188
		-1.7001e-005	2.4605	-1.98001
	}
}
{Volume "sub_piece2"
	{Box 52.52 1.97612 28.4132}
	{Bone "sub_piece2"}
	{Matrix34
		1	0	0
		0	0.816769	-0.576965
		0	0.576965	0.816769
		4.90944	-0.730781	0.619154
	}
}
{Volume "sub_piece6"
	{Box 9.25001 13.3423 20.2876}
	{Bone "sub_piece6"}
	{Position 0	0	0}
}
{Volume "sub_piece8"
	{Box 9.25001 27.0502 14.969}
	{Bone "sub_piece8"}
	{Matrix34
		1	0	0
		0	0.982966	0.183789
		0	-0.183789	0.982966
		-2.71666e-005	-0.412122	0.640203
	}
}
