;Exported by: sergienko
;Date:        Thu Jun 29 19:18:25 2006
;File:        D:\-projets1_5\3dwork\anima\construction\e_house021_corner\e_house021_corner01_x.max
{Skeleton
	{bone "022_corner4_x"
		{Orientation
			1	0	0
			0	-1	0
			0	0	1
		}
		{bone "piece1"
			{Matrix34
				0.173641	0	0.984809
				-0.984809	0	0.173641
				0	-1	0
				2.6021	-26.5837	70.1643
			}
			{VolumeView "piece1.ply"}
		}
		{bone "piece2"
			{Matrix34
				0	0.0871556	0.996195
				0	-0.996195	0.0871556
				1	0	0
				30.7715	11.054	105.708
			}
			{VolumeView "piece2.ply"}
		}
		{bone "piece3"
			{Matrix34
				0	-0.173651	0.984807
				0	-0.984807	-0.173651
				1	0	0
				30.7715	-10.8066	110.555
			}
			{VolumeView "piece3.ply"}
		}
		{bone "piece4"
			{Matrix34
				0	0.965926	0.258819
				0	-0.258819	0.965926
				1	0	0
				30.7715	16.3403	127.218
			}
			{VolumeView "piece4.ply"}
		}
		{bone "piece5"
			{Matrix34
				0	0.0871556	0.996195
				0	-0.996195	0.0871556
				1	0	0
				30.7715	12.8315	86.3998
			}
			{VolumeView "piece5.ply"}
		}
		{bone "piece6"
			{Matrix34
				0	0.766045	-0.642787
				0	0.642787	0.766045
				1	0	0
				30.7715	-17.4441	84.0263
			}
			{VolumeView "piece6.ply"}
		}
		{bone "piece7"
			{Matrix34
				0	0.819152	-0.573576
				0	0.573576	0.819152
				1	0	0
				30.7715	23.183	165.538
			}
			{VolumeView "piece7.ply"}
		}
		{bone "piece8"
			{Matrix34
				0	1	0
				0	0	1
				1	0	0
				30.7715	0.911386	117.664
			}
			{VolumeView "piece8.ply"}
		}
		{bone "piece9"
			{Matrix34
				0.996195	0	0.0871559
				-0.0871559	0	0.996195
				0	-1	0
				8.28883	-26.8597	88.5199
			}
			{VolumeView "piece9.ply"}
		}
		{bone "piece10"
			{Matrix34
				0	0.965926	-0.258819
				0	0.258819	0.965926
				1	0	0
				30.7715	-1.33366	133.603
			}
			{VolumeView "piece10.ply"}
		}
		{bone "piece11"
			{Matrix34
				0	0.766044	0.642788
				0	-0.642788	0.766044
				1	0	0
				30.7715	16.0156	153.582
			}
			{VolumeView "piece11.ply"}
		}
		{bone "piece12"
			{Matrix34
				1	0	0
				0	0	1
				0	-1	0
				12.2387	-28.4238	56.2115
			}
			{VolumeView "piece12.ply"}
		}
		{bone "sub_piece12"
			{Matrix34
				0	0.707107	-0.707107
				-1	0	0
				0	0.707107	0.707107
				11.3053	27.9887	98.7656
			}
			{VolumeView "sub_piece12.ply"}
		}
		{bone "sub_piece11"
			{Matrix34
				0	0.642788	-0.766044
				0	0.766044	0.642788
				1	0	0
				30.7715	8.8712	61.7999
			}
			{VolumeView "sub_piece11.ply"}
		}
		{bone "sub_piece6"
			{Matrix34
				0	0.965926	0.258819
				0	-0.258819	0.965926
				1	0	0
				30.7715	10.9494	35.6574
			}
			{VolumeView "sub_piece6.ply"}
		}
		{bone "sub_piece7"
			{Matrix34
				-1	0	0
				0	-1	0
				0	0	1
				1.81436	0.165962	52.1434
			}
			{VolumeView "sub_piece7.ply"}
		}
		{bone "sub_piece8"
			{Matrix34
				-1	0	0
				0	-1	0
				0	0	1
				14.9826	-10.1738	52.1434
			}
			{VolumeView "sub_piece8.ply"}
		}
		{bone "sub_piece9"
			{Matrix34
				-1	0	0
				0	-1	0
				0	0	1
				14.4519	3.87028	52.1434
			}
			{VolumeView "sub_piece9.ply"}
		}
		{bone "sub_piece10"
			{Matrix34
				-1	0	0
				0	-1	0
				0	0	1
				-6.99072	-10.1738	51.0016
			}
			{VolumeView "sub_piece10.ply"}
		}
		{bone "sub_piece1"
			{Matrix34
				0.965926	0	0.258819
				0.254887	-0.173648	-0.951251
				0.0449434	0.984808	-0.167731
				-7.98174	32.2707	68.6981
			}
			{VolumeView "sub_piece1.ply"}
		}
		{bone "sub_piece2"
			{Matrix34
				-1	0	0
				0	-0.5	-0.866026
				0	-0.866026	0.5
				13.2497	3.6882	143.288
			}
			{VolumeView "sub_piece2.ply"}
		}
		{bone "sub_piece3"
			{Matrix34
				-1	0	0
				0	-0.5	-0.866026
				0	-0.866026	0.5
				10.3223	19.0578	161.302
			}
			{VolumeView "sub_piece3.ply"}
		}
		{bone "sub_piece4"
			{Matrix34
				-1	0	0
				0	-0.5	-0.866026
				0	-0.866026	0.5
				6.57083	-18.0141	117.041
			}
			{VolumeView "sub_piece4.ply"}
		}
		{bone "sub_piece5"
			{Matrix34
				-1	0	0
				0	-0.5	-0.866026
				0	-0.866026	0.5
				-7.87415	4.45375	144.345
			}
			{VolumeView "sub_piece5.ply"}
		}
	}
}
{Volume "piece10"
	{Box 10.5337 20.3634 9.84253}
	{Bone "piece10"}
	{Matrix34
		0.930738	-0.365686	0
		0.365686	0.930738	0
		0	0	1
		0.367634	-0.154542	-2.44843e-005
	}
}
{Volume "piece11"
	{Box 13.4757 9.93605 9.84253}
	{Bone "piece11"}
	{Matrix34
		0.995969	0.0897015	0
		-0.0897015	0.995969	0
		0	0	1
		-0.11584	0.717653	0
	}
}
{Volume "piece12"
	{Box 13.0163 10.1645 9.84252}
	{Bone "piece12"}
	{Matrix34
		0.996195	0.0871557	0
		-0.0871557	0.996195	0
		0	0	1
		0.0875379	0.513058	0
	}
}
{Volume "piece1"
	{Box 13.0163 10.1645 9.84252}
	{Bone "piece1"}
	{Matrix34
		0.996195	0.0871548	0
		-0.0871548	0.996195	0
		0	0	1
		0.0875209	0.513035	0
	}
}
{Volume "piece2"
	{Box 10.5337 20.3634 9.84253}
	{Bone "piece2"}
	{Matrix34
		0.930738	-0.365686	0
		0.365686	0.930738	0
		0	0	1
		0.367646	-0.154563	-1.91877e-005
	}
}
{Volume "piece3"
	{Box 16.8017 14.1433 9.84253}
	{Bone "piece3"}
	{Position -2.09985	0.948638	1.51572e-005}
}
{Volume "piece4"
	{Box 19.7532 27.361 9.84253}
	{Bone "piece4"}
	{Matrix34
		0.984808	0.173649	0
		-0.173649	0.984808	0
		0	0	1
		0	0	2.43214e-005
	}
}
{Volume "piece5"
	{Box 19.2087 28.5378 9.84253}
	{Bone "piece5"}
	{Matrix34
		0.978182	-0.207748	0
		0.207748	0.978182	0
		0	0	1
		-1.91617e-005	0	0
	}
}
{Volume "piece6"
	{Box 22.95 24.6533 9.84253}
	{Bone "piece6"}
	{Matrix34
		0.658534	0.752551	0
		-0.752551	0.658534	0
		0	0	1
		0	0	1.12202e-005
	}
}
{Volume "piece7"
	{Box 13.4757 9.93605 9.84253}
	{Bone "piece7"}
	{Matrix34
		0.995969	0.0897014	0
		-0.0897014	0.995969	0
		0	0	1
		-0.115839	0.717635	0
	}
}
{Volume "piece8"
	{Box 15.3133 9.02239 9.84253}
	{Bone "piece8"}
	{Matrix34
		0.986338	0.164733	0
		-0.164733	0.986338	0
		0	0	1
		-0.15292	0.954591	0
	}
}
{Volume "piece9"
	{Box 18.8365 16.9926 9.84252}
	{Bone "piece9"}
	{Matrix34
		0.984807	0.173649	0
		-0.173649	0.984807	0
		0	0	1
		-1.89948	0.853845	0
	}
}
{Volume "sub_piece10"
	{Box 18.8831 13.6666 1.9685}
	{Bone "sub_piece10"}
	{Matrix34
		0.939693	-0.34202	0
		0.34202	0.939693	0
		0	0	1
		0.422055	0.91878	0
	}
}
{Volume "sub_piece11"
	{Box 22.95 24.6533 9.84253}
	{Bone "sub_piece11"}
	{Matrix34
		0.658534	0.752551	0
		-0.752551	0.658534	0
		0	0	1
		0	1.43572e-005	0
	}
}
{Volume "sub_piece12"
	{Box 5.14805 51.948 5.94488}
	{Bone "sub_piece12"}
	{Position -3.048e-005	2.26935e-005	0.16466}
}
{Volume "sub_piece1"
	{Box 6.95682 109.831 7.4311}
	{Bone "sub_piece1"}
	{Position 3.70609e-005	-6.66941	0}
}
{Volume "sub_piece2"
	{Box 15.9529 20.9903 2.68483}
	{Bone "sub_piece2"}
	{Position -0.0371295	1.6779	-0.0223289}
}
{Volume "sub_piece3"
	{Box 26.8966 17.9012 3.06531}
	{Bone "sub_piece3"}
	{Position -2.99152e-005	0.227559	0.0747181}
}
{Volume "sub_piece4"
	{Box 24.9069 25.5721 3.2985}
	{Bone "sub_piece4"}
	{Position -0.604836	0.345405	-0.268725}
}
{Volume "sub_piece5"
	{Box 14.3947 18.6568 2.56209}
	{Bone "sub_piece5"}
	{Position 4.33085	-1.5216	-0.315314}
}
{Volume "sub_piece6"
	{Box 10.5337 20.3634 9.84253}
	{Bone "sub_piece6"}
	{Matrix34
		0.930738	-0.365685	0
		0.365685	0.930738	0
		0	0	1
		0.367647	-0.154559	-1.31583e-005
	}
}
{Volume "sub_piece7"
	{Box 13.2387 9.55341 1.9685}
	{Bone "sub_piece7"}
	{Matrix34
		0.906308	-0.422618	0
		0.422618	0.906308	0
		0	0	1
		-0.780852	-0.849628	0
	}
}
{Volume "sub_piece8"
	{Box 18.8831 13.6666 1.9685}
	{Bone "sub_piece8"}
	{Matrix34
		0.939693	-0.34202	0
		0.34202	0.939693	0
		0	0	1
		0.422072	0.918773	0
	}
}
{Volume "sub_piece9"
	{Box 11.9271 9.9752 1.9685}
	{Bone "sub_piece9"}
	{Matrix34
		0.965926	0.258819	0
		-0.258819	0.965926	0
		0	0	1
		-0.0875873	0.0883236	0
	}
}
