;Exported by: golanov
;Date:        Sun Jun 11 18:10:18 2006
;File:        D:\-Projects-\-3DWork-\Constructions\entourage\train\passenger car_x01.max
{Skeleton
	{bone "heap04_x"
		{Orientation
			1	0	0
			0	-1	0
			0	0	1
		}
		{bone "piece0"
			{Matrix34
				-0.036837	-0.999321	0.000882149
				0.729506	-0.0274944	-0.683421
				0.682981	-0.0245317	0.730024
				6.52643	4.8165	-0.769718
			}
			{VolumeView "piece0.ply"}
		}
		{bone "sub_piece0"
			{Matrix34
				-0.036837	-0.999321	0.000882149
				0.729506	-0.0274944	-0.683421
				0.682981	-0.0245317	0.730024
				6.52643	4.8165	-0.769718
			}
			{VolumeView "sub_piece0.ply"}
		}
		{bone "piece1"
			{Matrix34
				-0.036837	-0.999321	0.000882149
				0.729506	-0.0274944	-0.683421
				0.682981	-0.0245317	0.730024
				6.52643	4.8165	-0.769718
			}
			{VolumeView "piece1.ply"}
		}
		{bone "sub_piece1"
			{Matrix34
				-0.036837	-0.999321	0.000882149
				0.729506	-0.0274944	-0.683421
				0.682981	-0.0245317	0.730024
				6.52643	4.8165	-0.769718
			}
			{VolumeView "sub_piece1.ply"}
		}
		{bone "piece2"
			{Matrix34
				0.616787	0.0101186	-0.787065
				0.0096752	0.999744	0.0204349
				0.787071	-0.020219	0.616531
				24.0249	-5.9212	-9.3939
			}
			{VolumeView "piece2.ply"}
		}
		{bone "sub_piece2"
			{Matrix34
				-0.00821095	0.999949	0.00580784
				-0.85086	-0.0100377	0.525296
				0.525328	-0.000628488	0.8509
				25.8089	20.7229	-12.478
			}
			{VolumeView "sub_piece2.ply"}
		}
		{bone "piece3"
			{Matrix34
				0.416021	-0.0494987	0.908007
				0.909337	0.0163189	-0.415741
				0.00576093	0.998641	0.0518
				0.306061	-24.2603	6.53646
			}
			{VolumeView "piece3.ply"}
		}
		{bone "sub_piece3"
			{Matrix34
				-0.00361755	0.998608	-0.0526204
				-0.533587	-0.0464313	-0.84447
				-0.845737	0.0250227	0.533012
				6.47684	-22.3539	-2.29453
			}
			{VolumeView "sub_piece3.ply"}
		}
		{bone "piece4"
			{Matrix34
				0.68317	-0.596496	-0.421272
				-0.730242	-0.554123	-0.399618
				0.004934	0.580638	-0.814147
				-23.8884	-35.4531	1.39898
			}
			{VolumeView "piece4.ply"}
		}
		{bone "sub_piece4"
			{Matrix34
				-0.996947	-0.0637557	-0.0450699
				0.0780774	-0.814076	-0.575485
				0	-0.577248	0.816569
				-18.3992	-21.6933	2.58717
			}
			{VolumeView "sub_piece4.ply"}
		}
	}
}
{Volume "piece0"
	{Box 14.8716 21.4904 1.93577}
	{Bone "piece0"}
	{Position -11.0787	5.75336	0.967872}
}
{Volume "piece1"
	{Box 28.4841 14.6674 2.54959}
	{Bone "piece1"}
	{Matrix34
		1	0	0
		0	0.992577	-0.121616
		0	0.121617	0.992577
		-3.36077	-13.8349	2.05205
	}
}
{Volume "piece2"
	{Box 9.78427 6.11517 6.11517}
	{Bone "piece2"}
	{Position -1.22732e-005	0	0}
}
{Volume "piece3"
	{Box 9.82714 9.84251 9.84252}
	{Bone "piece3"}
	{Position -2.96045	-2.15081e-005	4.92126}
}
{Volume "piece4"
	{Box 9.78427 6.11517 6.11517}
	{Bone "piece4"}
	{Position 1.95477e-005	0	0}
}
{Volume "sub_piece0"
	{Box 16.1026 22.0516 1.93577}
	{Bone "sub_piece0"}
	{Position -28.8177	7.26536	0.967874}
}
{Volume "sub_piece1"
	{Box 13.61 19.6476 1.93577}
	{Bone "sub_piece1"}
	{Position 6.71359	8.47614	0.967878}
}
{Volume "sub_piece2"
	{Box 9.78427 6.11517 6.11517}
	{Bone "sub_piece2"}
	{Position 0	0	1.15467e-005}
}
{Volume "sub_piece3"
	{Box 9.78427 6.11517 6.11517}
	{Bone "sub_piece3"}
	{Position 0	0	0}
}
{Volume "sub_piece4"
	{Box 14.6964 21.237 2.95275}
	{Bone "sub_piece4"}
	{Matrix34
		0.872511	0.488594	0
		-0.488595	0.87251	0
		0	0	1
		1.7646	4.81122	1.47637
	}
}
