;Exported by: Ekaterina
;Date:        Wed Aug 20 17:10:17 2008
;File:        D:\-Project-\-3DWork-\Constructions\Gaz_xlam2.max
{Skeleton
	{bone "basis"
		{Orientation
			1	0	0
			0	-1	0
			0	0	1
		}
		{bone "body"
			{parameters "ID=body;"}
			{Matrix34
				0.999048	0.0407042	0.0156792
				0.00342923	0.285048	-0.958507
				-0.0434845	0.957649	0.284637
				2.0936	-13.8688	8.02978
			}
			{VolumeView "body.ply"}
			{bone "part1"
				{Position -29.9508	1.41054	13.5206}
				{VolumeView "part1.ply"}
			}
			{bone "part2"
				{Position 3.09862	-0.174587	17.0375}
				{VolumeView "part2.ply"}
			}
			{bone "part3"
				{Position 23.7375	-0.951463	2.47611}
				{VolumeView "part3.ply"}
			}
			{bone "part4"
				{Position 8.82888	-16.9879	19.3466}
				{VolumeView "part4.ply"}
			}
			{bone "part5"
				{Position -0.25672	17.6724	34.0169}
				{VolumeView "part5.ply"}
			}
		}
	}
}
{Volume "body1"
	{Polyhedron "body1.vol"}
	{Bone "body"}
	{Matrix34
		0.999048	0.00342932	-0.0434844
		0	0.996905	0.0786149
		0.0436194	-0.0785402	0.995956
		14.9956	1.18006	2.11393
	}
}
{Volume "body2"
	{Box 32.888 16.2287 14.2967}
	{Bone "body"}
	{Matrix34
		0.999048	0.00342915	-0.0434846
		0	0.996905	0.078615
		0.0436197	-0.0785402	0.995956
		-27.0402	-0.0815411	19.1137
	}
}
{Volume "part1"
	{Box 24.3484 12.7749 8.44001}
	{Bone "part1"}
	{Matrix34
		-0.99952	-0.0226371	-0.0211698
		0.0224362	-0.0572332	-0.998109
		0.0213827	-0.998104	0.0577136
		0.0631716	0.630926	-0.220873
	}
}
{Volume "part2"
	{Box 13.3078 18.8199 25.8764}
	{Bone "part2"}
	{Matrix34
		-0.999048	-0.00342919	0.0434843
		-0.040704	-0.285048	-0.957649
		0.0156791	-0.958507	0.284637
		0.087281	-0.176215	-1.14994
	}
}
{Volume "part3"
	{Polyhedron "part3.vol"}
	{Bone "part3"}
	{Matrix34
		-0.999048	-0.00342918	0.0434843
		-0.040704	-0.285048	-0.957649
		0.0156791	-0.958507	0.284637
		0.401289	10.1984	-0.877693
	}
}
{Volume "part4"
	{Box 14.1704 21.769 2.30012}
	{Bone "part4"}
	{Matrix34
		-0.847865	0.31403	0.427212
		-0.458906	-0.0310492	-0.887943
		-0.265576	-0.948905	0.170436
		1.28727	-0.550953	-1.45447
	}
}
{Volume "part5"
	{Box 14.6838 23.0012 2.87515}
	{Bone "part5"}
	{Matrix34
		-0.925895	0.0935459	0.366015
		-0.377455	-0.269283	-0.886011
		0.0156793	-0.958507	0.284638
		-0.217493	-0.962907	-0.882121
	}
}
