;Exported by: sana
;Date:        Wed Jan 25 19:56:07 2006
;File:        D:\-Project-\-3DWork-\Entourage\house_euro_110\house_euro_110_cut2.max
{Skeleton
	{bone "110n_corner16"
		{Orientation
			1	0	0
			0	-1	0
			0	0	1
		}
		{VolumeView "110n_corner16.ply"}
		{bone "fix11"
			{Position 49.7282	-3.58841	105.646}
		}
		{bone "fix12"
			{Position -38.3587	-3.35019	109.438}
		}
	}
}
{Volume "body1"
	{Box 63.8713 24.5576 9.84252}
	{Bone "110n_corner16"}
	{Matrix34
		0.854045	0	-0.5202
		0.5202	0	0.854045
		0	-1	0
		12.4529	0.0410333	132.926
	}
}
{Volume "body2"
	{Box 49.1809 24.5576 9.84252}
	{Bone "110n_corner16"}
	{Matrix34
		0.769123	0	-0.639101
		0.639101	0	0.769123
		0	-1	0
		-9.02916	0.0410318	124.431
	}
}
{Volume "body"
	{Box 31.0281 20.0181 9.84252}
	{Bone "110n_corner16"}
	{Matrix34
		1	0	0
		0	0	1
		0	-1	0
		-1.67457	0.0410347	155.295
	}
}
{Volume "roof1"
	{Box 54.3954 53.4832 5.17303}
	{Bone "110n_corner16"}
	{Matrix34
		0.841985	0	0.539501
		0	1	0
		-0.539501	0	0.841985
		-23.9101	29.7164	135.723
	}
}
{Volume "roof"
	{Box 51.3164 48.183 5.17303}
	{Bone "110n_corner16"}
	{Matrix34
		0.849458	0	-0.527656
		0	1	0
		0.527656	0	0.849458
		19.7237	27.7817	136.197
	}
}
