;Exported by: sana
;Date:        Tue Feb 28 19:53:46 2006
;File:        D:\-Project-\-3DWork-\Entourage\e-house3a\e_farm112_new_x.max
{Skeleton
	{bone "farm_corn4"
		{Orientation
			1	0	0
			0	-1	0
			0	0	1
		}
		{bone "exterior"
			{Position -4.96063	0	70.0591}
		}
		{bone "piece2"
			{Position -2.16315	29.3544	50.9422}
			{VolumeView "piece2.ply"}
			{bone "sub_piece2"
				{Position 0	-15.7275	2.4784}
				{VolumeView "sub_piece2.ply"}
			}
		}
		{bone "piece3"
			{Position -2.16315	33.3064	15.7091}
			{VolumeView "piece3.ply"}
		}
		{bone "piece4"
			{Position -2.16315	2.62616	23.0407}
			{VolumeView "piece4.ply"}
			{bone "sub_piece4"
				{Position 0	-6.96246	0.852571}
				{VolumeView "sub_piece4.ply"}
			}
		}
		{bone "piece5"
			{Position -2.16315	-7.17938	41.8895}
			{VolumeView "piece5.ply"}
			{bone "sub_piece5"
				{Position 0	7.01111	5.92275}
				{VolumeView "sub_piece5.ply"}
			}
		}
		{bone "piece6"
			{Position -2.16315	-21.4189	52.8177}
			{VolumeView "piece6.ply"}
			{bone "sub_piece6"
				{Position 0	-13.7315	-1.54058}
				{VolumeView "sub_piece6.ply"}
			}
		}
		{bone "piece7"
			{Position -2.16315	-14.1416	10.6745}
			{VolumeView "piece7.ply"}
		}
		{bone "piece8"
			{Position -2.16315	-35.4915	17.7594}
			{VolumeView "piece8.ply"}
			{bone "sub_piece8"
				{Position 0	6.44147	-8.05189}
				{VolumeView "sub_piece8.ply"}
			}
		}
	}
}
{Volume "piece2"
	{Box 6.75 17.5496 16.0759}
	{Bone "piece2"}
	{Position 5.54415e-005	0	0}
}
{Volume "piece3"
	{Box 6.75 10.4494 19.5591}
	{Bone "piece3"}
	{Position 0	0	0}
}
{Volume "piece4"
	{Box 6.75 10.3463 21.4077}
	{Bone "piece4"}
	{Position 0	1.06552	0.271282}
}
{Volume "piece5"
	{Box 6.75 10.2564 17.8175}
	{Bone "piece5"}
	{Position 5.65725e-005	-0.934357	0}
}
{Volume "piece6"
	{Box 6.75 15.5535 10.6101}
	{Bone "piece6"}
	{Position 5.49111e-005	-0.355927	0.912432}
}
{Volume "piece7"
	{Box 6.75 13.8304 9.94648}
	{Bone "piece7"}
	{Position 0	0	0}
}
{Volume "piece8"
	{Box 6.75 11.1258 16.6087}
	{Bone "piece8"}
	{Matrix34
		1	0	0
		0	0.996195	-0.0871557
		0	0.0871557	0.996195
		5.92324e-005	0.0524661	0.988268
	}
}
{Volume "sub_piece2"
	{Box 6.75 13.9325 10.3623}
	{Bone "sub_piece2"}
	{Position 0	0	0.701389}
}
{Volume "sub_piece4"
	{Box 6.75 9.61115 12.6415}
	{Bone "sub_piece4"}
	{Matrix34
		1	0	0
		0	0.866025	-0.5
		0	0.5	0.866025
		0	-0.226397	0.518936
	}
}
{Volume "sub_piece5"
	{Box 6.75 9.54863 12.2768}
	{Bone "sub_piece5"}
	{Matrix34
		1	0	0
		0	0.906308	0.422618
		0	-0.422618	0.906308
		0	0.489488	0.307179
	}
}
{Volume "sub_piece6"
	{Box 6.75 12.5229 13.8293}
	{Bone "sub_piece6"}
	{Matrix34
		1	0	0
		0	0.965926	0.258819
		0	-0.258819	0.965926
		0	0.473992	0.427514
	}
}
{Volume "sub_piece8"
	{Box 6.75 9.62819 8.39104}
	{Bone "sub_piece8"}
	{Position 0	-0.531158	-0.682982}
}
