;Exported by: sana
;Date:        Fri Apr 28 16:34:54 2006
;File:        D:\-Project-\-3DWork-\Entourage\fence\barricade_cobble_copy.max
{Skeleton
	{bone "barricade_cob3_c3"
		{Orientation
			1	0	0
			0	-1	0
			0	0	1
		}
		{VolumeView "barricade_cob3_c3.ply"}
		{bone "climb21"
			{Matrix34
				-0.864942	-0.501871	0
				0.501871	-0.864942	0
				0	0	1
				38.1317	45.3591	0
			}
			{visibility 0}
		}
		{bone "climb22"
			{Matrix34
				0.845872	0.533387	0
				-0.533387	0.845872	0
				0	0	1
				-4.85352	20.4829	0
			}
			{visibility 0}
		}
	}
}
{Obstacle "obstacle24"
	{Obb2
		{Center 22.3142 -2.56192}
		{Extent 13.4339 19.308}
		{Axis -0.981859 -0.189612}
	}
	{Rotate}
}
{Obstacle "obstacle25"
	{Obb2
		{Center 18.2575 -32.811}
		{Extent 12.6843 22.6483}
		{Axis -0.916813 0.399317}
	}
	{Rotate}
}
{Volume "body79"
	{Box 32.669 18.8057 16.6461}
	{Bone "barricade_cob3_c3"}
	{Matrix34
		0.140336	0.990104	0
		-0.643562	0.0912175	-0.759939
		-0.752419	0.106647	0.649994
		23.3129	6.2949	3.85953
	}
}
{Volume "body80"
	{Box 31.2362 18.8057 16.6461}
	{Bone "barricade_cob3_c3"}
	{Matrix34
		-0.399847	0.916582	0
		-0.595772	-0.259898	-0.759939
		-0.696546	-0.303859	0.649994
		18.3539	31.5173	3.85954
	}
}
