;Exported by: shevchenko
;Date:        Thu Jun 29 12:52:51 2006
;File:        D:\-Projects1_5-\-3DWork-\bsh\bsh_c135-a1_x.max
{Skeleton
	{bone "bsh135_c4_3"
		{Orientation
			1	0	0
			0	-1	0
			0	0	1
		}
		{bone "piece0"
			{Matrix34
				-0.707106	0.707107	0
				0	0	1
				0.707107	0.707106	0
				25.6991	1.05029	-19.8606
			}
			{VolumeView "piece0.ply"}
		}
		{bone "piece1"
			{Matrix34
				-0.122788	0.122788	-0.984808
				-0.696364	0.696364	0.173648
				0.707107	0.707106	0
				11.2023	14.3144	7.86032
			}
			{VolumeView "piece1.ply"}
		}
		{bone "piece2"
			{Matrix34
				0.241845	-0.241845	-0.939692
				-0.664463	0.664463	-0.342021
				0.707107	0.707107	0
				-2.34071	29.0901	23.561
			}
			{VolumeView "piece2.ply"}
		}
		{bone "piece3"
			{Matrix34
				-0.707106	0.707107	0
				0	0	1
				0.707107	0.707106	0
				-1.26526	-10.1986	5.88977
			}
			{VolumeView "piece3.ply"}
		}
		{bone "piece4"
			{Matrix34
				-0.707106	0.707107	0
				0	0	1
				0.707107	0.707106	0
				-42.1694	-24.1775	28.8896
			}
			{VolumeView "piece4.ply"}
		}
		{bone "piece5"
			{Matrix34
				-0.707106	0.707107	0
				0	0	1
				0.707107	0.707106	0
				-16.3744	1.617	28.8902
			}
			{VolumeView "piece5.ply"}
		}
		{bone "piece7"
			{Matrix34
				-0.707106	0.707107	0
				0	0	1
				0.707107	0.707106	0
				-43.4342	-0.225929	27.9563
			}
			{VolumeView "piece7.ply"}
		}
		{bone "piece6"
			{Matrix34
				-0.707106	0.707107	0
				0	0	1
				0.707107	0.707106	0
				-26.4762	28.5119	17.986
			}
			{VolumeView "piece6.ply"}
		}
	}
}
{Volume "piece0"
	{Box 20.725 33.7836 7.7756}
	{Bone "piece0"}
	{Matrix34
		0.991429	0.130648	0
		-0.130648	0.991429	0
		0	0	1
		-0.189721	0.778857	0.104287
	}
}
{Volume "piece1"
	{Box 12.7007 24.6168 9.84252}
	{Bone "piece1"}
	{Matrix34
		0.988561	-0.150824	0
		0.150824	0.98856	0
		0	0	1
		-0.838666	0.517852	0
	}
}
{Volume "piece2"
	{Box 22.5035 36.4872 8.07087}
	{Bone "piece2"}
	{Matrix34
		0.866025	-0.5	0
		0.500001	0.866025	0
		0	0	1
		-1.05886	0.830202	-0.042541
	}
}
{Volume "piece3"
	{Box 32.7074 2.30714 25.4483}
	{Bone "piece3"}
	{Matrix34
		0	0	-1
		-0.766044	0.642788	0
		0.642788	0.766044	0
		2.05558	2.16119	1.70448e-005
	}
}
{Volume "piece4"
	{Box 23.3824 2.11943 18.9993}
	{Bone "piece4"}
	{Matrix34
		0	0	-1
		-0.766044	0.642787	0
		0.642787	0.766044	0
		3.03247	2.91386	-2.3699
	}
}
{Volume "piece5"
	{Box 33.7113 2.11951 21.1117}
	{Bone "piece5"}
	{Matrix34
		0	0	-1
		-0.766044	0.642788	0
		0.642788	0.766044	0
		1.3154	0.508728	2.78949
	}
}
{Volume "piece6"
	{Box 19.5841 2.1521 42.9324}
	{Bone "piece6"}
	{Matrix34
		0	0	-1
		-0.766044	-0.642788	0
		-0.642788	0.766044	0
		-1.26396	1.09419	2.39454
	}
}
{Volume "piece7"
	{Box 24.6895 2.11301 25.7554}
	{Bone "piece7"}
	{Matrix34
		0	0	-1
		-0.766044	-0.642788	0
		-0.642788	0.766044	0
		-0.0422815	-0.417081	-1.62712
	}
}
