;Exported by: sergienko
;Date:        Thu Feb 09 11:23:00 2006
;File:        D:\-projets1_5\3dwork\anima\construction\Bahnhof_house\Bahnhof_house_x_test_без.max
{Skeleton
	{bone "bh_corner13"
		{Orientation
			1	0	0
			0	-1	0
			0	0	1
		}
		{VolumeView "bh_corner13.ply"}
		{bone "piece8"
			{Matrix34
				0	-1	0
				1	0	0
				0	0	1
				47.2336	0.938911	68.7413
			}
			{VolumeView "piece8.ply"}
		}
		{bone "piece3"
			{Matrix34
				0	-1	0
				1	0	0
				0	0	1
				25.3458	0.938963	61.6181
			}
			{VolumeView "piece3.ply"}
		}
		{bone "piece2"
			{Matrix34
				0	-1	0
				1	0	0
				0	0	1
				-6.22829	0.93884	76.3794
			}
			{VolumeView "piece2.ply"}
		}
		{bone "piece4"
			{Matrix34
				0	-1	0
				1	0	0
				0	0	1
				47.4564	0.938965	33.9686
			}
			{VolumeView "piece4.ply"}
		}
		{bone "piece5"
			{Matrix34
				0	-1	0
				1	0	0
				0	0	1
				13.7889	0.938965	26.9502
			}
			{VolumeView "piece5.ply"}
		}
		{bone "piece6"
			{Matrix34
				0	-1	0
				1	0	0
				0	0	1
				-13.5401	0.938965	29.8369
			}
			{VolumeView "piece6.ply"}
		}
		{bone "piece7"
			{Matrix34
				0	-1	0
				1	0	0
				0	0	1
				-51.4677	0.938972	51.3353
			}
			{VolumeView "piece7.ply"}
		}
		{bone "piece1"
			{Matrix34
				0	-1	0
				1	0	0
				0	0	1
				-50.3209	0.938968	76.7141
			}
			{VolumeView "piece1.ply"}
		}
		{bone "fx_dust1"
			{Position 16.3861	-14.1517	37.3703}
		}
		{bone "fx_dust2"
			{Position -39.3772	-14.1517	37.3703}
		}
	}
}
{Volume "piece1"
	{Box 13.6373 15.1501 23.5051}
	{Bone "piece1"}
	{Matrix34
		0	0.0871559	-0.996195
		-1	0	0
		0	0.996195	0.0871559
		-2.1073e-005	0.0120442	-1.07787
	}
}
{Volume "piece2"
	{Box 27.8221 15.1501 14.826}
	{Bone "piece2"}
	{Matrix34
		0	1	0
		-1	0	0
		0	0	1
		0	2.77097e-005	0.631106
	}
}
{Volume "piece3"
	{Box 15.5465 15.1501 25.4183}
	{Bone "piece3"}
	{Matrix34
		0	1	0
		-1	0	0
		0	0	1
		6.48368e-005	1.08375	-0.956612
	}
}
{Volume "piece4"
	{Box 36.5733 15.1501 21.7343}
	{Bone "piece4"}
	{Matrix34
		0	0.996195	-0.0871557
		-1	0	0
		0	0.0871557	0.996195
		4.41509e-005	-3.4319	0.0175965
	}
}
{Volume "piece5"
	{Box 22.4541 15.1501 15.187}
	{Bone "piece5"}
	{Matrix34
		0	1	0
		-1	0	0
		0	0	1
		-1.55626e-005	0	0.417524
	}
}
{Volume "piece6"
	{Box 24.2488 15.1501 10.2681}
	{Bone "piece6"}
	{Matrix34
		0	0.984808	-0.173648
		-1	0	0
		0	0.173648	0.984808
		4.66504e-005	0.382987	-2.74133
	}
}
{Volume "piece7"
	{Box 14.254 15.1501 31.8531}
	{Bone "piece7"}
	{Matrix34
		0	1	0
		-1	0	0
		0	0	1
		4.65787e-005	-2.44274	-0.368903
	}
}
{Volume "piece8"
	{Box 28.758 15.1501 46.6894}
	{Bone "piece8"}
	{Position -1.94432e-005	0	0}
}
