;Exported by: golanov
;Date:        Sat Jan 14 17:07:44 2006
;File:        D:\-Projects-\-3DWork-\Constructions\house_euro_114corner\house_euro_114ac_x.max
{Skeleton
	{bone "114ac_roof5_x"
		{Orientation
			1	0	0
			0	-1	0
			0	0	1
		}
		{bone "piece0"
			{Position -16.4299	-8.64866	-23.436}
			{VolumeView "piece0.ply"}
			{bone "sub_piece0"
				{Position 7.87735	-3.56696	7.45677}
				{VolumeView "sub_piece0.ply"}
			}
		}
		{bone "piece1"
			{Position -16.4299	18.607	9.67383}
			{VolumeView "piece1.ply"}
			{bone "sub_piece1"
				{Position 8.30624	-1.2606	16.3418}
				{VolumeView "sub_piece1.ply"}
			}
		}
	}
}
{Volume "piece0"
	{Box 19.0463 7.87402 22.4406}
	{Bone "piece0"}
	{Matrix34
		0	-0.817769	0.575547
		1	0	0
		0	0.575547	0.817769
		-0.254595	2.00819	-2.96623
	}
}
{Volume "piece1"
	{Box 18.9356 7.87402 28.0591}
	{Bone "piece1"}
	{Matrix34
		0	-0.818884	0.573959
		1	0	0
		0	0.573959	0.818884
		-0.254599	0.892557	1.31095
	}
}
{Volume "sub_piece0"
	{Box 31.4961 1.9685 26.6014}
	{Bone "sub_piece0"}
	{Matrix34
		1	0	0
		0	0.81347	-0.581606
		0	0.581606	0.81347
		0.133072	-1.59063	-0.519013
	}
}
{Volume "sub_piece1"
	{Box 31.4961 1.9685 28.1343}
	{Bone "sub_piece1"}
	{Matrix34
		1	0	0
		0	0.81347	-0.581606
		0	0.581606	0.81347
		-0.295822	-1.26017	-0.704416
	}
}
