;Exported by: sergienko
;Date:        Fri Nov 25 12:24:11 2005
;File:        D:\-projets1_5\3dwork\anima\construction\hangar\hangar2_x.max
{Skeleton
	{bone "air_force_kaserne2_c17"
		{Orientation
			1	0	0
			0	-1	0
			0	0	1
		}
		{bone "piece1"
			{Matrix34
				0	-1	0
				0.34202	0	0.939693
				-0.939693	0	0.34202
				1.34868	-9.0076	106.645
			}
			{VolumeView "piece1.ply"}
		}
		{bone "piece2"
			{Matrix34
				0	-1	0
				0.422618	0	0.906308
				-0.906308	0	0.422618
				1.34865	13.9465	80.0376
			}
			{VolumeView "piece2.ply"}
		}
		{bone "fx_dust1"
			{Position 4.85793	6.88462	67.9911}
		}
		{bone "fx_wood1"
			{Position 4.85793	6.88462	58.2593}
		}
		{bone "fx_wood2"
			{Position 4.85793	6.88462	73.4922}
		}
		{bone "piece4"
			{Matrix34
				-1	0	0
				0	-0.258819	0.965926
				0	0.965926	0.258819
				-24.5617	35.6232	30.1672
			}
			{VolumeView "piece4.ply"}
		}
		{bone "piece3"
			{Matrix34
				-1	0	0
				0	0.34202	0.939693
				0	0.939693	-0.34202
				-22.8737	35.6232	61.1192
			}
			{VolumeView "piece3.ply"}
		}
	}
}
{Volume "piece1"
	{Box 47.0406 18.7312 2.14068}
	{Bone "piece1"}
	{Position 0	0	2.42886e-005}
}
{Volume "piece2"
	{Box 42.4609 14.0043 2.14068}
	{Bone "piece2"}
	{Position 0.367869	0	-2.16522e-005}
}
{Volume "piece3"
	{Box 42.4609 14.0043 2.14069}
	{Bone "piece3"}
	{Position 0.367859	0	-1.87952e-005}
}
{Volume "piece4"
	{Box 45.4417 23.3381 2.14069}
	{Bone "piece4"}
	{Position 0	0	1.15042e-005}
}
