;Exported by: sana
;Date:        Mon Jul 18 12:15:14 2005
;File:        D:\-Project-\-3DWork-\Entourage\boat\new_boat2_xx.max
{Skeleton
	{bone "new_boat2"
		{Orientation
			1	0	0
			0	-1	0
			0	0	1
		}
		{bone "piece0"
			{Position -4.9591	35.1107	3.37749}
			{VolumeView "piece0.ply"}
		}
		{bone "fx_wood2"
			{Position -1.01371	-0.641919	-0.189633}
		}
		{bone "piece2"
			{Position 0.542515	37.2016	19.9313}
			{VolumeView "piece2.ply"}
		}
		{bone "piece5"
			{Position -14.8549	-24.4967	0.0838385}
			{VolumeView "piece5.ply"}
		}
		{bone "piece8"
			{Position -3.06616	-5.56804	-3.81671}
			{VolumeView "piece8.ply"}
		}
		{bone "piece6"
			{Position 7.5951	-36.2747	7.44175}
			{VolumeView "piece6.ply"}
		}
		{bone "piece9"
			{Position 9.58991	-11.3156	6.18915}
			{VolumeView "piece9.ply"}
		}
		{bone "piece4"
			{Position -8.44116	-12.6944	4.5945}
			{VolumeView "piece4.ply"}
		}
		{bone "piece3"
			{Matrix34
				1	0	0
				0	1	0
				0	0	1
				0.523846	-40.429	13.6082
			}
			{VolumeView "piece3.ply"}
		}
		{bone "piece1"
			{Position 10.09	8.32328	22.8162}
			{VolumeView "piece1.ply"}
		}
		{bone "piece7"
			{Position 9.2741	4.3586	7.29097}
			{VolumeView "piece7.ply"}
		}
	}
}
{Volume "piece7"
	{Box 35.1109 15.4908 2.98111}
	{Bone "piece7"}
	{Matrix34
		0.0764533	-0.997061	-0.00482832
		0.0945765	0.00243118	0.995514
		-0.992577	-0.076567	0.0944847
		3.08597	4.1366	2.18826
	}
}
{Volume "piece1"
	{Box 35.1109 12.6973 2.98111}
	{Bone "piece1"}
	{Matrix34
		0.111201	-0.993774	0.00682445
		-0.360175	-0.0339006	0.932268
		-0.926234	-0.106127	-0.361702
		-0.672536	0.709999	-0.805113
	}
}
{Volume "piece3"
	{Box 22.8589 2.31885 11.0452}
	{Bone "piece3"}
	{Matrix34
		0.710184	0.481118	0.513969
		-0.605597	0.0451928	0.794487
		0.359014	-0.87549	0.323459
		-0.267125	-0.691213	0.190884
	}
}
{Volume "piece4"
	{Box 22.8589 2.31885 13.6361}
	{Bone "piece4"}
	{Matrix34
		0.788952	0	0.614455
		-0.614455	0	0.788952
		0	-1	0
		0.219512	0.145732	0.12817
	}
}
{Volume "piece9"
	{Box 26.6152 15.4908 1.83517}
	{Bone "piece9"}
	{Matrix34
		-0.0794456	-0.996827	-0.00482834
		0.093805	-0.0122981	0.995514
		-0.992416	0.0786365	0.0944846
		2.81902	-5.34791	2.75255
	}
}
{Volume "piece6"
	{Box 19.6952 18.2791 3.10144}
	{Bone "piece6"}
	{Matrix34
		-0.47377	-0.880546	-0.0134702
		0.2751	-0.162511	0.947581
		-0.836577	0.44523	0.319231
		-0.543953	-1.68725	-1.18242
	}
}
{Volume "piece8"
	{Box 44.6823 4.54269 16.893}
	{Bone "piece8"}
	{Matrix34
		0	-1	0
		0.0749967	0	0.997184
		-0.997184	0	0.0749967
		0.224403	0.304692	0.365381
	}
}
{Volume "piece5"
	{Box 29.6863 12.6973 4.28148}
	{Bone "piece5"}
	{Matrix34
		0.0641568	-0.986386	0.151414
		-0.806234	0.0381835	0.590362
		-0.588107	-0.159951	-0.792809
		-0.297211	0.619603	-0.763824
	}
}
{Volume "piece2"
	{Box 29.6863 12.6973 4.97846}
	{Bone "piece2"}
	{Matrix34
		0.537801	-0.838645	0.0862821
		-0.302648	-0.0965268	0.948201
		-0.786876	-0.536057	-0.305727
		0.0112778	0.303537	1.09063
	}
}
{Volume "piece0"
	{Box 24.1633 19.6733 6.11128}
	{Bone "piece0"}
	{Matrix34
		0.073281	-0.914969	-0.396814
		0.982573	0.134386	-0.128411
		0.170819	-0.380489	0.908872
		-0.388421	-0.55731	-0.954389
	}
}
