;Exported by: Jag
;Date:        Sun Mar 27 00:13:20 2011
;File:        E:\3D Work\Models\grille.max
{Skeleton
	{animation
		{sequence "start"}
		{sequence "stop"}
		{sequence "fire"}
	}
	{bone revolute "basis"
		{parameters "Wheelradius=0.4;"}
		{limits -0 0}
		{speed 0.01}
		{Orientation
			1	0	0
			0	-1	0
			0	0	1
		}
		{bone "emit1"
			{Matrix34
				-1	0	0
				0	-1	0
				0	0	1
				65.7226	-7.59304	0
			}
			{visibility 0}
		}
		{bone "emit2"
			{Matrix34
				0.999999	-0.00158727	0
				0.00158727	0.999999	0
				0	0	1
				-64.466	-1.62626	0
			}
			{visibility 0}
		}
		{bone "wheelsl"
			{parameters "ID=trackleft;"}
			{Matrix34
				0.999964	-0.00850477	0
				0.00850477	0.999964	0
				0	0	1
				7.39701	15.14	11.3023
			}
			{VolumeView "wheelsl.ply"}
			{bone revolute "wheell2"
				{parameters "ID=trackleft;"}
				{Matrix34
					1	0	0
					0	-0.0064649	-0.999979
					0	0.999979	-0.0064649
					26.9219	3.0435	-2.11822
				}
				{VolumeView "wheell2.ply"}
			}
			{bone revolute "wheell3"
				{parameters "ID=trackleft;"}
				{Matrix34
					1	0	0
					0	-0.0064649	-0.999979
					0	0.999979	-0.0064649
					9.57595	2.78081	-2.13356
				}
				{VolumeView "wheell3.ply"}
			}
			{bone revolute "wheell4"
				{parameters "ID=trackleft;"}
				{Matrix34
					1	0	0
					0	-0.0064649	-0.999979
					0	0.999979	-0.0064649
					-9.73083	2.4884	-2.15063
				}
				{VolumeView "wheell4.ply"}
			}
			{bone revolute "wheell5"
				{parameters "ID=trackleft;"}
				{Matrix34
					1	0	0
					0	-0.0064649	-0.999979
					0	0.999979	-0.0064649
					-26.9574	2.22752	-2.16585
				}
				{VolumeView "wheell5.ply"}
			}
			{bone revolute "wheell7"
				{parameters "ID=trackleft;"}
				{Matrix34
					1	0	0
					0	-0.0064649	-0.999979
					0	0.999979	-0.0064649
					-0.414554	2.64536	6.02248
				}
				{VolumeView "wheell7.ply"}
			}
			{bone "fxtracel1"
				{Matrix34
					-0.999964	-0.0085048	0
					0.0085048	-0.999964	0
					0	0	1
					27.408	-33.1319	-11.2325
				}
			}
			{bone "fxtracel2"
				{Matrix34
					-0.950962	-0.00808802	0.309201
					0.00850477	-0.999964	0
					0.30919	0.00262967	0.950997
					-35.8331	-33.8502	-8.7476
				}
			}
			{bone "trackl"
				{parameters "ID=trackleft;"}
				{Matrix34
					0.999964	0.00850477	0
					-0.00850477	0.999964	0
					0	0	1
					0.979287	2.62579	-0.149957
				}
				{VolumeView "trackl.ply"}
			}
		}
		{bone "wheelsr"
			{parameters "ID=trackright;"}
			{Matrix34
				0.999964	-0.00850477	0
				0.00850477	0.999964	0
				0	0	1
				7.59512	-15.8826	11.0438
			}
			{VolumeView "wheelsr.ply"}
			{bone revolute "wheelr4"
				{parameters "ID=trackright;"}
				{Matrix34
					0.999949	0.0100896	0
					5.85858e-005	-0.00580623	-0.999983
					-0.0100895	0.999932	-0.00580653
					-9.64333	-2.7681	-2.20119
				}
				{VolumeView "wheelr4.ply"}
			}
			{bone revolute "wheelr5"
				{parameters "ID=trackright;"}
				{Matrix34
					0.999949	0.0100896	0
					5.85858e-005	-0.00580623	-0.999983
					-0.0100895	0.999932	-0.00580653
					-26.8699	-3.02898	-2.21641
				}
				{VolumeView "wheelr5.ply"}
			}
			{bone revolute "wheelr3"
				{parameters "ID=trackright;"}
				{Matrix34
					0.999949	0.0100896	0
					5.85858e-005	-0.00580623	-0.999983
					-0.0100895	0.999932	-0.00580653
					9.66346	-2.47571	-2.18412
				}
				{VolumeView "wheelr3.ply"}
			}
			{bone revolute "wheelr2"
				{parameters "ID=trackright;"}
				{Matrix34
					0.999949	0.0100896	0
					5.85858e-005	-0.00580623	-0.999983
					-0.0100895	0.999932	-0.00580653
					27.0094	-2.21303	-2.16878
				}
				{VolumeView "wheelr2.ply"}
			}
			{bone revolute "wheelr7"
				{parameters "ID=trackright;"}
				{Matrix34
					0.999599	-0.0283037	0
					-0.000164346	-0.0058042	-0.999983
					0.0283032	0.999582	-0.00580653
					-0.327848	-2.7831	5.95494
				}
				{VolumeView "wheelr7.ply"}
			}
			{bone "fxtracer1"
				{Matrix34
					-0.999964	-0.00850474	0
					0.00850474	-0.999964	0
					0	0	1
					26.64	33.8669	-10.9461
				}
			}
			{bone "fxtracer2"
				{Matrix34
					-0.950962	-0.00808796	0.309201
					0.00850471	-0.999964	0
					0.30919	0.00262965	0.950997
					-36.617	33.3326	-8.53667
				}
			}
			{bone "trackr"
				{parameters "ID=trackright;"}
				{Matrix34
					0.999964	0.00850477	0
					-0.00850477	0.999964	0
					0	0	1
					0.822627	-2.24819	0.108566
				}
				{VolumeView "trackr.ply"}
			}
		}
		{bone "body"
			{parameters "ID=body;"}
			{Matrix34
				0.999964	-0.00850477	0
				0.00850477	0.999964	0
				0	0	1
				2.30253	-1.45683	46.2568
			}
			{VolumeView "body.ply"}
			    {bone "visor18"
					{Matrix34
						0.979925	-110.199368	0
						-0.199368	0.979925	0
						0	0	1
						8.682715	6.52132	22.799
					}
				}			
			{bone "visor1"
				{Matrix34
					0.999964	0.00850584	0
					-0.00850584	0.999964	0
					0	0	1
					33.8503	-5.96506	-18.627
				}
			}
			{bone "gunner"
				{Matrix34
					0.885706	0.462818	-0.0363878
					-0.463124	0.886293	0
					0.0322502	0.0168521	0.999338
					-23.6212	-9.64074	-22.6543
				}
			}
			{bone "commander"
				{Matrix34
					0.998044	0.0508323	-0.0363878
					-0.0508659	0.998706	0
					0.0363407	0.0018509	0.999338
					-34.8215	12.1785	-22.6543
				}
			}
			{bone "engine"
				{parameters "ID=engine;"}
				{Matrix34
					0.999964	0.00850496	0
					-0.00850496	0.999964	0
					0	0	1
					14.5102	0.706487	-19.534
				}
			}
			{bone "crew"
				{Matrix34
					0.999964	0.00850496	0
					-0.00850496	0.999964	0
					0	0	1
					2.28192	64.297	-46.2568
				}
			}
			{bone revolute "wheell6"
				{parameters "ID=trackleft;"}
				{Matrix34
					-1	-0.000891598	0
					-1.75765e-005	0.0197134	0.999806
					-0.000891423	0.999805	-0.0197134
					-33.9388	17.7472	-35.8524
				}
				{VolumeView "wheell6.ply"}
			}
			{bone revolute "wheell1"
				{parameters "ID=trackleft;"}
				{Matrix34
					-1	-0.000891598	0
					-1.75765e-005	0.0197134	0.999806
					-0.000891423	0.999805	-0.0197134
					44.9629	19.8368	-30.7987
				}
				{VolumeView "wheell1.ply"}
			}
			{bone revolute "wheelr6"
				{parameters "ID=trackright;"}
				{Matrix34
					-0.999964	-0.00852184	0
					7.46843e-005	-0.00876355	0.999962
					-0.00852151	0.999925	0.00876387
					-33.4056	-16.6741	-36.1609
				}
				{VolumeView "wheelr6.ply"}
			}
			{bone "fxfire1"
				{Matrix34
					0	0	1
					0.00850457	-0.999964	0
					0.999964	0.00850457	0
					14.3205	0.898385	-21.022
				}
			}
			{bone "fxsmoke1"
				{Matrix34
					-0.999174	0.0405646	-0.00225226
					-0.0406068	-0.998892	0.0237835
					-0.00128454	0.0238553	0.999715
					-51.5876	14.3619	-19.4327
				}
			}
			{bone revolute "wheelr1"
				{parameters "ID=trackright;"}
				{Matrix34
					-0.999863	0.016557	0.000427723
					0.000471517	0.00264124	0.999996
					0.0165558	0.999859	-0.00264869
					45.2733	-16.6545	-30.7987
				}
				{VolumeView "wheelr1.ply"}
			}
			{bone "charger"
				{Matrix34
					0.0280352	0.998944	-0.0363878
					-0.999606	0.0280538	0
					0.00102081	0.0363734	0.999338
					-35.4557	-9.07055	-22.6543
				}
			}
			{bone revolute "turret"
				{parameters "ID=turret;"}
				{limits -6 6}
				{speed 0.01}
				{Position -16.8799	0.628058	-10.615}
				{VolumeView "turret.ply"}
				{bone "visor2"
					{Matrix34
						0.999964	0.00850472	0
						-0.00850472	0.999964	0
						0	0	1
						0.806588	8.90417	18.1033
					}
				}
				{bone revolute "gun_rot"
					{parameters "ID=gun;"}
					{limits -60 5}
					{speed 0.01}
					{Matrix34
						0.999964	0.00850477	0
						1.5606e-005	-0.00183496	-0.999998
						-0.00850475	0.999962	-0.00183503
						0.144473	-0.276041	10.3944
					}
					{VolumeView "gun_rot.ply"}
					{bone "gun"
						{parameters "ID=gun;"}
						{Matrix34
							1	0	0
							0	0.999867	0.0163228
							0	-0.0163228	0.999867
							0.124286	0.182777	0.182372
						}
						{VolumeView "gun.ply"}
						{bone prizmatic "foresight1"
							{Matrix34
								0.999995	4.49257e-005	0.00307366
								0	-0.999895	0.0144878
								0.00307422	-0.0144881	-0.99989
								36.6598	0.547749	-0.0912485
							}
						}
					}
				}
			}
			{bone "detail1"
				{parameters "ID=body;"}
				{VolumeView "detail1.ply"}
			}
			{bone "detail2"
				{parameters "ID=body;"}
				{VolumeView "detail2.ply"}
			}
		}
	}
}
{Volume "body1"
	{Polyhedron "body1.vol"}
	{Bone "body"}
	{Matrix34
		0.999964	0.00850477	0
		-0.00850477	0.999964	0
		0	0	1
		35.2596	1.8159	-26.7734
	}
}
{Volume "body2"
	{Polyhedron "body2.vol"}
	{Bone "body"}
	{Matrix34
		0.999964	0.00850477	0
		-0.00850477	0.999964	0
		0	0	1
		-0.470475	0.968364	-5.59361
	}
}
{Volume "body3"
	{Polyhedron "body3.vol"}
	{Bone "body"}
	{Matrix34
		0.999964	0.00850477	0
		-0.00850477	0.999964	0
		0	0	1
		-22.9937	20.0936	-5.26384
	}
}
{Volume "body4"
	{Polyhedron "body4.vol"}
	{Bone "body"}
	{Matrix34
		0.999964	0.00850477	0
		-0.00850477	0.999964	0
		0	0	1
		-22.5835	-18.494	-5.46711
	}
}
{Volume "body5"
	{Polyhedron "body5.vol"}
	{Bone "body"}
	{Matrix34
		0.999964	0.00850477	0
		-0.00850477	0.999964	0
		0	0	1
		-25.0282	0.812853	-26.6631
	}
}
{Volume "body6"
	{Polyhedron "body6.vol"}
	{Bone "body"}
	{Matrix34
		0.959069	0.00815695	0.283056
		-0.00850477	0.999964	0
		-0.363883	-0.00309485	0.931439
		9.95298	0.868394	-10.7541
	}
}
{Volume "body7"
	{Polyhedron "body7.vol"}
	{Bone "body"}
	{Matrix34
		0.999964	0.00850477	0
		-0.00850477	0.999964	0
		0	0	1
		9.94346	-17.3535	-24.3791
	}
}
{Volume "body8"
	{Polyhedron "body8.vol"}
	{Bone "body"}
	{Matrix34
		0.999964	0.00850477	0
		-0.00850477	0.999964	0
		0	0	1
		9.63102	19.3828	-24.3791
	}
}
{Volume "engine"
	{Polyhedron "engine.vol"}
	{Bone "engine"}
	{Position -6.26097	0.406175	-7.54404}
}
{Volume "gun"
	{Polyhedron "gun.vol"}
	{Bone "gun"}
	{Matrix34
		1	0	0
		0	0.014488	0.999895
		0	-0.999895	0.014488
		16.0934	11.2344	0.0646753
	}
}
{Volume "inventory"
	{Box 27.4453 8.14042 15.816}
	{Bone "body"}
	{Matrix34
		0.999964	0.00850477	0
		-0.00850477	0.999964	0
		0	0	1
		-16.9374	-10.2312	-13.9773
	}
}
{Volume "trackleft"
	{Polyhedron "trackleft.vol"}
	{Bone "trackl"}
	{Position -3.95846	0.534977	-11.1523}
}
{Volume "trackright"
	{Polyhedron "trackright.vol"}
	{Bone "trackr"}
	{Position -3.95846	0.162033	-11.1523}
}
