;Exported by: sasha
;Date:        Thu Jan 10 18:20:34 2008
;File:        D:\-Project-\-3DWork-\DOT_Afrik\Dot_desert_3_V1_x_V1.max
{Skeleton
	{bone "basis_x"
		{parameters "Land;Ground;"}
		{Orientation
			1	0	0
			0	-1	0
			0	0	1
		}
		{VolumeView "basis_x.ply" {Ground}}
		{bone "fx_sand2"
			{Position 16.5357	25.7635	23.6699}
		}
		{bone "fx_sand2a"
			{Position 16.5357	-26.8462	23.6699}
		}
		{bone "fx_stone1"
			{Position 16.5357	-0.467378	23.4585}
		}
		{bone "fx_wood2"
			{Position 12.2314	-6.74862	23.8671}
		}
		{bone "part"
			{Orientation
				0.999981	0.00617506	0
				-0.00617506	0.999981	0
				0	0	1
			}
			{VolumeView "part.ply"}
		}
		{bone "piece00"
			{Matrix34
				0.787143	0	0.616771
				0	1	0
				-0.616771	0	0.787143
				21.2697	25.1062	26.8401
			}
			{VolumeView "piece00.ply"}
			{bone "sub_piece00"
				{parameters "Land;Ground;"}
				{Position 0.102268	-0.104019	21.5155}
				{VolumeView "sub_piece00.ply" {Ground}}
			}
		}
		{bone "piece01"
			{Matrix34
				1	0	0
				0	0.52198	0.852958
				0	-0.852958	0.52198
				38.9989	15.7342	18.4845
			}
			{VolumeView "piece01.ply"}
			{bone "sub_piece01"
				{parameters "Land;Ground;"}
				{Position 0.20237	0.0818362	13.528}
				{VolumeView "sub_piece01.ply" {Ground}}
			}
		}
		{bone "piece02"
			{Matrix34
				0.929032	-0.37	0
				0	0	1
				-0.37	-0.929032	0
				18.2993	0.873195	26.891
			}
			{VolumeView "piece02.ply"}
		}
		{bone "piece03"
			{Matrix34
				0.854797	0.518963	0
				0	0	1
				0.518963	-0.854797	0
				29.0151	5.52956	21.5462
			}
			{VolumeView "piece03.ply"}
		}
		{bone "piece04"
			{Matrix34
				-0.333785	0	0.942649
				0.580298	0.788056	0.205479
				-0.742861	0.615603	-0.263041
				20.2849	-19.7876	20.0644
			}
			{VolumeView "piece04.ply"}
		}
		{bone "piece05"
			{Matrix34
				0.381518	0	0.924361
				0	1	0
				-0.924361	0	0.381518
				-14.463	-10.2462	26.934
			}
			{VolumeView "piece05.ply"}
		}
		{bone "piece06"
			{Matrix34
				0	0	1
				-0.707498	0.706715	0
				-0.706715	-0.707498	0
				-11.8804	-24.3991	32.9058
			}
			{VolumeView "piece06.ply"}
		}
		{bone "piece07"
			{Position -7.67815	-31.4441	32.6477}
			{VolumeView "piece07.ply"}
		}
		{bone "piece08"
			{Position 27.873	-15.6726	26.1275}
			{VolumeView "piece08.ply"}
			{bone "sub_piece08"
				{Position 7.31279	-3.72763	0}
				{VolumeView "sub_piece08.ply"}
			}
		}
		{bone "piece09"
			{Position 16.6276	-32.8205	29.0356}
			{VolumeView "piece09.ply"}
		}
		{bone "piece10"
			{Position 32.037	35.8951	32.4633}
			{VolumeView "piece10.ply"}
			{bone "sub_piece10"
				{Position 8.24844	3.82607	0}
				{VolumeView "sub_piece10.ply"}
			}
		}
		{bone "piece11"
			{Position -21.317	2.28292	34.9343}
			{VolumeView "piece11.ply"}
		}
		{bone "piece12"
			{Position -1.67246	33.4331	26.1275}
			{VolumeView "piece12.ply"}
		}
	}
}
{Area "cut"
	{Polygon2
		{Radius 0}
		{Vertex -1.97119 -15.1865}
		{Vertex -2.41281 13.844}
		{Vertex -20.6556 13.9951}
		{Vertex -20.6652 -15.0907}
	}
	{Rotate}
}
{Volume "piece00"
	{Cylinder 0.980947 24.2873}
	{Bone "piece00"}
}
{Volume "piece01"
	{Cylinder 1.10203 14.7878}
	{Bone "piece01"}
	{Position 0	0	0}
}
{Volume "piece02"
	{Cylinder 2.04387 21.6046}
	{Bone "piece02"}
	{Position 0	0	0}
}
{Volume "piece03"
	{Cylinder 2.25986 27.511}
	{Bone "piece03"}
	{Position 0	0	0}
}
{Volume "piece04"
	{Cylinder 1.04818 22.5647}
	{Bone "piece04"}
}
{Volume "piece05"
	{Cylinder 0.966846 34.5821}
	{Bone "piece05"}
	{Position 0	0	0}
}
{Volume "piece06"
	{Cylinder 1.09217 22.4418}
	{Bone "piece06"}
	{Position 0	0	0}
}
{Volume "piece07"
	{Box 9.76068 8.89306 3.93701}
	{Bone "piece07"}
	{Position 0	0	0}
}
{Volume "piece08"
	{Box 14.9664 9.32687 3.93701}
	{Bone "piece08"}
	{Position 0	0	0}
}
{Volume "piece09"
	{Box 14.7239 12.5767 3.93701}
	{Bone "piece09"}
	{Position 0	0	0}
}
{Volume "piece10"
	{Box 13.4969 12.1166 3.93701}
	{Bone "piece10"}
	{Position 0	0	0}
}
{Volume "piece11"
	{Box 11.4959 8.02544 3.93701}
	{Bone "piece11"}
	{Position 0	0	0}
}
{Volume "piece12"
	{Box 11.7128 11.4959 3.93701}
	{Bone "piece12"}
	{Position 0	0	0}
}
{Volume "sub_piece00"
	{Cylinder 0.96065 18.8949}
	{Bone "sub_piece00"}
	{Position 0	0	0}
}
{Volume "sub_piece01"
	{Cylinder 1.12426 12.6719}
	{Bone "sub_piece01"}
	{Position 0	0	0}
}
{Volume "sub_piece08"
	{Box 10.6595 8.81902 3.93701}
	{Bone "sub_piece08"}
	{Position 0	0	0}
}
{Volume "sub_piece10"
	{Box 8.2822 10.1994 3.93701}
	{Bone "sub_piece10"}
	{Position 1.15062e-005	0	0}
}
