;Exported by: sana
;Date:        Mon Apr 23 17:24:16 2007
;File:        D:\-Project-\-3DWork-\Entourage\School_Ru\School_ru_cut3a_x.max
{Skeleton
	{bone "school_ru_wall2_6_x"
		{Orientation
			1	0	0
			0	-1	0
			0	0	1
		}
		{bone "piece06"
			{Position -2.64129	33.9959	19.3403}
			{VolumeView "piece06.ply"}
		}
		{bone "piece07"
			{Position -14.4224	14.5022	26.0711}
			{VolumeView "piece07.ply"}
			{bone "sub_piece07"
				{Position 29.4685	-0.00115967	0.0549927}
				{VolumeView "sub_piece07.ply"}
			}
		}
		{bone "piece05"
			{Position 23.4368	0.734558	4.11978}
			{VolumeView "piece05.ply"}
			{bone "sub_piece05"
				{Position -6.6321	0	5.94705}
				{VolumeView "sub_piece05.ply"}
			}
		}
		{bone "piece02"
			{Position -13.9045	0.73455	-6.35323}
			{VolumeView "piece02.ply"}
		}
		{bone "piece03"
			{Position -32.6767	0.73455	3.66836}
			{VolumeView "piece03.ply"}
			{bone "sub_piece03"
				{Position 2.72638	0	10.2599}
				{VolumeView "sub_piece03.ply"}
			}
		}
		{bone "piece04"
			{Position 1.80786	0.73455	13.3193}
			{VolumeView "piece04.ply"}
			{bone "sub_piece04"
				{Position -0.101868	0	-6.81207}
				{VolumeView "sub_piece04.ply"}
			}
		}
		{bone "piece01"
			{Position -2.83302	57.4249	36.7205}
			{VolumeView "piece01.ply"}
		}
	}
}
{Volume "piece01"
	{Box 68.0662 39.9622 4.04044}
	{Bone "piece01"}
	{Matrix34
		1	0	0
		0	0.963345	0.268265
		0	-0.268265	0.963345
		0	0.0703516	0.288326
	}
}
{Volume "piece02"
	{Box 15.0311 4.19434 14.3685}
	{Bone "piece02"}
	{Matrix34
		0.829812	0	0.558044
		0	1	0
		-0.558044	0	0.829812
		0.0350975	0	1.29101
	}
}
{Volume "piece03"
	{Box 14.5911 4.19434 14.8016}
	{Bone "piece03"}
	{Matrix34
		0.999597	0	-0.0283692
		0	1	0
		0.0283692	0	0.999597
		0.798914	0	0.141051
	}
}
{Volume "piece04"
	{Box 18.589 4.19435 9.02788}
	{Bone "piece04"}
	{Position 0	0	0}
}
{Volume "piece05"
	{Box 15.3867 4.19434 17.8356}
	{Bone "piece05"}
	{Matrix34
		0.977482	0	0.211019
		0	1	0
		-0.211019	0	0.977482
		-0.377515	0	-0.309953
	}
}
{Volume "piece06"
	{Box 4.27604 54.0577 4.3537}
	{Bone "piece06"}
	{Matrix34
		0.976083	-0.216999	-0.0132025
		0.2174	0.974281	0.0592765
		0	-0.060729	0.998154
		-2.45502e-005	0.0417548	-0.0544709
	}
}
{Volume "piece07"
	{Box 42.603 40.2154 2.48636}
	{Bone "piece07"}
	{Matrix34
		1	0	0
		0	0.968721	0.248154
		0	-0.248154	0.968721
		0	0.728879	0.363651
	}
}
{Volume "sub_piece03"
	{Box 9.13834 4.19434 7.80981}
	{Bone "sub_piece03"}
	{Position -3.05176e-005	0	0}
}
{Volume "sub_piece04"
	{Box 12.3893 4.19434 9.27457}
	{Bone "sub_piece04"}
	{Matrix34
		0.962686	0	0.270621
		0	1	0
		-0.270621	0	0.962686
		0.712176	0	-0.402133
	}
}
{Volume "sub_piece05"
	{Box 12.7229 4.19435 8.2901}
	{Bone "sub_piece05"}
	{Matrix34
		0.54483	0	0.838547
		0	1	0
		-0.838547	0	0.54483
		-0.254636	0	0.908365
	}
}
{Volume "sub_piece07"
	{Box 37.2627 40.2131 2.81503}
	{Bone "sub_piece07"}
	{Matrix34
		1	0	0
		0	0.96646	0.256818
		0	-0.256818	0.96646
		0	1.02882	0.0576327
	}
}
