;Exported by: sana
;Date:        Sat Jan 28 14:50:55 2006
;File:        D:\-Project-\-3DWork-\Entourage\house_euro_110\house_euro_110_x.max
{Skeleton
	{bone "110n_corner16"
		{Orientation
			1	0	0
			0	-1	0
			0	0	1
		}
		{bone "piece5"
			{Position -25.1066	31.7111	134.965}
			{VolumeView "piece5.ply"}
		}
		{bone "piece6"
			{Position 24.7305	30.8282	132.072}
			{VolumeView "piece6.ply"}
		}
		{bone "piece7"
			{Position -17.5663	30.8282	138.574}
			{VolumeView "piece7.ply"}
		}
		{bone "piece0"
			{Position -4.50421	0.25207	155.369}
			{VolumeView "piece0.ply"}
			{bone "sub_piece0"
				{Position -3.64873	0	-13.5944}
				{VolumeView "sub_piece0.ply"}
			}
		}
		{bone "piece1"
			{Position -29.9276	0.25207	131.593}
			{VolumeView "piece1.ply"}
		}
		{bone "piece2"
			{Position -4.73475	0.25207	115.373}
			{VolumeView "piece2.ply"}
			{bone "sub_piece2"
				{Position 4.17838	0	10.1811}
				{VolumeView "sub_piece2.ply"}
			}
		}
		{bone "piece3"
			{Position 33.106	0.25207	125.201}
			{VolumeView "piece3.ply"}
			{bone "sub_piece3"
				{Position -15.7131	0	-7.41515}
				{VolumeView "sub_piece3.ply"}
			}
		}
		{bone "piece4"
			{Position 20.2345	27.8311	136.247}
			{VolumeView "piece4.ply"}
		}
	}
}
{Volume "piece0"
	{Box 21.9983 7.87402 18.9498}
	{Bone "piece0"}
	{Position -1.58598	0	0.171051}
}
{Volume "piece1"
	{Box 23.8344 7.87402 17.3248}
	{Bone "piece1"}
	{Matrix34
		0.836889	0	0.547373
		0	1	0
		-0.547373	0	0.836889
		2.85569	0	-1.70839
	}
}
{Volume "piece2"
	{Box 20.1127 7.87402 17.7787}
	{Bone "piece2"}
	{Position 1.59669	0	-0.5838}
}
{Volume "piece3"
	{Box 21.6289 7.87402 19.7125}
	{Bone "piece3"}
	{Matrix34
		0.864593	0	-0.502473
		0	1	0
		0.502473	0	0.864593
		-1.72682	0	-0.725144
	}
}
{Volume "piece4"
	{Box 51.3611 52.973 3.93701}
	{Bone "piece4"}
	{Matrix34
		0.847319	0	-0.531084
		0	1	0
		0.531084	0	0.847319
		0.171228	-3.05464	0.0702174
	}
}
{Volume "piece5"
	{Box 47.5742 58.6246 3.93701}
	{Bone "piece5"}
	{Matrix34
		0.840057	0	0.542499
		0	1	0
		-0.542499	0	0.840057
		3.58488	-2.60084	2.49954
	}
}
{Volume "piece6"
	{Box 62.4232 3.40955 3.93701}
	{Bone "piece6"}
	{Matrix34
		0.846967	0	-0.531645
		0	1	0
		0.531645	0	0.846967
		0.0316742	0	-0.0198781
	}
}
{Volume "piece7"
	{Box 39.6067 3.4096 3.93701}
	{Bone "piece7"}
	{Matrix34
		0.838201	0	0.545361
		0	1	0
		-0.545361	0	0.838201
		-0.356453	0	0.0386203
	}
}
{Volume "sub_piece0"
	{Box 16.4781 7.87402 12.0832}
	{Bone "sub_piece0"}
	{Matrix34
		0.978763	0	0.204996
		0	1	0
		-0.204996	0	0.978763
		0.661341	0	-0.412356
	}
}
{Volume "sub_piece2"
	{Box 15.36 7.87402 11.0568}
	{Bone "sub_piece2"}
	{Matrix34
		0.934518	0	-0.355916
		0	1	0
		0.355916	0	0.934518
		1.3613	0	0.689979
	}
}
{Volume "sub_piece3"
	{Box 15.932 7.87402 18.6085}
	{Bone "sub_piece3"}
	{Matrix34
		0.98089	0	0.194563
		0	1	0
		-0.194563	0	0.98089
		-0.38189	0	0.324721
	}
}
