;Exported by: skr
;Date:        Thu May 09 00:25:07 2013
;File:        E:\Documents\3dsmax\scenes\152-mm canon 1910-30\152-mm_canon_1910-30_x.max
{Skeleton
	{bone "basis"
		{Orientation
			1	0	0
			0	-1	0
			0	0	1
		}
		{bone "body"
			{parameters "ID=body;"}
			{VolumeView "body.ply"}
			{bone revolute "turret"
				{parameters "ID=body;"}
				{limits -3 3}
				{speed 0.001}
				{Position 0.201784	-0.0062604	14.8471}
				{VolumeView "turret.ply"}
				{bone revolute "gun_rot"
					{parameters "ID=gun;"}
					{limits -5 40}
					{speed 0.003}
					{Matrix34
						0.982483	0	-0.186354
						0.186354	0	0.982483
						0	-1	0
						-1.40864	0.0120589	15.3329
					}
					{VolumeView "gun_rot.ply"}
					{bone "gun"
						{parameters "ID=gun;"}
						{Matrix34
							1	0	0
							0	0	-1
							0	1	0
							-12.8376	0.70595	0.00580215
						}
						{VolumeView "gun.ply"}
					}
				}
				{bone "pricel"
					{Matrix34
						-0.28339	0	-0.959005
						-0.959005	0	0.28339
						0	1	0
						-1.45944	8.55733	16.2175
					}
					{VolumeView "pricel.ply"}
				}
				{bone revolute "soshnik"
					{Matrix34
						-0.557637	0	0.830085
						0.830085	0	0.557637
						0	1	0
						-65.488	1.14991	-6.27118
					}
					{VolumeView "soshnik.ply"}
				}
				{bone revolute "stoporl"
					{Matrix34
						-0.999971	0	-0.00755742
						-0.00755742	0	0.999971
						0	1	0
						-26.635	4.98367	0.907693
					}
					{VolumeView "stoporl.ply"}
				}
				{bone revolute "stoporr"
					{Matrix34
						-0.999971	0	-0.00755732
						-0.00755732	0	0.999971
						0	-1	0
						-26.635	-4.94267	0.907689
					}
					{VolumeView "stoporr.ply"}
				}
				{bone "shield"
					{parameters "ID=shield;"}
					{Matrix34
						1	0	0
						0	1	0
						0	0	1
						8.89299	-0.0575007	11.5457
					}
					{VolumeView "shield.ply"}
					{bone revolute "covershield"
						{parameters "ID=shield;"}
						{Matrix34
							-0.754532	0	-0.656263
							0.656263	0	-0.754532
							0	-1	0
							-1.07838	10.5876	4.70295
						}
						{VolumeView "covershield.ply"}
					}
				}
			}
			{bone "pivot_front"
				{Position 0	0	14.8658}
				{bone revolute "wheelr"
					{parameters "ID=wheelright;Radius=0.75;support=1;"}
					{Matrix34
						-1	0	0
						0	0	1
						0	1	0
						-0.00336861	-18.4224	0
					}
					{VolumeView "wheelr.ply"}
				}
				{bone revolute "wheell"
					{parameters "ID=wheelleft;Radius=0.75;support=1;"}
					{Matrix34
						-1	0	0
						0	0	1
						0	-1	0
						-0.0033641	18.3903	0
					}
					{VolumeView "wheell.ply"}
				}
			}
		}
		{bone "peredok"
			{parameters "ID=perdok;"}
			{Position -109.868	0.0241304	10.7228}
			{VolumeView "peredok.ply"}
			{bone revolute "dyshlo"
				{parameters "ID=peredok;"}
				{Matrix34
					0.947453	0	0.319896
					-0.319896	0	0.947453
					0	-1	0
					-8.30142	0.645542	-1.78731
				}
				{VolumeView "dyshlo.ply"}
			}
			{bone revolute "wheelr1"
				{parameters "ID=wheelright;Radius=0.45;support=1;"}
				{Matrix34
					-1	0	0
					0	0	1
					0	1	0
					-0.0333099	-15.2972	-1.72313
				}
				{VolumeView "wheelr1.ply"}
			}
			{bone revolute "wheell1"
				{parameters "ID=wheelleft;Radius=0.45;support=1;"}
				{Matrix34
					-1	0	0
					0	0	1
					0	-1	0
					-0.0333099	13.943	-1.72313
				}
				{VolumeView "wheell1.ply"}
			}
		}
	}
}
