;Exported by: vic
;Date:        Fri Aug 19 17:05:58 2005
;File:        D:\Obmen\SS\house_euro_117a_v_fix_x.max
{Skeleton
	{bone "117a_f1c3_x"
		{Orientation
			1	0	0
			0	-1	0
			0	0	1
		}
		{bone "piece2"
			{Matrix34
				-1	0	0
				0	0	1
				0	1	0
				-6.04967	15.2966	45.0196
			}
			{VolumeView "piece2.ply"}
		}
		{bone "sub_piece2"
			{Matrix34
				-1	0	0
				0	0	1
				0	1	0
				2.49618	15.2966	30.4922
			}
			{VolumeView "sub_piece2.ply"}
		}
		{bone "sub_piece3"
			{Matrix34
				-1	0	0
				0	0	1
				0	1	0
				18.5969	15.2966	41.5845
			}
			{VolumeView "sub_piece3.ply"}
		}
		{bone "piece5"
			{Matrix34
				0	-1	0
				0	0	1
				-1	0	0
				24.8736	0.267921	9.49422
			}
			{VolumeView "piece5.ply"}
		}
		{bone "sub_piece1"
			{Matrix34
				0	-1	0
				0	0	1
				-1	0	0
				-28.2363	9.34338	15.1415
			}
			{VolumeView "sub_piece1.ply"}
		}
		{bone "sub_piece0"
			{Matrix34
				0	-1	0
				0	0	1
				-1	0	0
				-28.2363	-9.856	47.6435
			}
			{VolumeView "sub_piece0.ply"}
		}
		{bone "piece0"
			{Matrix34
				0	-1	0
				0	0	1
				-1	0	0
				-28.2363	8.88972	44.6329
			}
			{VolumeView "piece0.ply"}
		}
		{bone "piece1"
			{Matrix34
				-1	0	0
				0	0	1
				0	1	0
				-14.2508	15.2966	15.312
			}
			{VolumeView "piece1.ply"}
		}
		{bone "piece3"
			{Matrix34
				-1	0	0
				0	0	1
				0	1	0
				13.4831	15.2966	13.5782
			}
			{VolumeView "piece3.ply"}
		}
		{bone "sub_piece4"
			{Matrix34
				0	-1	0
				0	0	1
				-1	0	0
				24.8736	0.590416	28.5433
			}
			{VolumeView "sub_piece4.ply"}
		}
		{bone "piece4"
			{Matrix34
				0	-1	0
				0	0	1
				-1	0	0
				24.8736	-1.411	45.2756
			}
			{VolumeView "piece4.ply"}
		}
	}
}
{Volume "piece4"
	{Box 17.2346 3.93701 12.2506}
	{Bone "piece4"}
	{Matrix34
		-0.980152	-0.198247	0
		0	0	1
		-0.198247	0.980152	0
		0.00324611	0.923687	-0.0191431
	}
}
{Volume "sub_piece4"
	{Box 11.9436 3.93701 10.4571}
	{Bone "sub_piece4"}
	{Matrix34
		-0.882548	-0.470222	0
		0	0	1
		-0.470222	0.882548	0
		-0.737855	0.290037	-0.0191422
	}
}
{Volume "piece3"
	{Box 17.3951 7.87402 19.2005}
	{Bone "piece3"}
	{Matrix34
		-0.968751	-0.248034	0
		0	0	1
		-0.248034	0.968751	0
		-0.853758	-0.879846	-0.0441985
	}
}
{Volume "piece1"
	{Box 21.3596 7.87402 23.1453}
	{Bone "piece1"}
	{Matrix34
		-0.999566	-0.0294525	0
		0	0	1
		-0.0294525	0.999566	0
		-1.10472	-1.51279	-0.0441985
	}
}
{Volume "piece0"
	{Box 13.5407 7.87402 18.1168}
	{Bone "piece0"}
	{Matrix34
		-0.997707	0.0676752	0
		0	0	1
		0.0676752	0.997707	0
		-0.117348	-0.836471	0.0192642
	}
}
{Volume "sub_piece0"
	{Box 11.645 7.87402 12.5006}
	{Bone "sub_piece0"}
	{Matrix34
		-0.989141	0.146971	0
		0	0	1
		0.146971	0.989141	0
		0.0706975	-0.29697	0.0192643
	}
}
{Volume "sub_piece1"
	{Box 15.9302 7.87402 22.0937}
	{Bone "sub_piece1"}
	{Matrix34
		-0.990642	0.136486	0
		0	0	1
		0.136486	0.990642	0
		-0.0585676	0.953253	0.0192645
	}
}
{Volume "piece5"
	{Box 17.0793 3.93701 16.7314}
	{Bone "piece5"}
	{Matrix34
		-0.990815	0.135225	0
		0	0	1
		0.135225	0.990815	0
		-0.365206	0.108309	-0.0191423
	}
}
{Volume "sub_piece3"
	{Box 16.1473 7.87402 11.9798}
	{Bone "sub_piece3"}
	{Matrix34
		-0.62206	-0.782969	0
		0	0	1
		-0.782969	0.62206	0
		-1.74848	1.35034	-0.044194
	}
}
{Volume "sub_piece2"
	{Box 10.4662 7.87402 10.4154}
	{Bone "sub_piece2"}
	{Matrix34
		-0.656968	-0.753919	0
		0	0	1
		-0.753919	0.656968	0
		-1.27505	-0.165998	-0.0441984
	}
}
{Volume "piece2"
	{Box 21.2464 7.87402 14.7898}
	{Bone "piece2"}
	{Matrix34
		-0.999996	0.00299939	0
		0	0	1
		0.00299939	0.999996	0
		1.5379	0.437445	-0.0441973
	}
}
