;Exported by: vic
;Date:        Fri Aug 19 17:06:47 2005
;File:        D:\Obmen\SS\house_euro_117a_v_fix_x.max
{Skeleton
	{bone "117a_f3w1_x"
		{Orientation
			1	0	0
			0	-1	0
			0	0	1
		}
		{bone "piece1"
			{Matrix34
				0	1	0
				0	0	1
				1	0	0
				14.3348	-2.56608	-16.4971
			}
			{VolumeView "piece1.ply"}
		}
		{bone "piece0"
			{Matrix34
				0	0.996195	-0.0871556
				0	0.0871556	0.996195
				1	0	0
				14.3348	-8.25507	23.9578
			}
			{VolumeView "piece0.ply"}
		}
		{bone "sub_piece0"
			{Matrix34
				0	1	0
				0	0	1
				1	0	0
				14.3348	1.90084	4.76334
			}
			{VolumeView "sub_piece0.ply"}
		}
		{bone "sub_piece1"
			{Matrix34
				0	0.993565	0.113266
				0	-0.113266	0.993565
				1	0	0
				14.3348	-16.2422	5.99396
			}
			{VolumeView "sub_piece1.ply"}
		}
		{bone "piece2"
			{Matrix34
				0.309563	0.950879	0
				-0.950879	0.309563	0
				0	0	1
				-3.87144	14.046	-18.7317
			}
			{VolumeView "piece2.ply"}
		}
		{bone "sub_piece2"
			{Matrix34
				-0.0853995	0.996347	0
				-0.996347	-0.0853995	0
				0	0	1
				1.45839	-9.11386	-18.7317
			}
			{VolumeView "sub_piece2.ply"}
		}
	}
}
{Volume "sub_piece2"
	{Box 10.8765 3.93701 9.33722}
	{Bone "sub_piece2"}
	{Matrix34
		-0.0811268	-0.996704	0
		0	0	-1
		0.996704	-0.0811268	0
		0.390651	0.764328	-0.114609
	}
}
{Volume "piece2"
	{Box 20.1417 3.93701 13.151}
	{Bone "piece2"}
	{Matrix34
		0.984808	0.173648	0
		0	0	-1
		-0.173648	0.984808	0
		-1.26642	-0.220922	-0.114609
	}
}
{Volume "sub_piece1"
	{Box 12.0997 7.87402 13.9425}
	{Bone "sub_piece1"}
	{Matrix34
		0.979738	-0.200284	0
		0	0	-1
		0.200284	0.979738	0
		-0.519978	-0.249067	-0.0180504
	}
}
{Volume "sub_piece0"
	{Box 12.0997 7.87402 15.6156}
	{Bone "sub_piece0"}
	{Matrix34
		0.998843	0.0480781	0
		0	0	-1
		-0.0480781	0.998843	0
		0.284125	-0.41922	-0.0180496
	}
}
{Volume "piece0"
	{Box 19.0137 7.87402 13.151}
	{Bone "piece0"}
	{Matrix34
		0.996195	0.0871557	0
		0	0	-1
		-0.0871557	0.996195	0
		0.822098	-0.426994	-0.0180486
	}
}
{Volume "piece1"
	{Box 26.9822 7.87402 14.3663}
	{Bone "piece1"}
	{Matrix34
		0.994133	-0.108166	0
		0	0	-1
		0.108166	0.994133	0
		0.0403546	0.53879	-0.0180529
	}
}
