;Exported by: shevchenko
;Date:        Thu Jul 20 18:57:56 2006
;File:        D:\-Projects1_5-\-3DWork-\bsh\bsh_c90_1_x.max
{Skeleton
	{bone "bsh90_w2_1"
		{Orientation
			1	0	0
			0	-1	0
			0	0	1
		}
		{bone "piece0"
			{Matrix34
				1	0	0
				0	0	1
				0	-1	0
				-27.4334	-16.812	16.4545
			}
			{VolumeView "piece0.ply"}
		}
		{bone "piece1"
			{Matrix34
				1	0	0
				0	0	1
				0	-1	0
				16.8287	-16.812	13.8591
			}
			{VolumeView "piece1.ply"}
		}
		{bone "piece2"
			{Matrix34
				1	0	0
				0	0	1
				0	-1	0
				-24.6295	-16.812	47.4531
			}
			{VolumeView "piece2.ply"}
		}
		{bone "piece3"
			{Matrix34
				1	0	0
				0	0	1
				0	-1	0
				-0.79295	-16.812	33.6394
			}
			{VolumeView "piece3.ply"}
		}
		{bone "piece4"
			{Matrix34
				1	0	0
				0	0	1
				0	-1	0
				23.2433	-16.812	40.5347
			}
			{VolumeView "piece4.ply"}
		}
	}
}
{Volume "piece0"
	{Box 30.7779 9.84252 29.2889}
	{Bone "piece0"}
	{Matrix34
		1	0	0
		0	0	-1
		0	1	0
		0.63784	-0.476336	0
	}
}
{Volume "piece1"
	{Box 47.6047 9.84252 19.4027}
	{Bone "piece1"}
	{Matrix34
		1	0	0
		0	0	-1
		0	1	0
		-0.972746	-2.96458	0
	}
}
{Volume "piece2"
	{Box 23.9109 9.84252 24.6135}
	{Bone "piece2"}
	{Matrix34
		0.965926	0.258819	0
		0	0	-1
		-0.258819	0.965926	0
		0.89158	1.02081	-1.26991e-005
	}
}
{Volume "piece3"
	{Box 25.0554 9.84252 22.6596}
	{Bone "piece3"}
	{Matrix34
		0.866025	0.5	0
		0	0	-1
		-0.5	0.866025	0
		-2.05197	-0.363087	-1.38747e-005
	}
}
{Volume "piece4"
	{Box 34.3643 9.84252 20.1525}
	{Bone "piece4"}
	{Matrix34
		0.422618	-0.906308	0
		0	0	-1
		0.906308	0.422618	0
		-1.21561	1.0275	-1.2048e-005
	}
}
