;Exported by: sasha
;Date:        Thu Feb 14 17:24:58 2008
;File:        D:\-Project-\-3DWork-\Crete\Crete_m9_606_x_v1.max
{Skeleton
	{bone "606a_w3_x"
		{Orientation
			1	0	0
			0	-1	0
			0	0	1
		}
		{bone "piece0"
			{Position 6.17626	24.7927	75.4965}
			{VolumeView "piece0.ply"}
			{bone "sub_piece0"
				{Position -1.5355	5.79742	-1.24394}
				{VolumeView "sub_piece0.ply"}
			}
		}
		{bone "piece1"
			{Position 4.59209	-15.5206	76.0018}
			{VolumeView "piece1.ply"}
			{bone "sub_piece1"
				{Position -0.137985	15.673	-2.03767}
				{VolumeView "sub_piece1.ply"}
			}
		}
		{bone "piece2"
			{Position 6.61756	-28.5211	74.6206}
			{VolumeView "piece2.ply"}
			{bone "sub_piece2"
				{Position 6.47599	6.40747	1.5752}
				{VolumeView "sub_piece2.ply"}
			}
		}
		{bone "piece3"
			{Position -9.31832	29.6951	60.4545}
			{VolumeView "piece3.ply"}
			{bone "sub_piece3"
				{Position 0	-4.98413	-9.42929}
				{VolumeView "sub_piece3.ply"}
			}
		}
		{bone "piece4"
			{Position -9.31832	10.8365	19.9088}
			{VolumeView "piece4.ply"}
			{bone "sub_piece4"
				{Position 0	-10.4395	0.404081}
				{VolumeView "sub_piece4.ply"}
			}
		}
		{bone "piece5"
			{Position -9.31832	-16.6432	21.6599}
			{VolumeView "piece5.ply"}
			{bone "sub_piece5"
				{Position 0	-11.7865	0.13468}
				{VolumeView "sub_piece5.ply"}
			}
		}
		{bone "piece6"
			{Position -9.31832	-24.8601	46.5801}
			{VolumeView "piece6.ply"}
			{bone "sub_piece6"
				{Position 0	10.5743	-6.12904}
				{VolumeView "sub_piece6.ply"}
			}
		}
		{bone "piece7"
			{Position -9.31832	17.0673	36.2985}
			{VolumeView "piece7.ply"}
		}
		{bone "piece8"
			{Position -9.31832	31.1095	32.0995}
			{VolumeView "piece8.ply"}
			{bone "sub_piece8"
				{Position 0	-2.9635	-9.56397}
				{VolumeView "sub_piece8.ply"}
			}
		}
		{bone "piece9"
			{Position -9.31832	-30.203	62.3661}
			{VolumeView "piece9.ply"}
		}
		{bone "piece10"
			{Position -9.31832	2.95642	65.1018}
			{VolumeView "piece10.ply"}
			{bone "sub_piece10"
				{Position 0	-18.522	-1.68382}
				{VolumeView "sub_piece10.ply"}
			}
		}
	}
}
{Volume "piece0"
	{Box 27.2175 2.1336 39.4029}
	{Bone "piece0"}
	{Matrix34
		0.94623	0	0.323494
		-0.323494	0	0.94623
		0	-1	0
		-8.22526	-5.56863	-1.21396
	}
}
{Volume "piece10"
	{Box 6.88977 25.0548 10.911}
	{Bone "piece10"}
	{Position 0	0	1.14441e-005}
}
{Volume "piece1"
	{Box 27.2175 2.1336 31.0259}
	{Bone "piece1"}
	{Matrix34
		0.94623	0	0.323494
		-0.323494	0	0.94623
		0	-1	0
		-6.6411	0.015132	-1.71925
	}
}
{Volume "piece2"
	{Box 33.3851 2.38849 2.14139}
	{Bone "piece2"}
	{Matrix34
		0.95507	0	0.296381
		0	1	0
		-0.296381	0	0.95507
		0.0939168	-0.00012207	0.0512912
	}
}
{Volume "piece3"
	{Box 6.88977 20.0709 14.8174}
	{Bone "piece3"}
	{Position 0	0	-1.52588e-005}
}
{Volume "piece4"
	{Box 6.88977 14.1439 12.3927}
	{Bone "piece4"}
	{Position 0	0	0}
}
{Volume "piece5"
	{Box 6.88977 16.2991 14.548}
	{Bone "piece5"}
	{Position 0	0	0}
}
{Volume "piece6"
	{Box 6.88977 17.3768 18.3197}
	{Bone "piece6"}
	{Position 0	0	0}
}
{Volume "piece7"
	{Box 6.88977 8.47723 18.5737}
	{Bone "piece7"}
}
{Volume "piece8"
	{Box 6.88977 15.6256 14.6827}
	{Bone "piece8"}
	{Position 0	0	0}
}
{Volume "piece9"
	{Box 6.88977 8.66772 11.7157}
	{Bone "piece9"}
	{Position 0	0	0}
}
{Volume "sub_piece0"
	{Box 2.63476 38.974 2.5291}
	{Bone "sub_piece0"}
	{Matrix34
		0.695964	0.717657	0.0245466
		-0.696125	0.68268	-0.222167
		-0.176197	0.137532	0.9747
		0.745863	-0.582255	0.568513
	}
}
{Volume "sub_piece10"
	{Box 6.88977 18.9932 14.548}
	{Bone "sub_piece10"}
	{Position 0	0	0}
}
{Volume "sub_piece1"
	{Box 27.591 2.38849 2.14139}
	{Bone "sub_piece1"}
	{Matrix34
		0.95507	0	0.296381
		0	1	0
		-0.296381	0	0.95507
		-0.451749	0.0463867	-0.228341
	}
}
{Volume "sub_piece2"
	{Box 1.48521 11.6207 1.70478}
	{Bone "sub_piece2"}
	{Position 0	0	0}
}
{Volume "sub_piece3"
	{Box 6.88977 19.2626 16.4338}
	{Bone "sub_piece3"}
	{Position 0	0	-1.14441e-005}
}
{Volume "sub_piece4"
	{Box 6.88977 11.3151 11.3151}
	{Bone "sub_piece4"}
	{Position 0	0	0}
}
{Volume "sub_piece5"
	{Box 6.88977 11.3151 16.4338}
	{Bone "sub_piece5"}
	{Position 0	0	0}
}
{Volume "sub_piece6"
	{Box 6.88977 18.3197 18.7238}
	{Bone "sub_piece6"}
	{Position 0	0	0}
}
{Volume "sub_piece8"
	{Box 6.88977 17.2421 13.3357}
	{Bone "sub_piece8"}
}
