;Exported by: klimenko
;Date:        Wed Jan 18 14:52:53 2006
;File:        D:\-Project-\-3DWork-\village\MTS_gr.max
{Skeleton
	{bone "object08"
		{Orientation
			1	0	0
			0	-1	0
			0	0	1
		}
		{bone "sub_piece5"
			{Position 19.4764	-8.66638	36.8098}
			{VolumeView "sub_piece5.ply"}
		}
		{bone "piece6"
			{Position 14.0404	-16.4569	34.1475}
			{VolumeView "piece6.ply"}
		}
		{bone "sub_piece6"
			{Position 19.5543	-8.07117	14.6833}
			{VolumeView "sub_piece6.ply"}
		}
		{bone "piece7"
			{Position 19.4781	12.8003	22.6029}
			{VolumeView "piece7.ply"}
		}
		{bone "sub_piece7"
			{Position 19.4894	5.49878	49.3358}
			{VolumeView "sub_piece7.ply"}
		}
		{bone "piece8"
			{Position 19.5115	20.7928	58.1387}
			{VolumeView "piece8.ply"}
		}
		{bone "sub_piece1"
			{Position 8.5426	-6.01123	54.7816}
			{VolumeView "sub_piece1.ply"}
		}
		{bone "piece1"
			{Position -31.8152	8.87549	63.9857}
			{VolumeView "piece1.ply"}
		}
		{bone "sub_piece4"
			{Position -8.29651	-16.4575	35.2356}
			{VolumeView "sub_piece4.ply"}
		}
		{bone "piece4"
			{Position -30.7086	-16.459	34.2162}
			{VolumeView "piece4.ply"}
		}
		{bone "piece2"
			{Position -50.5911	-16.4595	38.1776}
			{VolumeView "piece2.ply"}
		}
		{bone "sub_piece3"
			{Position -29.5757	-16.46	8.48355}
			{VolumeView "sub_piece3.ply"}
		}
		{bone "piece5"
			{Position 6.56335	-16.4585	18.5237}
			{VolumeView "piece5.ply"}
		}
		{bone "piece3"
			{Position -15.6794	-16.4592	15.4654}
			{VolumeView "piece3.ply"}
		}
		{bone "sub_piece2"
			{Position -47.4005	-16.4603	16.3891}
			{VolumeView "sub_piece2.ply"}
		}
	}
}
{Volume "piece1"
	{Box 36.0608 40.3328 2.06789}
	{Bone "piece1"}
	{Matrix34
		1	0	0
		0	0.855347	0.518055
		0	-0.518055	0.855347
		0	-0.867488	1.06296
	}
}
{Volume "piece2"
	{Box 14.9986 5.27887 15.5636}
	{Bone "piece2"}
	{Matrix34
		0.96344	0	0.267924
		0	1	0
		-0.267924	0	0.96344
		0.524452	0	0.572635
	}
}
{Volume "piece3"
	{Box 23.0946 5.28033 18.3882}
	{Bone "piece3"}
	{Matrix34
		0.89764	0	-0.44073
		0	1	0
		0.44073	0	0.89764
		1.04792	0	0.234491
	}
}
{Volume "piece4"
	{Box 15.4348 5.2804 20.6282}
	{Bone "piece4"}
	{Matrix34
		0.790924	0	0.611915
		0	1	0
		-0.611915	0	0.790924
		-1.81744	0	0.690341
	}
}
{Volume "piece5"
	{Box 11.9879 5.28217 19.8161}
	{Bone "piece5"}
	{Matrix34
		0.914532	0	0.404513
		0	1	0
		-0.404513	0	0.914532
		0.172915	0	1.47137
	}
}
{Volume "piece6"
	{Box 10.9436 5.28497 17.7076}
	{Bone "piece6"}
	{Matrix34
		0.951708	0	0.307004
		0	1	0
		-0.307004	0	0.951708
		0.427178	0	0.915551
	}
}
{Volume "piece7"
	{Box 5.15778 18.3093 24.7972}
	{Bone "piece7"}
	{Matrix34
		1	0	0
		0	0.730231	-0.6832
		0	0.6832	0.730231
		0	-0.986174	0.589165
	}
}
{Volume "piece8"
	{Box 5.14136 12.915 19.3836}
	{Bone "piece8"}
	{Position -6.10352e-005	-0.904114	2.11155}
}
{Volume "sub_piece1"
	{Box 33.5037 32.783 2.50096}
	{Bone "sub_piece1"}
	{Matrix34
		1	0	0
		0	0.832341	0.554264
		0	-0.554264	0.832341
		0	-0.333659	1.4515
	}
}
{Volume "sub_piece2"
	{Box 20.8921 5.32672 19.4994}
	{Bone "sub_piece2"}
	{Position 0	0	0}
}
{Volume "sub_piece3"
	{Box 11.1119 5.27881 8.03997}
	{Bone "sub_piece3"}
}
{Volume "sub_piece4"
	{Box 24.8217 5.28339 11.7457}
	{Bone "sub_piece4"}
	{Position 0.714844	-6.10352e-005	0.934943}
}
{Volume "sub_piece5"
	{Box 5.15454 15.674 20.5357}
	{Bone "sub_piece5"}
	{Position 0	0	0}
}
{Volume "sub_piece6"
	{Box 5.00836 13.7078 20.2133}
	{Bone "sub_piece6"}
	{Matrix34
		1	0	0
		0	0.988686	0.150001
		0	-0.150001	0.988686
		0	0.192543	-0.73438
	}
}
{Volume "sub_piece7"
	{Box 5.1535 13.5955 18.1574}
	{Bone "sub_piece7"}
	{Matrix34
		1	0	0
		0	0.883982	0.467522
		0	-0.467522	0.883982
		0	2.7013e-005	0
	}
}
