;Exported by: sana
;Date:        Wed Dec 27 15:54:41 2006
;File:        D:\-Project-\-3DWork-\Entourage\fortifikations.max
{Skeleton
	{bone "wire_left"
		{Orientation
			1	0	0
			0	-1	0
			0	0	1
		}
		{VolumeView "wire_left.ply"}
	}
}
{Obstacle "obstacle"
	{Obb2
		{Center -0.774643 0.243368}
		{Extent 22.3603 16.2214}
		{Axis -1 0}
	}
	{Rotate}
}
{Volume "body_vol01"
	{Box 44.0463 2.3138 2.3597}
	{Bone "wire_left"}
	{Matrix34
		0.999727	-0.0233629	0
		0	0	1
		-0.0233629	-0.999727	0
		-0.505958	-12.568	14.2728
	}
}
{Volume "body_vol02"
	{Box 44.0463 2.3138 2.3597}
	{Bone "wire_left"}
	{Matrix34
		0.999999	0.00146272	0
		0	0	1
		0.00146272	-0.999999	0
		-0.476668	12.9626	14.2728
	}
}
{Volume "body_vol03"
	{Box 44.0463 2.3138 2.3597}
	{Bone "wire_left"}
	{Matrix34
		0.999999	0.00146272	0
		0	0	1
		0.00146272	-0.999999	0
		-0.476668	-0.18788	19.9761
	}
}
{Volume "body_vol04"
	{Box 48.8914 2.89225 2.3597}
	{Bone "wire_left"}
	{Matrix34
		0.853503	-0.058095	0.517839
		-0.516644	0.035166	0.855478
		-0.0679093	-0.997692	0
		0.875138	11.276	14.4702
	}
}
{Volume "body_vol05"
	{Box 48.8914 2.89225 2.3597}
	{Bone "wire_left"}
	{Matrix34
		0.860754	0.0661618	-0.504704
		0.496101	0.112945	0.860887
		0.113962	-0.991396	0.0643951
		-1.02069	10.2956	14.4051
	}
}
{Volume "body_vol06"
	{Box 48.8914 2.89225 2.3597}
	{Bone "wire_left"}
	{Matrix34
		0.859704	-0.021192	0.510352
		-0.51018	0.013267	0.859966
		-0.0249952	-0.999687	0.000593932
		-0.955501	-11.2245	14.1129
	}
}
{Volume "body_vol07"
	{Box 48.8914 2.89225 2.3597}
	{Bone "wire_left"}
	{Matrix34
		0.863136	-0.0164518	-0.504704
		0.504628	0.0649876	0.860888
		0.0186363	-0.997751	0.0643952
		-1.13316	-11.3979	14.3316
	}
}
{Volume "body_vol08"
	{Box 36.118 3.56325 3.49236}
	{Bone "wire_left"}
	{Matrix34
		0.0145149	0.615459	-0.788035
		0.0185388	0.787817	0.615631
		0.999723	-0.0235451	2.52197e-005
		-20.4711	1.25164	14.5457
	}
}
{Volume "body_vol09"
	{Box 36.118 3.56325 3.49236}
	{Bone "wire_left"}
	{Matrix34
		-0.0205925	-0.609673	-0.792386
		0.0640996	0.790118	-0.609594
		0.997731	-0.0633446	0.0228092
		-18.4992	-1.13966	14.5855
	}
}
{Volume "body_vol10"
	{Box 33.2286 3.56325 3.49236}
	{Bone "wire_left"}
	{Matrix34
		-0.0205925	-0.609673	-0.792386
		0.0640996	0.790118	-0.609594
		0.997731	-0.0633446	0.0228092
		19.6902	-1.34513	14.1174
	}
}
{Volume "body_vol11"
	{Box 33.5897 3.56325 3.49236}
	{Bone "wire_left"}
	{Matrix34
		0.0145148	0.59293	-0.805123
		0.018539	0.80491	0.593108
		0.999723	-0.023535	0.000690821
		17.875	0.768557	14.9726
	}
}
