;Exported by: butyvsky
;Date:        Tue Sep 05 11:43:21 2006
;File:        D:\kola\temp\gaz-67b\gaz67b\gaz67_xx_tent.max
{Skeleton
	{bone "basis"
		{parameters "WheelRadius=0.3;"}
		{Orientation
			1	0	0
			0	-1	0
			0	0	1
		}
		{bone "body"
			{parameters "ID=body;"}
			{Matrix34
				0.996549	0.00526151	-0.0828451
				-0.00153354	0.998986	0.0449988
				0.0829978	-0.0447165	0.995546
				-1.08408	-0.526179	9.43764
			}
			{LODView
				{VolumeView "body.ply"}
				{VolumeView "body_lod1.ply"}
			}
			{bone "headlightr"
				{Position 28.7828	-8.26374	8.09358}
			}
			{bone "headlightl"
				{Position 28.7828	10.1488	8.09358}
			}
			{bone "fxlight"
				{Position 28.7828	0.970574	8.09358}
			}
			{bone "engine"
				{parameters "ID=engine;"}
				{Matrix34
					0.823079	-0.0638956	0.564321
					-0.0191625	0.989961	0.140038
					-0.567604	-0.126076	0.813591
					12.3251	0.308506	12.2763
				}
				{VolumeView "engine.ply"}
			}
			{bone "part5"
				{Matrix34
					0.999457	0.031052	0.0109898
					-0.0315189	0.99848	0.0452229
					-0.00956881	-0.0455447	0.998916
					28.5498	1.19564	0.937718
				}
				{VolumeView "part5.ply"}
			}
			{bone "part1"
				{Matrix34
					0.996549	-0.00153344	0.0829976
					0.00526143	0.998986	-0.0447167
					-0.0828448	0.0449991	0.995546
					-18.7261	-15.8304	9.91645
				}
				{VolumeView "part1.ply"}
			}
			{bone "part2"
				{Position -12.2779	0.745679	11.0936}
				{VolumeView "part2.ply"}
			}
			{bone "part3"
				{Position -30.1965	0.834043	8.99781}
				{VolumeView "part3.ply"}
			}
		}
		{bone "pivot_back"
			{parameters "ID=pivot_back;"}
			{Position -7.43753	0.226909	7.50149}
			{VolumeView "pivot_back.ply"}
			{bone "springr"
				{Matrix34
					1	0	0
					0	0	-1
					0	1	0
					-9.36949	-12.8357	0.269115
				}
				{bone "fxtracer2"
					{Matrix34
						1	0	0
						0	0	1
						0	-1	0
						-0.41009	7.77061	-1.55423
					}
					{bone revolute "wheelright2"
						{parameters "ID=wheelright2;"}
						{Matrix34
							1	0	0
							0	0.252107	-0.967699
							0	0.967699	0.252107
							0.59585	-0.110387	6.11689
						}
						{VolumeView "wheelright2.ply"}
					}
				}
			}
			{bone "springl"
				{Matrix34
					1	0	0
					0	0	-1
					0	1	0
					-9.3695	12.2834	0.269116
				}
				{bone "fxtracel2"
					{Matrix34
						1	0	0
						0	0	1
						0	-1	0
						-0.410089	7.7706	1.9282
					}
					{bone revolute "wheelleft2"
						{parameters "ID=wheelleft2;"}
						{Matrix34
							1	0	0
							0	-0.0538208	-0.998551
							0	0.998551	-0.0538208
							0.595857	-0.205289	7.22056
						}
						{VolumeView "wheelleft2.ply"}
					}
				}
			}
		}
		{bone "pivot_front"
			{parameters "ID=pivot_front;"}
			{Matrix34
				1	0	0
				0	0.999953	-0.00967427
				0	0.00967427	0.999953
				23.8309	-0.00975901	7.61328
			}
			{VolumeView "pivot_front.ply"}
			{bone revolute "steerl"
				{Matrix34
					0.996195	0	0.0871557
					0.0871557	0	-0.996195
					0	1	0
					-0.0704152	12.52	-0.125523
				}
				{bone "fxtracel1"
					{Matrix34
						0.996195	0.0871561	0
						0	0	1
						0.087156	-0.996195	0
						-0.968103	7.39261	2.07243
					}
					{bone revolute "wheelleft1"
						{parameters "ID=wheelleft1;"}
						{Matrix34
							-1	0	0
							0	0.173648	0.984808
							0	0.984808	-0.173648
							0.34111	-0.127207	8.26859
						}
						{VolumeView "wheelleft1.ply"}
					}
				}
			}
			{bone revolute "steerr"
				{Matrix34
					1	0	0
					0	0	-1
					0	1	0
					-0.0704101	-12.5179	-0.125523
				}
				{bone "fxtracer1"
					{Matrix34
						1	0	0
						0	0	1
						0	-1	0
						-0.322842	7.51799	-1.49018
					}
					{bone revolute "wheelright1"
						{parameters "ID=wheelright1;"}
						{Matrix34
							-1	0	0
							0	-0.258819	0.965926
							0	0.965926	0.258819
							0.350135	0.292534	7.66534
						}
						{VolumeView "wheelright1.ply"}
					}
				}
			}
		}
	}
}
{Volume "body1"
	{Polyhedron "body1.vol"}
	{Bone "body"}
	{Matrix34
		-1	0	0
		0	-1	0
		0	0	1
		10.7051	1.36172	-1.67938
	}
}
{Volume "body2"
	{Box 6.31892 26.7643 6.37851}
	{Bone "body"}
	{Matrix34
		-0.642788	0	0.766044
		0	-1	0
		0.766044	0	0.642788
		-28.7711	1.52038	4.33264
	}
}
{Volume "body"
	{Polyhedron "body.vol"}
	{Bone "body"}
	{Matrix34
		-1	0	0
		0	-1	0
		0	0	1
		-12.4624	1.36172	-1.67938
	}
}
{Volume "engine"
	{Polyhedron "engine.vol"}
	{Bone "engine"}
	{Matrix34
		-0.973872	0.00789585	0.226959
		-0.0075582	-0.999969	0.00235681
		0.226971	0.000579842	0.973901
		6.10889	0.801021	-1.30619
	}
}
{Volume "inventory"
	{Box 11.7809 19.0147 5.58041}
	{Bone "body"}
	{Matrix34
		-1	0	0
		0	-1	0
		0	0	1
		-2.70461	0.215929	1.77125
	}
}
{Volume "part1"
	{Box 7.83577 2.85443 9.78202}
	{Bone "part1"}
	{Position -0.737264	1.48159	1.63441}
}
{Volume "part2"
	{Polyhedron "part2.vol"}
	{Bone "part2"}
	{Matrix34
		0.996549	-0.00153344	0.0829976
		0.00526143	0.998986	-0.0447167
		-0.0828448	0.0449991	0.995546
		-1.24201	-0.625441	-0.333502
	}
}
{Volume "part3"
	{Cylinder 6.99701 2.82219}
	{Bone "part3"}
	{Matrix34
		-0.104416	0	0.994534
		0	1	0
		-0.994533	0	-0.104416
		-0.385078	0.155476	0.354677
	}
}
{Volume "part5"
	{Box 12.811 10.7029 2.59464}
	{Bone "part5"}
	{Matrix34
		0.0292232	0.999567	0.00356147
		-0.0379332	-0.00245147	0.999277
		0.998853	-0.0293372	0.0378451
		0.257737	-0.279784	5.95924
	}
}
{Volume "pivot_front"
	{Box 3.6438 28.5221 3.37817}
	{Bone "pivot_front"}
	{Matrix34
		-1	0	0
		0	-1	0
		0	0	1
		-0.0845682	-0.270149	0.233474
	}
}
{Volume "wheelleft1"
	{Cylinder 6.24307 3.4063}
	{Bone "wheelleft1"}
	{Matrix34
		1	0	0
		0	0.967513	-0.25282
		0	0.25282	0.967513
		0	-1.7778	-0.0313616
	}
}
{Volume "wheelleft2"
	{Cylinder 6.06496 4.05512}
	{Bone "wheelleft2"}
	{Matrix34
		-1	0	0
		0	-0.99855	-0.0538213
		0	-0.0538213	0.99855
		0	-0.404699	0.00652766
	}
}
{Volume "wheelright1"
	{Cylinder 6.54622 3.08189}
	{Bone "wheelright1"}
	{Matrix34
		1	0	0
		0	0.996415	0.0845944
		0	-0.0845944	0.996415
		0	-0.358451	-0.279754
	}
}
{Volume "wheelright2"
	{Cylinder 5.69601 3.24409}
	{Bone "wheelright2"}
	{Matrix34
		-1	0	0
		0	-0.999196	0.0400821
		0	0.0400824	0.999196
		-0.305238	-0.659383	0.163513
	}
}
