;Exported by: shevchenko
;Date:        Fri Jul 15 14:20:23 2005
;File:        D:\-Projects1_5-\-3DWork-\store\store_1\store_1_x.max
{Skeleton
	{animation
		{sequence "crush" {speed 0.4}}
	}
	{bone "store2"
		{parameters "CommonMesh;"}
		{Orientation
			1	0	0
			0	-1	0
			0	0	1
		}
		{VolumeView "store2.ply"}
		{bone "exterior"
			{Position 34.9766	-27.1061	94.2323}
		}
		{bone "piece0"
			{Matrix34
				-1	0	0
				0	0	1
				0	1	0
				84.5717	-93.3529	22.6378
			}
			{VolumeView "piece0.ply"}
		}
		{bone "piece1"
			{Matrix34
				0	1	0
				0	0	1
				1	0	0
				-47.7756	-9.49667	70.3059
			}
			{VolumeView "piece1.ply"}
		}
		{bone "piece2"
			{Matrix34
				1	0	0
				0	0	1
				0	-1	0
				95.4968	40.3036	64.8018
			}
			{VolumeView "piece2.ply"}
		}
		{bone "piece3"
			{Matrix34
				1	0	0
				0	0	1
				0	-1	0
				37.4259	40.3036	70.3059
			}
			{VolumeView "piece3.ply"}
		}
		{bone "piece4"
			{Matrix34
				1	0	0
				0	0	1
				0	-1	0
				55.4796	40.3036	32.5324
			}
			{VolumeView "piece4.ply"}
		}
		{bone "piece5"
			{Matrix34
				1	0	0
				0	0	1
				0	-1	0
				-33.9476	40.3037	44.9942
			}
			{VolumeView "piece5.ply"}
		}
		{bone "piece6"
			{Matrix34
				0	1	0
				0	0	1
				1	0	0
				-47.2568	-53.0586	28.1805
			}
			{VolumeView "piece6.ply"}
		}
		{bone "piece8"
			{Matrix34
				-1	0	0
				0	0	1
				0	1	0
				25.2699	-93.5546	70.3059
			}
			{VolumeView "piece8.ply"}
		}
		{bone "piece9"
			{Matrix34
				1	0	0
				0	0	1
				0	-1	0
				91.3517	40.3036	30.9519
			}
			{VolumeView "piece9.ply"}
		}
		{bone "piece10"
			{Matrix34
				-1	0	0
				0	0	1
				0	1	0
				-28.6559	-93.5546	30.9519
			}
			{VolumeView "piece10.ply"}
		}
		{bone "piece11"
			{Matrix34
				-1	0	0
				0	0	1
				0	1	0
				-32.801	-93.5546	64.8018
			}
			{VolumeView "piece11.ply"}
		}
		{bone "piece12"
			{Matrix34
				-1	0	0
				0	0	1
				0	1	0
				96.6434	-93.5547	59.9914
			}
			{VolumeView "piece12.ply"}
		}
		{bone "piece14"
			{Matrix34
				0	1	0
				0	0	1
				1	0	0
				-48.1144	-81.94	30.9519
			}
			{VolumeView "piece14.ply"}
		}
		{bone "piece15"
			{Matrix34
				0	1	0
				0	0	1
				1	0	0
				-47.7383	32.5349	59.9914
			}
			{VolumeView "piece15.ply"}
		}
		{bone "sub_piece0"
			{Matrix34
				0	1	0
				0	0	1
				1	0	0
				-48.208	-81.8051	64.8018
			}
			{VolumeView "sub_piece0.ply"}
		}
		{bone "sub_piece1"
			{Matrix34
				0	1	0
				0	0	1
				1	0	0
				-48.1144	17.548	21.1512
			}
			{VolumeView "sub_piece1.ply"}
		}
	}
}
{Volume "sub_piece1"
	{Box 5.90552 19.0394 23.132}
	{Bone "sub_piece1"}
	{Matrix34
		0	0	-1
		-0.866025	-0.5	0
		-0.5	0.866025	0
		-0.514864	-0.0439603	3.3855e-005
	}
}
{Volume "sub_piece0"
	{Box 5.90552 28.5827 13.7474}
	{Bone "sub_piece0"}
	{Matrix34
		0	0	-1
		-0.5	0.866025	0
		0.866025	0.5	0
		1.55473	0.274101	-1.22934e-005
	}
}
{Volume "piece15"
	{Box 5.90552 16.4835 29.8033}
	{Bone "piece15"}
	{Matrix34
		0	0	-1
		-1	0	0
		0	1	0
		0	1.20531	-1.76945e-005
	}
}
{Volume "piece14"
	{Box 5.90552 19.6252 23.132}
	{Bone "piece14"}
	{Matrix34
		0	0	-1
		-0.866025	-0.5	0
		-0.5	0.866025	0
		-0.90036	0.0120403	7.33958e-005
	}
}
{Volume "piece12"
	{Box 15.9216 5.90552 33.5287}
	{Bone "piece12"}
	{Matrix34
		-1	0	0
		0	0	1
		0	1	0
		-0.0136066	0.295212	0
	}
}
{Volume "piece11"
	{Box 27.3307 5.90552 14.1569}
	{Bone "piece11"}
	{Matrix34
		-0.573577	0.819152	0
		0	0	1
		0.819152	0.573577	0
		1.71991	0.144561	0
	}
}
{Volume "piece10"
	{Box 24.3118 5.90552 19.4308}
	{Bone "piece10"}
	{Matrix34
		-0.707107	0.707107	0
		0	0	1
		0.707107	0.707107	0
		-1.16842	0.569966	0
	}
}
{Volume "piece9"
	{Box 26.9481 5.90552 15.4984}
	{Bone "piece9"}
	{Matrix34
		0.707107	-0.707107	0
		0	0	-1
		0.707107	0.707107	0
		-1.2655	-0.182528	0
	}
}
{Volume "piece8"
	{Box 43.0512 5.90552 13.6634}
	{Bone "piece8"}
	{Matrix34
		-1	0	0
		0	0	1
		0	1	0
		0	-0.145657	0
	}
}
{Volume "piece6"
	{Box 22.2342 5.90552 26.6228}
	{Bone "piece6"}
	{Matrix34
		-0.984808	-0.173648	0
		0	0	1
		-0.173648	0.984808	0
		2.0505	0.0719969	1.22177e-005
	}
}
{Volume "piece5"
	{Box 16.2962 5.90553 29.8033}
	{Bone "piece5"}
	{Matrix34
		1	0	0
		0	0	-1
		0	1	0
		-1.66298e-005	-0.0257931	0
	}
}
{Volume "piece4"
	{Box 30.7874 5.90553 18.9168}
	{Bone "piece4"}
	{Matrix34
		0.766045	-0.642788	0
		0	0	-1
		0.642788	0.766045	0
		0.600622	1.3765	0
	}
}
{Volume "piece3"
	{Box 45.1772 5.90553 14.6755}
	{Bone "piece3"}
	{Matrix34
		1	0	0
		0	0	-1
		0	1	0
		4.44053e-005	0.333245	0
	}
}
{Volume "piece2"
	{Box 28.1103 5.90553 14.6249}
	{Bone "piece2"}
	{Matrix34
		0.5	-0.866026	0
		0	0	-1
		0.866026	0.5	0
		1.73	0.529333	0
	}
}
{Volume "piece1"
	{Box 5.90558 44.6457 14.3382}
	{Bone "piece1"}
	{Matrix34
		0	0	-1
		-1	0	0
		0	1	0
		0	0.413855	-6.68332e-005
	}
}
{Volume "piece0"
	{Box 35.3667 5.90553 18.937}
	{Bone "piece0"}
	{Matrix34
		-0.984808	0.173648	0
		0	0	1
		0.173648	0.984808	0
		-0.904647	0.408554	-1.42089e-005
	}
}
