;Exported by: sana
;Date:        Thu Mar 22 14:28:45 2007
;File:        D:\-Project-\-3DWork-\Entourage\SelSovet\SelSovet_cut2_x.max
{Skeleton
	{bone "sels_wall_in5_x"
		{Orientation
			1	0	0
			0	-1	0
			0	0	1
		}
		{bone "piece04"
			{Position -5.13846	-16.8824	25.4058}
			{VolumeView "piece04.ply"}
			{bone "sub_piece04"
				{Position 0.0656891	0	-10.258}
				{VolumeView "sub_piece04.ply"}
			}
		}
		{bone "piece01"
			{Position 10.5465	1.3205	30.108}
			{VolumeView "piece01.ply"}
			{bone "sub_piece01"
				{Position 0	-5.53315	-4.90913}
				{VolumeView "sub_piece01.ply"}
			}
		}
		{bone "piece02"
			{Position 10.5465	2.20189	6.07874}
			{VolumeView "piece02.ply"}
			{bone "sub_piece02"
				{Position 0	-10.9991	0.491508}
				{VolumeView "sub_piece02.ply"}
			}
		}
		{bone "piece03"
			{Position 10.5465	8.80144	-19.5896}
			{VolumeView "piece03.ply"}
			{bone "sub_piece03"
				{Position 0	-10.3215	-6.35468}
				{VolumeView "sub_piece03.ply"}
			}
		}
	}
}
{Volume "piece01"
	{Box 1.96851 14.3878 9.32262}
	{Bone "piece01"}
	{Position 0	0	0}
}
{Volume "piece02"
	{Box 1.96851 13.8942 16.3946}
	{Bone "piece02"}
	{Position 0	0	0.705967}
}
{Volume "piece03"
	{Box 1.96851 19.8383 17.9704}
	{Bone "piece03"}
	{Matrix34
		1	0	0
		0	0.9261	0.377278
		0	-0.377278	0.9261
		0	1.01072	-0.790799
	}
}
{Volume "piece04"
	{Box 13.0546 1.96851 13.8995}
	{Bone "piece04"}
	{Matrix34
		0.992964	0	0.118415
		0	1	0
		-0.118415	0	0.992964
		0.174934	0	-0.202826
	}
}
{Volume "sub_piece01"
	{Box 1.96851 9.20494 6.31763}
	{Bone "sub_piece01"}
	{Matrix34
		1	0	0
		0	0.862453	-0.506138
		0	0.506138	0.862453
		0	-0.285744	-0.276885
	}
}
{Volume "sub_piece02"
	{Box 1.96851 8.16066 13.4564}
	{Bone "sub_piece02"}
}
{Volume "sub_piece03"
	{Box 1.96851 9.67941 15.885}
	{Bone "sub_piece03"}
	{Matrix34
		1	0	0
		0	0.884435	0.466662
		0	-0.466662	0.884435
		0	-1.10102	-0.455132
	}
}
{Volume "sub_piece04"
	{Box 13.838 1.96851 6.65899}
	{Bone "sub_piece04"}
}
