;Exported by: skr
;Date:        Fri Sep 06 21:05:55 2013
;File:        D:\Documents\3dsmax\scenes\de 25 mm antichar Mle 1934 Hotchkiss\Mle 1934 Hotchkiss_x.max
{Skeleton
	{bone revolute "basis"
		{Orientation
			1	0	0
			0	-1	0
			0	0	1
		}
		{bone "body"
			{parameters "ID=body;"}
			{Position 0	0	6.12156}
			{VolumeView "body.ply"}
			{bone revolute "turren"
				{parameters "ID=body;"}
				{limits -30 30}
				{speed 0.005}
				{Position -2.02109	0	0.967606}
				{VolumeView "turren.ply"}
				{bone "shield2"
					{parameters "ID=shield;"}
					{Matrix34
						0.998475	0	0.0552125
						-0.0552125	0	0.998475
						0	-1	0
						-0.577542	0.124497	7.92538
					}
					{VolumeView "shield2.ply"}
				}
				{bone revolute "gun_rot"
					{parameters "ID=gun;"}
					{limits -5 15}
					{speed 0.005}
					{Matrix34
						0.966928	0	0.255049
						-0.255049	0	0.966928
						0	-1	0
						0.412212	-0.119855	4.76982
					}
					{VolumeView "gun_rot.ply"}
					{bone "gun"
						{Matrix34
							0	0	1
							0	1	0
							-1	0	0
							25.5489	1.16409	-0.119856
						}
						{VolumeView "gun.ply"}
					}
				}
				{bone "pricel"
					{Matrix34
						0	1	0
						0	0	1
						1	0	0
						0.500269	3.47096	9.46062
					}
					{VolumeView "pricel.ply"}
				}
			}
			{bone "shield1"
				{parameters "ID=shield;"}
				{Matrix34
					0.96902	0	-0.246983
					0.246983	0	0.96902
					0	-1	0
					1.77343	0.306708	5.85196
				}
				{VolumeView "shield1.ply"}
				{bone "stopor"
					{Matrix34
						0.9794	0.20193	0
						0.20193	-0.9794	0
						0	0	-1
						2.97772	-3.23055	0.302921
					}
					{VolumeView "stopor.ply"}
				}
				{bone revolute "shield3"
					{parameters "ID=shield;"}
					{Matrix34
						-0.96902	-0.246983	0
						-0.246983	0.96902	0
						0	0	-1
						1.12724	-7.42635	-5.0627
					}
					{VolumeView "shield3.ply"}
				}
			}
			{bone "pivot_front"
				{Position 0	0	-4.81653}
				{bone revolute "wheell"
					{parameters "ID=wheelleft;Radius=0.345;support=1;"}
					{Matrix34
						-0.96902	0	0.246983
						0.246983	0	0.96902
						0	1	0
						0	9.57976	5.19631
					}
					{VolumeView "wheell.ply"}
				}
				{bone revolute "wheelr"
					{parameters "ID=wheelright;Radius=0.345;support=1;"}
					{Matrix34
						-1	0	0
						0	0	1
						0	1	0
						-0.0473812	-9.3674	5.244
					}
					{VolumeView "wheelr.ply"}
				}
			}
			{bone "nogar"
				{parameters "ID=body;"}
				{Matrix34
					0.855452	0.517881	0
					-0.517881	0.855452	0
					0	0	1
					-3.18783	-3.78785	-0.843816
				}
				{VolumeView "nogar.ply"}
			}
			{bone "nogal"
				{parameters "ID=body;"}
				{Matrix34
					0.875682	-0.482889	0
					0.482889	0.875682	0
					0	0	1
					-3.18783	3.79778	-0.565687
				}
				{VolumeView "nogal.ply"}
			}
		}
	}
}
