;Exported by: sk
;Date:        Fri Feb 24 16:41:18 2006
;File:        D:\-Projects1_5-\-3DWork-\City_Du\Bahnhof_house\BB_x.max
{Skeleton
	{bone "fdr_roof06_x"
		{Orientation
			1	0	0
			0	-1	0
			0	0	1
		}
		{bone "piece01"
			{VolumeView "piece01.ply"}
		}
		{bone "piece02"
			{VolumeView "piece02.ply"}
		}
		{bone "piece03"
			{VolumeView "piece03.ply"}
		}
		{bone "piece04"
			{VolumeView "piece04.ply"}
		}
		{bone "piece05"
			{VolumeView "piece05.ply"}
		}
		{bone "piece06"
			{VolumeView "piece06.ply"}
		}
		{bone "piece07"
			{VolumeView "piece07.ply"}
		}
		{bone "piece08"
			{VolumeView "piece08.ply"}
		}
		{bone "piece09"
			{VolumeView "piece09.ply"}
		}
	}
}
{Volume "piece01"
	{Box 55.409 49.2451 1.44964}
	{Bone "piece01"}
	{Matrix34
		0.997793	0	0.0664083
		0	1	0
		-0.0664083	0	0.997793
		-22.9034	33.7697	-4.60711
	}
}
{Volume "piece02"
	{Box 2.95276 95.1189 2.95276}
	{Bone "piece02"}
	{Position 20.2254	-0.75885	-13.4888}
}
{Volume "piece03"
	{Box 85.2341 4.26245 2.95276}
	{Bone "piece03"}
	{Matrix34
		0.818686	0.574241	0
		-0.574241	0.818686	0
		0	0	1
		2.84907	-19.8873	-13.4889
	}
}
{Volume "piece04"
	{Box 2.95276 93.7722 2.95276}
	{Bone "piece04"}
	{Position -14.3145	-1.24689	-13.4888}
}
{Volume "piece05"
	{Box 92.6462 2.95276 2.95277}
	{Bone "piece05"}
	{Position 6.33115	7.75635	-13.4888}
}
{Volume "piece06"
	{Box 69.3038 59.2269 3.00979}
	{Bone "piece06"}
	{Matrix34
		1	0	0
		0	0.986899	0.161338
		0	-0.161338	0.986899
		12.8723	-28.8221	-1.28292
	}
}
{Volume "piece07"
	{Box 46.6398 57.2657 2.99743}
	{Bone "piece07"}
	{Matrix34
		0.994458	0	0.105137
		0	1	0
		-0.105137	0	0.994458
		33.2066	20.2373	2.30817
	}
}
{Volume "piece08"
	{Box 34.1591 90.1998 0.99774}
	{Bone "piece08"}
	{Matrix34
		0.996528	0	0.0832556
		0	1	0
		-0.0832556	0	0.996528
		-33.6291	-13.3145	-4.19729
	}
}
{Volume "piece09"
	{Box 47.2163 61.1182 2.42584}
	{Bone "piece09"}
	{Matrix34
		0.992905	0	0.118905
		0	1	0
		-0.118905	0	0.992905
		-16.3818	-4.08478	-2.90384
	}
}
