;Exported by: golanov
;Date:        Mon Jun 19 17:15:03 2006
;File:        D:\-Projects-\-3DWork-\Constructions\entourage\train\passenger car07.max
{Skeleton
	{bone "heap01"
		{Orientation
			1	0	0
			0	-1	0
			0	0	1
		}
		{VolumeView "heap01.ply"}
		{bone "heap"
			{parameters "Land;Ground;"}
			{Position 104.501	40.0405	-10.889}
			{VolumeView "heap.ply" {Ground}}
		}
	}
}
{Obstacle "rectangle01"
	{Polygon2
		{Radius 0}
		{Vertex 47.1475 23.5589}
		{Vertex 10.3686 21.7991}
		{Vertex -23.454 15.4301}
		{Vertex -25.9871 -13.1133}
		{Vertex 53.9476 -21.2892}
	}
	{Rotate}
}
{Volume "body01"
	{Box 73.8534 41.8742 5.65989}
	{Bone "heap01"}
	{Matrix34
		1	0	0
		0	0.642788	0.766044
		0	-0.766044	0.642788
		10.171	0.0203262	1.6227
	}
}
{Volume "body02"
	{Box 15.6079 13.9834 7.80394}
	{Bone "heap01"}
	{Matrix34
		0.884887	0.28167	0.370995
		-0.455845	0.687471	0.565322
		-0.0958141	-0.669362	0.736732
		-14.8062	-10.0023	-4.40163
	}
}
{Volume "body03"
	{Box 9.78427 6.11517 6.11517}
	{Bone "heap01"}
	{Position -8.57776	11.6017	4.51894}
}
{Volume "body04"
	{Box 9.78428 6.11517 6.11517}
	{Bone "heap01"}
	{Position -20.7074	11.6792	4.51894}
}
{Volume "body05"
	{Box 9.78427 6.11517 6.11517}
	{Bone "heap01"}
	{Matrix34
		0.916858	-0.287761	-0.276706
		0.399031	0.681587	0.613363
		0.0120974	-0.67278	0.739743
		21.8065	-5.29107	-1.01015
	}
}
{Volume "body06"
	{Box 15.748 9.84252 9.84252}
	{Bone "heap01"}
	{Matrix34
		-0.361259	-0.678387	-0.639752
		0.932167	-0.245396	-0.266167
		0.0235713	-0.692511	0.721022
		17.6391	-14.1214	-6.89784
	}
}
{Volume "body07"
	{Box 15.748 9.84252 9.84252}
	{Bone "heap01"}
	{Matrix34
		-0.395527	-0.802737	-0.446286
		0.911085	-0.404351	-0.0801519
		-0.116115	-0.438307	0.891294
		31.6081	-4.38079	-8.43895
	}
}
{Volume "body08"
	{Box 15.748 9.84252 9.84252}
	{Bone "heap01"}
	{Matrix34
		0.943473	-0.324003	-0.0698645
		0.325929	0.868601	0.373233
		-0.0602444	-0.374906	0.925103
		46.8745	-1.04	-7.9688
	}
}
{Volume "body09"
	{Box 15.748 9.84252 9.84252}
	{Bone "heap01"}
	{Matrix34
		0.290872	0.910922	0.292599
		-0.955671	0.291218	0.0434076
		-0.0456689	-0.292254	0.95525
		47.329	-6.40623	0.473748
	}
}
{Volume "body10"
	{Box 15.748 9.84252 9.84252}
	{Bone "heap01"}
	{Matrix34
		0.965926	0	-0.258819
		0.109382	0.906308	0.408218
		0.23457	-0.422618	0.875426
		38.5942	9.47047	-1.20344
	}
}
{Volume "body11"
	{Box 9.78427 6.11517 6.11517}
	{Bone "heap01"}
	{Matrix34
		0.0782569	0.99437	0.0714446
		-0.981637	0.0643524	0.179577
		0.173969	-0.0841858	0.981146
		9.14105	12.2902	3.37433
	}
}
{Volume "body12"
	{Box 9.78427 6.11517 6.11517}
	{Bone "heap01"}
	{Matrix34
		0.979051	0	-0.203616
		0	1	0
		0.203616	0	0.979051
		53.3324	21.0212	1.54477
	}
}
{Volume "body13"
	{Box 9.78427 6.11517 6.11517}
	{Bone "heap01"}
	{Matrix34
		0.220925	-0.422163	0.879187
		0.970094	0.00218223	-0.24272
		0.100549	0.906517	0.41002
		48.9352	9.5293	7.30582
	}
}
{Volume "body14"
	{Box 9.78427 6.11517 6.11517}
	{Bone "heap01"}
	{Matrix34
		0.979051	0	-0.203616
		0	1	0
		0.203616	0	0.979051
		47.9358	17.7142	-3.54113
	}
}
{Volume "body15"
	{Box 15.748 9.84252 9.84252}
	{Bone "heap01"}
	{Matrix34
		-0.146549	-0.940846	-0.305504
		0.988928	-0.146639	-0.0227879
		-0.0233588	-0.305461	0.951918
		44.0184	-14.3559	-12.2782
	}
}
