;Exported by: shevchenko
;Date:        Thu Jun 29 12:52:41 2006
;File:        D:\-Projects1_5-\-3DWork-\bsh\bsh_c135-a1_x.max
{Skeleton
	{bone "bsh135_w2_1"
		{Orientation
			1	0	0
			0	-1	0
			0	0	1
		}
		{bone "piece1"
			{Matrix34
				-0.707107	-0.707107	0
				0	0	1
				-0.707107	0.707107	0
				30.6634	26.4568	129.756
			}
			{VolumeView "piece1.ply"}
		}
		{bone "piece0"
			{Matrix34
				-0.707107	-0.707107	0
				0	0	1
				-0.707107	0.707107	0
				-21.7434	-24.5427	138.804
			}
			{VolumeView "piece0.ply"}
		}
		{bone "piece2"
			{Matrix34
				0.707106	-0.707107	0
				0	0	-1
				0.707107	0.707106	0
				-23.1283	28.5631	28.5874
			}
			{VolumeView "piece2.ply"}
		}
		{bone "piece3"
			{Matrix34
				0.707107	-0.707106	0
				-0.0616283	-0.0616284	0.996195
				-0.704415	-0.704417	-0.0871556
				-7.24946	9.04668	126.664
			}
			{VolumeView "piece3.ply"}
		}
		{bone "piece4"
			{Matrix34
				0.405579	-0.40558	-0.819152
				-0.579228	0.579228	-0.573576
				0.707107	0.707106	0
				-0.0129013	6.74965	89.4833
			}
			{VolumeView "piece4.ply"}
		}
		{bone "piece5"
			{Matrix34
				-0.704415	-0.704416	0.0871571
				0.0616294	0.0616293	0.996195
				-0.707107	0.707106	0
				-21.3248	-33.8294	94.3842
			}
			{VolumeView "piece5.ply"}
		}
		{bone "piece6"
			{Matrix34
				0.241846	0.241846	0.939692
				0.664462	0.664463	-0.342022
				-0.707107	0.707106	0
				-9.22073	-21.7253	63.8406
			}
			{VolumeView "piece6.ply"}
		}
		{bone "piece7"
			{Matrix34
				0.122789	0.122789	0.984807
				0.696363	0.696365	-0.17365
				-0.707107	0.707106	0
				-6.93753	-19.4421	115.572
			}
			{VolumeView "piece7.ply"}
		}
		{bone "piece8"
			{Matrix34
				-0.704416	-0.704416	0.0871557
				0.0616284	0.0616284	0.996195
				-0.707107	0.707107	0
				10.211	-2.24773	86.7887
			}
			{VolumeView "piece8.ply"}
		}
		{bone "piece9"
			{Matrix34
				0.122789	0.122789	0.984807
				0.696363	0.696365	-0.17365
				-0.707107	0.707106	0
				26.8932	14.3887	113.979
			}
			{VolumeView "piece9.ply"}
		}
		{bone "piece10"
			{Matrix34
				-0.0616272	-0.0616274	0.996195
				0.704416	0.704416	0.0871541
				-0.707107	0.707106	0
				25.5577	13.0531	63.2129
			}
			{VolumeView "piece10.ply"}
		}
		{bone "piece11"
			{Matrix34
				0	-1	0
				0	0	1
				-1	0	0
				10.2524	-2.49666	17.6669
			}
			{VolumeView "piece11.ply"}
		}
		{bone "piece12"
			{Matrix34
				0	-1	0
				0	0	1
				-1	0	0
				10.2524	-2.49666	45.6203
			}
			{VolumeView "piece12.ply"}
		}
	}
}
{Volume "piece10"
	{Box 12.7007 24.6168 9.84252}
	{Bone "piece10"}
	{Matrix34
		0.988561	-0.150824	0
		0.150824	0.988561	0
		0	0	1
		-0.521973	0.224777	2.86102e-005
	}
}
{Volume "piece11"
	{Box 10.8268 9.84252 23.8189}
	{Bone "piece11"}
	{Matrix34
		-0.707107	0	-0.707107
		-0.707107	0	0.707107
		0	1	0
		0.347948	-1.22727	0.34797
	}
}
{Volume "piece12"
	{Box 10.8268 9.84252 23.8189}
	{Bone "piece12"}
	{Matrix34
		-0.707107	0	-0.707107
		-0.707107	0	0.707107
		0	1	0
		0.347954	-1.22727	0.347974
	}
}
{Volume "piece1"
	{Box 27.8013 2.30714 28.0924}
	{Bone "piece1"}
	{Matrix34
		1	0	0
		0	0.642788	-0.766044
		0	0.766044	0.642787
		7.17817	-0.953441	-1.00437
	}
}
{Volume "piece2"
	{Box 12.7007 24.6168 9.84252}
	{Bone "piece2"}
	{Matrix34
		0.98856	-0.150824	0
		0.150824	0.98856	0
		0	0	1
		-1.03447	0.091481	0
	}
}
{Volume "piece3"
	{Box 17.5645 13.6501 9.84252}
	{Bone "piece3"}
	{Matrix34
		0.902792	0.430077	0
		-0.430076	0.902793	0
		0	0	1
		0.963851	-0.212109	0
	}
}
{Volume "piece4"
	{Box 35.3811 17.1222 7.7756}
	{Bone "piece4"}
	{Matrix34
		0.819152	0.573576	0
		-0.573577	0.819152	0
		0	0	1
		0	1.14392e-005	0.00610161
	}
}
{Volume "piece5"
	{Box 12.7007 24.6168 9.84252}
	{Bone "piece5"}
	{Matrix34
		0.988561	-0.150824	0
		0.150824	0.988561	0
		0	0	1
		-0.521973	0.22477	3.24249e-005
	}
}
{Volume "piece5_vol01"
	{Box 32.7074 2.30714 29.1078}
	{Bone "piece0"}
	{Matrix34
		1	0	0
		0	0.642788	-0.766044
		0	0.766044	0.642787
		4.03948	-10.2819	-2.23476
	}
}
{Volume "piece6"
	{Box 12.7007 24.6168 9.84252}
	{Bone "piece6"}
	{Matrix34
		0.988561	-0.150824	0
		0.150824	0.988561	0
		0	0	1
		-0.521968	0.224775	2.71797e-005
	}
}
{Volume "piece7"
	{Box 12.7007 24.6168 9.84252}
	{Bone "piece7"}
	{Matrix34
		0.98856	-0.150824	0
		0.150824	0.988561	0
		0	0	1
		-0.52197	0.224771	2.95639e-005
	}
}
{Volume "piece8"
	{Box 19.839 36.2775 9.84252}
	{Bone "piece8"}
	{Matrix34
		0.997818	-0.0660267	0
		0.0660269	0.997818	0
		0	0	1
		0.185555	0.656109	0
	}
}
{Volume "piece9"
	{Box 12.7007 24.6168 9.84252}
	{Bone "piece9"}
	{Matrix34
		0.988561	-0.150824	0
		0.150824	0.988561	0
		0	0	1
		-0.521979	0.224774	4.14848e-005
	}
}
