;Exported by: Ekaterina
;Date:        Fri Apr 11 18:09:28 2008
;File:        D:\-Project-\-3DWork-\africa\algere_storage21.max
{Skeleton
	{bone "d_build2_c4"
		{Orientation
			1	0	0
			0	-1	0
			0	0	1
		}
		{VolumeView "d_build2_c4.ply"}
		{bone "exterior"
			{Position 18.9983	10.6573	76.1503}
			{VolumeView "exterior.ply"}
		}
	}
}
{Obstacle "body01"
	{Obb2
		{Center -4.86827 22.8267}
		{Extent 28.174 4.1674}
		{Axis 1 0}
	}
	{Rotate}
	{Tags  "body"}
}
{Obstacle "body04"
	{Obb2
		{Center -29.4083 18.5989}
		{Extent 3.66262 8.00323}
		{Axis 1 0}
	}
	{Rotate}
	{Tags  "body"}
}
{Obstacle "door"
	{Obb2
		{Center -41.9438 3.18549}
		{Extent 15.6144 1.09355}
		{Axis 0.906401 0.422418}
	}
	{Rotate}
	{Tags  "body" "fire"}
}
{Area "interior"
	{Obb2
		{Center 18.0419 -1.96381}
		{Extent 43.03 25.6513}
		{Axis -1 0}
	}
	{Rotate}
}
{Volume "body01"
	{Box 56.348 8.33481 78.4578}
	{Bone "d_build2_c4"}
	{Position -4.86827	-22.8267	29.3864}
}
{Volume "body02"
	{Box 30.2775 8.27142 17.5235}
	{Bone "d_build2_c4"}
	{Matrix34
		0.707107	0	0.707107
		0	1	0
		-0.707107	0	0.707107
		25.97	-22.8267	47.6405
	}
}
{Volume "body03"
	{Box 95.9417 8.11236 21.1265}
	{Bone "d_build2_c4"}
	{Matrix34
		0.992574	0	-0.121645
		0	1	0
		0.121645	0	0.992574
		12.107	-22.8267	65.6749
	}
}
{Volume "body04"
	{Box 7.32524 16.0065 91.9211}
	{Bone "d_build2_c4"}
	{Position -29.4083	-18.5989	36.118}
}
{Volume "body05"
	{Box 7.91126 53.2094 23.5171}
	{Bone "d_build2_c4"}
	{Position -29.2303	1.25735	70.4698}
}
{Volume "body06"
	{Box 17.1867 41.3756 2.9008}
	{Bone "d_build2_c4"}
	{Position -41.4102	6.79523	63.8875}
}
{Volume "door"
	{Box 31.2283 2.1802 59.288}
	{Bone "d_build2_c4"}
	{Matrix34
		0.906308	-0.422618	0
		0.422618	0.906308	0
		0	0	1
		-41.9438	-3.18549	29.8825
	}
}
{Volume "roof01"
	{Box 55.0038 31.894 4.82652}
	{Bone "exterior"}
	{Matrix34
		0	-0.999981	0.0058765
		0.990834	-0.000793996	-0.135084
		0.135087	0.00582262	0.990818
		-41.1872	-13.6205	4.57648
	}
}
{Volume "roof02"
	{Box 47.0352 69.529 4.82652}
	{Bone "exterior"}
	{Matrix34
		0	-0.999981	0.0058765
		0.990834	-0.000793996	-0.135084
		0.135087	0.00582262	0.990818
		7.45031	-17.3963	-1.80933
	}
}
{Volume "roof03"
	{Box 18.3437 47.7247 4.82652}
	{Bone "exterior"}
	{Matrix34
		-0.42261	-0.906291	0.00587648
		0.897665	-0.419464	-0.135084
		0.124891	-0.051813	0.990818
		-4.33587	5.61815	0.544806
	}
}
