;Exported by: Пупс
;Date:        Sat Mar 26 13:45:02 2011
;File:        C:\Users\Пупс\Документы\3dsmax\scenes\lafette 34 2.max
{Skeleton
	{bone "basis"
		{Orientation
			1	0	0
			0	-1	0
			0	0	1
		}
		{bone "body"
			{Matrix34
				0.216907	-0.874516	-0.433789
				-0.519598	-0.479619	0.707095
				-0.82642	0.0720214	-0.55843
				1.18613	-0.0246649	9.97333
			}
			{VolumeView "body.ply"}
			{bone "support1"
				{Matrix34
					0.964258	0.104994	0.243274
					-0.0497132	0.973524	-0.223112
					-0.260259	0.203044	0.943948
					-2.31123	-0.125759	9.33408
				}
				{VolumeView "support1.ply"}
				{bone "support2"
					{Position -0.000452042	-0.0810413	-9.9536}
					{VolumeView "support2.ply"}
				}
			}
			{bone "gun_rot2"
				{Matrix34
					-0.564615	-0.108871	-0.818143
					0.042436	0.986122	-0.16051
					0.824263	-0.125345	-0.552159
					1.24925	-0.460044	-1.77139
				}
				{VolumeView "gun_rot2.ply"}
			}
			{bone revolute "gun_rot"
				{limits -5 10}
				{speed 0.01}
				{Matrix34
					-0.677363	0.0213968	-0.735337
					-0.0193529	0.998713	0.0468875
					0.735394	0.0459909	-0.676077
					0.079895	0.960202	-0.557531
				}
				{VolumeView "gun_rot.ply"}
			}
			{bone "part1"
				{Matrix34
					0.180531	0.411707	-0.893255
					-0.964259	-0.104994	-0.243274
					-0.193944	0.905248	0.378038
					-0.00399256	-0.652513	0.377032
				}
				{VolumeView "part1.ply"}
				{bone "stan1a"
					{Position -0.0235486	0.0022831	-17.0615}
					{VolumeView "stan1a.ply"}
				}
			}
			{bone "part2"
				{Matrix34
					0.988815	0.0805881	-0.125503
					-0.121303	0.924128	-0.362317
					0.0867833	0.373488	0.923566
					0.795142	-0.0331903	9.34377
				}
				{VolumeView "part2.ply"}
			}
			{bone "part3"
				{Matrix34
					-0.8071	-0.233956	-0.542083
					-0.365497	0.919046	0.147536
					-0.463683	-0.317206	0.827272
					-5.0842	-0.687141	7.82623
				}
				{VolumeView "part3.ply"}
			}
		}
	}
}
{Volume "body"
	{Box 8.3496 3.39202 3.52249}
	{Bone "body"}
	{Matrix34
		0.264964	-0.382094	-0.885324
		0	0.91814	-0.396257
		0.964259	0.104993	0.243274
		-1.11207	-0.00263816	4.85192
	}
}
{Volume "part1"
	{Polyhedron "part1.vol"}
	{Bone "part1"}
	{Matrix34
		0.681344	0	-0.731964
		0.731964	0	0.681344
		0	-1	0
		0.226476	0.593246	-9.54149
	}
}
{Volume "part2"
	{Polyhedron "part2.vol"}
	{Bone "part2"}
	{Matrix34
		0.000682414	-0.618992	-0.785397
		-0.00403231	0.785389	-0.618989
		0.999992	0.00358933	-0.00195867
		-0.429468	0.00717926	7.74734
	}
}
{Volume "part3"
	{Polyhedron "part3.vol"}
	{Bone "part3"}
	{Matrix34
		-0.00781828	-0.619033	-0.785326
		0	0.78535	-0.619051
		0.999969	-0.0048402	-0.00614047
		-0.485488	0.0133657	7.75309
	}
}
