;Exported by: kolesnikov
;Date:        Fri Jul 01 19:01:53 2005
;File:        D:\-Project-\-3DWork-\barricade_new_vik.max
{Skeleton
	{bone "barricade2_d_corner1_x"
		{Orientation
			1	0	0
			0	-1	0
			0	0	1
		}
		{bone "fx_stone1"
			{Position 22.0475	12.4626	0}
		}
		{bone "piece6"
			{Matrix34
				0.949363	-0.000212919	-0.314181
				-6.47363e-005	1	-0.000872361
				0.314182	0.000848379	0.949363
				6.64148	19.5962	23.4041
			}
			{VolumeView "piece6.ply"}
		}
		{bone "piece3"
			{Matrix34
				0	0	1
				0	1	0
				-1	0	0
				54.2494	26.7573	16.6721
			}
			{VolumeView "piece3.ply"}
		}
		{bone "piece4"
			{Matrix34
				0	0	1
				0	1	0
				-1	0	0
				40.6259	24.1123	16.6721
			}
			{VolumeView "piece4.ply"}
		}
		{bone "piece5"
			{Matrix34
				0	0	1
				0	1	0
				-1	0	0
				54.2494	-0.591309	16.6721
			}
			{VolumeView "piece5.ply"}
		}
		{bone "piece7"
			{Matrix34
				0.999657	0.000913458	-0.0261612
				0	0.999391	0.0348996
				0.0261771	-0.0348876	0.999048
				10.1691	5.48828	14.2137
			}
			{VolumeView "piece7.ply"}
		}
		{bone "piece1"
			{Position 24.8655	19.5259	17.8377}
			{VolumeView "piece1.ply"}
		}
		{bone "piece2"
			{Matrix34
				0.999997	-0.000516413	0.00225115
				0.000522902	0.999996	-0.00288295
				-0.00224965	0.00288412	0.999993
				16.6471	15.3335	21.1392
			}
			{VolumeView "piece2.ply"}
		}
	}
}
{Volume "body3_vol57"
	{Box 13.7913 6.51552 4.14698}
	{Bone "piece2"}
	{Matrix34
		0.999997	0.000523126	-0.00224969
		-0.000516637	0.999996	0.00288415
		0.0022512	-0.00288298	0.999993
		0.0440915	0.210053	1.73641
	}
}
{Volume "cylinder02"
	{Cylinder 5.60309 1.84292}
	{Bone "piece1"}
	{Position 0.114596	0.126468	-0.963838}
}
{Volume "body3_vol55"
	{Box 2.33227 2.1845 15.4189}
	{Bone "piece7"}
	{Matrix34
		0.999657	0	0.0261773
		0.000913472	0.999391	-0.0348878
		-0.0261613	0.0348998	0.999048
		-0.0712402	0.240985	0.00669693
	}
}
{Volume "body3_vol50"
	{Box 13.743 0.469501 16.165}
	{Bone "piece5"}
	{Matrix34
		0	1	0
		0	0	1
		1	0	0
		-0.249114	-0.0388433	-0.0222386
	}
}
{Volume "body3_vol48"
	{Box 13.743 0.469501 16.165}
	{Bone "piece4"}
	{Matrix34
		0	1	0
		0	0	1
		1	0	0
		-0.801697	-0.0197995	0.222663
	}
}
{Volume "body3_vol49"
	{Box 13.743 0.469501 16.165}
	{Bone "piece3"}
	{Matrix34
		0	1	0
		0	0	1
		1	0	0
		-0.801697	-0.0198003	0.222663
	}
}
{Volume "body3_vol54"
	{Cylinder 9.72694 1.55344}
	{Bone "piece6"}
	{Matrix34
		0.949363	-6.50862e-005	0.314181
		-0.314181	-0.00087237	0.949363
		0.000212879	-1	-0.000848373
		0.0879446	0.102939	-0.10075
	}
}
