;Exported by: sasha
;Date:        Tue May 06 18:16:57 2008
;File:        D:\-Project-\-3DWork-\Crete\Crete_cr605.max
{Skeleton
	{bone "605_c1"
		{Orientation
			1	0	0
			0	-1	0
			0	0	1
		}
		{VolumeView "605_c1.ply"}
		{bone "window1"
			{Position 7.06732	-18.5093	45.1401}
			{VolumeView "window1.ply"}
		}
		{bone "window1_x"
			{Position 7.06732	-18.5093	45.1401}
			{visibility 0}
			{VolumeView "window1_x.ply"}
		}
		{bone "exterior"
			{Position -25.5583	-28.7377	82.1891}
			{VolumeView "exterior.ply"}
		}
		{bone "land"
			{parameters "Land;"}
			{Position -4.75754	-24.7187	6.71989}
			{VolumeView "land.ply"}
		}
	}
}
{Obstacle "body02"
	{Obb2
		{Center -35.1364 -6.6839}
		{Extent 4.29576 4.12401}
		{Axis 1 0}
	}
	{Rotate}
	{Tags  "body"}
}
{Obstacle "body03"
	{Obb2
		{Center -13.5307 -6.6839}
		{Extent 17.1831 4.12401}
		{Axis 1 0}
	}
	{Rotate}
	{Tags  "body"}
}
{Obstacle "body04"
	{Obb2
		{Center 7.05289 19.0463}
		{Extent 3.92596 29.7731}
		{Axis 1 0}
	}
	{Rotate}
	{Tags  "body"}
}
{Area "interior"
	{Obb2
		{Center -20.0491 28.2817}
		{Extent 33.4022 41.1328}
		{Axis -1 0}
	}
	{Rotate}
}
{Volume "body01"
	{Box 21.307 8.24803 11.6382}
	{Bone "605_c1"}
	{Position -40.701	6.6839	67.2594}
}
{Volume "body02"
	{Box 8.59153 8.24803 15.5176}
	{Bone "605_c1"}
	{Position -35.1364	6.6839	21.3713}
}
{Volume "body03"
	{Box 34.3661 8.24803 59.4593}
	{Bone "605_c1"}
	{Position -13.5307	6.6839	43.3422}
}
{Volume "body04"
	{Box 7.85191 59.5461 59.5582}
	{Bone "605_c1"}
	{Position 7.05289	-19.0463	43.2836}
}
{Volume "body05"
	{Box 7.85191 13.1002 11.53}
	{Bone "605_c1"}
	{Position 7.05289	-55.2578	67.3577}
}
{Volume "hole1"
	{Box 15.748 17.7166 33.4646}
	{Bone "605_c1"}
	{Position 7.06732	-18.5093	45.5448}
}
{Volume "roof01"
	{Polyhedron "roof01.vol"}
	{Bone "exterior"}
	{Matrix34
		0.938566	0	-0.3451
		0	1	0
		0.3451	0	0.938566
		11.7268	3.53204	0.356796
	}
}
{Volume "roof02"
	{Polyhedron "roof02.vol"}
	{Bone "exterior"}
	{Matrix34
		0.936133	0	0.351645
		0	1	0
		-0.351645	0	0.936133
		-21.2555	-9.93817	6.57439
	}
}
{Volume "roof03"
	{Polyhedron "roof03.vol"}
	{Bone "exterior"}
	{Matrix34
		0	0.938566	-0.3451
		-1	0	0
		0	0.3451	0.938566
		6.48608	17.6116	0.356796
	}
}
{Volume "windbody01"
	{Box 1.4946 17.7166 26.437}
	{Bone "605_c1"}
	{Position 8.35626	-18.4432	42.0371}
}
{Volume "windbody02"
	{Box 1.4946 9.15237 26.437}
	{Bone "605_c1"}
	{Matrix34
		0.18745	0.982274	0
		-0.982274	0.18745	0
		0	0	1
		-34.1804	8.47662	42.0371
	}
}
{Volume "window1"
	{Box 1.4946 17.7166 33.4646}
	{Bone "window1"}
	{Position 0	0	0}
}
