;Exported by: Mauzer
;Date:        Thu Aug 20 10:30:50 2009
;File:        E:\Autodesk\Low poly\freelance\DMS\PzVI Ausf. E\PzVI Ausf. E_x.max
{Skeleton
	{bone "basis"
		{Orientation
			1	0	0
			0	-1	0
			0	0	1
		}
		{bone "body"
			{parameters "ID=body;"}
			{animation
				{sequence "break" {file "body_b.anm"} {speed 0.7}}
			}
			{Position -1.72804	0.0873568	25.6061}
			{VolumeView "body.ply"}
			{bone revolute "turret"
				{parameters "ID=turret;"}
				{animation
					{sequence "break" {file "turret_b.anm"} {speed 0.9}}
				}
				{speed 0.01}
				{Position 0.547158	-0.0489051	19.2143}
				{VolumeView "turret.ply"}
				;----------->NP
				{bone "gun2"
					{Matrix34
						0.999999	-0.00174522	0
						0.0017452	0.999985	-0.00523612
						0	0.00523612	0.999986
						0.53751	-0.437796	1.85155
					}
					{VolumeView "gun2.ply"}
				}
				{bone "gun3"
					{Matrix34
						0.999999	-0.00174522	0
						0.0017452	0.999985	-0.00523612
						0	0.00523612	0.999986
						0.53751	-0.437796	1.85155
					}
					{VolumeView "gun3.ply"}
				}
				;-----------<NP
				{bone revolute "gun_rot"
					{parameters "ID=gun;"}
					{animation
						{sequence "break" {file "gun_b.anm"} {speed 0.6}}
					}
					{limits -10 15}
					{speed 0.01}
					{Matrix34
						1	0	0
						0	0	1
						0	-1	0
						23.3514	0.850745	-2.86171
					}
					{VolumeView "gun_rot.ply"}
					{bone "gun1"
						{parameters "ID=gun;"}
						{Matrix34
							1	0	0
							0	0	-1
							0	1	0
							37.5917	0.0617943	0.907898
						}
						{VolumeView "gun1.ply"}
						{bone "gun"
							{parameters "ID=gun;"}
							{Position 0	0	0}
							{VolumeView "gun.ply"}
						}
					}
				}
				{bone "cupola"
					{parameters "ID=turret;"}
					{Position 1.63223	1.60903	0.176041}
					{VolumeView "cupola.ply"}
					{bone "cover"
						{parameters "ID=turret;"}
						{Matrix34
							-0.309017	0.951057	0
							0	0	1
							0.951057	0.309017	0
							-7.47686	2.54616	11.1008
						}
						{VolumeView "cover.ply"}
					}
				}
				{bone "cover2"
					{Position 2.30817	-13.3835	5.57029}
					{VolumeView "cover2.ply"}
				}
			}
			{bone revolute "wheelr1"
				{parameters "ID=trackRight;Radius=0.35;"}
				{Matrix34
					1	0	0
					0	0	-1
					0	-1	0
					51.6362	-27.2901	-11.5467
				}
				{VolumeView "wheelr1.ply"}
			}
			{bone revolute "wheelr10"
				{parameters "ID=trackRight;Radius=0.25;"}
				{Matrix34
					1	0	0
					0	0	-1
					0	-1	0
					-46.2513	-27.5778	-14.5101
				}
				{VolumeView "wheelr10.ply"}
			}
			{bone revolute "wheell1"
				{parameters "ID=trackleft;Radius=0.35;"}
				{Matrix34
					1	0	0
					0	0	-1
					0	1	0
					51.6362	27.1805	-11.5467
				}
				{VolumeView "wheell1.ply"}
			}
			{bone revolute "wheell10"
				{parameters "ID=trackleft;Radius=0.25;"}
				{Matrix34
					1	0	0
					0	0	-1
					0	1	0
					-46.2513	27.4682	-14.5101
				}
				{VolumeView "wheell10.ply"}
			}
			;----------->NP
			{bone "engine_part"
				{Position -37.9424	0.446691	3.87301}
				{VolumeView "engine_part.ply"}
			}
			{bone "detail4"
				{Matrix34
					1	0	0
					0	0.999997	-0.00251388
					0	0.00251388	0.999997
					3.119196	-1.24317	3.57121
				}
				{VolumeView "detail4.ply"}
			}
			{bone "headl1"
				{Position 2	0	12.3}
				{VolumeView "detail5.ply"}
			}
			{bone "headl2"
				{Position 2	0	12.3}
				{VolumeView "detail6.ply"}
			}
			{bone "detail8"
				{Position 14.4773	-23.9252	9.4}
				{VolumeView "detail8.ply"}
			}
			{bone "detail7"
				{Position 36.0738	-7.47977	10.0}
				{VolumeView "detail7.ply"}
			}
			;-----------<NP
			{bone "shieldl1"
				{parameters "ID=shieldL1;"}
				{Position 53.4903	26.0775	-0.760229}
				{VolumeView "shieldl1.ply"}
			}
			{bone "shieldl2"
				{parameters "ID=shieldL2;"}
				{Position 33.3846	33.6034	0.576221}
				{VolumeView "shieldl2.ply"}
			}
			{bone "shieldl3"
				{parameters "ID=shieldL3;"}
				{Position 9.25536	33.5355	-0.939106}
				{VolumeView "shieldl3.ply"}
			}
			{bone "shieldl4"
				{parameters "ID=shieldL4;"}
				{Position -15.209	33.5994	-1.92489}
				{VolumeView "shieldl4.ply"}
			}
			{bone "shieldl5"
				{parameters "ID=shieldL5;"}
				{Position -39.6452	33.6516	-3.20632}
				{VolumeView "shieldl5.ply"}
			}
			{bone "shieldl6"
				{parameters "ID=shieldL6;"}
				{Position -55.093	26.7802	-8.64974}
				{VolumeView "shieldl6.ply"}
			}
			{bone "shieldr1"
				{parameters "ID=shieldR1;"}
				{Position 53.4422	-27.1907	-1.35603}
				{VolumeView "shieldr1.ply"}
			}
			{bone "shieldr2"
				{parameters "ID=shieldR2;"}
				{Position 33.3846	-33.6599	0.576221}
				{VolumeView "shieldr2.ply"}
			}
			{bone "shieldr3"
				{parameters "ID=shieldR3;"}
				{Position 9.25536	-33.5919	-0.939108}
				{VolumeView "shieldr3.ply"}
			}
			{bone "shieldr4"
				{parameters "ID=shieldR4;"}
				{Position -15.209	-33.6558	-1.92488}
				{VolumeView "shieldr4.ply"}
			}
			{bone "shieldr5"
				{parameters "ID=shieldR5;"}
				{Position -39.6452	-33.708	-3.20632}
				{VolumeView "shieldr5.ply"}
			}
			{bone "shieldr6"
				{parameters "ID=shieldR6;"}
				{Position -55.093	-27.1112	-8.64975}
				{VolumeView "shieldr6.ply"}
			}
			{bone "cover3"
				{Position 33.6639	22.3595	9.27431}
				{VolumeView "cover3.ply"}
			}
			{bone revolute "mgun_rot2"
				{limits -15 15}
				{Position 45.4884	-11.0237	5.55939}
				{bone revolute "mgun"
					{limits -15 15}
					{Matrix34
						1	0	0
						0	0	1
						0	-1	0
						0	0	0
					}
					{VolumeView "mgun.ply"}
				}
			}
			{bone "object01"
				{parameters "ID=body;"}
				{animation
					{sequence "break" {file "body_b.anm"} {speed 0.7}}
				}
				{Matrix34
					0.999048	0	0.0436191
					0	1	0
					-0.0436192	0	0.999048
					-17.7898	-28.7812	9.31834
				}
				{VolumeView "object01.ply"}
				{bone "object02"
					{parameters "ID=body;"}
					{animation
						{sequence "break" {file "body_b.anm"} {speed 0.7}}
					}
					{Matrix34
						0.999048	0	0.0436193
						0	1	0
						-0.0436195	0	0.999048
						0	0	11.6322
					}
					{VolumeView "object02.ply"}
					{bone "object05"
						{parameters "ID=body;"}
						{animation
							{sequence "break" {file "body_b.anm"} {speed 0.7}}
						}
						{Matrix34
							0.999048	0	0.0436193
							0	1	0
							-0.0436195	0	0.999048
							0	0	7.79957
						}
						{VolumeView "object05.ply"}
						{bone "object04"
							{parameters "ID=body;"}
							{animation
								{sequence "break" {file "body_b.anm"} {speed 0.7}}
							}
							{Matrix34
								0.999048	0	0.0436192
								0	1	0
								-0.0436195	0	0.999048
								0	0	7.75671
							}
							{VolumeView "object04.ply"}
							{bone "object03"
								{parameters "ID=body;"}
								{animation
									{sequence "break" {file "body_b.anm"} {speed 0.7}}
								}
								{Matrix34
									0.999048	0	0.0436192
									0	1	0
									-0.0436196	0	0.999048
									0	0	3.85165
								}
								{VolumeView "object03.ply"}
							}
						}
					}
				}
			}
			{bone "engine"
				{parameters "CommonMesh;ID=engine;"}
				{animation
					{sequence "break" {file "engine_b.anm"} {speed 0.6}}
				}
				{Matrix34
					0.99863	0	0.0523361
					-0.00228287	0.999048	0.0435597
					-0.0522863	-0.0436194	0.997679
					-36.1888	-0.132375	9.77892
				}
				{VolumeView "engine.ply"}
			}
		}
		{bone "wheelsl"
			{parameters "wheelsL;"}
			{animation
				{sequence "break" {file "trackL.anm"}}
			}
			{Position 1.41333	27.8386	0}
			;----------->NP
			{bone revolute "wheell2"
				{parameters "ID=trackleft;Radius=0.35;"}
				{Matrix34
					0.803857	0	-0.594823
					-0.594823	0	-0.803857
					0	1	0
					35.4383	1.491881	9.29583
				}
				{VolumeView "wheell3.ply"}
			}
			{bone revolute "wheell3"
				{parameters "ID=trackleft;Radius=0.35;"}
				{Matrix34
					0.833886	0	0.551937
					0.551937	0	-0.833886
					0	1	0
					25.1012	1.062258	9.29584
				}
				{VolumeView "wheell2.ply"}
			}
			{bone revolute "wheell4"
				{parameters "ID=trackleft;Radius=0.35;"}
				{Matrix34
					0.492424	0	0.870356
					0.870356	0	-0.492424
					0	1	0
					14.984	1.491881	9.29583
				}
				{VolumeView "wheell3.ply"}
			}
			{bone revolute "wheell6"
				{parameters "ID=trackleft;Radius=0.35;"}
				{Matrix34
					-0.970296	0	0.241922
					0.241922	0	0.970296
					0	1	0
					-5.31093	1.491881	9.29583
				}
				{VolumeView "wheell3.ply"}
			}
			{bone revolute "wheell8"
				{parameters "ID=trackleft;Radius=0.35;"}
				{Matrix34
					0.317305	0	0.948324
					0.948324	0	-0.317305
					0	1	0
					-25.3244	1.491881	9.29583
				}
				{VolumeView "wheell3.ply"}
			}
			{bone revolute "wheell5"
				{parameters "ID=trackleft;Radius=0.35;"}
				{Matrix34
					-0.5	0	0.866025
					0.866025	0	0.5
					0	1	0
					4.71587	1.062258	9.29584
				}
				{VolumeView "wheell2.ply"}
			}
			{bone revolute "wheell7"
				{parameters "ID=trackleft;Radius=0.35;"}
				{Matrix34
					-0.559193	0	-0.829037
					-0.829038	0	0.559193
					0	1	0
					-15.5291	1.062258	9.29584
				}
				{VolumeView "wheell2.ply"}
			}
			{bone revolute "wheell9"
				{parameters "ID=trackleft;Radius=0.35;"}
				{Matrix34
					-0.99863	0	-0.0523359
					-0.0523362	0	0.99863
					0	1	0
					-35.2322	1.062258	9.29584
				}
				{VolumeView "wheell2.ply"}
			}
			;-----------<NP
			{bone "trackl"
				{parameters "CommonMesh;ID=trackLeft;"}
				{Position 0.156357	-0.0899467	11.5159}
				{VolumeView "trackl.ply"}
			}
		}
		{bone "wheelsr"
			{parameters "wheelsR;"}
			{animation
				{sequence "break" {file "trackR.anm"}}
			}
			{Position 1.41333	-28.1039	0}
			;----------->NP
			{bone revolute "wheelr2"
				{parameters "ID=trackRight;Radius=0.35;"}
				{Matrix34
					0.636079	0	-0.771624
					-0.771624	0	-0.636079
					0	-1	0
					35.4383	-1.6386559	9.29583
				}
				{VolumeView "wheelr3.ply"}
			}
			{bone revolute "wheelr3"
				{parameters "ID=trackRight;Radius=0.35;"}
				{Matrix34
					-0.629321	0	0.777146
					0.777146	0	0.629321
					0	-1	0
					25.1012	-1.00904	9.29584
				}
				{VolumeView "wheelr2.ply"}
			}
			{bone revolute "wheelr4"
				{parameters "ID=trackRight;Radius=0.35;"}
				{Matrix34
					-0.870355	0	-0.492424
					-0.492424	0	0.870355
					0	-1	0
					15.023	-1.6386559	9.29583
				}
				{VolumeView "wheelr3.ply"}
			}
			{bone revolute "wheelr6"
				{parameters "ID=trackRight;Radius=0.35;"}
				{Matrix34
					1	0	0
					0	0	-1
					0	-1	0
					-5.30489	-1.6386559	9.29583
				}
				{VolumeView "wheelr3.ply"}
			}
			{bone revolute "wheelr8"
				{parameters "ID=trackRight;Radius=0.35;"}
				{Matrix34
					-0.0174528	0	0.999848
					0.999848	0	0.0174528
					0	-1	0
					-25.3287	-1.6386559	9.29583
				}
				{VolumeView "wheelr3.ply"}
			}
			{bone revolute "wheelr5"
				{parameters "ID=trackRight;Radius=0.35;"}
				{Matrix34
					0.927184	0	0.374607
					0.374607	0	-0.927184
					0	-1	0
					4.71587	-1.500904	9.29584
				}
				{VolumeView "wheelr2.ply"}
			}
			{bone revolute "wheelr7"
				{parameters "ID=trackRight;Radius=0.35;"}
				{Matrix34
					-0.819152	0	-0.573577
					-0.573577	0	0.819152
					0	-1	0
					-15.5291	-1.00904	9.29584
				}
				{VolumeView "wheelr2.ply"}
			}
			{bone revolute "wheelr9"
				{parameters "ID=trackRight;Radius=0.35;"}
				{Matrix34
					0.963631	0	-0.267238
					-0.267238	0	-0.963631
					0	-1	0
					-35.2322	-1.00904	9.29584
				}
				{VolumeView "wheelr2.ply"}
			}
			;-----------<NP
			{bone "trackr"
				{parameters "CommonMesh;ID=trackRight;"}
				{Position 0.156374	0.0337601	11.5159}
				{VolumeView "trackr.ply"}
			}
		}
	}
}
{Volume "crew"
	{Box 35.2795 34.164 15.1855}
	{Bone "body"}
	{Position 5.0272	-0.00792779	-1.45013}
}
{Volume "inventory"
	{Box 21.6687 19.9849 11.8177}
	{Bone "body"}
	{Position 3.24909	-0.00792795	-1.75288}
}
