;Exported by: sasha
;Date:        Tue Apr 01 14:53:13 2008
;File:        D:\-Project-\-3D-\algiers\algere_storage1_v2.max
{Skeleton
	{bone "tb1b_roof7"
		{Orientation
			1	0	0
			0	-1	0
			0	0	1
		}
		{VolumeView "tb1b_roof7.ply"}
		{bone "fix01"
			{Position 7.65182	-27.5821	-16.1847}
		}
		{bone "fix02"
			{Position -36.9052	3.32676	-16.9188}
		}
	}
}
{Volume "roof01"
	{Polyhedron "roof01.vol"}
	{Bone "tb1b_roof7"}
	{Matrix34
		0.916101	0	0.400948
		-0.400948	0	0.916101
		0	-1	0
		-17.3894	15.9069	0.689697
	}
}
{Volume "roof02"
	{Polyhedron "roof02.vol"}
	{Bone "tb1b_roof7"}
	{Matrix34
		0	-0.91564	-0.401999
		0	-0.401999	0.91564
		-1	0	0
		33.5998	-6.15329	0.688873
	}
}
{Volume "roof03"
	{Box 5.91592 0.925537 14.2845}
	{Bone "tb1b_roof7"}
	{Matrix34
		0	-0.915287	0.402803
		0	0.402803	0.915287
		-1	0	0
		18.0291	24.2375	8.51926
	}
}
{Volume "roof04"
	{Box 6.91597 0.955154 25.4256}
	{Bone "tb1b_roof7"}
	{Matrix34
		0	-1	0
		0	0	1
		-1	0	0
		16.0711	18.0008	9.72775
	}
}
