;Exported by: ubrashaev
;Date:        Wed Jul 20 15:08:33 2005
;File:        D:\-Projects1_5-\-work-\3d\-Model-\- Œ–¿¡À»\ˇ\ya5.max
{Skeleton
	{animation
		{sequence "flattern" {speed 1}}
		{sequence "drift" {speed 0.5}}
		{sequence "doorright" {speed 0.5}}
	}
	{bone "basis"
		{Orientation
			1	0	0
			0	-1	0
			0	0	1
		}
		{bone "body"
			{parameters "ID=body;"}
			{Position 40.3871	-0.0486946	-4.09718}
			{VolumeView "body.ply"}
			{bone "emitx2"
				{Matrix34
					0	-1	0
					1	0	0
					0	0	1
					-133.001	-66.4649	40.282
				}
				{visibility 0}
			}
			{bone revolute "fx_exp2"
				{limits -2 2}
				{Position -15.0026	-2.82871	20.9787}
			}
			{bone "emitx8"
				{Matrix34
					0	1	0
					-1	0	0
					0	0	1
					-73.9019	62.7199	41.1194
				}
				{visibility 0}
			}
			{bone "emitx7"
				{Matrix34
					0	-1	0
					1	0	0
					0	0	1
					52.9951	-66.1161	40.282
				}
				{visibility 0}
			}
			{bone "emitx6"
				{Matrix34
					0	1	0
					-1	0	0
					0	0	1
					45.7739	59.4613	41.1195
				}
				{visibility 0}
			}
			{bone "emitx5"
				{Matrix34
					0	1	0
					-1	0	0
					0	0	1
					-22.724	63.3162	41.1194
				}
				{visibility 0}
			}
			{bone revolute "fx_exp4"
				{limits -2 2}
				{Position -186.605	-2.80759	20.7581}
			}
			{bone "place10"
				{Matrix34
					0.998428	0.0560532	0
					-0.0560532	0.998428	0
					0	0	1
					17.3461	-25.9173	25.6061
				}
			}
			{bone "place9"
				{Matrix34
					0.978915	-0.204269	0
					0.204269	0.978915	0
					0	0	1
					-9.24947	-27.219	25.6061
				}
			}
			{bone "place8"
				{Matrix34
					0.978915	-0.204269	0
					0.204269	0.978915	0
					0	0	1
					-40.1597	-27.0331	25.6061
				}
			}
			{bone "place7"
				{Matrix34
					0.984808	-0.173649	0
					0.173649	0.984808	0
					0	0	1
					-127.743	-23.6306	23.2486
				}
			}
			{bone "place6"
				{Matrix34
					0.996195	0.0871553	0
					-0.0871553	0.996195	0
					0	0	1
					-139.858	26.8889	23.2486
				}
			}
			{bone "place5"
				{Matrix34
					0.999366	-0.035605	0
					0.035605	0.999366	0
					0	0	1
					-88.4668	30.2609	28.0432
				}
			}
			{bone "place4"
				{Matrix34
					0.999366	-0.035605	0
					0.035605	0.999366	0
					0	0	1
					-56.0577	29.1062	28.0432
				}
			}
			{bone "place3"
				{Matrix34
					0.974529	0.224263	0
					-0.224263	0.974529	0
					0	0	1
					-34.7367	28.3466	28.0432
				}
			}
			{bone revolute "fx_exp1"
				{limits -2 2}
				{Position 110.934	-2.82871	20.9787}
			}
			{bone "place2"
				{Matrix34
					0.999366	-0.035605	0
					0.035605	0.999366	0
					0	0	1
					-4.96362	28.7855	28.0432
				}
			}
			{bone "place1"
				{Matrix34
					0.990366	0.138474	0
					-0.138474	0.990366	0
					0	0	1
					18.2433	27.9587	28.0432
				}
			}
			{bone "emitx3"
				{Matrix34
					0	1	0
					-1	0	0
					0	0	1
					-143.814	59.4613	41.1194
				}
				{visibility 0}
			}
			{bone "emitx1"
				{Matrix34
					0	-1	0
					1	0	0
					0	0	1
					-17.036	-66.6808	40.282
				}
				{visibility 0}
			}
			{bone "emitx"
				{Matrix34
					0	-1	0
					1	0	0
					0	0	1
					-71.2847	-65.1091	34.7028
				}
				{visibility 0}
			}
			{bone "node_l5"
				{Matrix34
					0	1	0
					1	0	0
					0	0	1
					-125.819	25.1301	29.6876
				}
			}
			{bone "node_l2"
				{Matrix34
					0	1	0
					1	0	0
					0	0	1
					50.0804	22.9999	33.9852
				}
			}
			{bone "node_r2"
				{Matrix34
					0	-1	0
					1	0	0
					0	0	1
					50.8283	-26.3258	32.6165
				}
			}
			{bone "node_r5"
				{Matrix34
					-0.0871555	-0.996195	0
					0.996195	-0.0871555	0
					0	0	1
					-114.188	-24.0844	29.3002
				}
			}
			{bone "attach_gun1"
				{Position 115.268	0.222496	34.926}
				{VolumeView "attach_gun1.ply"}
			}
			{bone "attach_gun2"
				{Position -203.069	-0.468904	25.7586}
				{VolumeView "attach_gun2.ply"}
			}
			{bone "fx_bulb_norm_front1"
				{Matrix34
					0.422619	0.906308	0
					-0.906308	0.422619	0
					0	0	1
					138.469	12.9615	13.8768
				}
			}
			{bone "fx_bulb_norm_front2"
				{Matrix34
					0.5	-0.866025	0
					0.866025	0.5	0
					0	0	1
					138.529	-14.4091	13.8867
				}
			}
			{bone "fx_bulb_small_center9"
				{Matrix34
					0.087156	0.996195	0
					-0.996195	0.087156	0
					0	0	1
					56.9843	24.2627	4.82963
				}
			}
			{bone "fx_bulb_small_center10"
				{Matrix34
					0.0871553	-0.996195	0
					0.996195	0.0871553	0
					0	0	1
					57.0955	-23.8123	4.82963
				}
			}
			{bone "fx_smoke"
				{Matrix34
					-0.965926	0.25882	0
					-0.25882	-0.965926	0
					0	0	1
					-137.527	-9.31776	51.2837
				}
			}
			{bone "node_l3"
				{Matrix34
					0.047343	0.998879	0
					0.998879	-0.047343	0
					0	0	1
					-20.4404	31.6529	35.3561
				}
			}
			{bone "node_l4"
				{Matrix34
					0.047343	0.998879	0
					0.998879	-0.047343	0
					0	0	1
					-72.6554	29.8883	32.4409
				}
			}
			{bone "node_r3"
				{Matrix34
					0.0398944	-0.999204	0
					0.999204	0.0398944	0
					0	0	1
					-25.1345	-25.7396	31.8045
				}
			}
			{bone "node_r4"
				{Matrix34
					-0.0473424	-0.998879	0
					0.998879	-0.0473423	0
					0	0	1
					-72.5351	-24.7645	28.2411
				}
			}
			{bone "cabin"
				{parameters "ID=cabin;"}
				{Matrix34
					0	1	0
					-0.998251	0	-0.0591148
					-0.0591148	0	0.998251
					24.207	0.124969	27.5775
				}
				{VolumeView "cabin.ply"}
				{bone "door_r"
					{Matrix34
						0	-0.998251	-0.059115
						1	0	0
						0	-0.059115	0.998251
						21.811	46.4636	14.6586
					}
					{VolumeView "door_r.ply"}
				}
				{bone "driver"
					{Matrix34
						-0.047344	-0.997132	-0.0590489
						0.998879	-0.0472612	-0.00279891
						0	-0.0591152	0.998251
						7.29723	14.1975	5.01796
					}
				}
				{bone "gunner"
					{Matrix34
						-0.047344	-0.997132	-0.0590489
						0.998879	-0.0472612	-0.00279891
						0	-0.0591152	0.998251
						-10.7956	14.1937	5.08345
					}
				}
			}
			{bone "flag"
				{parameters "CommonMesh;"}
				{Matrix34
					1	0	0
					0	0	1
					0	-1	0
					-23.5228	-0.394688	151.36
				}
				{VolumeView "flag.ply"}
			}
			{bone "body_front"
				{parameters "ID=body_front;"}
				{VolumeView "body_front.ply"}
				{bone "fire_front1"
					{Matrix34
						-0.258819	0.79124	0.554032
						0	0.573577	-0.819152
						-0.965926	-0.212012	-0.148453
						131.346	18.9299	28.8086
					}
				}
				{bone "fire_front2"
					{Matrix34
						-0.258819	-0.482964	0.836516
						0	0.866025	0.500001
						-0.965926	0.12941	-0.224144
						103.196	-22.5814	19.1002
					}
				}
				{bone "fire_front3"
					{Matrix34
						-0.258819	0.683012	0.683013
						0	0.707107	-0.707107
						-0.965926	-0.183013	-0.183013
						102.668	19.6721	19.1902
					}
				}
				{bone "smoke_front1"
					{Matrix34
						0.0215918	0.619264	0.784886
						0.612372	0.612373	-0.5
						-0.790275	0.491438	-0.365998
						124.876	13.6634	17.0435
					}
				}
				{bone "smoke_front2"
					{Matrix34
						0.26059	-0.507352	0.821394
						-0.875426	0.23457	0.422619
						-0.40709	-0.829199	-0.383022
						125.991	-17.1924	27.0788
					}
				}
			}
			{bone "body_rear"
				{parameters "ID=body_rear;"}
				{VolumeView "body_rear.ply"}
				{bone "fx_bulb1"
					{Matrix34
						-0.965926	0.25882	0
						-0.25882	-0.965926	0
						0	0	1
						-221.53	26.5493	-0.459174
					}
				}
				{bone "fx_bulb2"
					{Matrix34
						-0.965926	-0.258819	0
						-0.258819	0.965926	0
						0	0	1
						-222.345	-28.0595	-0.449294
					}
				}
				{bone "fx_bulb_norm_engine1"
					{Matrix34
						-1	0	0
						0	-1	0
						0	0	1
						-225.645	-0.309569	2.0981
					}
				}
				{bone "fx_bulb_small_back1"
					{Matrix34
						0	1	0
						-1	0	0
						0	0	1
						-218.87	30.3333	-1.29119
					}
				}
				{bone "fx_bulb_small_back2"
					{Matrix34
						0	-1	0
						1	0	0
						0	0	1
						-219.684	-29.5192	-1.28131
					}
				}
				{bone "fire_rear1"
					{Matrix34
						0.0400094	-0.633023	0.773099
						0.111619	-0.766044	-0.633023
						0.992945	0.11162	0.0400085
						-88.4818	-25.1292	25.9014
					}
				}
				{bone "fire_rear2"
					{Matrix34
						0	-0.0871564	0.996195
						-1	0	0
						0	-0.996195	-0.0871564
						-169.338	-11.0307	25.1184
					}
				}
				{bone "fire_rear3"
					{Matrix34
						0.087156	-0.816035	0.571393
						0	-0.573576	-0.819152
						0.996195	0.0713943	-0.0499903
						-170.029	-33.3307	12.7756
					}
				}
				{bone "smoke_rear1"
					{Matrix34
						0	-0.173649	0.984808
						-1	0	0
						0	-0.984808	-0.173649
						-106.374	2.03863	38.5965
					}
				}
				{bone "smoke_rear2"
					{Matrix34
						0	-0.173649	0.984808
						-1	0	0
						0	-0.984808	-0.173649
						-123.083	2.79047	38.2543
					}
				}
				{bone "smoke_rear3"
					{Matrix34
						-0.0871561	0	0.996195
						0	1	0
						-0.996195	0	-0.0871561
						-169.334	22.7819	24.7256
					}
				}
				{bone "smoke_rear4"
					{Matrix34
						0	-0.173649	0.984808
						-1	0	0
						0	-0.984808	-0.173649
						-180.503	-14.7092	24.7256
					}
				}
				{bone "smoke_rear5"
					{Matrix34
						0	-0.173649	0.984808
						-1	0	0
						0	-0.984808	-0.173649
						-188.636	-31.8082	12.1111
					}
				}
				{bone "smoke_rear6"
					{Matrix34
						0	0.258818	0.965926
						-1	0	0
						0	-0.965926	0.258818
						-177.488	33.4622	8.08658
					}
				}
				{bone "fire_rear7"
					{Matrix34
						-0.0871564	0	0.996195
						0	1	0
						-0.996195	0	-0.0871564
						-108.545	-32.9622	14.5252
					}
				}
			}
			{bone "fx_bulb_small_center1"
				{Matrix34
					0	1	0
					-1	0	0
					0	0	1
					-108.96	33.6551	14.0747
				}
			}
			{bone "fx_bulb_small_center3"
				{Matrix34
					0	1	0
					-1	0	0
					0	0	1
					-20.0319	32.4141	11.8773
				}
			}
			{bone "fx_bulb_small_center4"
				{Matrix34
					0	-1	0
					1	0	0
					0	0	1
					-20.0189	-35.1612	11.8773
				}
			}
			{bone "fx_bulb_small_center2"
				{Matrix34
					0	-1	0
					1	0	0
					0	0	1
					-108.96	-36.1292	14.0747
				}
			}
			{bone "fire_center1"
				{Matrix34
					0	0.258819	0.965926
					0	0.965926	-0.258819
					-1	0	0
					53.4294	25.4756	7.8268
				}
			}
			{bone "fire_center2"
				{Matrix34
					0	0.34202	0.939693
					0	0.939693	-0.34202
					-1	0	0
					-17.3364	31.954	15.5784
				}
			}
			{bone "fire_center3"
				{Matrix34
					0	0	1
					0	1	0
					-1	0	0
					41.4761	-21.331	29.2481
				}
			}
			{bone "smoke_center1"
				{Matrix34
					0	-0.34202	0.939693
					0	0.939693	0.34202
					-1	0	0
					-17.6709	-28.9267	12.7916
				}
			}
			{bone "smoke_center2"
				{Matrix34
					0	0	1
					0	1	0
					-1	0	0
					63.2012	18.7821	31.3396
				}
			}
			{bone "smoke_center3"
				{Matrix34
					0	-0.5	0.866025
					0	0.866025	0.5
					-1	0	0
					49.977	-24.1259	10.1291
				}
			}
			{bone "smoke_center4"
				{Matrix34
					0	0	1
					0	1	0
					-1	0	0
					-13.9535	22.3859	28.6803
				}
			}
			{bone "smoke_center5"
				{Matrix34
					0	-0.422618	0.906308
					0	0.906308	0.422618
					-1	0	0
					-21.5816	-18.0408	43.5176
				}
			}
			{bone "smoke_center6"
				{Matrix34
					0	0.766045	0.642788
					0	0.642788	-0.766045
					-1	0	0
					-5.32943	18.1993	61.1852
				}
			}
		}
		{bone "volume_holder"
			{Matrix34
				0.999926	0	-0.0121343
				0	1	0
				0.0121343	0	0.999926
				-1.11532e-005	0	0
			}
		}
		{bone "pivot_back"
			{Matrix34
				0	1	0
				-1	0	0
				0	0	1
				-162.392	-0.688477	0
			}
		}
		{bone "pivot_front"
			{Matrix34
				0	1	0
				-1	0	0
				0	0	1
				155.009	-0.688461	0
			}
		}
	}
}
{Volume "body"
	{Box 150.307 70.8661 47.4614}
	{Bone "volume_holder"}
	{Matrix34
		1	0	0
		0	-1	0
		0	0	-1
		5.43815	-0.00250831	9.45331
	}
}
{Volume "ballast4"
	{Box 29.5276 29.5276 153.595}
	{Bone "volume_holder"}
	{Matrix34
		0	0	1
		0	1	0
		-1	0	0
		-117.238	-18.4405	0.2433
	}
}
{Volume "ballast3"
	{Box 29.5276 29.5276 196.85}
	{Bone "volume_holder"}
	{Matrix34
		0	0	1
		0	1	0
		-1	0	0
		63.6636	-18.4405	0.243307
	}
}
{Volume "ballast2"
	{Box 29.5276 29.5276 153.595}
	{Bone "volume_holder"}
	{Matrix34
		0	0	1
		0	1	0
		-1	0	0
		-117.238	18.7208	0.243302
	}
}
{Volume "ballast1"
	{Box 29.5276 29.5276 196.85}
	{Bone "volume_holder"}
	{Matrix34
		0	0	1
		0	1	0
		-1	0	0
		63.6636	18.7208	0.243308
	}
}
{Volume "body_rear"
	{Box 122.321 70.8661 47.4614}
	{Bone "body_rear"}
	{Matrix34
		0.999926	0	-0.0121343
		0	-1	0
		-0.0121343	0	-0.999926
		-170.587	0.0462104	15.6429
	}
}
{Volume "body_front"
	{Polyhedron "body_front.vol"}
	{Bone "body_front"}
	{Matrix34
		0.999926	0	-0.0121343
		0	-1	0
		-0.0121343	0	-0.999926
		93.4843	0.0461728	-11.8058
	}
}
{Volume "cabin"
	{Box 41.0046 36.4015 77.5363}
	{Bone "cabin"}
	{Matrix34
		0.00394947	0.0591142	-0.998243
		-0.999992	0.000234247	-0.00394252
		0	0.998251	0.0591147
		-0.4225	34.5614	22.1006
	}
}
{Volume "place1"
	{Box 13.4823 11.8904 35.0518}
	{Bone "place1"}
	{Position -0.765167	0.223492	13.368}
}
{Volume "place2"
	{Box 13.4823 11.8904 35.0518}
	{Bone "place2"}
	{Position 0.459167	-0.40573	13.9293}
}
{Volume "place3"
	{Box 13.4823 11.8904 35.0518}
	{Bone "place3"}
	{Position -0.399691	0.223486	13.9985}
}
{Volume "place4"
	{Box 13.4823 11.8904 35.0518}
	{Bone "place4"}
	{Position 0.273226	-0.405726	13.961}
}
{Volume "place5"
	{Box 13.4823 11.8904 35.0518}
	{Bone "place5"}
	{Position 0.979375	0.223481	13.8271}
}
{Volume "place6"
	{Box 13.4823 11.8904 35.0518}
	{Bone "place6"}
	{Position 0	0	13.8448}
}
{Volume "place7"
	{Box 13.4823 11.8904 35.0518}
	{Bone "place7"}
	{Position 0	0	13.8448}
}
{Volume "place8"
	{Box 13.4823 11.8904 35.0518}
	{Bone "place8"}
	{Matrix34
		0.965926	0.258819	0
		-0.258819	0.965926	0
		0	0	1
		0	0	14.1016
	}
}
{Volume "place9"
	{Box 13.4823 11.8904 35.0518}
	{Bone "place9"}
	{Position -0.358551	0.223479	13.9293}
}
{Volume "place10"
	{Box 13.4823 11.8904 35.0518}
	{Bone "place10"}
	{Position -0.826935	-0.405727	13.368}
}
