;Exported by: kolesnikov
;Date:        Mon Dec 05 11:06:05 2005
;File:        D:\-Project-\-3DWork-\Constructions\barricade_hlam.max
{Skeleton
	{bone "wardrobe_x"
		{Orientation
			1	0	0
			0	-1	0
			0	0	1
		}
		{bone "piece1"
			{Position 1.04028	-0.617874	0.527651}
			{VolumeView "piece1.ply"}
		}
		{bone "piece2"
			{Matrix34
				-1	0	0
				0	-0.984443	0.175707
				0	0.175707	0.984443
				-6.02869	6.01377	21.0697
			}
			{VolumeView "piece2.ply"}
		}
		{bone "piece8"
			{Matrix34
				-1	0	0
				0	0.953279	0.302092
				0	0.302092	-0.953279
				-6.06281	-6.83277	12.0871
			}
			{VolumeView "piece8.ply"}
		}
		{bone "piece3"
			{Matrix34
				1	0	0
				0	0.981196	-0.193015
				0	0.193015	0.981196
				-6.06281	-6.88863	29.5195
			}
			{VolumeView "piece3.ply"}
		}
		{bone "piece4"
			{Matrix34
				1	0	0
				0	0.997222	0.0744863
				0	-0.0744863	0.997222
				8.26086	-6.73812	21.0689
			}
			{VolumeView "piece4.ply"}
		}
		{bone "piece5"
			{Matrix34
				-1	0	0
				0	0.929806	0.36805
				0	0.36805	-0.929806
				8.19031	5.89175	12.078
			}
			{VolumeView "piece5.ply"}
		}
		{bone "piece6"
			{Matrix34
				1	0	0
				0	0.980409	-0.196972
				0	0.196972	0.980409
				8.19031	5.85413	29.5208
			}
			{VolumeView "piece6.ply"}
		}
		{bone "piece7"
			{Matrix34
				0	-1	0
				-0.988115	0	-0.153718
				0.153718	0	-0.988115
				-13.0321	-0.431979	15.7816
			}
			{VolumeView "piece7.ply"}
		}
	}
}
{Volume "box07"
	{Box 14.479 0.715366 19.9587}
	{Bone "piece8"}
	{Matrix34
		-1	0	0
		0	1	0
		0	0	-1
		-0.169006	0.00169783	0.655438
	}
}
{Volume "box194"
	{Box 14.479 0.715366 19.1604}
	{Bone "piece3"}
	{Position 0.168945	0.00169642	1.60447}
}
{Volume "box195"
	{Box 14.479 0.715366 39.1074}
	{Bone "piece4"}
	{Position -0.0847473	0.00424774	-0.0475273}
}
{Volume "box196"
	{Box 14.479 0.715366 39.1074}
	{Bone "piece2"}
	{Position -0.0519426	-0.0114072	-0.0475292}
}
{Volume "box197"
	{Box 14.479 0.715366 19.1604}
	{Bone "piece6"}
	{Matrix34
		-1	0	0
		0	-1	0
		0	0	1
		-0.0970449	0.0088549	1.60447
	}
}
{Volume "box198"
	{Box 14.479 0.715366 19.9587}
	{Bone "piece5"}
	{Matrix34
		1	0	0
		0	-1	0
		0	0	-1
		0.0970142	0.00885526	0.655439
	}
}
{Volume "box199"
	{Box 11.8728 0.715366 25.8109}
	{Bone "piece7"}
	{Matrix34
		1	0	0
		0	-1	0
		0	0	-1
		-0.143311	-0.027162	1.41882
	}
}
{Volume "box200"
	{Box 14.841 29.1248 1.80676}
	{Bone "piece1"}
	{Matrix34
		0	-1	0
		1	0	0
		0	0	1
		-0.192871	0.329192	0.365197
	}
}
