;Exported by: sasha
;Date:        Tue Dec 25 09:13:33 2007
;File:        D:\-Project-\-3DWork-\a_house 303\a_house_303alt(room).max
{Skeleton
	{bone "303_dw2r"
		{Orientation
			1	0	0
			0	-1	0
			0	0	1
		}
		{VolumeView "303_dw2r.ply"}
		{bone "window1"
			{Matrix34
				0	0	-1
				1	0	0
				0	-1	0
				-35.0536	-31.4507	31.4777
			}
			{VolumeView "window1.ply"}
		}
		{bone "exterior"
			{Position -33.5891	-11.1812	45.8647}
			{VolumeView "exterior.ply"}
		}
		{bone "attach1"
			{Matrix34
				0	-1	0
				1	0	0
				0	0	1
				-35.0987	-20.3894	0
			}
		}
		{bone "window1_x"
			{Matrix34
				0	0	-1
				1	0	0
				0	-1	0
				-35.0536	-31.4507	31.4777
			}
			{visibility 0}
			{VolumeView "window1_x.ply"}
		}
	}
}
{Obstacle "body1"
	{Obb2
		{Center -38.292 36.9494}
		{Extent 20.9388 6.97676}
		{Axis 1 0}
	}
	{Rotate}
	{Tags  "body"}
}
{Obstacle "body2"
	{Obb2
		{Center -56.7836 13.433}
		{Extent 4.5726 24.289}
		{Axis 1 0}
	}
	{Rotate}
	{Tags  "body"}
}
{Area "interior"
	{Obb2
		{Center -32.6581 10.5296}
		{Extent 22.6121 21.5938}
		{Axis -1 0}
	}
	{Rotate}
}
{Volume "body1"
	{Box 11.0472 41.8776 16.2954}
	{Bone "303_dw2r"}
	{Matrix34
		0	0.981627	-0.190809
		-1	0	0
		0	0.190809	0.981627
		-38.292	-36.9494	7.33359
	}
}
{Volume "body2"
	{Box 6.14887 48.578 16.2954}
	{Bone "303_dw2r"}
	{Matrix34
		0.981627	0	-0.190809
		0	1	0
		0.190809	0	0.981627
		-56.7836	-13.433	7.33359
	}
}
{Volume "body3"
	{Polyhedron "body3.vol"}
	{Bone "303_dw2r"}
	{Matrix34
		0	0.995614	-0.093558
		-1	0	0
		0	0.093558	0.995614
		-33.0663	-33.6686	13.8106
	}
}
{Volume "body4"
	{Box 4.76409 46.6198 28.3608}
	{Bone "303_dw2r"}
	{Matrix34
		0.979874	0	-0.199614
		0	1	0
		0.199614	0	0.979874
		-52.8356	-9.05729	28.5282
	}
}
{Volume "body5"
	{Box 10.5347 37.0096 8.59785}
	{Bone "303_dw2r"}
	{Position -8.24131	-6.14751	45.5749}
}
{Volume "hole1"
	{Box 11.811 11.811 15.748}
	{Bone "303_dw2r"}
	{Matrix34
		0	0	-1
		-1	0	0
		0	1	0
		-35.1251	-31.5571	29.5125
	}
}
{Volume "roof1"
	{Box 44.1897 43.7641 2.95276}
	{Bone "exterior"}
	{Matrix34
		0.98807	0	0.154004
		0	1	0
		-0.154004	0	0.98807
		0.280894	0.127468	-0.0197263
	}
}
{Volume "window1"
	{Box 11.811 12.5197 3.18685}
	{Bone "window1"}
	{Matrix34
		0	1	0
		-0.990365	0	-0.138479
		-0.138479	0	0.990365
		1.96517	-0.0714699	0.106377
	}
}
