;Exported by: sana
;Date:        Fri Apr 28 16:34:52 2006
;File:        D:\-Project-\-3DWork-\Entourage\fence\barricade_cobble_copy.max
{Skeleton
	{bone "barricade_cobl3_c1"
		{Orientation
			1	0	0
			0	-1	0
			0	0	1
		}
		{VolumeView "barricade_cobl3_c1.ply"}
		{bone "climb4"
			{Matrix34
				-0.123658	-0.992325	0
				0.992325	-0.123658	0
				0	0	1
				30.6846	46.6349	0
			}
			{visibility 0}
		}
		{bone "climb17"
			{Matrix34
				0.418709	0.90812	0
				-0.90812	0.418709	0
				0	0	1
				17.7668	-3.31811	0
			}
			{visibility 0}
		}
	}
}
{Obstacle "obstacle26"
	{Obb2
		{Center 25.2799 -24.9152}
		{Extent 13.7726 19.308}
		{Axis -0.241545 0.97039}
	}
	{Rotate}
}
{Obstacle "obstacle27"
	{Obb2
		{Center -5.09842 -21.3872}
		{Extent 12.6843 22.6483}
		{Axis 0.350009 0.936746}
	}
	{Rotate}
}
{Volume "body81"
	{Box 32.669 18.8057 16.6461}
	{Bone "barricade_cobl3_c1"}
	{Matrix34
		-0.981242	0.192778	0
		-0.125304	-0.637802	-0.759939
		-0.146499	-0.745685	0.649994
		21.6489	25.0256	3.85952
	}
}
{Volume "body82"
	{Box 31.2362 18.8057 16.6461}
	{Bone "barricade_cobl3_c1"}
	{Matrix34
		-0.936543	-0.350551	0
		0.227856	-0.608746	-0.759939
		0.266397	-0.711715	0.649995
		-3.80144	21.4147	3.85952
	}
}
