;Exported by: sergienko
;Date:        Fri Feb 17 19:14:33 2006
;File:        D:\-projets1_5\3dwork\anima\construction\bridge\bidge_arc.max
{Skeleton
	{bone "bridge_arc_bay"
		{Orientation
			1	0	0
			0	-1	0
			0	0	1
		}
		{VolumeView "bridge_arc_bay.ply"}
		{bone "fix1"
			{Matrix34
				0.999997	-0.00226164	0
				0	-0.000105901	1
				-0.00226164	-0.999997	-0.000105902
				-27.1072	-5.72729	-9.42624
			}
		}
	}
}
{Volume "body10"
	{Box 3.92987 118.403 4.90039}
	{Bone "bridge_arc_bay"}
	{Matrix34
		0.728332	-0.0011756	-0.685223
		0.685222	-0.00110606	0.728333
		-0.00161412	-0.999999	0
		41.7724	-10.594	56.164
	}
}
{Volume "body11"
	{Box 6.04596 103.454 4.90039}
	{Bone "bridge_arc_bay"}
	{Matrix34
		0.999999	-0.00161409	0
		0	0	1
		-0.00161409	-0.999999	0
		83.6633	-10.6613	51.7763
	}
}
{Volume "body12"
	{Box 3.62627 33.2121 4.90039}
	{Bone "bridge_arc_bay"}
	{Matrix34
		0.00269813	0	-0.999996
		0.999995	-0.0016121	0.00269814
		-0.00161211	-0.999999	0
		101.753	-10.6906	100.76
	}
}
{Volume "body13"
	{Box 3.73727 55.3534 4.90039}
	{Bone "bridge_arc_bay"}
	{Matrix34
		-0.832548	0.00134381	-0.553951
		0.55395	-0.000894053	-0.832549
		-0.00161405	-0.999999	0
		100.874	-10.6891	76.5327
	}
}
{Volume "body14"
	{Box 3.92987 65.1217 4.90039}
	{Bone "bridge_arc_bay"}
	{Matrix34
		0.831308	-0.00134181	-0.555811
		0.55581	-0.000897055	0.831309
		-0.00161405	-0.999999	0
		99.9974	-10.6877	27.2622
	}
}
{Volume "body15"
	{Box 120.239 22.5604 3.035}
	{Bone "bridge_arc_bay"}
	{Matrix34
		0.999999	-0.00161409	0
		0	0	1
		-0.00161409	-0.999999	0
		-58.8553	-2.9033	10.9353
	}
}
{Volume "body16"
	{Box 120.239 22.5604 3.035}
	{Bone "bridge_arc_bay"}
	{Matrix34
		0.999999	-0.00161409	0
		0	0	1
		-0.00161409	-0.999999	0
		58.601	-3.09285	10.9353
	}
}
{Volume "body1"
	{Box 3.62627 33.2121 4.90039}
	{Bone "bridge_arc_bay"}
	{Matrix34
		0.00269813	0	-0.999996
		0.999995	-0.0016121	0.00269814
		-0.00161211	-0.999999	0
		-102.874	-10.3602	100.76
	}
}
{Volume "body2"
	{Box 3.73727 55.3534 4.90039}
	{Bone "bridge_arc_bay"}
	{Matrix34
		0.832548	-0.00134388	-0.553951
		-0.55395	0.000894101	-0.832549
		0.00161414	0.999999	0
		-101.655	-10.3623	76.5327
	}
}
{Volume "body3"
	{Box 3.92987 65.1217 4.90039}
	{Bone "bridge_arc_bay"}
	{Matrix34
		-0.831308	0.00134188	-0.555811
		-0.55581	0.000897223	0.831309
		0.0016142	0.999999	0
		-100.779	-10.3637	27.2622
	}
}
{Volume "body4"
	{Box 6.04596 103.454 4.90039}
	{Bone "bridge_arc_bay"}
	{Matrix34
		0.999999	-0.00161409	0
		0	0	1
		-0.00161409	-0.999999	0
		-85.0074	-10.3891	51.7763
	}
}
{Volume "body5"
	{Box 3.62627 84.0819 4.90039}
	{Bone "bridge_arc_bay"}
	{Matrix34
		0.236297	-0.000381427	-0.971681
		-0.971679	0.00156839	-0.236297
		0.00161411	0.999999	0
		-43.0626	-10.3431	110.288
	}
}
{Volume "body6"
	{Box 3.92987 118.403 4.90039}
	{Bone "bridge_arc_bay"}
	{Matrix34
		-0.728332	0.00117571	-0.685223
		-0.685222	0.00110616	0.728333
		0.00161427	0.999999	0
		-42.6461	-10.2056	56.164
	}
}
{Volume "body7"
	{Box 9.02382 111.856 9.0748}
	{Bone "bridge_arc_bay"}
	{Matrix34
		0.999999	-0.00161409	0
		0	0	1
		-0.00161409	-0.999999	0
		-0.692759	-8.65843	65.877
	}
}
{Volume "body8"
	{Box 18.0476 34.7676 14.2874}
	{Bone "bridge_arc_bay"}
	{Matrix34
		0.999999	-0.00161409	0
		0	0	1
		-0.00161409	-0.999999	0
		-0.694991	-10.0037	-6.68678
	}
}
{Volume "body9"
	{Box 3.62627 84.0819 4.90039}
	{Bone "bridge_arc_bay"}
	{Matrix34
		-0.236297	0.000381406	-0.971681
		0.97168	-0.00156831	-0.236297
		-0.00161402	-0.999999	0
		42.4126	-10.5947	110.288
	}
}
