;Exported by: sana
;Date:        Sat Jun 17 13:55:26 2006
;File:        D:\-Project-\-3DWork-\Entourage\Parkovyi_kompleks(anm)2.max
{Skeleton
	{bone "fence_euro19d"
		{Orientation
			1	0	0
			0	-1	0
			0	0	1
		}
		{VolumeView "fence_euro19d.ply"}
		{bone "piece01"
			{Position -38.224	-0.00769043	66.8306}
			{VolumeView "piece01.ply"}
		}
		{bone "piece02"
			{Position -38.2247	-0.00769043	29.0691}
			{VolumeView "piece02.ply"}
		}
		{bone "piece03"
			{Position -38.2247	-0.266418	51.3765}
			{VolumeView "piece03.ply"}
		}
		{bone "fx_stone1"
			{Matrix34
				0.258819	0	0.965926
				0	1	0
				-0.965926	0	0.258819
				-29.9655	0.694458	13.8679
			}
		}
		{bone "piece04"
			{Matrix34
				0.93588	0.312254	-0.163176
				-0.24321	0.907673	0.34202
				0.254908	-0.280404	0.925417
				-5.06585	-0.00769043	37.4589
			}
			{VolumeView "piece04.ply"}
		}
		{bone "piece05"
			{Matrix34
				1	0	0
				0	0.906308	-0.422618
				0	0.422618	0.906308
				34.6997	1.9746	39.7077
			}
			{VolumeView "piece05.ply"}
		}
	}
}
{Volume "piece01"
	{Box 12.7513 18.696 8.28939}
	{Bone "piece01"}
	{Position 3.19864	0	0.618843}
}
{Volume "piece02"
	{Box 12.9548 14.1971 18.1058}
	{Bone "piece02"}
	{Position 0	0	0.952353}
}
{Volume "piece03"
	{Box 12.9548 14.7145 15.9134}
	{Bone "piece03"}
	{Position 0	0	0.829155}
}
{Volume "piece04"
	{Box 30.3653 1.9685 44.422}
	{Bone "piece04"}
	{Position 0	-4.88731e-005	0}
}
{Volume "piece05"
	{Box 17.5258 1.9685 44.422}
	{Bone "piece05"}
	{Position 2.55101	-2.11075e-005	0}
}
