;Exported by: kolesnikov
;Date:        Thu Sep 22 10:29:40 2005
;File:        D:\-Project-\-3DWork-\Constructions\12.max
{Skeleton
	{bone "dok_build3_r2_x"
		{Orientation
			1	0	0
			0	-1	0
			0	0	1
		}
		{bone "piece4"
			{Matrix34
				1	0	0
				0	1	0
				0	0	1
				-17.5298	-18.422	115.005
			}
			{VolumeView "piece4.ply"}
		}
		{bone "piece3"
			{Matrix34
				1	0	0
				0	1	-0.000259876
				0	0.000259876	1
				-69.4042	-58.4026	88.9582
			}
			{VolumeView "piece3.ply"}
		}
		{bone "piece2"
			{Position -18.0266	19.8421	113.836}
			{VolumeView "piece2.ply"}
		}
		{bone "piece1"
			{Position 39.9434	59.8228	87.7888}
			{VolumeView "piece1.ply"}
		}
		{bone "piece5"
			{Matrix34
				1	0	0
				0	1	0
				0	0	1
				30.5593	28.6085	98.0758
			}
			{VolumeView "piece5.ply"}
		}
		{bone "piece6"
			{Matrix34
				1	0	0
				0	1	0
				0	0	1
				-46.0497	-29.5277	100.213
			}
			{VolumeView "piece6.ply"}
		}
	}
}
{Volume "body431"
	{Box 34.7445 5.42991 16.221}
	{Bone "piece6"}
	{Matrix34
		0.984808	0	0.173649
		0	1	0
		-0.173649	0	0.984808
		0.0126027	0.650722	-2.14394
	}
}
{Volume "body428"
	{Box 34.7445 5.42991 16.221}
	{Bone "piece5"}
	{Matrix34
		-0.984808	0	0.173649
		0	-1	0
		0.173649	0	0.984808
		-0.0127037	-0.650768	-2.14394
	}
}
{Volume "body417"
	{Box 40.2117 39.5906 0.486358}
	{Bone "piece1"}
	{Matrix34
		0	-0.968107	0.250538
		1	0	0
		0	0.250538	0.968107
		0.074449	-0.125314	0.00261512
	}
}
{Volume "body418"
	{Box 40.2117 39.5906 0.486358}
	{Bone "piece2"}
	{Matrix34
		0	-0.954199	0.299173
		1	0	0
		0	0.299173	0.954199
		0.0745327	-0.0230542	0.003783
	}
}
{Volume "body419"
	{Box 40.2117 39.5906 0.486358}
	{Bone "piece3"}
	{Matrix34
		0	0.968172	0.250286
		-1	0	0
		0	-0.250286	0.968172
		0.0424716	0.12541	0.00274966
	}
}
{Volume "body420"
	{Box 40.2117 39.5906 0.486358}
	{Bone "piece4"}
	{Matrix34
		0	0.954199	0.299173
		-1	0	0
		0	-0.299173	0.954199
		0.0424908	0.0230878	0.00377197
	}
}
