;Exported by: sana
;Date:        Sat Jul 08 15:03:37 2006
;File:        D:\-Project-\-3DWork-\Entourage\dok_build2\dok_build2_x.max
{Skeleton
	{bone "dok_build2_top_r"
		{Orientation
			1	0	0
			0	-1	0
			0	0	1
		}
		{bone "piece01"
			{Matrix34
				-0.00129048	-0.999999	0
				0.999999	-0.00129048	0
				0	0	1
				-11.3331	56.26	138.454
			}
			{VolumeView "piece01.ply"}
			{bone "sub_piece01"
				{Position -0.000187587	12.5231	-4.0773}
				{VolumeView "sub_piece01.ply"}
			}
		}
		{bone "piece02"
			{Position -49.5555	26.5605	123.07}
			{VolumeView "piece02.ply"}
			{bone "sub_piece02"
				{Position 0	-8.54297	-10.7757}
				{VolumeView "sub_piece02.ply"}
			}
		}
		{bone "piece03"
			{Matrix34
				-0.00129048	-0.999999	0
				0.999999	-0.00129048	0
				0	0	1
				-12.6925	56.2618	92.3421
			}
			{VolumeView "piece03.ply"}
			{bone "sub_piece03"
				{Position -0.000128655	-2.52408	12.6202}
				{VolumeView "sub_piece03.ply"}
			}
		}
		{bone "piece04"
			{Position -49.6636	1.20769	141.852}
			{VolumeView "piece04.ply"}
			{bone "sub_piece04"
				{Position 0	-0.582398	-15.1443}
				{VolumeView "sub_piece04.ply"}
			}
		}
		{bone "piece05"
			{Matrix34
				0.939402	0.342817	0
				-0.342817	0.939402	0
				0	0	1
				-44.8882	-37.9518	124.544
			}
			{VolumeView "piece05.ply"}
			{bone "sub_piece05"
				{Position -9.37553e-005	18.7408	-0.456818}
				{VolumeView "sub_piece05.ply"}
			}
		}
		{bone "piece06"
			{Matrix34
				0.00442213	0.99999	0
				-0.99999	0.00442213	0
				0	0	1
				-11.4007	-56.2526	136.764
			}
			{VolumeView "piece06.ply"}
			{bone "sub_piece06"
				{Position 2.91841e-005	7.68805	-12.768}
				{VolumeView "sub_piece06.ply"}
			}
		}
		{bone "piece07"
			{Position -49.0208	-19.4808	80.0131}
			{VolumeView "piece07.ply"}
			{bone "sub_piece07"
				{Position -0.0165323	-11.2612	9.31956}
				{VolumeView "sub_piece07.ply"}
			}
		}
		{bone "piece08"
			{Position -49.6668	14.96	77.0036}
			{VolumeView "piece08.ply"}
			{bone "sub_piece08"
				{Position 0.038195	-2.23279	14.756}
				{VolumeView "sub_piece08.ply"}
			}
		}
		{bone "piece09"
			{Position 17.1862	-56.2594	97.2391}
			{VolumeView "piece09.ply"}
			{bone "sub_piece09"
				{Position -15.7966	0	6.65121}
				{VolumeView "sub_piece09.ply"}
			}
		}
		{bone "exterior"
			{Position -0.00805664	-0.00360107	157.126}
		}
		{bone "piece10"
			{Position 32.9006	-37.0519	153.111}
			{VolumeView "piece10.ply"}
		}
		{bone "piece11"
			{Position 12.5417	30.2722	151.26}
			{VolumeView "piece11.ply"}
		}
		{bone "piece12"
			{Position -33.0535	3.81781	153.111}
			{VolumeView "piece12.ply"}
		}
	}
}
{Volume "piece01"
	{Box 5.90552 25.823 18.445}
	{Bone "piece01"}
	{Position -2.66709e-005	-0.000174235	-3.8147e-005}
}
{Volume "piece02"
	{Box 5.90552 20.705 23.6872}
	{Bone "piece02"}
	{Matrix34
		1	0	0
		0	0.980847	0.194778
		0	-0.194778	0.980847
		0	1.49133e-005	-4.40851e-005
	}
}
{Volume "piece03"
	{Box 5.90552 35.1425 19.2915}
	{Bone "piece03"}
	{Position -5.7383e-005	-0.000176536	-0.838802}
}
{Volume "piece04"
	{Box 5.90552 29.1236 18.6391}
	{Bone "piece04"}
	{Position 0	0	-6.10352e-005}
}
{Volume "piece05"
	{Box 5.90552 26.6343 28.5124}
	{Bone "piece05"}
	{Position -9.4637e-005	0	0.314273}
}
{Volume "piece06"
	{Box 5.90552 24.7123 20.5935}
	{Bone "piece06"}
	{Position -5.39997e-005	-2.36696e-005	-6.10352e-005}
}
{Volume "piece07"
	{Box 5.90552 27.1665 18.445}
	{Bone "piece07"}
	{Matrix34
		1	0	0
		0	0.991294	-0.131666
		0	0.131666	0.991294
		0	-1.49116e-005	-3.8578e-005
	}
}
{Volume "piece08"
	{Box 5.90552 26.52 20.5807}
	{Bone "piece08"}
	{Position 0.000244141	1.08124	-4.19617e-005}
}
{Volume "piece09"
	{Box 21.8936 5.90552 28.5447}
	{Bone "piece09"}
	{Position 0	0	0}
}
{Volume "piece10"
	{Box 36.2674 45.8147 6.66104}
	{Bone "piece10"}
	{Matrix34
		0.767654	-0.640864	0
		0.640864	0.767654	0
		0	0	1
		-3.94193	3.67398	0
	}
}
{Volume "piece11"
	{Box 30.3656 38.7111 2.75917}
	{Bone "piece11"}
	{Matrix34
		0.953464	-0.301506	0
		0.301506	0.953464	0
		0	0	1
		1.18495	0.579354	0
	}
}
{Volume "piece12"
	{Box 42.0998 51.0096 6.66104}
	{Bone "piece12"}
	{Position -3.04382	0	0}
}
{Volume "sub_piece01"
	{Box 5.90552 8.54687 16.1733}
	{Bone "sub_piece01"}
	{Matrix34
		1	0	0
		0	0.878375	-0.477972
		0	0.477972	0.878375
		-0.000924377	0.711469	-0.611549
	}
}
{Volume "sub_piece02"
	{Box 5.90552 9.80729 18.4178}
	{Bone "sub_piece02"}
	{Matrix34
		1	0	0
		0	0.64715	0.762362
		0	-0.762362	0.64715
		0	0.328526	0.404386
	}
}
{Volume "sub_piece03"
	{Box 5.90552 19.2216 14.8414}
	{Bone "sub_piece03"}
	{Position 4.96265e-005	-5.87619e-005	1.09856}
}
{Volume "sub_piece04"
	{Box 5.90552 18.6391 12.0378}
	{Bone "sub_piece04"}
	{Position 0	0	-4.57764e-005}
}
{Volume "sub_piece05"
	{Box 5.90552 14.0201 19.2216}
	{Bone "sub_piece05"}
	{Matrix34
		0.999682	0.0204606	-0.01473
		-0.022588	0.986395	-0.162835
		0.0111979	0.163116	0.986543
		1.06988e-005	-4.65868e-005	-6.18527e-005
	}
}
{Volume "sub_piece06"
	{Box 5.90552 19.7699 13.9542}
	{Bone "sub_piece06"}
	{Matrix34
		1	0	0
		0	0.891491	0.453038
		0	-0.453038	0.891491
		0.00510051	-0.215263	-0.932581
	}
}
{Volume "sub_piece07"
	{Box 5.90552 18.0566 13.525}
	{Bone "sub_piece07"}
	{Matrix34
		1	0	0
		0	0.853978	0.52031
		0	-0.52031	0.853978
		0.000244141	-0.732866	1.61523
	}
}
{Volume "sub_piece08"
	{Box 5.90552 20.9691 16.6975}
	{Bone "sub_piece08"}
	{Position 0	0	-4.95911e-005}
}
{Volume "sub_piece09"
	{Box 13.5795 5.90552 21.3393}
	{Bone "sub_piece09"}
	{Matrix34
		0.990859	0	-0.134903
		0	1	0
		0.134903	0	0.990859
		3.66954e-005	0	1.48278
	}
}
