;Exported by: garry
;Date:        Thu Apr 10 12:31:34 2008
;File:        D:\-Projects-\-3DWork-\Model\Авиация\planes\Ju-52_1\hi-poly\ju52_4_.max
{Skeleton
	{bone "basis"
		{Orientation
			1	0	0
			0	-1	0
			0	0	1
		}
		{bone "emit"
			{Matrix34
				0	-1	0
				1	0	0
				0	0	1
				-46.0496	27.1243	0
			}
			{visibility 0}
		}
		{bone "body"
			{parameters "ID=body;"}
			{Matrix34
				0.978516	0	-0.206173
				0	1	0
				0.206173	0	0.978516
				-30.618	0	41.2288
			}
			{VolumeView "body.ply"}
			{bone "rudder"
				{parameters "ID=body;"}
				{Matrix34
					0.704597	-0.60509	0.370689
					0.573224	0.793262	0.205301
					-0.418279	0.0678334	0.905782
					-160.244	-10.1248	-31.7199
				}
				{VolumeView "rudder.ply"}
			}
			{bone "glass"
				{parameters "ID=glass;"}
				{Position 122.251	0	29.21}
				{VolumeView "glass.ply"}
			}
			{bone "cabin"
				{parameters "ID=cabin;"}
				{Position 122.417	-0.12666	29.3534}
				{VolumeView "cabin.ply"}
			}
			{bone "propeller1"
				{parameters "ID=propeller1;"}
				{Matrix34
					0.987174	0	0.159649
					0.0915709	0.819152	-0.56622
					-0.130777	0.573577	0.808645
					180.718	-0.331458	18.3727
				}
				{VolumeView "propeller1.ply"}
			}
			{bone "engine1_2"
				{parameters "ID=Engine1_2;"}
				{Position 174.684	-0.294099	17.471}
				{VolumeView "engine1_2.ply"}
			}
			{bone "wingr1"
				{parameters "ID=wingR1;"}
				{Matrix34
					0.987174	0	0.159649
					0	1	0
					-0.159649	0	0.987174
					65.2984	-15.4384	-19.5785
				}
				{VolumeView "wingr1.ply"}
				{bone "wingr2"
					{parameters "ID=WingR2;"}
					{Position 15.9584	-56.6873	2.14463}
					{VolumeView "wingr2.ply"}
					{bone "wingr3"
						{parameters "ID=WingR3;"}
						{Position -12.997	-41.7841	3.83079}
						{VolumeView "wingr3.ply"}
					}
					{bone "engine3_2"
						{parameters "ID=Engine3_2;"}
						{Matrix34
							0.94594	0.0601824	-0.318708
							-0.075318	0.996532	-0.0353699
							0.315474	0.0574623	0.947193
							44.2505	-2.3439	4.51083
						}
						{VolumeView "engine3_2.ply"}
						{bone "engine3_1"
							{parameters "ID=engine3_1;"}
							{Position 1.86985	-0.0566442	0.304272}
							{VolumeView "engine3_1.ply"}
							{bone "propeller3"
								{parameters "ID=propeller3;"}
								{Matrix34
									0.94909	0.0211972	-0.314292
									0.190707	0.755447	0.626842
									0.250718	-0.654867	0.712944
									8.44133	-0.0427738	-0.326892
								}
								{VolumeView "propeller3.ply"}
							}
						}
					}
					{bone "fx_fire5"
						{Matrix34
							-0.0473094	0	0.99888
							0	1	0
							-0.99888	0	-0.0473094
							36.7724	-3.50885	11.4214
						}
					}
				}
				{bone revolute "flap2"
					{parameters "ID=wingR1;"}
					{limits -30 30}
					{speed 0.01}
					{Matrix34
						0.982015	0.100822	-0.159628
						0.151334	0.0851998	0.984804
						0.11289	-0.99125	0.0684097
						-36.9086	-62.4714	-1.32149
					}
					{VolumeView "flap2.ply"}
				}
			}
			{bone "wingl1"
				{parameters "ID=WingL1;"}
				{Matrix34
					0.969869	0.187129	0.156003
					-0.183314	0.982295	-0.0386243
					-0.160468	0.00886302	0.987001
					75.141	56.7333	-18.6329
				}
				{VolumeView "wingl1.ply"}
				{bone revolute "flap1"
					{parameters "ID=wingL1;"}
					{limits -30 30}
					{speed 0.01}
					{Matrix34
						0.99974	0.0194629	-0.0118606
						-0.0136513	0.0946123	-0.995421
						-0.0182515	0.995324	0.0948534
						-57.7609	33.9026	-3.23252
					}
					{VolumeView "flap1.ply"}
				}
				{bone "wingl3"
					{parameters "ID=WingL3;"}
					{Matrix34
						0	1	0
						-1	0	0
						0	0	1
						12.9118	27.1766	5.12815
					}
					{VolumeView "wingl3.ply"}
					{bone "propeller2"
						{parameters "ID=propeller2;"}
						{Matrix34
							-0.137141	-0.922147	-0.361714
							-0.0667363	0.372936	-0.925454
							0.988301	-0.102778	-0.112685
							3.11648	-46.5	0.423502
						}
						{VolumeView "propeller2.ply"}
					}
					{bone "engine2_2"
						{parameters "ID=engine2_2;"}
						{Matrix34
							0.0871556	-0.996195	0
							0.996195	0.0871555	0
							0	0	1
							2.44559	-36.2818	0.446126
						}
						{VolumeView "engine2_2.ply"}
					}
				}
				{bone "wingl2"
					{parameters "ID=WingL2;"}
					{Position -40.7142	9.14684	1.97844}
					{VolumeView "wingl2.ply"}
					{bone "wingl4"
						{parameters "ID=WingL4;"}
						{Position 27.3238	38.018	-0.170249}
						{VolumeView "wingl4.ply"}
						{bone "wingl7"
							{parameters "ID=WingL7;"}
							{Matrix34
								0.996952	0.0780163	-0.000144323
								-0.0780163	0.996945	-0.00369501
								-0.00014434	0.003695	0.999993
								-14.2473	87.0613	11.025
							}
							{VolumeView "wingl7.ply"}
							{bone "wingl9"
								{parameters "ID=WingL9;"}
								{Position 8.12875	12.0973	-0.746105}
								{VolumeView "wingl9.ply"}
								{bone "wingl8"
									{parameters "ID=WingL8;"}
									{Position 13.9275	17.6019	3.66517}
									{VolumeView "wingl8.ply"}
								}
							}
						}
					}
				}
				{bone "wingl6"
					{parameters "ID=WingL6;"}
					{Matrix34
						0.996952	0.0780162	-0.00014431
						-0.0780162	0.996945	-0.00369501
						-0.000144325	0.003695	0.999993
						8.04976	132.537	10.6535
					}
					{VolumeView "wingl6.ply"}
				}
				{bone "fx_fire2"
					{Matrix34
						-0.045647	0.00871535	0.99892
						0.178828	0.98388	-0.000412323
						-0.982821	0.178616	-0.0464698
						-14.5387	-21.629	-2.79295
					}
				}
				{bone "fx_fire3"
					{Matrix34
						-0.045647	0.00871535	0.99892
						0.178828	0.98388	-0.000412323
						-0.982821	0.178616	-0.0464698
						-40.8856	114.259	10.9535
					}
				}
			}
			{bone "engine1_3"
				{parameters "ID=Engine1_3;"}
				{Matrix34
					0.954854	0	-0.297075
					0	1	0
					0.297075	0	0.954854
					154.589	-0.00769758	18.9732
				}
				{VolumeView "engine1_3.ply"}
			}
			{bone "engine1_4"
				{parameters "ID=Engine1_4;"}
				{Matrix34
					0.987174	0	0.159649
					0	1	0
					-0.159649	0	0.987174
					171.469	-8.29664	18.6014
				}
				{VolumeView "engine1_4.ply"}
			}
			{bone "body2"
				{parameters "ID=body2;"}
				{Matrix34
					0.977833	0.0695099	0.197513
					-0.0426029	0.989606	-0.137352
					-0.205007	0.125893	0.97063
					-107.317	-9.34624	-19.7537
				}
				{VolumeView "body2.ply"}
				{bone "body3"
					{parameters "ID=body3;"}
					{Matrix34
						0.98029	-0.023569	0.196153
						0.0262938	0.99959	-0.0112982
						-0.195806	0.0162332	0.980508
						-34.5719	2.98039	-1.63706
					}
					{VolumeView "body3.ply"}
				}
				{bone "body4"
					{Position -25.3848	39.5169	-11.9264}
					{VolumeView "body4.ply"}
				}
				{bone "fx_fire1"
					{Matrix34
						-0.0083327	-0.125618	0.992044
						0.0695096	0.989606	0.125893
						-0.997546	0.0700054	0.000485563
						-8.89233	2.70891	-22.9459
					}
				}
			}
			{bone "fx_fire4"
				{Matrix34
					-0.206173	0	0.978516
					0	1	0
					-0.978516	0	-0.206173
					168.05	-1.17246	25.7537
				}
			}
			{bone "attach_gun1"
				{Matrix34
					-0.978516	0	-0.206173
					0	-1	0
					-0.206173	0	0.978516
					-39.767	0	-50.6403
				}
			}
			{bone "attach_gun2"
				{Matrix34
					0.978516	0	0.206173
					0	1	0
					-0.206173	0	0.978516
					128.462	0.111059	-14.9341
				}
			}
			{bone "retract_wheell"
				{parameters "ID=retract_wheelL;"}
				{Matrix34
					-0.142567	0.16407	-0.976092
					0.424508	0.900996	0.0894434
					0.89413	-0.401607	-0.198101
					14.6919	30.1124	-30.2073
				}
				{VolumeView "retract_wheell.ply"}
				{bone revolute "wheell"
					{parameters "ID=wheelL;Radius=0.4;"}
					{Matrix34
						1	0	0
						0	0	-1
						0	1	0
						7.86859	9.85799	-20.9035
					}
					{VolumeView "wheell.ply"}
				}
			}
			{bone "node_r1"
				{Matrix34
					0.978516	0	0.206173
					0	1	0
					-0.206173	0	0.978516
					14.0868	21.5935	-39.166
				}
			}
			{bone "pivot_back"
				{Matrix34
					0.978516	0	0.206173
					0	1	0
					-0.206173	0	0.978516
					-134.984	-9.69812	-70.4421
				}
				{bone revolute "steer_back"
					{parameters "ID=bodyback;"}
					{Matrix34
						0.704072	0.093972	-0.703883
						-0.143364	0.989606	-0.0112848
						0.695507	0.108857	0.710226
						-11.7005	-1.53183	13.5387
					}
					{VolumeView "steer_back.ply"}
					{bone "support3"
						{Matrix34
							0.998643	-0.0417586	0.0311206
							0.0417568	0.999128	0.000702846
							-0.0311227	0.000597672	0.999515
							2.90787	-0.653353	-15.548
						}
					}
				}
			}
			{bone "pivot_front"
				{Matrix34
					0.978516	0	0.206173
					0	1	0
					-0.206173	0	0.978516
					108.125	0.480059	-19.2191
				}
				{bone "support1"
					{Matrix34
						-0.177309	0.33537	-0.92525
						0.872701	0.488158	0.00970153
						-0.454922	0.805747	0.379232
						-50.0986	79.8099	-0.130159
					}
				}
				{bone "support2"
					{Matrix34
						0.0871553	-0.996195	0
						0.996195	0.0871552	0
						0	0	1
						-36.417	-75.2026	-0.130149
					}
				}
			}
		}
	}
}
{Obstacle "rectangle01"
	{Obb2
		{Center -171.94 1.31782e-006}
		{Extent 19.7273 45.141}
		{Axis -1 0}
	}
	{Rotate}
}
{Obstacle "rectangle02"
	{Obb2
		{Center -26.2021 1.31782e-006}
		{Extent 166.085 13.4356}
		{Axis -1 -1.10008e-005}
	}
	{Rotate}
}
{Obstacle "rectangle03"
	{Obb2
		{Center 14.8804 -47.3988}
		{Extent 26.9022 189.469}
		{Axis -0.991191 0.132441}
	}
	{Rotate}
}
{Volume "body2"
	{Polyhedron "body2.vol"}
	{Bone "body2"}
	{Matrix34
		0.983926	9.14905e-005	0.178577
		-9.02637e-005	1	-1.49744e-005
		-0.178577	0	0.983926
		22.493	3.72399	-45.1637
	}
}
{Volume "body3"
	{Polyhedron "body3.vol"}
	{Bone "body3"}
	{Matrix34
		0.987174	0	0.159649
		-0.159649	0	0.987174
		0	-1	0
		0.958595	3.551	11.8122
	}
}
{Volume "body4"
	{Box 26.953 55.8781 3.26745}
	{Bone "body4"}
	{Matrix34
		0.987174	0	0.159649
		0	1	0
		-0.159649	0	0.987174
		-0.066152	-4.18418	0.408872
	}
}
{Volume "body"
	{Box 173.897 34.2104 47.7903}
	{Bone "body"}
	{Matrix34
		0.983926	9.13518e-005	0.178577
		-9.02045e-005	1	-1.45443e-005
		-0.178577	0	0.983926
		30.772	0.184406	-8.38298
	}
}
{Volume "cabin"
	{Box 32.0671 26.1595 43.2515}
	{Bone "cabin"}
	{Matrix34
		0.0130104	-0.999913	0.0021038
		0.990893	0.013175	0.134002
		-0.134018	0.000341228	0.990978
		4.38828	0.00736184	-19.258
	}
}
{Volume "engine1_2"
	{Cylinder 10.6593 8.401}
	{Bone "engine1_2"}
	{Matrix34
		0	1	0
		-0.159649	0	0.987174
		0.987174	0	0.159649
		-0.187107	0	-0.0302707
	}
}
{Volume "engine1_3"
	{Polyhedron "engine1_3.vol"}
	{Bone "engine1_3"}
	{Position -0.208936	-0.0793372	2.4417}
}
{Volume "engine2_2"
	{Cylinder 12.9698 20.3386}
	{Bone "engine2_2"}
	{Matrix34
		-0.0358077	0.999358	-0.000863211
		-0.0109828	-0.00125722	-0.999938
		-0.999299	-0.0357962	0.0110207
		-0.39059	-1.47232	0.327799
	}
}
{Volume "engine3_1"
	{Cylinder 11.6459 7.7429}
	{Bone "engine3_1"}
	{Matrix34
		-0.00156368	-0.999996	0.00244138
		0.0238514	0.00240345	0.999713
		-0.999714	0.00162152	0.0238476
		3.72464	0.10479	-0.900741
	}
}
{Volume "engine3_2"
	{Cylinder 14.6738 13.4764}
	{Bone "engine3_2"}
	{Matrix34
		-0.00156367	-0.999996	0.00244139
		0.0238513	0.00240343	0.999713
		-0.999715	0.00162154	0.0238477
		-3.41385	0.30159	0.160709
	}
}
{Volume "flap1"
	{Box 10.9759 104.846 3.07325}
	{Bone "flap1"}
	{Matrix34
		0.990788	-0.13534	0.00459291
		0.00224888	-0.0174669	-0.999845
		0.135399	0.990645	-0.0170016
		-6.34965	-0.22785	-1.7293
	}
}
{Volume "flap2"
	{Box 10.9759 104.846 3.07325}
	{Bone "flap2"}
	{Matrix34
		0.96729	0.253572	0.00716009
		0.0123419	-0.01885	-0.999746
		-0.253373	0.967133	-0.021363
		-6.0689	-2.83233	-3.95542
	}
}
{Volume "glass"
	{Box 81.2625 35.5498 11.279}
	{Bone "glass"}
	{Matrix34
		0.97946	0	0.20164
		0	1	0
		-0.20164	0	0.97946
		-53.302	0.538144	-20.4756
	}
}
{Volume "propeller1"
	{Box 9.80447 61.3463 3.94152}
	{Bone "propeller1"}
	{Matrix34
		0	1	0
		-9.74015e-005	0	1
		1	0	9.75436e-005
		1.99639	-0.186315	0.331334
	}
}
{Volume "propeller2"
	{Box 7.0032 56.4896 3.94152}
	{Bone "propeller2"}
	{Matrix34
		0	1	5.34233e-005
		0	-5.56143e-005	1
		1	0	0
		2.85416	0.593157	7.77849e-005
	}
}
{Volume "propeller3"
	{Box 8.51369 60.1578 3.94152}
	{Bone "propeller3"}
	{Matrix34
		0	1	4.96098e-005
		0.000984483	-5.15406e-005	1
		0.999999	0	-0.000983653
		2.90904	0.0567491	-0.00193072
	}
}
{Volume "retract_wheell"
	{Polyhedron "retract_wheell.vol"}
	{Bone "retract_wheell"}
	{Matrix34
		0.0131783	-0.999913	0
		0.980292	0.0129197	-0.197131
		0.197114	0.00259779	0.980377
		5.21763	2.86172	-32.123
	}
}
{Volume "rudder"
	{Box 23.5398 52.1238 3.8112}
	{Bone "rudder"}
	{Matrix34
		1	0	0
		0	0	1
		0	-1	0
		-12.3753	1.1085	1.41471
	}
}
{Volume "wheell"
	{Cylinder 11.2702 6.62235}
	{Bone "wheell"}
	{Matrix34
		1	0	0
		0	-1	0
		0	0	-1
		-1.26739e-005	0	-0.0106125
	}
}
{Volume "wingl1"
	{Polyhedron "wingl1.vol"}
	{Bone "wingl1"}
	{Position 2.20844e-005	-1.66739	-5.41706}
}
{Volume "wingl2"
	{Polyhedron "wingl2.vol"}
	{Bone "wingl2"}
	{Matrix34
		0.9887	-0.00940193	0.149615
		0	0.998031	0.062717
		-0.14991	-0.0620083	0.986753
		2.03337	-0.00857862	-4.20367
	}
}
{Volume "wingl4"
	{Box 47.5389 78.5715 7.51896}
	{Bone "wingl4"}
	{Matrix34
		1	0	0
		0	0.998297	0.0583333
		0	-0.0583333	0.998297
		-12.2425	26.329	6.80583
	}
}
{Volume "wingl6"
	{Polyhedron "wingl6.vol"}
	{Bone "wingl6"}
	{Matrix34
		1	0	0
		0	0.995968	0.0897133
		0	-0.0897133	0.995968
		-15.4992	2.06603	-2.86231
	}
}
{Volume "wingl7"
	{Polyhedron "wingl7.vol"}
	{Bone "wingl7"}
	{Matrix34
		0.980298	0	0.197526
		0	1	0
		-0.197526	0	0.980298
		1.73013	-1.97818e-005	-1.71334
	}
}
{Volume "wingl8"
	{Box 30.6559 30.4996 7.16868}
	{Bone "wingl8"}
	{Matrix34
		1	0	0
		0	0.998962	0.0455531
		0	-0.0455531	0.998962
		3.29386e-005	3.02668	0.123976
	}
}
{Volume "wingl9"
	{Box 41.1103 42.5342 7.18536}
	{Bone "wingl9"}
	{Matrix34
		1	0	0
		0	0.996071	0.0885488
		0	-0.0885488	0.996071
		0	9.64028	1.5949
	}
}
{Volume "wingr1"
	{Polyhedron "wingr1.vol"}
	{Bone "wingr1"}
	{Matrix34
		-0.999625	-0.0127641	-0.0242166
		0.013343	-0.999625	-0.0238979
		-0.0239024	-0.0242121	0.999421
		4.62006	-48.155	-10.4677
	}
}
{Volume "wingr2"
	{Box 61.4427 59.2066 14.6298}
	{Bone "wingr2"}
	{Matrix34
		1	0	0
		0	-0.998102	0.0615835
		0	-0.0615835	-0.998102
		-0.700451	3.27715	2.127
	}
}
{Volume "wingr3"
	{Box 73.1823 42.1815 11.7153}
	{Bone "wingr3"}
	{Matrix34
		1	0	0
		0	-0.996582	0.0826132
		0	-0.0826132	-0.996582
		0	0.483918	1.12653
	}
}
