;Exported by: Listopadov
;Date:        Thu Mar 24 14:56:03 2005
;File:        D:\-Projects-\-3DWork-\construction\work\build\buildAGL-21\build-21_x.max
{Skeleton
	{animation
		{sequence "crush" {speed 0.4}}
	}
	{bone "build_agl1-04_x"
		{parameters "CommonMesh;"}
		{Orientation
			1	0	0
			0	-1	0
			0	0	1
		}
		{VolumeView "build_agl1-04_x.ply"}
		{bone "piece0"
			{Matrix34
				-1	3.25841e-007	0
				-3.25841e-007	-1	0
				0	0	1
				-1.89612	-48.302	112.823
			}
			{VolumeView "piece0.ply"}
		}
		{bone "piece1"
			{Matrix34
				-1	3.25841e-007	0
				-3.25841e-007	-1	0
				0	0	1
				20.6208	-48.302	58.688
			}
			{VolumeView "piece1.ply"}
		}
		{bone "piece2"
			{Matrix34
				-1	3.25841e-007	0
				-3.25841e-007	-1	0
				0	0	1
				16.586	-48.302	100.716
			}
			{VolumeView "piece2.ply"}
		}
		{bone "piece3"
			{Matrix34
				-1	3.25841e-007	0
				-3.25841e-007	-1	0
				0	0	1
				19.1648	-48.302	146.265
			}
			{VolumeView "piece3.ply"}
		}
		{bone "piece4"
			{Matrix34
				-1	3.25841e-007	0
				-3.25841e-007	-1	0
				0	0	1
				-20.1178	-48.302	94.0928
			}
			{VolumeView "piece4.ply"}
		}
		{bone "piece5"
			{Matrix34
				-1	3.25841e-007	0
				-3.25841e-007	-1	0
				0	0	1
				22.6461	-48.302	123.52
			}
			{VolumeView "piece5.ply"}
		}
		{bone "piece6"
			{Matrix34
				-1	3.25841e-007	0
				-3.25841e-007	-1	0
				0	0	1
				-16.8632	-48.302	69.6122
			}
			{VolumeView "piece6.ply"}
		}
		{bone "piece7"
			{Matrix34
				-1	3.25841e-007	0
				-3.25841e-007	-1	0
				0	0	1
				-25.6561	26.0003	85.6155
			}
			{VolumeView "piece7.ply"}
		}
		{bone "piece8"
			{Matrix34
				-1	3.25841e-007	0
				-3.25841e-007	-1	0
				0	0	1
				-25.6561	1.39847	31.576
			}
			{VolumeView "piece8.ply"}
		}
		{bone "piece9"
			{Matrix34
				-1	3.25841e-007	0
				-3.25841e-007	-1	0
				0	0	1
				-25.5133	-1.18545	70.5571
			}
			{VolumeView "piece9.ply"}
		}
		{bone "piece10"
			{Matrix34
				-1	3.25841e-007	0
				-3.25841e-007	-1	0
				0	0	1
				-25.6561	31.6042	51.4512
			}
			{VolumeView "piece10.ply"}
		}
		{bone "piece11"
			{Matrix34
				-1	3.25841e-007	0
				-3.25841e-007	-1	0
				0	0	1
				-25.6561	-63.0378	37.4943
			}
			{VolumeView "piece11.ply"}
		}
		{bone "piece12"
			{Matrix34
				-1	3.25841e-007	0
				-3.25841e-007	-1	0
				0	0	1
				-29.0715	-6.67729	47.2441
			}
			{VolumeView "piece12.ply"}
		}
		{bone "piece13"
			{Matrix34
				-1	3.25841e-007	0
				-3.25841e-007	-1	0
				0	0	1
				-29.5931	-36.2293	46.4931
			}
			{VolumeView "piece13.ply"}
		}
		{bone "piece14"
			{Matrix34
				-1	3.25841e-007	0
				-3.25841e-007	-1	0
				0	0	1
				-25.5133	-39.6766	62.4004
			}
			{VolumeView "piece14.ply"}
			{bone "sub_piece0"
				{Position 0.142851	1.47138	22.3421}
				{VolumeView "sub_piece0.ply"}
			}
		}
	}
}
{Volume "sub_piece0"
	{Box 19.8411 7.87402 18.7043}
	{Bone "sub_piece0"}
	{Matrix34
		-1.62921e-007	-1	0
		1	-1.62921e-007	0
		0	0	1
		0.058142	0.9142	0.160139
	}
}
{Volume "body14"
	{Box 22.0236 7.87402 23.0063}
	{Bone "piece14"}
	{Matrix34
		-1.62921e-007	-1	0
		1	-1.62921e-007	0
		0	0	1
		0.201003	1.50408	1.38238
	}
}
{Volume "body13"
	{Box 30.8727 7.87402 13.1136}
	{Bone "piece13"}
	{Matrix34
		-1.60446e-007	-0.984808	0.173648
		1	-1.62921e-007	-2.59528e-015
		2.82909e-008	0.173648	0.984808
		-3.87886	1.53897	-0.334056
	}
}
{Volume "body12"
	{Box 18.9403 7.87402 17.2547}
	{Bone "piece12"}
	{Matrix34
		-1.62921e-007	-1	0
		1	-1.62921e-007	0
		0	0	1
		-3.35716	-7.94634	2.42136
	}
}
{Volume "body11"
	{Box 17.4251 7.87402 13.2862}
	{Bone "piece11"}
	{Matrix34
		-1.62921e-007	-1	0
		1	-1.62921e-007	0
		0	0	1
		0.0581626	0.129419	1.14819
	}
}
{Volume "body10"
	{Box 18.9403 7.87402 17.2547}
	{Bone "piece10"}
	{Matrix34
		-1.62301e-007	-0.996195	0.0871557
		1	-1.62921e-007	-2.89262e-015
		1.41995e-008	0.0871557	0.996195
		0.0581476	1.76231	0.0217815
	}
}
{Volume "body9"
	{Box 19.8411 7.87402 11.5459}
	{Bone "piece9"}
	{Matrix34
		-1.62921e-007	-1	0
		1	-1.62921e-007	0
		0	0	1
		0.201035	-0.0733553	0.248618
	}
}
{Volume "body8"
	{Box 17.4251 7.87402 13.2862}
	{Bone "piece8"}
	{Matrix34
		-1.62921e-007	-1	0
		1	-1.62921e-007	0
		0	0	1
		0.0581846	0.129423	1.14819
	}
}
{Volume "body7"
	{Box 21.55 7.87402 17.2327}
	{Bone "piece7"}
	{Matrix34
		-1.62921e-007	-1	0
		1	-1.62921e-007	0
		0	0	1
		0.0581416	2.66614	0.109965
	}
}
{Volume "body6"
	{Box 10.1846 7.87402 15.8098}
	{Bone "piece6"}
	{Position 0.398572	-0.0706786	-0.0313606}
}
{Volume "body5"
	{Box 15.8309 7.87402 19.3195}
	{Bone "piece5"}
	{Matrix34
		0.906308	-1.62735e-014	0.422618
		-1.0097e-014	1	2.39997e-015
		-0.422618	1.28846e-014	0.906308
		-0.854013	-0.0706796	-1.34233
	}
}
{Volume "body4"
	{Box 10.1846 7.87402 22.2918}
	{Bone "piece4"}
	{Matrix34
		0.939693	-2.53488e-014	0.34202
		-1.2017e-014	1	-4.04113e-015
		-0.34202	6.25239e-016	0.939693
		-0.158857	-0.0706801	0.0267171
	}
}
{Volume "body3"
	{Box 18.8388 7.87402 16.2284}
	{Bone "piece3"}
	{Position 0.224378	-0.0706793	1.01823}
}
{Volume "body2"
	{Box 13.6474 7.87402 14.8612}
	{Bone "piece2"}
	{Position 0.891767	-0.0706772	-0.0612035}
}
{Volume "body1"
	{Box 14.7603 7.87402 15.8098}
	{Bone "piece1"}
	{Position 1.23887	-0.0706796	0.0061264}
}
{Volume "body0"
	{Box 10.1846 7.87402 24.624}
	{Bone "piece0"}
	{Matrix34
		0.766045	4.93521e-014	0.642788
		2.46141e-014	1	2.41626e-014
		-0.642788	1.05868e-014	0.766045
		-2.62754	-0.0706775	-0.398008
	}
}
