;Exported by: sasha
;Date:        Tue Dec 25 10:24:27 2007
;File:        D:\-Project-\-3DWork-\a_house 303\a_house_303alt.max
{Skeleton
	{bone "303_uc2a"
		{Orientation
			1	0	0
			0	-1	0
			0	0	1
		}
		{VolumeView "303_uc2a.ply"}
		{bone "fix11"
			{Position 7.27242	0.823352	27.319}
		}
		{bone "fix12"
			{Position -4.02944	24.7752	15.217}
		}
		{bone "exterior"
			{Position 17.9988	25.4619	63.6208}
			{VolumeView "exterior.ply"}
		}
	}
}
{Area "interior"
	{Obb2
		{Center 11.1229 -22.3222}
		{Extent 5.13803 16.0276}
		{Axis -1 0}
	}
	{Rotate}
}
{Volume "body1"
	{Box 8.72775 14.4203 17.8777}
	{Bone "303_uc2a"}
	{Matrix34
		0	-0.989595	0.143883
		1	0	0
		0	0.143883	0.989595
		5.20736	1.80817	44.6063
	}
}
{Volume "body2"
	{Box 8.72775 42.1646 7.1798}
	{Bone "303_uc2a"}
	{Matrix34
		-0.989595	0	0.143883
		0	-1	0
		0.143883	0	0.989595
		2.36863	19.3723	51.2188
	}
}
{Volume "body3"
	{Box 11.6333 4.11243 5.73615}
	{Bone "303_uc2a"}
	{Position 4.5538	0.782715	58.0535}
}
{Volume "body4"
	{Box 7.67796 4.11243 5.88323}
	{Bone "303_uc2a"}
	{Matrix34
		0	1	0
		-1	0	0
		0	0	1
		0.912407	6.45877	58.1271
	}
}
{Volume "body5"
	{Box 19.1138 4.11243 7.35403}
	{Bone "303_uc2a"}
	{Matrix34
		0	1	0
		-1	0	0
		0	0	1
		0.882271	25.2177	58.8625
	}
}
{Volume "roof01"
	{Box 24.7655 25.1821 4.52756}
	{Bone "exterior"}
	{Matrix34
		-0.455976	-0.247758	-0.854811
		0.483097	-0.875558	-0.00392402
		-0.747464	-0.414746	0.518925
		1.47899	6.02133	1.65286
	}
}
{Volume "roof02"
	{Box 12.6889 32.5356 4.52756}
	{Bone "exterior"}
	{Position -5.58422	-3.01777	-10.4546}
}
