;Exported by: kenny
;Date:        Mon Dec 24 16:46:20 2007
;File:        D:\Kenny\здание\башня\tower+cut.max
{Skeleton
	{bone "tower_f1_w1"
		{Orientation
			1	0	0
			0	-1	0
			0	0	1
		}
		{VolumeView "tower_f1_w1.ply"}
	}
}
{Obstacle "door"
	{Obb2
		{Center 8.15015 20.9611}
		{Extent 0.491735 7.05716}
		{Axis 0.81933 0.573323}
	}
	{Rotate}
}
{Obstacle "obstacle02"
	{Obb2
		{Center 4.14827 13.3458}
		{Extent 9.17769 4.35016}
		{Axis -1 0}
	}
	{Rotate}
}
{Obstacle "obstacle1"
	{Obb2
		{Center -9.56341 -2.87659}
		{Extent 5.72034 20.0007}
		{Axis -1 0}
	}
	{Rotate}
}
{Volume "body1"
	{Box 27.1246 6.52733 48.2478}
	{Bone "tower_f1_w1"}
	{Position -0.570251	-13.1779	24.1239}
}
{Volume "body2"
	{Box 33.3066 6.52733 27.8375}
	{Bone "tower_f1_w1"}
	{Position 2.5215	-13.1779	60.9755}
}
{Volume "body3"
	{Box 31.7866 6.52733 70.419}
	{Bone "tower_f1_w1"}
	{Matrix34
		0	1	0
		-1	0	0
		0	0	1
		-10.5457	6.0671	35.2095
	}
}
{Volume "body4"
	{Box 7.31019 17.5917 20.4605}
	{Bone "tower_f1_w1"}
	{Matrix34
		0	0.707107	0.707107
		-1	0	0
		0	-0.707107	0.707107
		1.76375	20.34	46.9383
	}
}
{Volume "body5"
	{Box 7.31019 17.5917 20.2539}
	{Bone "tower_f1_w1"}
	{Matrix34
		0	0	1
		-1	0	0
		0	-1	0
		1.76375	0.315501	57.1162
	}
}
{Volume "body6"
	{Box 5.57287 23.7159 15.913}
	{Bone "tower_f1_w1"}
	{Matrix34
		-0.724353	0	0.689429
		-0.689429	0	-0.724353
		0	-1	0
		21.0223	-1.7569	67.5847
	}
}
{Volume "door"
	{Box 14.114 0.979099 45.4244}
	{Bone "tower_f1_w1"}
	{Matrix34
		0.573576	0.819152	0
		-0.819152	0.573576	0
		0	0	1
		8.15015	-20.9611	22.7122
	}
}
