;Exported by: sergienko
;Date:        Fri Jun 20 12:13:59 2008
;File:        D:\-projets1_5\3dwork\anima\construction\vehicle\coaster_ship\coaster_ship02.max
{Skeleton
	{bone "basis"
		{Orientation
			1	0	0
			0	-1	0
			0	0	1
		}
		{bone "fx_wood2"
		}
		{bone "fx_wood2a"
		}
		{bone "fx_dust1"
		}
		{bone "fx_dust2"
		}
		{bone "piece1"
			{Matrix34
				-0.191135	0.772906	-0.605049
				0.981564	0.150504	-0.117819
				0	-0.616413	-0.787423
				-10.9653	-27.8034	8.34714
			}
			{VolumeView "piece1.ply"}
		}
		{bone "piece2"
			{Matrix34
				-0.941427	-0.0458989	0.33408
				0.0128876	0.985073	0.171655
				-0.336972	0.165906	-0.926782
				-10.3939	-3.21555	19.8614
			}
			{VolumeView "piece2.ply"}
		}
		{bone "piece3"
			{Matrix34
				0.981326	0.192351	0
				0.192351	-0.981326	0
				0	0	-1
				-25.1709	-8.15576	7.67341
			}
			{VolumeView "piece3.ply"}
		}
		{bone "piece4"
			{Matrix34
				-0.957432	-0.288659	0
				-0.288659	0.957432	0
				0	0	-1
				29.2152	-7.85605	18.0289
			}
			{VolumeView "piece4.ply"}
		}
		{bone "piece5"
			{Matrix34
				-0.288622	0.787319	0.544818
				0.954373	0.282107	0.0979128
				-0.0766085	0.54822	-0.832818
				-11.5635	8.61957	8.46111
			}
			{VolumeView "piece5.ply"}
		}
		{bone "piece6"
			{Matrix34
				0.908148	0.277436	-0.313522
				0.262248	-0.960744	-0.0905366
				-0.326332	0	-0.945255
				-26.3866	-3.62546	16.5843
			}
			{VolumeView "piece6.ply"}
		}
		{bone "piece7"
			{Matrix34
				0.176428	-0.927649	-0.329152
				-0.984314	-0.166215	-0.0591538
				0.00016379	0.334426	-0.942422
				-10.9653	-12.8096	8.34717
			}
			{VolumeView "piece7.ply"}
		}
		{bone "piece8"
			{Matrix34
				-0.70334	0.50131	-0.503986
				-0.530826	-0.841948	-0.0966802
				-0.472797	0.19953	0.858284
				30.1535	0.700165	6.56636
			}
			{VolumeView "piece8.ply"}
		}
		{bone "piece9"
			{Matrix34
				0.13437	-0.904152	0.405529
				-0.965744	-0.0278036	0.258004
				-0.222	-0.426305	-0.876915
				12.2826	6.90988	16.5843
			}
			{VolumeView "piece9.ply"}
		}
		{bone "piece10"
			{Matrix34
				-0.124336	-0.948023	-0.292903
				-0.976525	0.169243	-0.133249
				0.175895	0.26946	-0.946812
				12.7808	-14.788	16.5843
			}
			{VolumeView "piece10.ply"}
		}
		{bone "piece11"
			{Matrix34
				-0.100125	0.994975	0
				0.994975	0.100125	0
				0	0	-1
				-7.05243	22.5688	8.34718
			}
			{VolumeView "piece11.ply"}
		}
		{bone "piece12"
			{Matrix34
				-0.698576	-0.666716	0.259772
				-0.698074	0.714743	-0.042834
				-0.157112	-0.211263	-0.96472
				-10.3938	-3.21548	14.7631
			}
			{VolumeView "piece12.ply"}
		}
		{bone "piece13"
			{Matrix34
				-0.0298515	-0.316758	-0.948037
				0.976448	0.193515	-0.0954033
				0.213679	-0.928556	0.303521
				11.0727	-3.77283	22.7621
			}
			{VolumeView "piece13.ply"}
		}
		{bone "piece14"
			{Matrix34
				0.017717	0.209076	-0.977739
				0.999761	0.00881732	0.0200015
				0.0128029	-0.97786	-0.20887
				10.3673	15.3019	21.9608
			}
			{VolumeView "piece14.ply"}
		}
		{bone "piece15"
			{Matrix34
				0.172559	0.929722	-0.325331
				0.96376	-0.227581	-0.139186
				-0.203443	-0.289523	-0.935301
				0.800522	8.61957	4.00312
			}
			{VolumeView "piece15.ply"}
		}
		{bone "fx_wood1"
		}
	}
}
{Volume "piece10"
	{Box 1.87071 31.3322 7.45182}
	{Bone "piece10"}
	{Matrix34
		0.98308	0.183179	0
		-0.183179	0.98308	0
		0	0	1
		-2.94899e-005	1.93645e-005	0
	}
}
{Volume "piece11"
	{Box 2.40824 34.2001 7.45183}
	{Bone "piece11"}
	{Matrix34
		0.985805	0.167895	0
		-0.167895	0.985805	0
		0	0	1
		-6.10352e-005	-2.28882e-005	0
	}
}
{Volume "piece12"
	{Box 1.34578 34.2002 2.35205}
	{Bone "piece12"}
	{Matrix34
		0.984468	0.175565	0
		-0.175565	0.984468	0
		0	0	1
		1.7189e-005	-2.69529e-005	0
	}
}
{Volume "piece13"
	{Box 1.98326 34.2001 7.45184}
	{Bone "piece13"}
	{Matrix34
		0.986205	0.165529	0
		-0.165529	0.986205	0
		0	0	1
		0	0	-3.00407e-005
	}
}
{Volume "piece14"
	{Box 1.34578 34.2001 7.45181}
	{Bone "piece14"}
	{Matrix34
		0.984318	0.176401	0
		-0.176401	0.984319	0
		0	0	1
		-1.66544e-005	0	-1.4782e-005
	}
}
{Volume "piece15"
	{Box 1.14282 17.882 2.35204}
	{Bone "piece15"}
	{Matrix34
		0.984237	0.176854	0
		-0.176854	0.984237	0
		0	0	1
		6.09146e-005	-6.09589e-005	-4.19617e-005
	}
}
{Volume "piece1"
	{Box 1.27495 34.2001 7.45181}
	{Bone "piece1"}
	{Matrix34
		0.984183	0.177154	0
		-0.177154	0.984183	0
		0	0	1
		-5.96774e-005	3.06041e-005	-3.05176e-005
	}
}
{Volume "piece2"
	{Box 1.27495 34.2002 2.35205}
	{Bone "piece2"}
	{Matrix34
		0.983821	0.179156	0
		-0.179156	0.983821	0
		0	0	1
		2.87943e-005	3.00199e-005	0
	}
}
{Volume "piece3"
	{Box 1.14808 9.21838 2.35205}
	{Bone "piece3"}
	{Matrix34
		0.984866	0.173315	0
		-0.173315	0.984866	0
		0	0	1
		0	-6.10352e-005	0
	}
}
{Volume "piece4"
	{Box 1.17303 11.7484 2.35205}
	{Bone "piece4"}
	{Matrix34
		0.985178	0.171536	0
		-0.171536	0.985178	0
		0	0	1
		0	0	0
	}
}
{Volume "piece5"
	{Box 1.22446 17.882 2.35205}
	{Bone "piece5"}
	{Matrix34
		0.985569	0.169272	0
		-0.169272	0.98557	0
		0	0	1
		0	-2.47543e-005	3.05176e-005
	}
}
{Volume "piece6"
	{Box 2.25957 31.3322 7.45182}
	{Bone "piece6"}
	{Matrix34
		0.984677	0.17439	0
		-0.17439	0.984677	0
		0	0	1
		1.63166e-005	-9.10942e-005	0
	}
}
{Volume "piece7"
	{Box 1.69994 34.2001 7.45182}
	{Bone "piece7"}
	{Matrix34
		0.985274	0.170985	0
		-0.170985	0.985274	0
		0	0	1
		0	0	0
	}
}
{Volume "piece8"
	{Box 1.51719 34.2001 7.45182}
	{Bone "piece8"}
	{Matrix34
		0.982712	0.18514	0
		-0.18514	0.982713	0
		0	0	1
		0	4.54922e-005	0
	}
}
{Volume "piece9"
	{Box 1.52568 31.3322 7.45182}
	{Bone "piece9"}
	{Matrix34
		0.983577	0.18049	0
		-0.18049	0.983577	0
		0	0	1
		0	2.4791e-005	1.90735e-005
	}
}
