;Exported by: sana
;Date:        Tue Feb 28 19:46:20 2006
;File:        D:\-Project-\-3DWork-\Entourage\e-house3a\e_farm112a_new_x.max
{Skeleton
	{bone "e_farm_c6"
		{Orientation
			1	0	0
			0	-1	0
			0	0	1
		}
		{bone "exterior"
			{Position -29.0748	-5.70868	71.6535}
		}
		{bone "piece0"
			{Position -52.1087	-19.223	28.4062}
			{VolumeView "piece0.ply"}
		}
		{bone "piece1"
			{Position -36.4365	-8.19159	60.2537}
			{VolumeView "piece1.ply"}
		}
		{bone "piece2"
			{Position -15.34	-7.3454	84.6747}
			{VolumeView "piece2.ply"}
		}
		{bone "piece3"
			{Position -33.5439	-11.6901	65.2793}
			{VolumeView "piece3.ply"}
		}
		{bone "piece4"
			{Position -17.3806	6.04383	70.5124}
			{VolumeView "piece4.ply"}
			{bone "sub_piece4"
				{Position 6.61829	0	-11.0412}
				{VolumeView "sub_piece4.ply"}
			}
		}
		{bone "piece5"
			{Position -20.0803	6.04383	41.9694}
			{VolumeView "piece5.ply"}
			{bone "sub_piece5"
				{Position 12.6953	0	-2.95865}
				{VolumeView "sub_piece5.ply"}
			}
		}
		{bone "piece6"
			{Position -17.1124	6.04383	10.843}
			{VolumeView "piece6.ply"}
		}
		{bone "piece7"
			{Position 5.41779	6.04383	30.1349}
			{VolumeView "piece7.ply"}
			{bone "sub_piece7"
				{Position -8.12286	0	-2.31313}
				{VolumeView "sub_piece7.ply"}
			}
		}
		{bone "piece8"
			{Position 12.1268	6.04383	57.6223}
			{VolumeView "piece8.ply"}
			{bone "sub_piece8"
				{Position 3.57556	0	-10.4223}
				{VolumeView "sub_piece8.ply"}
			}
		}
		{bone "piece9"
			{Position 46.9023	6.04383	61.2939}
			{VolumeView "piece9.ply"}
			{bone "sub_piece9"
				{Position -5.81946	0	-10.0399}
				{VolumeView "sub_piece9.ply"}
			}
		}
		{bone "piece10"
			{Position 49.3133	6.04383	34.578}
			{VolumeView "piece10.ply"}
			{bone "sub_piece10"
				{Position -1.72131	0	-13.6098}
				{VolumeView "sub_piece10.ply"}
			}
		}
		{bone "piece11"
			{Position -34.1845	-17.0245	49.7828}
			{VolumeView "piece11.ply"}
			{bone "sub_piece11"
				{Position 0	11.0054	1.77163}
				{VolumeView "sub_piece11.ply"}
			}
		}
		{bone "piece12"
			{Position -34.1845	2.62421	39.153}
			{VolumeView "piece12.ply"}
		}
		{bone "piece13"
			{Position -34.1845	-10.0455	26.7518}
			{VolumeView "piece13.ply"}
			{bone "sub_piece13"
				{Position 0.00027354	0.375793	-7.99864}
				{VolumeView "sub_piece13.ply"}
			}
		}
	}
}
{Volume "piece0"
	{Box 5.98234 5.11823 69.273}
	{Bone "piece0"}
	{Matrix34
		0.872818	0	-0.488045
		0	1	0
		0.488045	0	0.872818
		0.0202181	-7.11073e-005	0.119031
	}
}
{Volume "piece10"
	{Box 15.4926 7.75 19.3173}
	{Bone "piece10"}
	{Matrix34
		0.975636	0	-0.219395
		0	1	0
		0.219395	0	0.975636
		0.18781	0	0.969594
	}
}
{Volume "piece11"
	{Box 7.75 12.5816 17.3746}
	{Bone "piece11"}
	{Matrix34
		1	0	0
		0	0.989364	-0.145464
		0	0.145464	0.989364
		0	-0.101694	1.33477
	}
}
{Volume "piece12"
	{Box 7.75 13.5286 17.467}
	{Bone "piece12"}
	{Position 0	0.95697	0.392451}
}
{Volume "piece13"
	{Box 7.75 13.3139 12.9703}
	{Bone "piece13"}
	{Position 0	-0.0614014	1.63339}
}
{Volume "piece1"
	{Box 3.40955 48.6038 2.95277}
	{Bone "piece1"}
	{Position 0	6.45826e-005	0}
}
{Volume "piece2"
	{Box 4.42229 38.1922 19.8921}
	{Bone "piece2"}
	{Matrix34
		0.735258	0	-0.677787
		0	1	0
		0.677787	0	0.735258
		-2.70082	2.50363	-2.31984
	}
}
{Volume "piece3"
	{Box 4.38851 44.4789 27.8787}
	{Bone "piece3"}
	{Matrix34
		0.736005	0	-0.676976
		0	1	0
		0.676976	0	0.736005
		-0.37298	3.83841	-0.231046
	}
}
{Volume "piece4"
	{Box 15.6563 7.75 15.7522}
	{Bone "piece4"}
	{Matrix34
		0.667708	0	0.744423
		0	1	0
		-0.744423	0	0.667708
		-0.894497	0	-1.1986
	}
}
{Volume "piece5"
	{Box 12.8029 7.75 20.7256}
	{Bone "piece5"}
	{Position 0	0	-0.722355}
}
{Volume "piece6"
	{Box 16.9181 7.75 17.7131}
	{Bone "piece6"}
	{Position -1.76096	0	-0.318459}
}
{Volume "piece7"
	{Box 11.2967 7.75 19.796}
	{Bone "piece7"}
	{Position 0	0	0}
}
{Volume "piece8"
	{Box 18.2581 7.75 13.1535}
	{Bone "piece8"}
	{Matrix34
		0.988414	0	0.15178
		0	1	0
		-0.15178	0	0.988414
		0.445528	0	0.0617816
	}
}
{Volume "piece9"
	{Box 20.3122 7.75 16.5206}
	{Bone "piece9"}
	{Matrix34
		0.864865	0	-0.502004
		0	1	0
		0.502004	0	0.864865
		0.285897	0	-0.404174
	}
}
{Volume "sub_piece10"
	{Box 13.0224 7.75 8.60482}
	{Bone "sub_piece10"}
	{Matrix34
		0.993638	0	0.112618
		0	1	0
		-0.112618	0	0.993638
		0.348832	0	-0.0600101
	}
}
{Volume "sub_piece11"
	{Box 7.75 10.299 14.9245}
	{Bone "sub_piece11"}
	{Matrix34
		1	0	0
		0	0.990835	-0.135075
		0	0.135075	0.990835
		0	-0.123115	0.224322
	}
}
{Volume "sub_piece13"
	{Box 7.75061 12.3476 9.1513}
	{Bone "sub_piece13"}
	{Matrix34
		1	0	0
		0	0.890096	0.455774
		0	-0.455774	0.890096
		0	0.390063	-1.19359
	}
}
{Volume "sub_piece4"
	{Box 15.0762 7.75 12.2907}
	{Bone "sub_piece4"}
	{Matrix34
		0.927999	0	0.372582
		0	1	0
		-0.372582	0	0.927999
		0.192792	0	-0.600854
	}
}
{Volume "sub_piece5"
	{Box 10.5769 7.75 12.8029}
	{Bone "sub_piece5"}
	{Position -0.963226	0	0}
}
{Volume "sub_piece7"
	{Box 10.2939 7.75 14.2338}
	{Bone "sub_piece7"}
	{Matrix34
		0.978953	0	0.204086
		0	1	0
		-0.204086	0	0.978953
		-0.386655	0	-1.0023
	}
}
{Volume "sub_piece8"
	{Box 13.2159 7.75 10.4071}
	{Bone "sub_piece8"}
	{Matrix34
		0.987471	0	0.1578
		0	1	0
		-0.1578	0	0.987471
		0.674817	0	-0.0217777
	}
}
{Volume "sub_piece9"
	{Box 16.8503 7.75 11.8389}
	{Bone "sub_piece9"}
	{Matrix34
		0.93284	0	-0.360291
		0	1	0
		0.360291	0	0.93284
		-1.39257	0	-0.887681
	}
}
