;Exported by: sasha
;Date:        Tue Dec 25 11:49:27 2007
;File:        D:\-Project-\-3DWork-\a_house_301\a_house_301.max
{Skeleton
	{bone "301_w4"
		{Orientation
			1	0	0
			0	-1	0
			0	0	1
		}
		{VolumeView "301_w4.ply"}
		{bone "exterior"
			{Position -10.6703	-1.63295	53.7928}
			{VolumeView "exterior.ply"}
		}
		{bone "window1"
			{Position -0.99078	-9.86889	25.7483}
			{VolumeView "window1.ply"}
		}
		{bone "window1_x"
			{Position -0.99078	-9.86889	25.7483}
			{visibility 0}
			{VolumeView "window1_x.ply"}
		}
		{bone "attach1"
			{Position -14.7931	-6.14879	0}
		}
	}
}
{Area "interior"
	{Obb2
		{Center -10.3347 -0.897266}
		{Extent 7.38189 25.3937}
		{Axis -1 0}
	}
	{Rotate}
}
{Obstacle "obstacle1"
	{Obb2
		{Center -1.11729 5.17511}
		{Extent 2.46063 19.1929}
		{Axis -1 0}
	}
	{Rotate}
}
{Volume "body1"
	{Box 27.3622 4.52756 8.85827}
	{Bone "301_w4"}
	{Matrix34
		0	1	0
		-1	0	0
		0	0	1
		-0.808353	0.146121	4.42913
	}
}
{Volume "body2"
	{Box 37.2047 4.52756 38.5827}
	{Bone "301_w4"}
	{Matrix34
		0	1	0
		-1	0	0
		0	0	1
		-0.808353	-4.77514	28.1496
	}
}
{Volume "body3"
	{Polyhedron "body3.vol"}
	{Bone "301_w4"}
	{Matrix34
		0	1	0
		-1	0	0
		0	0	1
		-0.808357	5.55951	47.4409
	}
}
{Volume "body4"
	{Box 3.93701 4.52756 23.8189}
	{Bone "301_w4"}
	{Matrix34
		0	1	0
		-1	0	0
		0	0	1
		-0.808354	-25.346	35.5315
	}
}
{Volume "body5"
	{Box 12.7953 4.52756 25.853}
	{Bone "301_w4"}
	{Matrix34
		0	1	0
		-1	0	0
		0	0	1
		-0.808357	20.2249	52.2091
	}
}
{Volume "hole1"
	{Box 14.7495 15.748 13.7795}
	{Bone "301_w4"}
	{Matrix34
		0	1	0
		0	0	1
		1	0	0
		-0.970206	-9.86776	23.8353
	}
}
{Volume "roof1"
	{Box 12.637 12.704 4.92126}
	{Bone "exterior"}
	{Position 1.86729	21.3566	7.8727}
}
{Volume "roof2"
	{Box 12.637 12.704 4.92126}
	{Bone "exterior"}
	{Matrix34
		1	0	0
		0	0.8683	0.496039
		0	-0.496039	0.8683
		1.86729	12.3328	4.98237
	}
}
{Volume "roof3"
	{Box 14.0339 31.6939 4.92126}
	{Bone "exterior"}
	{Matrix34
		0.705162	0	-0.709047
		0	1	0
		0.709047	0	0.705162
		3.79497	-7.69433	-3.60741
	}
}
{Volume "roof4"
	{Box 7.14628 36.6363 4.92126}
	{Bone "exterior"}
	{Matrix34
		0.940739	0	-0.33913
		0	1	0
		0.33913	0	0.940739
		-2.51947	-9.42631	0.774948
	}
}
{Volume "window1"
	{Box 14.7495 15.748 2.16535}
	{Bone "window1"}
	{Matrix34
		0	1	0
		0	0	1
		1	0	0
		0.0205737	0.00113473	-1.91302
	}
}
