;Exported by: sana
;Date:        Tue Dec 26 18:43:07 2006
;File:        D:\-Project-\-3DWork-\Entourage\woods_x.max
{Skeleton
	{bone "wood_middle_x"
		{Orientation
			1	0	0
			0	-1	0
			0	0	1
		}
		{VolumeView "wood_middle_x.ply"}
		{bone "piece01"
			{Matrix34
				0.0875912	0.993936	-0.0664807
				-0.848464	0.109407	0.517821
				0.521954	0.01105	0.852902
				8.06405	1.99285	9.07389
			}
			{VolumeView "piece01.ply"}
		}
		{bone "piece03"
			{Matrix34
				0.0875912	0.993936	-0.0664807
				-0.848464	0.109407	0.517821
				0.521954	0.01105	0.852902
				13.9868	-1.47228	12.5331
			}
			{VolumeView "piece03.ply"}
		}
		{bone "piece02"
			{Matrix34
				0.0875912	0.993936	-0.0664807
				-0.848464	0.109407	0.517821
				0.521954	0.01105	0.852902
				11.2921	-1.80211	17.6952
			}
			{VolumeView "piece02.ply"}
		}
		{bone "fx_wood1"
			{Matrix34
				0.500001	0	0.866025
				0	1	0
				-0.866025	0	0.500001
				7.40192	-0.427521	5.32672
			}
		}
		{bone "fx_wood2"
			{Matrix34
				0	-1	0
				0.422619	0	0.906307
				-0.906307	0	0.42262
				9.92547	-0.427521	14.463
			}
		}
	}
}
{Volume "piece01"
	{Box 1.40914 3.23206 10.0501}
	{Bone "piece01"}
	{Matrix34
		0.786728	0.6173	0
		-0.617299	0.786728	0
		0	0	1
		-0.240052	0.0499275	-0.0390973
	}
}
{Volume "piece02"
	{Box 3.40002 1.9765 12.8605}
	{Bone "piece02"}
	{Matrix34
		0.997923	-0.0644131	0
		0.0644132	0.997923	0
		0	0	1
		0	-0.0497111	0
	}
}
{Volume "piece03"
	{Box 4.85164 1.84512 10.8643}
	{Bone "piece03"}
	{Matrix34
		0.932703	-0.360645	0
		0.360644	0.932703	0
		0	0	1
		-0.0347552	0.242719	0.0948706
	}
}
