;Exported by: Normand
;Date:        Mon Apr 22 19:40:50 2013
;File:        C:\Users\Normand\Willys_Jeep2_xx.max
{Skeleton
	{bone "basis"
		{parameters "WheelRadius=0.2;"}
		{Orientation
			1	0	0
			0	-1	0
			0	0	1
		}
		{bone "body"
			{parameters "ID=body;"}
			{Matrix34
				0.999048	0	-0.0436194
				-0.0038015	0.996195	-0.0870727
				0.0434534	0.0871556	0.995247
				-0.0041391	0	6.33583
			}
			{VolumeView "body.ply"}
			{bone "part3"
				{parameters "ID=body;"}
				{Matrix34
					0.798636	0	0.601815
					-0.601815	0	0.798636
					0	-1	0
					10.151	-0.195709	8.07829
				}
				{VolumeView "part3.ply"}
			}
			{bone "engine"
				{parameters "ID=engine;"}
				{Matrix34
					0	1	0
					-0.224951	0	0.97437
					0.97437	0	0.224951
					11.0309	0	10.6861
				}
				{VolumeView "engine.ply"}
			}
			{bone "detail2"
				{parameters "ID=body;"}
				{VolumeView "detail2.ply"}
			}
			{bone "detail4"
				{VolumeView "detail4.ply"}
			}
			{bone "detail3"
				{parameters "ID=body;"}
				{VolumeView "detail3.ply"}
			}
			{bone "part4"
				{parameters "ID=body;"}
				{Position -12.5952	-3.93284	1.311}
				{VolumeView "part4.ply"}
				{bone revolute "mgun_turret"
					{parameters "ID=body;"}
					{limits -35 35}
					{Position -0.028882	-0.0364547	18.3193}
					{VolumeView "mgun_turret.ply"}
				}
			}
			{bone "part2"
				{parameters "ID=body;"}
				{Position 13.8204	10.3135	6.97125}
				{VolumeView "part2.ply"}
			}
			{bone "body_rside"
				{parameters "ID=body;"}
				{Position 13.7589	-10.505	6.97125}
				{VolumeView "body_rside.ply"}
			}
			{bone "fxfire"
				{Matrix34
					1	0	0
					0	0	1
					0	-1	0
					18.6627	0.0041393	1.94413
				}
			}
			{bone "part5"
				{parameters "ID=body;"}
				{Matrix34
					0.374607	0.0808093	-0.923656
					-0.0808096	0.99525	0.054299
					0.923656	0.0542995	0.379357
					0	0	0
				}
				{VolumeView "part5.ply"}
			}
			{bone "part6"
				{parameters "ID=body;"}
				{Position 0	0	0}
				{VolumeView "part6.ply"}
			}
			{bone "part7"
				{parameters "ID=body;"}
				{Matrix34
					0.993738	0.0238067	-0.109173
					0.0130887	0.945513	0.325321
					0.110969	-0.324712	0.93928
					0.220802	3.91294	-4.73418
				}
				{VolumeView "part7.ply"}
			}
		}
		{bone "pivot_front"
			{Position 21.5743	0	5.34606}
			{VolumeView "pivot_front.ply"}
			{bone "spring_r"
				{Position 0.56776	0	-1.10376}
				{VolumeView "spring_r.ply"}
			}
			{bone revolute "steerl"
				{Matrix34
					1	0	0
					0	-1	0
					0	0	1
					0.0251541	9.3433	0.012826
				}
				{bone revolute "part1"
					{parameters "ID=wheelleft1;"}
					{Matrix34
						-1	0	0
						0	-0.824126	0.566406
						0	-0.566406	-0.824126
						-0.125389	-3.97531	0.367705
					}
					{VolumeView "wheelr1.ply"}
				}
			}
			{bone revolute "steerr"
				{Matrix34
					1	0	0
					0	-1	0
					0	0	1
					-0.00213623	-10.0339	0.0128264
				}
				{bone revolute "wheelr1"
					{parameters "ID=wheelleft2;"}
					{Matrix34
						-1	0	0
						0	0	1
						0	1	0
						-0.0852718	1.92432	-0.0696783
					}
					{VolumeView "wheelr1.ply"}
				}
			}
			{bone "spring_l"
				{Position 0.56776	0	-1.10376}
				{VolumeView "spring_l.ply"}
			}
		}
		{bone "pivot_back"
			{Position -17.9552	0	5.85823}
			{VolumeView "pivot_back.ply"}
			{bone revolute "wheell2"
				{parameters "ID=wheelleft2;"}
				{Matrix34
					-1	0	0
					0	0	1
					0	1	0
					-0.0226231	11.3283	-0.569023
				}
				{VolumeView "wheelr1.ply"}
			}
			{bone revolute "wheelr2"
				{parameters "ID=wheelleft2;"}
				{Matrix34
					-1	0	0
					0	0	1
					0	-1	0
					-0.0226212	-11.9582	-0.56902
				}
				{VolumeView "wheelr1.ply"}
			}
		}
	}
}
{Volume "body2"
	{Polyhedron "body2.vol"}
	{Bone "body"}
	{Position -11.874	-0.114625	0.752005}
}
{Volume "body"
	{Box 60.3325 15.6105 2.25016}
	{Bone "body"}
	{Position 1.64264	-0.301381	-0.500074}
}
{Volume "engine"
	{Polyhedron "engine.vol"}
	{Bone "engine"}
	{Matrix34
		0	0	1
		1	0	0
		0	1	0
		0.00165945	-10.2145	8.21682
	}
}
{Volume "wheelleft1"
	{Cylinder 5.11811 3.74016}
	{Bone "part1"}
	{Matrix34
		-1	0	0
		0	1	0
		0	0	-1
		-0.0433419	-0.00265665	-0.0737292
	}
}
{Volume "wheelleft2"
	{Cylinder 5.11811 3.74016}
	{Bone "wheell2"}
	{Matrix34
		-1	0	0
		0	1	0
		0	0	-1
		-0.163006	0.0317958	0.0891804
	}
}
{Volume "wheelright1"
	{Cylinder 5.11811 3.74016}
	{Bone "wheelr1"}
	{Matrix34
		-1	0	0
		0	1	0
		0	0	1
		-0.0305195	2.52655	0.415911
	}
}
{Volume "wheelright2"
	{Cylinder 5.11811 3.74016}
	{Bone "wheelr2"}
	{Matrix34
		-1	0	0
		0	1	0
		0	0	1
		-0.163002	2.52655	0.41591
	}
}
{Volume "windshield"
	{Box 24.7094 10.56 0.511811}
	{Bone "part3"}
	{Matrix34
		0	0	-1
		0.942641	0.333807	0
		0.333807	-0.942641	0
		7.95321	6.01788	-0.0178775
	}
}
