;Exported by: sergienko
;Date:        Thu Feb 09 11:22:20 2006
;File:        D:\-projets1_5\3dwork\anima\construction\Bahnhof_house\Bahnhof_house_x_test_без.max
{Skeleton
	{bone "bh_corner29"
		{Orientation
			1	0	0
			0	-1	0
			0	0	1
		}
		{VolumeView "bh_corner29.ply"}
		{bone "piece1"
			{Matrix34
				0	1	0
				-1	0	0
				0	0	1
				-68.1872	2.43475	68.7413
			}
			{VolumeView "piece1.ply"}
		}
		{bone "piece2"
			{Matrix34
				0	1	0
				-1	0	0
				0	0	1
				-7.23279	0.219543	76.6861
			}
			{VolumeView "piece2.ply"}
		}
		{bone "piece3"
			{Matrix34
				0	1	0
				-1	0	0
				0	0	1
				25.7513	0.219727	61.6902
			}
			{VolumeView "piece3.ply"}
		}
		{bone "piece4"
			{Matrix34
				0	1	0
				-1	0	0
				0	0	1
				14.6861	0.219849	31.7187
			}
			{VolumeView "piece4.ply"}
		}
		{bone "piece5"
			{Matrix34
				0	1	0
				-1	0	0
				0	0	1
				-12.2836	0.21991	30.6081
			}
			{VolumeView "piece5.ply"}
		}
		{bone "piece6"
			{Matrix34
				0	1	0
				-1	0	0
				0	0	1
				-49.6847	0.219727	76.7774
			}
		}
		{bone "piece7"
			{Matrix34
				0	1	0
				-1	0	0
				0	0	1
				-54.0934	0.219788	51.3678
			}
			{VolumeView "piece7.ply"}
		}
		{bone "fx_dust1"
			{Position 24.7864	11.9044	37.3703}
		}
		{bone "fx_dust2"
			{Position -33.8254	11.9044	37.3703}
		}
	}
}
{Volume "piece1"
	{Box 22.7188 15.1501 46.6894}
	{Bone "piece1"}
	{Matrix34
		-1	0	0
		0	-1	0
		0	0	1
		-2.84044e-005	0.000117778	0
	}
}
{Volume "piece2"
	{Box 25.9893 15.1502 14.4573}
	{Bone "piece2"}
	{Matrix34
		0	-1	0
		1	0	0
		0	0	1
		-8.08822e-005	-0.229382	1.02103
	}
}
{Volume "piece3"
	{Box 12.2758 15.1501 25.1114}
	{Bone "piece3"}
	{Matrix34
		0	-0.965926	-0.258819
		1	0	0
		0	-0.258819	0.965926
		-2.13299e-005	-1.16868	-0.483179
	}
}
{Volume "piece4"
	{Box 25.7056 15.1501 15.8853}
	{Bone "piece4"}
	{Matrix34
		0	-0.996195	0.0871557
		1	0	0
		0	0.0871557	0.996195
		-2.07972e-005	-0.0481602	-0.146036
	}
}
{Volume "piece5"
	{Box 23.0724 15.1501 11.462}
	{Bone "piece5"}
	{Matrix34
		0	-0.965926	-0.258819
		1	0	0
		0	-0.258819	0.965926
		-8.06408e-005	0.242059	0.503012
	}
}
{Volume "piece6"
	{Box 22.0205 15.1501 14.6518}
	{Bone "piece6"}
	{Matrix34
		0	-1	0
		1	0	0
		0	0	1
		-1.80171e-005	-0.816968	0.17332
	}
}
{Volume "piece7"
	{Box 11.6391 15.1501 33.9493}
	{Bone "piece7"}
	{Matrix34
		0	-1	0
		1	0	0
		0	0	1
		-7.88958e-005	-1.64741	0
	}
}
