;Exported by: garry
;Date:        Wed Oct 31 12:37:11 2007
;File:        D:\-Projects-\-3DWork-\Model\Танки\Sturm SiG33B\sturmpanzer 1_non_shields.max
{Skeleton
	{animation
		{sequence "start" {speed 0.8}}
		{sequence "stop" {speed 0.8}}
		{sequence "hit"}
		{sequence "fire"}
	}
	{bone revolute "basis"
		{parameters "Wheelradius=0.30;"}
		{limits 0 0}
		{speed 0.01}
		{Orientation
			1	0	0
			0	-1	0
			0	0	1
		}
		{bone "body"
			{parameters "ID=body;"}
			{animation
				{sequence "repair" {file "body_r.anm"}}
			}
			{Position 0.225906	-0.0739617	6.31969}
			{VolumeView "body.ply"}
			{bone revolute "wheell7"
				{parameters "ID=treackleft;"}
				{Matrix34
					-1	0	0
					0	0	1
					0	1	0
					-36.61	14.1413	2.08854
				}
				{VolumeView "wheell7.ply"}
			}
			{bone revolute "wheell1"
				{parameters "ID=treackleft;"}
				{Matrix34
					-0.879571	0	-0.475767
					-0.475767	0	0.879571
					0	1	0
					37.1051	15.5805	4.09547
				}
				{VolumeView "wheell1.ply"}
			}
			{bone revolute "turret"
				{parameters "ID=turret;"}
				{limits -10 10}
				{speed 0.01}
				{Position 14.0222	-0.228689	23.3979}
				{VolumeView "turret.ply"}
				{bone revolute "gun_rot"
					{parameters "ID=gun;"}
					{limits -5 60}
					{speed 0.01}
					{Matrix34
						0.999999	0	-0.00144359
						0.00144359	0	0.999999
						0	-1	0
						-3.01677	0	6.40117
					}
					{VolumeView "gun_rot.ply"}
					{bone "gun"
						{parameters "ID=gun;"}
						{Position 16.5777	6.0599	0}
						{VolumeView "gun.ply"}
						{bone "foresight1"
							{Matrix34
								1	0	0
								0	1	0
								0	0	1
								18.363	0.705472	0
							}
						}
					}
				}
				{bone "visor1"
					{Matrix34
						0.999641	0	0.0268035
						0.0268035	0	-0.999641
						0	-1	0
						5.61908	0.0283439	21.4177
					}
				}
				{bone "commander"
					{Position -22.3473	8.55193	-9.3967}
				}
				{bone "gunner"
					{Matrix34
						0.990425	-0.138051	0
						0.138051	0.990425	0
						0	0	1
						-8.62847	10.2878	-6.72653
					}
				}
				{bone "charger"
					{Matrix34
						0.956305	-0.292372	0
						0.292372	0.956305	0
						0	0	1
						-31.977	-7.8532	-4.03261
					}
				}
			}
			{bone revolute "wheelr1"
				{parameters "ID=trackright;"}
				{Matrix34
					1	0	0
					0	0	-1
					0	1	0
					37.1051	-15.7492	4.09547
				}
				{VolumeView "wheelr1.ply"}
			}
			{bone "engine"
				{Position -26.4171	-0.228689	8.34633}
			}
			{bone revolute "wheelr7"
				{parameters "ID=treackleft;"}
				{Matrix34
					-0.845977	0	0.533219
					0.533219	0	0.845977
					0	-1	0
					-36.61	-14.4701	2.08854
				}
				{VolumeView "wheelr7.ply"}
			}
			{bone "visor2"
				{Position 32.4756	6.89502	18.2651}
			}
			{bone "fxsmoke1"
				{Matrix34
					-0.0871557	-0.996195	0
					0.996195	-0.0871557	0
					0	0	1
					-38.817	-15.0036	15.247
				}
			}
			{bone "headlightl"
				{Matrix34
					0.999847	0.0175167	0
					-0.0175167	0.999847	0
					0	0	1
					27.6496	-0.0473995	14.4494
				}
			}
			{bone "fxlight"
				{Matrix34
					0.999847	0.0175167	0
					-0.0175167	0.999847	0
					0	0	1
					28.6601	-0.0473995	14.4494
				}
			}
			{bone "enumerator"
				{Matrix34
					0.996107	-0.0880942	-0.00336042
					-0.0187908	-0.249406	0.968217
					-0.0861324	-0.964384	-0.250091
					13.9632	-22.4661	17.0934
				}
				{VolumeView "enumerator.ply"}
			}
		}
		{bone "wheelsl"
			{parameters "ID=treackleft;"}
			{Position 0.225906	-0.0739617	6.31969}
			{VolumeView "wheelsl.ply"}
			{bone revolute "wheell2"
				{parameters "ID=treackleft;"}
				{Matrix34
					0.369853	0	0.92909
					0.92909	0	-0.369853
					0	1	0
					24.334	14.8421	-0.8658
				}
				{VolumeView "wheell2.ply"}
			}
			{bone "fxtracel1"
				{Matrix34
					-1	0	0
					0	0	1
					0	-1	0
					24.7048	15.8579	-5.94547
				}
			}
			{bone "fxtracel2"
				{Matrix34
					-1	0	0
					0	0	1
					0	-1	0
					-1.0885	15.8579	-5.94547
				}
			}
			{bone "fxtracel3"
				{Matrix34
					-0.990696	0	0.136092
					0.136092	0	0.990696
					0	-1	0
					-26.3793	15.8579	-5.94751
				}
			}
			{bone "trackl"
				{parameters "ID=trackleft;"}
				{Matrix34
					1	0	0
					0	0	1
					0	-1	0
					-0.473496	16.3822	2.84838
				}
				{VolumeView "trackl.ply"}
			}
			{bone revolute "wheell3"
				{parameters "ID=treackleft;"}
				{Matrix34
					0.369853	0	0.92909
					0.92909	0	-0.369853
					0	1	0
					13.3755	14.8421	-0.8658
				}
				{VolumeView "wheell2.ply"}
			}
			{bone revolute "wheell4"
				{parameters "ID=treackleft;"}
				{Matrix34
					0.369853	0	0.92909
					0.92909	0	-0.369853
					0	1	0
					0.808117	14.8421	-0.8658
				}
				{VolumeView "wheell2.ply"}
			}
			{bone revolute "wheell5"
				{parameters "ID=treackleft;"}
				{Matrix34
					0.369853	0	0.92909
					0.92909	0	-0.369853
					0	1	0
					-9.82072	14.8421	-0.8658
				}
				{VolumeView "wheell2.ply"}
			}
			{bone revolute "wheell6"
				{parameters "ID=treackleft;"}
				{Matrix34
					0.369853	0	0.92909
					0.92909	0	-0.369853
					0	1	0
					-23.2242	14.8421	-0.8658
				}
				{VolumeView "wheell2.ply"}
			}
		}
		{bone "wheelsr"
			{parameters "ID=treackright;"}
			{Matrix34
				1	0	0
				0	-1	0
				0	0	1
				0.225906	-0.0739617	6.31969
			}
			{VolumeView "wheelsr.ply"}
			{bone revolute "wheelr2"
				{parameters "ID=treackright;"}
				{Matrix34
					-0.107701	0	-0.994183
					-0.994183	0	0.107701
					0	1	0
					24.334	14.8421	-0.8658
				}
				{VolumeView "wheelr2.ply"}
			}
			{bone revolute "wheelr3"
				{parameters "ID=treackright;"}
				{Matrix34
					-1	0	0
					0	0	1
					0	1	0
					13.3916	14.8421	-0.8658
				}
				{VolumeView "wheelr2.ply"}
			}
			{bone revolute "wheelr4"
				{parameters "ID=treackright;"}
				{Matrix34
					-0.724961	0	-0.688789
					-0.688789	0	0.724961
					0	1	0
					0.88162	14.8421	-0.8658
				}
				{VolumeView "wheelr2.ply"}
			}
			{bone revolute "wheelr5"
				{parameters "ID=treackright;"}
				{Matrix34
					-0.724961	0	-0.688789
					-0.688789	0	0.724961
					0	1	0
					-9.88166	14.8421	-0.8658
				}
				{VolumeView "wheelr2.ply"}
			}
			{bone revolute "wheelr6"
				{parameters "ID=treackright;"}
				{Matrix34
					-0.107701	0	-0.994183
					-0.994183	0	0.107701
					0	1	0
					-23.29	14.8421	-0.8658
				}
				{VolumeView "wheelr2.ply"}
			}
			{bone "trackr"
				{parameters "ID=trackright;"}
				{Matrix34
					1	0	0
					0	0	1
					0	1	0
					-0.473494	16.737	2.84838
				}
				{VolumeView "trackr.ply"}
			}
			{bone "fxtracer1"
				{Matrix34
					-1	0	0
					0	0	1
					0	1	0
					24.7048	16.4064	-5.94547
				}
			}
			{bone "fxtracer2"
				{Matrix34
					-1	0	0
					0	0	1
					0	1	0
					-1.0885	16.4064	-5.94547
				}
			}
			{bone "fxtracer3"
				{Matrix34
					-0.990696	0	0.136092
					0.136092	0	0.990696
					0	1	0
					-26.3793	16.4064	-5.94751
				}
			}
		}
		{bone "emit1"
			{Matrix34
				0	-1	0
				1	0	0
				0	0	1
				-20.9495	33.0237	0
			}
			{visibility 0}
		}
		{bone "emit2"
			{Matrix34
				0	1	0
				-1	0	0
				0	0	1
				-18.6648	-33.0244	0
			}
			{visibility 0}
		}
		{bone "emit3"
			{Matrix34
				0	1	0
				-1	0	0
				0	0	1
				-38.8679	-31.145	0
			}
			{visibility 0}
		}
		{bone "emit4"
			{Matrix34
				0	-1	0
				1	0	0
				0	0	1
				-40.323	33.2083	0
			}
			{visibility 0}
		}
	}
}
{Volume "body1"
	{Polyhedron "body1.vol"}
	{Bone "body"}
	{Matrix34
		0.999998	0	0.00183141
		0	1	0
		-0.00183141	0	0.999998
		-1.90194	-0.529936	0.587862
	}
}
{Volume "body2"
	{Box 39.6938 7.85432 44.6797}
	{Bone "body"}
	{Matrix34
		0	-1	0
		0.965926	0	0.258819
		-0.258819	0	0.965926
		23.6681	-0.228687	30.4553
	}
}
{Volume "body3"
	{Polyhedron "body3.vol"}
	{Bone "body"}
	{Position 10.291	19.4931	10.5474}
}
{Volume "body4"
	{Polyhedron "body4.vol"}
	{Bone "body"}
	{Position 10.291	-20.0786	10.5474}
}
{Volume "crew"
	{Box 11.811 16.1811 11.6768}
	{Bone "body"}
	{Matrix34
		0.999998	0	0.00183141
		0	1	0
		-0.00183141	0	0.999998
		16.7031	3.07231	7.0136
	}
}
{Volume "engine"
	{Box 21.2599 28.1425 17.6808}
	{Bone "engine"}
	{Position -0.194046	-0.102028	1.16375}
}
{Volume "gun"
	{Cylinder 2.35171 33.0027}
	{Bone "gun"}
	{Matrix34
		0	0	-1
		-0.00144339	0.999999	0
		0.999999	0.00144339	0
		0.240157	0.310767	0
	}
}
{Volume "inventory"
	{Box 22.7385 20.6464 6.21977}
	{Bone "body"}
	{Matrix34
		0.999998	0	0.00183141
		0	1	0
		-0.00183141	0	0.999998
		-1.62049	-0.52993	3.93074
	}
}
{Volume "ram"
	{Polyhedron "ram.vol"}
	{Bone "body"}
	{Matrix34
		-0.92957	0	0.368645
		0	-1	0
		0.368645	0	0.92957
		4.02309	0	-6.62718
	}
}
{Volume "trackleft"
	{Box 82.9065 5.51181 17.0146}
	{Bone "wheelsl"}
	{Position -0.911483	16.2672	2.10955}
}
{Volume "trackright"
	{Box 82.9065 5.51181 17.0146}
	{Bone "wheelsr"}
	{Matrix34
		1	0	0
		0	-1	0
		0	0	1
		-0.889902	16.7851	2.14858
	}
}
{Volume "turret"
	{Polyhedron "turret.vol"}
	{Bone "turret"}
	{Position -19.9472	0.0619895	-7.28764}
}
