;Exported by: shevchenko
;Date:        Wed Sep 28 10:59:16 2005
;File:        D:\-Projects1_5-\-3DWork-\e_farm_121_lm_corner.max
{Skeleton
	{bone "121_roof"
		{Orientation
			1	0	0
			0	-1	0
			0	0	1
		}
		{VolumeView "121_roof.ply"}
		{bone "fix40"
			{Position -42.1518	25.1698	-0.73344}
		}
		{bone "fix41"
			{Position 42.3018	25.0234	-0.733434}
		}
		{bone "fix42"
			{Position -0.368749	-65.367	17.6888}
		}
		{bone "fix43"
			{Position 0.830486	66.5228	17.1532}
		}
	}
}
{Volume "roof4"
	{Box 56.6243 1.9685 33.2267}
	{Bone "121_roof"}
	{Matrix34
		0	-1	0
		0.707107	0	0.707107
		-0.707107	0	0.707107
		12.1485	20.9157	17.7191
	}
}
{Volume "roof3"
	{Box 43.5572 1.9685 64.6938}
	{Bone "121_roof"}
	{Matrix34
		0	-1	0
		0.707107	0	0.707107
		-0.707107	0	0.707107
		23.4718	-29.2076	6.3958
	}
}
{Volume "roof2"
	{Box 43.0153 1.9685 63.3343}
	{Bone "121_roof"}
	{Matrix34
		0	1	0
		-0.707107	0	0.707107
		0.707107	0	0.707107
		-22.5735	-32.0475	7.29414
	}
}
{Volume "roof1"
	{Box 59.8128 1.9685 28.6271}
	{Bone "121_roof"}
	{Matrix34
		0	1	0
		-0.707107	0	0.707107
		0.707107	0	0.707107
		-10.056	19.2494	19.8117
	}
}
