;Exported by: kolesnikov
;Date:        Thu Nov 17 11:43:25 2005
;File:        D:\-Project-\-3DWork-\barricade_cobble_copy.max
{Skeleton
	{bone "barricade_cobl1_c3"
		{Orientation
			1	0	0
			0	-1	0
			0	0	1
		}
		{VolumeView "barricade_cobl1_c3.ply"}
		{bone "climb25"
			{Matrix34
				-0.876524	0.481358	0
				-0.481358	-0.876524	0
				0	0	1
				59.316	-16.0506	0
			}
			{visibility 0}
		}
		{bone "climb26"
			{Matrix34
				0.925986	-0.377559	0
				0.377559	0.925986	0
				0	0	1
				7.96862	4.80486	0
			}
			{visibility 0}
		}
	}
}
{Obstacle "obstacle10"
	{Obb2
		{Center 12.7568 23.003}
		{Extent 11.289 19.308}
		{Axis -0.199751 -0.979847}
	}
	{Rotate}
}
{Obstacle "obstacle11"
	{Obb2
		{Center 32.3513 6.05463}
		{Extent 12.6843 16.4118}
		{Axis -0.917216 -0.398391}
	}
	{Rotate}
}
{Volume "body52"
	{Box 28.657 18.8057 16.6461}
	{Bone "barricade_cobl1_c3"}
	{Matrix34
		0.913607	0.406597	0
		-0.264286	0.59384	-0.75994
		-0.308989	0.694286	0.649994
		16.679	-21.8877	3.85954
	}
}
{Volume "body53"
	{Box 28.657 18.8057 16.6461}
	{Bone "barricade_cobl1_c3"}
	{Matrix34
		0.438509	0.898727	0
		-0.584166	0.285028	-0.759939
		-0.682977	0.33324	0.649994
		33.5229	-5.37069	3.85954
	}
}
