;Exported by: ubrashaev
;Date:        Mon Apr 24 17:39:46 2006
;File:        D:\-Projects1_5-\-work-\3d\-entourage\aero\b17_entourage_x.max
{Skeleton
	{bone "bomb_cart"
		{Orientation
			1	0	0
			0	-1	0
			0	0	1
		}
		{bone "piece5"
			{Matrix34
				0.994576	0.103929	0.0042548
				-0.103484	0.984526	0.141417
				0.0105084	-0.14109	0.989941
				0	0	-2.40621
			}
			{VolumeView "piece5.ply"}
		}
		{bone "piece0"
			{Matrix34
				1	0	0
				0	0.939693	0.34202
				0	-0.34202	0.939693
				-17.6474	0.0664368	6.16584
			}
			{VolumeView "piece0.ply"}
		}
		{bone "piece1"
			{Matrix34
				0.842269	0.445154	-0.304007
				-0.479536	0.876349	-0.0453547
				0.246227	0.183983	0.95159
				-34.9263	-0.0233765	19.8011
			}
			{VolumeView "piece1.ply"}
		}
		{bone "piece3"
			{Matrix34
				1	0	0
				0	0	1
				0	-1	0
				27.1807	-13.2273	9.30976
			}
			{VolumeView "piece3.ply"}
		}
		{bone "piece4"
			{Matrix34
				-1	0	0
				0	0	1
				0	1	0
				27.1807	12.9188	9.30976
			}
			{VolumeView "piece4.ply"}
		}
	}
}
{Volume "piece1"
	{Box 25.6227 18.9205 2.59059}
	{Bone "piece1"}
	{Position -1.70484e-005	-1.95196e-005	-2.37221}
}
{Volume "piece2"
	{Cylinder 5.42021 2.95009}
	{Bone "piece0"}
	{Matrix34
		1	0	0
		0	0	1
		0	-1	0
		-2.12862	-0.0469069	-0.461736
	}
}
{Volume "piece3"
	{Cylinder 9.48242 4.95941}
	{Bone "piece3"}
	{Matrix34
		0.731397	0.681954	0
		0.681952	-0.731399	0
		0	0	-1
		-0.0016474	0.0891458	2.40043
	}
}
{Volume "piece4"
	{Cylinder 9.48242 4.32863}
	{Bone "piece4"}
	{Matrix34
		0.694612	0.719387	0
		-0.719385	0.694614	0
		0	0	1
		-0.0245386	0.0747603	2.3181
	}
}
{Volume "piece5"
	{Box 71.1817 27.0437 11.5011}
	{Bone "piece5"}
	{Position 12.1468	1.86375e-005	14.4557}
}
