;Exported by: sergienko
;Date:        Thu Feb 09 11:22:55 2006
;File:        D:\-projets1_5\3dwork\anima\construction\Bahnhof_house\Bahnhof_house_x_test_без.max
{Skeleton
	{animation
		{sequence "crush" {speed 0.2}}
	}
	{bone "bh_corner14"
		{Orientation
			1	0	0
			0	-1	0
			0	0	1
		}
		{bone "piece3"
			{Matrix34
				0	-1	0
				1	0	0
				0	0	1
				42.4394	-104.397	105.803
			}
			{VolumeView "piece3.ply"}
		}
		{bone "piece6"
			{Matrix34
				0	-1	0
				1	0	0
				0	0	1
				58.8533	-106.054	128.327
			}
			{VolumeView "piece6.ply"}
		}
		{bone "piece5"
			{Matrix34
				0	-1	0
				1	0	0
				0	0	1
				39.5326	-104.397	148.796
			}
			{VolumeView "piece5.ply"}
		}
		{bone "piece4"
			{Matrix34
				0	-1	0
				1	0	0
				0	0	1
				35.2931	-104.396	134.179
			}
			{VolumeView "piece4.ply"}
		}
		{bone "roof"
			{parameters "CommonMesh;"}
			{Position 4.32048	10.7478	189.751}
			{VolumeView "roof.ply"}
		}
		{bone "piece2"
			{Matrix34
				0	-1	0
				1	0	0
				0	0	1
				10.8227	-104.397	149.651
			}
			{VolumeView "piece2.ply"}
		}
		{bone "piece1"
			{Matrix34
				0	-1	0
				1	0	0
				0	0	1
				-33.5437	-104.396	147.818
			}
			{VolumeView "piece1.ply"}
		}
		{bone "fx_dust1"
			{Position 1.27361	-119.487	122.624}
		}
		{bone "exterior"
			{Position 2.51225	45.7372	0}
		}
	}
}
{Volume "piece1"
	{Box 28.1741 15.1501 18.1313}
	{Bone "piece1"}
	{Matrix34
		0	1	0
		1	0	0
		0	0	-1
		2.80662e-005	-1.18396	0.654045
	}
}
{Volume "piece2"
	{Box 21.9379 15.1501 15.5361}
	{Bone "piece2"}
	{Matrix34
		0	1	0
		-1	0	0
		0	0	1
		0	1.2898	0.771164
	}
}
{Volume "piece3"
	{Box 28.8399 15.1501 14.6792}
	{Bone "piece3"}
	{Matrix34
		0	-0.0871564	-0.996195
		-1	0	0
		0	0.996195	-0.0871564
		-5.43687e-005	0.287101	0.493811
	}
}
{Volume "piece4"
	{Box 12.695 15.1501 32.3704}
	{Bone "piece4"}
	{Matrix34
		0	-0.766045	-0.642788
		1	0	0
		0	-0.642788	0.766044
		1.43393e-005	1.1103	0.709057
	}
}
{Volume "piece5"
	{Box 27.2425 15.1501 16.917}
	{Bone "piece5"}
	{Matrix34
		0	-0.996195	-0.087156
		-1	0	0
		0	0.0871562	-0.996195
		0	0.730296	0.0780605
	}
}
{Volume "piece6"
	{Box 28.758 15.1501 46.6893}
	{Bone "piece6"}
	{Matrix34
		-1	0	0
		0	-1	0
		0	0	1
		6.84797e-005	6.26444e-005	0
	}
}
