;Exported by: vic
;Date:        Fri Aug 19 17:06:19 2005
;File:        D:\Obmen\SS\house_euro_117a_v_fix_x.max
{Skeleton
	{bone "117a_f2c2_x"
		{Orientation
			1	0	0
			0	-1	0
			0	0	1
		}
		{bone "piece0"
			{Matrix34
				0	1	0
				0	0	1
				1	0	0
				12.7999	5.58549	-35.4651
			}
			{VolumeView "piece0.ply"}
		}
		{bone "piece1"
			{Matrix34
				-1	0	0
				0	0	1
				0	1	0
				-9.73935	-17.1109	-11.5935
			}
			{VolumeView "piece1.ply"}
		}
		{bone "piece2"
			{Matrix34
				-1	0	0
				0	0	1
				0	1	0
				13.4124	-17.1109	12.6626
			}
			{VolumeView "piece2.ply"}
		}
		{bone "piece3"
			{Matrix34
				0	1	0
				0	0	1
				1	0	0
				-28.5663	2.81605	-17.2312
			}
			{VolumeView "piece3.ply"}
		}
		{bone "piece4"
			{Matrix34
				0	1	0
				0	0	1
				1	0	0
				-28.5663	1.96176	23.622
			}
			{VolumeView "piece4.ply"}
		}
		{bone "sub_piece0"
			{Position 27.6759	4.34375	-23.6452}
			{VolumeView "sub_piece0.ply"}
		}
		{bone "sub_piece1"
			{Matrix34
				-1	0	0
				0	0	1
				0	1	0
				13.1627	-17.1109	-15.5266
			}
			{VolumeView "sub_piece1.ply"}
		}
		{bone "sub_piece2"
			{Matrix34
				-1	0	0
				0	0	1
				0	1	0
				-12.73	-17.1109	16.625
			}
			{VolumeView "sub_piece2.ply"}
		}
		{bone "sub_piece3"
			{Matrix34
				0	1	0
				0	0	1
				1	0	0
				-28.5663	10.1016	3.64479
			}
			{VolumeView "sub_piece3.ply"}
		}
		{bone "sub_piece4"
			{Position -11.5019	0.384537	-23.6452}
			{VolumeView "sub_piece4.ply"}
		}
	}
}
{Volume "sub_piece4"
	{Box 20.1417 3.93701 13.151}
	{Bone "sub_piece4"}
	{Matrix34
		0.984808	0.173648	0
		0	0	-1
		-0.173648	0.984808	0
		-0.00380957	-0.0579428	-0.114608
	}
}
{Volume "sub_piece3"
	{Box 9.77425 7.87402 17.9104}
	{Bone "sub_piece3"}
	{Matrix34
		0.999997	0.00228819	0
		0	0	-1
		-0.00228819	0.999997	0
		-0.0250387	0.575206	-0.00470583
	}
}
{Volume "sub_piece2"
	{Box 22.7052 7.87402 14.0716}
	{Bone "sub_piece2"}
	{Matrix34
		-0.965926	0.258819	0
		0	0	1
		0.258819	0.965926	0
		0.45998	0.536141	0.0354684
	}
}
{Volume "sub_piece1"
	{Box 15.0535 7.87402 16.8648}
	{Bone "sub_piece1"}
	{Matrix34
		-0.992372	-0.123278	0
		0	0	1
		-0.123278	0.992372	0
		0.897025	1.17135	0.0354781
	}
}
{Volume "sub_piece0"
	{Box 9.26517 3.93701 11.1784}
	{Bone "sub_piece0"}
	{Matrix34
		0.996195	-0.0871557	0
		0	0	-1
		0.0871557	0.996195	0
		0.105987	0.523801	-0.114608
	}
}
{Volume "piece4"
	{Box 23.0672 7.87402 10.5671}
	{Bone "piece4"}
	{Matrix34
		0.999098	-0.0424495	0
		0	0	-1
		0.0424495	0.999098	0
		-0.698515	-0.341288	-0.00470349
	}
}
{Volume "piece3"
	{Box 22.7308 7.87402 15.1783}
	{Bone "piece3"}
	{Matrix34
		0.998703	0.0509178	0
		0	0	-1
		-0.0509178	0.998703	0
		-0.0336263	0.114393	-0.00471003
	}
}
{Volume "piece2"
	{Box 19.2994 7.87402 19.8409}
	{Bone "piece2"}
	{Matrix34
		-0.904961	0.425495	0
		0	0	1
		0.425495	0.904961	0
		-0.452874	-0.403733	0.0354783
	}
}
{Volume "piece1"
	{Box 22.7052 7.87402 28.1432}
	{Bone "piece1"}
	{Matrix34
		-0.965926	0.258819	0
		0	0	1
		0.258819	0.965926	0
		-0.258589	0.418856	0.0354625
	}
}
{Volume "piece0"
	{Box 18.9191 6.10236 20.3223}
	{Bone "piece0"}
	{Matrix34
		-0.00188462	0	0.999998
		-0.704557	-0.709647	-0.00132779
		0.709645	-0.704558	0.00133746
		0.548312	0.233924	0.114352
	}
}
