;Exported by: sasha
;Date:        Tue Dec 25 10:00:12 2007
;File:        D:\-Project-\-3DWork-\a_house 303\a_house_303.max
{Skeleton
	{bone "303_dw1"
		{Orientation
			1	0	0
			0	-1	0
			0	0	1
		}
		{VolumeView "303_dw1.ply"}
	}
}
{Obstacle "body1"
	{Obb2
		{Center 19.2636 14.4145}
		{Extent 7.78152 9.00652}
		{Axis 1 0}
	}
	{Rotate}
	{Tags  "body"}
}
{Obstacle "body2"
	{Obb2
		{Center -17.0864 14.4145}
		{Extent 7.19164 9.00652}
		{Axis 1 0}
	}
	{Rotate}
	{Tags  "body"}
}
{Obstacle "door"
	{Obb2
		{Center 10.6651 17.4737}
		{Extent 9.09627 0.599195}
		{Axis 0.25946 0.965754}
	}
	{Rotate}
	{Tags  "fire"}
}
{Volume "body1"
	{Box 16.2655 15.563 13.0217}
	{Bone "303_dw1"}
	{Matrix34
		0	0.988994	-0.147951
		-1	0	0
		0	0.147951	0.988994
		19.2636	-14.4145	5.15474
	}
}
{Volume "body2"
	{Box 16.2655 14.3833 13.0217}
	{Bone "303_dw1"}
	{Matrix34
		0	0.988994	-0.147951
		-1	0	0
		0	0.147951	0.988994
		-17.0864	-14.4145	5.15474
	}
}
{Volume "body3"
	{Box 11.0605 15.7887 35.5493}
	{Bone "303_dw1"}
	{Matrix34
		0	0.993579	-0.113143
		-1	0	0
		0	0.113143	0.993579
		16.9669	-9.8475	28.8355
	}
}
{Volume "body4"
	{Box 11.0605 20.5475 35.5493}
	{Bone "303_dw1"}
	{Matrix34
		0	0.993579	-0.113143
		-1	0	0
		0	0.113143	0.993579
		-19.519	-9.8475	28.8355
	}
}
{Volume "body5"
	{Box 9.73326 20.5475 10.5581}
	{Bone "303_dw1"}
	{Matrix34
		0	0.993579	-0.113143
		-1	0	0
		0	0.113143	0.993579
		-0.221789	-7.93673	43.0942
	}
}
{Volume "door"
	{Box 1.08268 18.186 39.8465}
	{Bone "303_dw1"}
	{Matrix34
		0.967385	0.253309	0
		-0.253309	0.967385	0
		0	0	1
		10.6651	-17.4737	19.7231
	}
}
