;Exported by: shevchenko
;Date:        Thu Jul 20 18:58:25 2006
;File:        D:\-Projects1_5-\-3DWork-\bsh\bsh_c90_1_x.max
{Skeleton
	{bone "bsh90_roof3"
		{Orientation
			1	0	0
			0	-1	0
			0	0	1
		}
		{bone "piece0"
			{Matrix34
				0.17365	0	0.984807
				0.984807	0	-0.17365
				0	1	0
				9.99619	-23.1031	28.8854
			}
			{VolumeView "piece0.ply"}
		}
		{bone "piece1"
			{Matrix34
				0	-0.17365	0.984807
				0	-0.984807	-0.17365
				1	0	0
				22.1799	6.86126	29.006
			}
			{VolumeView "piece1.ply"}
		}
		{bone "piece2"
			{Matrix34
				1	0	0
				0	0	1
				0	-1	0
				-53.4044	-7.74213	-7.84055
			}
			{VolumeView "piece2.ply"}
		}
		{bone "piece3"
			{Matrix34
				0	-1	0
				0	0	1
				-1	0	0
				9.4433	68.1039	-5.75223
			}
			{VolumeView "piece3.ply"}
		}
		{bone "piece4"
			{Matrix34
				0	-1	0
				0	0	1
				-1	0	0
				6.47034	39.1855	28.7161
			}
			{VolumeView "piece4.ply"}
		}
		{bone "piece5"
			{Matrix34
				1	0	0
				0	0	1
				0	-1	0
				-25.536	11.8615	26.44
			}
			{VolumeView "piece5.ply"}
		}
		{bone "piece6"
			{Matrix34
				1	0	0
				0	0	1
				0	-1	0
				-25.536	-24.5577	26.44
			}
			{VolumeView "piece6.ply"}
		}
		{bone "piece7"
			{Matrix34
				1	0	0
				0	0	1
				0	-1	0
				-42.6392	-43.8667	32.634
			}
			{VolumeView "piece7.ply"}
		}
		{bone "piece8"
			{Matrix34
				0	-1	0
				0	0	1
				-1	0	0
				18.0749	59.2329	27.1147
			}
			{VolumeView "piece8.ply"}
		}
	}
}
{Volume "piece0"
	{Box 2.14867 17.9742 39.7209}
	{Bone "piece0"}
	{Matrix34
		0.766045	0.642787	0
		0	0	1
		0.642787	-0.766045	0
		-0.784799	0.827759	1.07678
	}
}
{Volume "piece1"
	{Box 18.3023 2.14867 38.1447}
	{Bone "piece1"}
	{Matrix34
		0	0	1
		-0.766044	-0.642788	0
		0.642788	-0.766044	0
		-0.165613	-0.128629	1.55851
	}
}
{Volume "piece2"
	{Box 2.20319 34.7061 28.6144}
	{Bone "piece2"}
	{Matrix34
		0.766044	-0.642787	0
		0	0	-1
		0.642787	0.766044	0
		-0.68709	0.148574	-1.36972
	}
}
{Volume "piece3"
	{Box 38.1462 1.96704 29.4429}
	{Bone "piece3"}
	{Matrix34
		0	0	-1
		-0.766044	0.642788	0
		0.642788	0.766044	0
		0.376279	-0.0669994	-0.87402
	}
}
{Volume "piece4"
	{Box 18.7912 1.96704 40.8929}
	{Bone "piece4"}
	{Matrix34
		0	0	-1
		-0.766044	0.642788	0
		0.642788	0.766044	0
		-0.366507	-0.957048	-8.78445
	}
}
{Volume "piece5"
	{Box 2.20319 22.6837 41.4702}
	{Bone "piece5"}
	{Matrix34
		0.766044	-0.642787	0
		0	0	-1
		0.642787	0.766044	0
		0.0175971	-0.0799489	-0.305836
	}
}
{Volume "piece6"
	{Box 2.20319 22.6837 41.4702}
	{Bone "piece6"}
	{Matrix34
		0.766044	-0.642787	0
		0	0	-1
		0.642787	0.766044	0
		-0.23096	-0.376165	-1.012
	}
}
{Volume "piece7"
	{Box 19.685 9.84253 28.3123}
	{Bone "piece7"}
	{Matrix34
		1	0	0
		0	0	-1
		0	1	0
		0	1.77956	-1.82467e-005
	}
}
{Volume "piece8"
	{Box 9.84254 19.685 35.7948}
	{Bone "piece8"}
	{Matrix34
		0	0	-1
		-1	0	0
		0	1	0
		0	3.90895	0
	}
}
