;Exported by: kolesnikov
;Date:        Thu Jul 28 11:33:25 2005
;File:        D:\-Project-\-3DWork-\control office_remake.max
{Skeleton
	{bone "c10_x"
		{Orientation
			1	0	0
			0	-1	0
			0	0	1
		}
		{bone "piece1"
			{Position -29.4179	4.23852	122.631}
			{VolumeView "piece1.ply"}
		}
		{bone "piece2"
			{Matrix34
				-0.0637017	0.816035	0.574482
				-0.738532	0.348617	-0.577093
				-0.671202	-0.461035	0.58046
				38.0437	-2.26415	124.895
			}
			{VolumeView "piece2.ply"}
		}
	}
}
{Volume "body2_vol91"
	{Box 29.2419 3.20765 30.8746}
	{Bone "piece2"}
	{Matrix34
		-0.975454	-0.220204	4.95979e-005
		-0.166322	0.736622	-0.655533
		0.144315	-0.639451	-0.755166
		-0.786966	0.58354	-0.651991
	}
}
{Volume "body2_vol59"
	{Box 29.2419 3.20765 35.9007}
	{Bone "piece1"}
	{Matrix34
		0.125793	-0.74723	-0.652551
		-0.0954847	0.645603	-0.75768
		0.987451	0.15762	0.00986347
		1.02194	-0.724946	0.415591
	}
}
