;Exported by: klimenko
;Date:        Sat Jul 15 14:04:49 2006
;File:        D:\-Project-\-3DWork-\entourage\budka.max
{Skeleton
	{bone "box_sentry"
		{Orientation
			1	0	0
			0	-1	0
			0	0	1
		}
		{VolumeView "box_sentry.ply"}
		{bone "piece1"
			{Matrix34
				0.999776	0.0211414	0
				-0.0211414	0.999776	0
				0	0	1
				-13.5302	0.0683594	33.8288
			}
			{VolumeView "piece1.ply"}
		}
		{bone "piece2"
			{Position -15.0482	-13.6302	45.0173}
			{VolumeView "piece2.ply"}
		}
		{bone "piece3"
			{Position -15.0466	-7.7384	44.4395}
			{VolumeView "piece3.ply"}
		}
		{bone "piece4"
			{Matrix34
				0.995968	0.0897073	0
				-0.0897073	0.995968	0
				0	0	1
				18.509	0.0825195	33.8285
			}
			{VolumeView "piece4.ply"}
		}
		{bone "piece6"
			{Position -15.0115	10.483	18.1913}
			{VolumeView "piece6.ply"}
		}
		{bone "piece7"
			{Position -15.0687	5.78101	44.415}
			{VolumeView "piece7.ply"}
		}
		{bone "piece8"
			{Position -9.04333	17.29	28.0202}
			{VolumeView "piece8.ply"}
		}
		{bone "piece9"
			{Position -11.6976	-15.1687	34.22}
			{VolumeView "piece9.ply"}
		}
		{bone "piece10"
			{Position 18.3826	-7.12476	19.9114}
			{VolumeView "piece10.ply"}
		}
		{bone "piece11"
			{Position -0.456299	-15.1687	52.9447}
			{VolumeView "piece11.ply"}
		}
		{bone "piece12"
			{Position 8.74414	-6.15833	57.2939}
			{VolumeView "piece12.ply"}
		}
		{bone "piece13"
			{Position -15.0117	1.47827	19.2096}
			{VolumeView "piece13.ply"}
		}
		{bone "piece14"
			{Position 3.84644	0.0948486	7.89716}
			{VolumeView "piece14.ply"}
		}
		{bone "piece15"
			{Position 4.33984	15.1687	48.5154}
			{VolumeView "piece15.ply"}
		}
		{bone "piece5"
			{Position 15.0099	7.2533	29.0688}
			{VolumeView "piece5.ply"}
		}
		{bone "piece0"
			{Position 12.9014	-15.1687	30.0366}
			{VolumeView "piece0.ply"}
		}
		{bone "fx_wood1"
			{Position 6.52014	16.5325	26.6734}
		}
		{bone "fx_wood1a"
			{Position 20.1669	-6.68567	46.8485}
		}
	}
}
{Volume "box_sentry1"
	{Box 36.6131 7.46604 5.11811}
	{Bone "box_sentry"}
	{Position 0	-13.7753	2.55906}
}
{Volume "box_sentry"
	{Box 36.6131 7.46604 5.11811}
	{Bone "box_sentry"}
	{Position 0	14.5342	2.55906}
}
{Volume "piece0"
	{Box 4.90146 1.45492 49.8568}
	{Bone "piece0"}
	{Matrix34
		1	0	0
		0	0.999072	0.0430617
		0	-0.0430617	0.999072
		0	1.07387e-005	0
	}
}
{Volume "piece10"
	{Box 1.93868 16.8151 29.4512}
	{Bone "piece10"}
	{Matrix34
		0.990893	0	-0.134652
		0	1	0
		0.134652	0	0.990893
		0	0	0
	}
}
{Volume "piece11"
	{Box 5.1116 1.76892 16.3117}
	{Bone "piece11"}
	{Position 0	0	0}
}
{Volume "piece12"
	{Box 17.8099 22.4267 1.12361}
	{Bone "piece12"}
	{Matrix34
		0.895116	0	-0.445834
		0	1	0
		0.445834	0	0.895116
		0.349744	0	-0.453663
	}
}
{Volume "piece13"
	{Box 0.965469 5.54054 27.2197}
	{Bone "piece13"}
	{Matrix34
		0.988187	0	0.153252
		0	1	0
		-0.153252	0	0.988187
		0.0669387	-0.012085	-0.467743
	}
}
{Volume "piece14"
	{Box 20.025 21.6749 1.7837}
	{Bone "piece14"}
	{Matrix34
		1	0	0
		0	0.986953	-0.161007
		0	0.161007	0.986953
		0	-2.52936	0.386776
	}
}
{Volume "piece15"
	{Box 20.3226 1.11332 23.3857}
	{Bone "piece15"}
	{Matrix34
		1	0	0
		0	0.996968	0.0778095
		0	-0.0778095	0.996968
		0	0.06845	-0.877443
	}
}
{Volume "piece1"
	{Box 1.07571 32.3588 3.66758}
	{Bone "piece1"}
	{Position -2.64692	0.549052	0.00613403}
}
{Volume "piece2"
	{Box 1.10936 4.1369 15.8425}
	{Bone "piece2"}
	{Matrix34
		0.987223	0	-0.159344
		0	1	0
		0.159344	0	0.987223
		0	0	0
	}
}
{Volume "piece3"
	{Box 4.05676 6.05292 17.2652}
	{Bone "piece3"}
	{Position 0	0	0}
}
{Volume "piece4"
	{Box 1.36405 32.8092 4.2406}
	{Bone "piece4"}
	{Matrix34
		0.99787	-0.0590712	0.0276626
		0.0477515	0.950472	0.30712
		-0.0444344	-0.305145	0.951269
		0.141184	0.668927	0.648578
	}
}
{Volume "piece5"
	{Box 1.14887 8.74306 47.6017}
	{Bone "piece5"}
	{Matrix34
		0.989997	0	-0.141085
		0	1	0
		0.141085	0	0.989997
		0.0315012	-0.963074	-0.00263499
	}
}
{Volume "piece6"
	{Box 1.00986 4.89578 24.9389}
	{Bone "piece6"}
	{Matrix34
		0.98889	0	0.148646
		0	1	0
		-0.148646	0	0.98889
		0.0523717	-0.0871582	-0.399008
	}
}
{Volume "piece7"
	{Box 2.21997 4.40479 17.2232}
	{Bone "piece7"}
}
{Volume "piece8"
	{Box 4.81274 1.57316 48.1772}
	{Bone "piece8"}
	{Matrix34
		1	0	0
		0	0.998053	-0.062364
		0	0.062364	0.998053
		0	0	0
	}
}
{Volume "piece9"
	{Box 5.75188 1.48776 45.3451}
	{Bone "piece9"}
	{Matrix34
		1	0	0
		0	0.998869	0.047541
		0	-0.047541	0.998869
		-0.523132	-1.32108e-005	0
	}
}
