;Exported by: Normand
;Date:        Thu Mar 30 21:28:35 2013
;File:        C:\Users\Normand\m21_xx.max
{Skeleton
	{bone "basis"
		{parameters "SteerMax=30;WheelRadius=0.25;"}
		{Orientation
			1	0	0
			0	-1	0
			0	0	1
		}
		{bone "body"
			{parameters "ID=body;"}
			{Matrix34
				0.999255	-0.000891498	-0.0385716
				-2.12939e-005	0.99972	-0.023658
				0.0385819	0.0236412	0.998976
				0.168825	-0.500336	16.2329
			}
			{VolumeView "body.ply"}
			{bone "detail1"
				{parameters "ID=body;"}
				{Position 16.0741	18.2256	-2.12373}
				{VolumeView "detail1.ply"}
			}
			{bone "detail2"
				{parameters "ID=body;"}
				{Matrix34
					1	0	0
					0	-0.999999	-0.00110811
					0	-0.00110811	0.999999
					14.8424	18.2538	0.68722
				}
				{VolumeView "detail2.ply"}
			}
			{bone revolute "wheelr2"
				{parameters "ID=trackright;Radius=0.45;"}
				{Matrix34
					-1	1.57357e-005	0
					0	-0.000554094	1
					-1.57356e-005	-1	-0.000554096
					-3.77298	-16.0649	-5.30403
				}
				{VolumeView "wheelr2.ply"}
			}
			{bone revolute "wheelr3"
				{parameters "ID=trackright;Radius=0.6;"}
				{Matrix34
					-1	1.57358e-005	0
					0	-0.000554094	1
					-1.57357e-005	-1	-0.000554094
					-44.846	-16.0643	-5.96679
				}
				{VolumeView "wheelr3.ply"}
			}
			{bone revolute "wheell2"
				{parameters "ID=trackleft;Radius=0.45;"}
				{Matrix34
					-1	1.65383e-005	0
					0	-0.000553442	1
					1.65383e-005	1	0.000553448
					-3.77298	17.4617	-5.28545
				}
				{VolumeView "wheell2.ply"}
			}
			{bone revolute "wheell3"
				{parameters "ID=trackleft;Radius=0.6;"}
				{Matrix34
					-1	-1.89859e-005	0
					0	-0.000553442	1
					-1.89861e-005	1	0.000553446
					-44.846	17.4619	-5.94821
				}
				{VolumeView "wheell3.ply"}
			}
			{bone "shield1"
				{parameters "ID=body;"}
				{Matrix34
					0.620377	0.0183396	-0.784089
					0.784222	-9.2892e-005	0.62048
					0.0113065	-0.999832	-0.01444
					16.4819	0.348765	20.0596
				}
				{VolumeView "shield1.ply"}
			}
			{bone "fxfire1"
				{Matrix34
					0.99999	0.00453793	0
					0	-0.000552576	1
					0.00453793	-0.99999	-0.000552578
					25.4511	0.286805	8.26264
				}
			}
			{bone "door_back"
				{parameters "ID=body;"}
				{Matrix34
					-0.354431	0.935082	0
					-0.935082	-0.354431	0
					0	0	1
					-55.5185	-7.3583	-0.00365448
				}
				{VolumeView "door_back.ply"}
			}
			{bone "engine"
				{parameters "ID=engine;"}
				{Position 0	0	0.00091362}
				{VolumeView "engine.ply"}
				{bone "engine_doorr"
					{parameters "ID=body;"}
					{Matrix34
						0.138681	0.0899358	0.986245
						-0.0120493	0.995947	-0.0891263
						-0.990264	0.000476599	0.139202
						35.2968	-3.05914	11.6113
					}
					{VolumeView "engine_doorr.ply"}
				}
				{bone "engine_doorl"
					{parameters "ID=body;"}
					{Matrix34
						0.125986	-0.422222	0.897695
						0.0592021	0.906492	0.418051
						-0.990264	0.000476838	0.139202
						35.2968	4.01263	11.6151
					}
					{VolumeView "engine_doorl.ply"}
				}
			}
			{bone "seats04"
				{parameters "ID=body;"}
				{Matrix34
					0.000643059	1	0
					1	-0.000643059	-0.000554405
					0.00055442	0	1
					-47.4543	8.17827	6.91425
				}
				{VolumeView "seats04.ply"}
			}
			{bone "seats03"
				{parameters "ID=body;"}
				{Matrix34
					0.00189121	-0.999998	0
					0.999998	0.00189121	0.000554089
					-0.000554074	0	1
					-47.52	-6.68715	6.906
				}
				{VolumeView "seats03.ply"}
			}
			{bone "support_canl"
				{parameters "ID=body;"}
				{Matrix34
					1	0	0
					0	1	0.000554089
					0	-0.000554083	1
					21.7543	19.3908	5.15501
				}
				{VolumeView "support_canl.ply"}
			}
			{bone "support_can4"
				{parameters "ID=body;"}
				{Matrix34
					1	0	0
					0	-1	-0.000554087
					0	-0.000554083	1
					21.7543	-18.0439	5.13427
				}
				{VolumeView "support_can4.ply"}
			}
			{bone "doorl"
				{parameters "ID=body;"}
				{Matrix34
					0.910274	0.414006	0.000558831
					0.413778	-0.909725	-0.034455
					0.0137562	-0.0315947	0.999406
					17.6251	17.2191	7.53941
				}
				{VolumeView "doorl.ply"}
				{bone "window_shieldl"
					{parameters "ID=body;"}
					{Matrix34
						0.258046	-0.964392	-0.0579686
						-0.0245406	0.0534365	-0.99827
						0.965821	0.259022	-0.00987757
						-7.34829	-2.2883	5.97219
					}
					{VolumeView "window_shieldl.ply"}
					{bone "shieldl"
						{parameters "ID=body;"}
						{Matrix34
							0.0256342	0.263642	0.96428
							-0.0673749	-0.961948	0.264795
							-0.997398	0.071758	0.00690271
							0.121985	3.53115	2.48263
						}
						{VolumeView "shieldl.ply"}
					}
				}
			}
			{bone "doorr"
				{parameters "ID=body;"}
				{Matrix34
					0.9999	0.0141313	0
					-0.0141313	0.9999	0
					0	0	1
					17.6251	-15.8572	7.52114
				}
				{VolumeView "doorr.ply"}
				{bone "window_shieldr"
					{parameters "ID=body;"}
					{Matrix34
						0.258045	-0.964392	-0.057968
						-0.02454	0.0534379	-0.99827
						0.965821	0.259022	-0.00987749
						-7.34829	-2.28861	5.97234
					}
					{VolumeView "window_shieldr.ply"}
					{bone "shieldr1"
						{parameters "ID=body;"}
						{Matrix34
							0.0256334	0.263642	0.96428
							-0.0673752	-0.961948	0.264794
							-0.997398	0.0717579	0.00690351
							0.121984	3.53115	2.48263
						}
						{VolumeView "shieldr1.ply"}
					}
				}
			}
			{bone "fuels"
				{parameters "ID=body;"}
				{Position -33.0944	0	0.000305176}
				{VolumeView "fuels.ply"}
			}
			{bone "seats07"
				{parameters "ID=body;"}
				{Matrix34
					1	0.000324877	0
					0.000324877	-1	-0.000554416
					0	-0.000554409	1
					-16.1011	14.706	6.95077
				}
				{VolumeView "seats07.ply"}
			}
			{bone "mgun_stand"
				{parameters "ID=body;"}
				{Matrix34
					-0.999992	0.00390162	0
					-0.00390162	-0.999992	0
					0	0	1
					-45.8204	0.581141	6.75413
				}
				{VolumeView "mgun_stand.ply"}
			}
			{bone "stand"
				{parameters "ID=body;"}
				{Matrix34
					1	0	0
					0	1	0.000554087
					0	-0.000554083	1
					-22.3283	0.395807	8.41736
				}
				{VolumeView "stand.ply"}
			}
			{bone "stand"
				{parameters "ID=body;"}
				{Matrix34
					1	0	0
					0	1	0.000554085
					0	-0.000554085	1
					-22.3283	0.395807	8.41737
				}
				{VolumeView "stand.ply"}
			}
			{bone revolute "base"
				{limits -30 30}
				{Matrix34
					1	-0.00014925	0
					0.000149246	0.999997	0.00247943
					0	-0.00247943	0.999997
					-27.2955	0.562078	6.98569
				}
				{bone "body_mortar"
					{parameters "CommonMesh;"}
					{Matrix34
						0.984808	0	-0.173648
						0.173648	0	0.984808
						0	-1	0
						-1.92974	-0.0187757	1.67808
					}
					{VolumeView "body_mortar.ply"}
					{bone "gun"
						{parameters "CommonMesh;"}
						{Matrix34
							0.986556	0.163422	0
							-0.163422	0.986556	0
							0	0	1
							0.737368	-0.959682	0
						}
						{VolumeView "gun.ply"}
					}
					{bone "stan"
						{parameters "CommonMesh;"}
						{Matrix34
							0.984808	0.173648	0
							0	0	-1
							-0.173648	0.984808	0
							18.9851	11.609	-0.370668
						}
						{VolumeView "stan.ply"}
					}
				}
			}
		}
		{bone "pivot_front"
			{Matrix34
				1	0	0
				0	1	-0.000554085
				0	0.000554085	1
				45.7335	0.365823	7.31285
			}
			{VolumeView "pivot_front.ply"}
			{bone revolute "steerl"
				{Matrix34
					-1	0	0
					0	1	0.000554085
					0	-0.000554085	1
					0.00157928	14.9157	-0.29356
				}
				{bone revolute "wheell1"
					{parameters "ID=wheelleft;"}
					{Matrix34
						1	0	0
						0	0	1
						0	1	0
						0.00737762	-0.0786057	0.205162
					}
					{VolumeView "wheell1.ply"}
				}
			}
			{bone revolute "steerr"
				{Matrix34
					-1	0	0
					0	1	0.000554085
					0	-0.000554085	1
					-0.00318146	-15.2564	-0.31016
				}
				{bone revolute "wheelr1"
					{parameters "ID=wheelright;"}
					{Matrix34
						1	0	0
						0	0	1
						0	-1	0
						0.00261688	0.0907545	0.205042
					}
					{VolumeView "wheelr1.ply"}
				}
			}
		}
		{bone "pivot_back"
			{Position -24.7176	0.0633923	11.6359}
			{bone "wheelsl"
				{parameters "ID=trackleft;"}
				{Matrix34
					1	0	0
					0	-1	-0.000554411
					0	-0.000554411	1
					0.00334167	16.7075	-4.39464
				}
				{VolumeView "wheelsl.ply"}
				{bone revolute "wheell8"
					{parameters "ID=trackleft;Radius=0.75;"}
					{Matrix34
						-1	-1.56482e-005	0
						0	-0.000553922	1
						-1.56482e-005	1	0.000553922
						-0.101805	-2.81816	8.51886
					}
					{VolumeView "wheell8.ply"}
				}
				{bone "trackl"
					{parameters "ID=trackleft;"}
					{Position 0.153736	0.0512085	-2.31115}
					{VolumeView "trackl.ply"}
				}
				{bone "wsl1"
					{parameters "ID=trackleft;"}
					{Matrix34
						-1	-3.0907e-005	0
						0	0.00919155	0.999958
						3.09057e-005	-0.999958	0.00919155
						1.16047	-0.0330544	-0.777002
					}
					{VolumeView "wsl1.ply"}
					{bone "wtl1"
						{parameters "ID=trackleft;"}
						{Matrix34
							1	0	1.57356e-005
							0	0.999952	0.00974514
							-1.57349e-005	-0.00974514	0.999952
							-7.62393	-2.33369	2.8005
						}
						{VolumeView "wtl1.ply"}
						{bone revolute "wheell5"
							{parameters "ID=trackleft;Radius=0.2;"}
							{Matrix34
								1	0	-6.24657e-005
								0	1	0
								-6.24657e-005	0	-1
								3.8025	0.0200868	-2.90247
							}
							{VolumeView "wheell5.ply"}
						}
						{bone revolute "wheell4"
							{parameters "ID=trackleft;Radius=0.2;"}
							{Matrix34
								1	0	-6.24657e-005
								0	1	0
								-6.24657e-005	0	-1
								-3.8391	0.0200882	-2.90196
							}
							{VolumeView "wheell4.ply"}
						}
					}
				}
				{bone "wsl2"
					{parameters "ID=trackleft;"}
					{Matrix34
						1	3.0907e-005	0
						0	0.00919134	0.999958
						3.09057e-005	-0.999958	0.00919134
						-0.924549	-0.0328121	-0.777001
					}
					{VolumeView "wsl2.ply"}
					{bone "wtl2"
						{parameters "ID=trackleft;"}
						{Matrix34
							1	0	1.57356e-005
							0	0.999953	0.00974532
							-1.57349e-005	-0.00974532	0.999953
							-7.62393	-2.33369	2.80042
						}
						{VolumeView "wtl2.ply"}
						{bone revolute "wheell7"
							{parameters "ID=trackleft;Radius=0.2;"}
							{Matrix34
								-1	0	-3.08203e-005
								0	1	0
								3.08203e-005	0	-1
								-3.82655	0.0200863	-2.9028
							}
							{VolumeView "wheell7.ply"}
						}
						{bone revolute "wheell6"
							{parameters "ID=trackleft;Radius=0.2;"}
							{Matrix34
								-1	0	-3.08203e-005
								0	1	0
								3.08203e-005	0	-1
								3.7552	0.0200853	-2.90253
							}
							{VolumeView "wheell6.ply"}
						}
					}
				}
			}
			{bone "wheelsr"
				{parameters "ID=trackright;"}
				{Matrix34
					1	0	0
					0	1	-0.000554204
					0	0.000554204	1
					0.00334167	-16.4421	-4.39465
				}
				{VolumeView "wheelsr.ply"}
				{bone "trackr"
					{parameters "ID=trackright;"}
					{Position 0.15366	0.09655	-2.31107}
					{VolumeView "trackr.ply"}
				}
				{bone revolute "wheelr8"
					{parameters "ID=trackright;Radius=0.75;"}
					{Matrix34
						-1	1.57356e-005	0
						0	-0.000554097	1
						-1.57356e-005	-1	-0.000554097
						-0.102339	2.7933	8.52214
					}
					{VolumeView "wheelr8.ply"}
				}
				{bone "wsr1"
					{parameters "ID=trackright;"}
					{Matrix34
						-1	0	0
						0	0.00919107	0.999958
						0	-0.999958	0.00919107
						1.16047	0.000152588	-0.776983
					}
					{VolumeView "wsr1.ply"}
					{bone "wtr1"
						{parameters "ID=trackright;"}
						{Matrix34
							1	0	1.57356e-005
							0	0.999952	0.00974514
							-1.57349e-005	-0.00974514	0.999952
							-7.62393	-2.33369	2.8005
						}
						{VolumeView "wtr1.ply"}
						{bone revolute "wheelr4"
							{parameters "ID=trackright;Radius=0.2;"}
							{Matrix34
								1	0	-3.14705e-005
								0	1	0
								3.14705e-005	0	1
								-3.8414	0.0199499	-2.80814
							}
							{VolumeView "wheelr4.ply"}
						}
						{bone revolute "wheelr5"
							{parameters "ID=trackright;Radius=0.2;"}
							{Matrix34
								1	0	-3.14705e-005
								0	1	0
								3.14705e-005	0	1
								3.80928	0.0199494	-2.80841
							}
							{VolumeView "wheelr5.ply"}
						}
					}
				}
				{bone "wsr2"
					{parameters "ID=trackright;"}
					{Matrix34
						1	0	0
						0	0.00919122	0.999958
						0	-0.999958	0.00919122
						-0.924545	0.000457764	-0.776981
					}
					{VolumeView "wsr2.ply"}
					{bone "wtr2"
						{parameters "ID=trackright;"}
						{Matrix34
							1	0	1.57356e-005
							0	0.999953	0.00974532
							-1.57349e-005	-0.00974532	0.999953
							-7.62393	-2.33369	2.80042
						}
						{VolumeView "wtr2.ply"}
						{bone revolute "wheelr6"
							{parameters "ID=trackright;Radius=0.2;"}
							{Matrix34
								-1	0	0
								0	1	0
								0	0	1
								3.81503	0.019949	-2.80828
							}
							{VolumeView "wheelr6.ply"}
						}
						{bone revolute "wheelr7"
							{parameters "ID=trackright;Radius=0.2;"}
							{Matrix34
								-1	0	0
								0	1	0
								0	0	1
								-3.82687	0.019949	-2.80816
							}
							{VolumeView "wheelr7.ply"}
						}
					}
				}
			}
		}
	}
}
{Volume "body"
	{Polyhedron "body.vol"}
	{Bone "body"}
	{Matrix34
		1	0	0
		0	1	0.000554089
		0	-0.000554081	1
		-14.6396	0.656621	-6.10233
	}
}
{Volume "engine"
	{Polyhedron "engine.vol"}
	{Bone "engine"}
	{Matrix34
		1	0	0
		0	1	0.000554087
		0	-0.000554083	1
		42.6278	0.761439	-6.24251
	}
}
{Volume "trackleft"
	{Box 53 19 8}
	{Bone "wheelsl"}
	{Matrix34
		1	1.56482e-005	0
		0	-0.000553596	1
		-1.56482e-005	1	0.000553596
		1.50639	-0.394552	2.29509
	}
}
{Volume "trackright"
	{Box 53 19 8}
	{Bone "wheelsr"}
	{Matrix34
		1	-1.57356e-005	0
		0	-0.000554367	0.999999
		-1.57356e-005	-0.999999	-0.000554367
		1.24856	0.10368	2.52732
	}
}
{Volume "wheelleft"
	{Box 14 14 5.3}
	{Bone "steerl"}
	{Matrix34
		-1	-1.57356e-005	0
		0	0	1
		1.57356e-005	-1	0
		-0.0276721	2.47807	0.224388
	}
}
{Volume "wheelright"
	{Box 14 14 5.3}
	{Bone "steerr"}
	{Matrix34
		-1	-1.57356e-005	0
		0	0	1
		1.57356e-005	-1	0
		-0.0176661	-2.29652	0.187231
	}
}
