;Exported by: butyvsky
;Date:        Thu Dec 21 16:32:27 2006
;File:        D:\-Projects-\-3D Work-\entourage\tower.max
{Skeleton
	{bone "metal_strukture"
		{Orientation
			1	0	0
			0	-1	0
			0	0	1
		}
		{VolumeView "metal_strukture.ply"}
		{bone "ladder_top01"
			{Matrix34
				-1	0	0
				0	-1	0
				0	0	1
				0.201746	-22.2621	47.4552
			}
		}
		{bone "node01"
			{Matrix34
				0	-1	0
				1	0	0
				0	0	1
				-13.4749	-23.9723	50.9842
			}
		}
		{bone "door01"
			{Matrix34
				-1	0	0
				0	-1	0
				0	0	1
				26.6116	-22.262	0
			}
		}
	}
}
{Obstacle "rectangle04"
	{Obb2
		{Center -9.84912 -6.99425}
		{Extent 22.3044 16.2985}
		{Axis 1.71029e-007 -1}
	}
	{Rotate}
}
{Obstacle "rectangle05"
	{Obb2
		{Center 16.5329 20.0151}
		{Extent 9.316 10.0411}
		{Axis 2.04739e-007 -1}
	}
	{Rotate}
}
{Obstacle "rectangle06"
	{Obb2
		{Center -25.1591 27.8699}
		{Extent 1.49056 1.46199}
		{Axis 0 -1}
	}
	{Rotate}
}
{Volume "body10"
	{Box 2.06161 2.05205 43.1592}
	{Bone "metal_strukture"}
	{Matrix34
		0	1	0
		-0.70093	0	0.71323
		0.71323	0	0.70093
		-8.61185	-14.3306	19.4717
	}
}
{Volume "body1"
	{Box 56.198 13.2665 2.386}
	{Bone "metal_strukture"}
	{Matrix34
		0.473368	0	-0.880865
		0	1	0
		0.880865	0	0.473368
		11.3642	-22.0782	26.1995
	}
}
{Volume "body2"
	{Box 2.8249 2.665 50.9804}
	{Bone "metal_strukture"}
	{Position -25.2196	-28.0121	25.4902}
}
{Volume "body3"
	{Box 2.8249 2.665 50.9804}
	{Bone "metal_strukture"}
	{Position -25.2431	26.8272	25.4902}
}
{Volume "body4"
	{Box 2.8249 2.665 50.9804}
	{Bone "metal_strukture"}
	{Position 8.23368	26.9349	25.4902}
}
{Volume "body5"
	{Box 2.8249 2.665 50.9804}
	{Bone "metal_strukture"}
	{Position 8.23368	-14.1441	25.4902}
}
{Volume "body6"
	{Box 34.8389 42.1694 1.97804}
	{Bone "metal_strukture"}
	{Position -8.48328	6.38005	36.2804}
}
{Volume "body7"
	{Box 29.6131 55.2419 1.66155}
	{Bone "metal_strukture"}
	{Position -10.3522	-1.29244	50.5474}
}
{Volume "body8"
	{Box 2.06161 2.05205 50.1851}
	{Bone "metal_strukture"}
	{Matrix34
		1	0	0
		0	0.615908	0.787818
		0	-0.787818	0.615908
		-25.1482	6.98573	19.8006
	}
}
{Volume "body9"
	{Box 2.06161 2.05205 43.1592}
	{Bone "metal_strukture"}
	{Matrix34
		0	-1	0
		0.70093	0	0.71323
		-0.71323	0	0.70093
		-8.308	26.7541	19.4717
	}
}
{Volume "body"
	{Box 2.8249 2.665 50.9804}
	{Bone "metal_strukture"}
	{Position -25.2196	-14.0213	25.4902}
}
