;Exported by: Sergey
;Date:        Sun Jan 06 15:59:18 2013
;File:        D:\Documents\3dsmax\scenes\8-cm s.GR.W.34\8 cm s.Gr.W.34_xx.max
{Skeleton
	{bone "basis"
		{Orientation
			1	0	0
			0	-1	0
			0	0	1
		}
		{bone "part1"
			{parameters "CommonMesh;ID=part1;"}
			{Matrix34
				-0.504831	0	0.863218
				0	1	0
				-0.863218	0	-0.504831
				-15.7947	0.0686407	0.590878
			}
			{VolumeView "part1.ply"}
		}
		{bone "part2"
			{parameters "CommonMesh;ID=part2;"}
			{Matrix34
				0.99745	0.0494357	0.0514771
				-0.0534402	0.995396	0.0795648
				-0.0473068	-0.0821129	0.9955
				5.24232	14.1586	0.640361
			}
			{VolumeView "part2.ply"}
		}
		{bone "part3"
			{parameters "CommonMesh;ID=part3;"}
			{Matrix34
				1	0	0
				0	-0.99863	-0.052336
				0	0.052336	-0.99863
				0	0	0.286859
			}
			{VolumeView "part3.ply"}
		}
		{bone revolute "part4"
			{parameters "CommonMesh;ID=part4;"}
			{Matrix34
				0.0177474	-0.999843	-0.00016579
				0.999799	0.017748	-0.00928207
				0.00928355	0	0.999957
				14.7002	1.14824	0.470595
			}
			{VolumeView "part4.ply"}
		}
	}
}
{Volume "part1"
	{Cylinder 1.32022 23.622}
	{Bone "part1"}
	{Matrix34
		0	-1	0
		0.863218	0	-0.504831
		0.504831	0	0.863218
		4.25092	0.0307284	7.33889
	}
}
{Volume "part2"
	{Box 7.64075 6.16622 2.95276}
	{Bone "part2"}
	{Matrix34
		0.99745	-0.0534401	-0.0473068
		0.0494355	0.995396	-0.0821129
		0.0514771	0.0795649	0.9955
		-0.845533	-0.351664	0.911627
	}
}
{Volume "part3"
	{Box 11.2601 12.6005 2.95276}
	{Bone "part3"}
	{Matrix34
		1	0	0
		0	-0.99863	0.052336
		0	-0.052336	-0.99863
		0.0180366	0.102776	0.0119668
	}
}
{Volume "part4"
	{Box 16.8901 3.6193 1.60858}
	{Bone "part4"}
	{Matrix34
		0.0177471	0.999799	0.00928341
		-0.999843	0.0177481	0
		-0.000165719	-0.00928193	0.999957
		0.813109	2.75922	0.359458
	}
}
