;Exported by: sana
;Date:        Tue Jul 24 12:20:24 2007
;File:        D:\-Project-\-3DWork-\Entourage\School_Ru\School_ru_cut3a_x01.max
{Skeleton
	{bone "school_ru_wall2_33_x"
		{Orientation
			1	0	0
			0	-1	0
			0	0	1
		}
		{bone "piece02"
			{Matrix34
				0.870633	-0.491933	0
				0.491933	0.870633	0
				0	0	1
				-0.265533	12.9259	19.9438
			}
			{VolumeView "piece02.ply"}
		}
		{bone "piece03"
			{Position -16.1214	-0.414871	-10.1073}
			{VolumeView "piece03.ply"}
			{bone "sub_piece03"
				{Position 4.39111	0	10.4531}
				{VolumeView "sub_piece03.ply"}
			}
		}
		{bone "piece01"
			{Position 7.73297	-0.414871	11.1252}
			{VolumeView "piece01.ply"}
			{bone "sub_piece01"
				{Position -2.69849	0	-7.67375}
				{VolumeView "sub_piece01.ply"}
			}
		}
	}
}
{Volume "piece01"
	{Box 18.4261 3.83698 12.5261}
	{Bone "piece01"}
	{Matrix34
		0.995217	0	0.0976932
		0	1	0
		-0.0976932	0	0.995217
		-0.350286	0	-0.305084
	}
}
{Volume "piece02"
	{Box 49.2256 3.26791 3.09739}
	{Bone "piece02"}
	{Position 0	0	0}
}
{Volume "piece03"
	{Box 14.9235 3.83698 14.3638}
	{Bone "piece03"}
	{Matrix34
		0.989544	0	0.144234
		0	1	0
		-0.144234	0	0.989544
		0.227387	0	0.0375427
	}
}
{Volume "sub_piece01"
	{Box 13.9517 3.83698 7.07368}
	{Bone "sub_piece01"}
	{Matrix34
		0.960005	0	-0.279983
		0	1	0
		0.279983	0	0.960005
		0.252429	0	0.266347
	}
}
{Volume "sub_piece03"
	{Box 11.5924 3.83698 8.4553}
	{Bone "sub_piece03"}
	{Matrix34
		0.9371	0	-0.349062
		0	1	0
		0.349062	0	0.9371
		0.205451	0	0.214306
	}
}
