;Exported by: garry
;Date:        Fri Mar 16 18:53:11 2007
;File:        D:\-Projects-\-3DWork-\Model\Авто-мото\SDKFZ\SdKfz251_1\SdKfz251m_x.max
{Skeleton
	{bone "basis"
		{Orientation
			1	0	0
			0	-1	0
			0	0	1
		}
		{bone "body"
			{parameters "CommonMesh;ID=body;"}
			{animation
				{sequence "break" {file "body_b.anm"}}
			}
			{Position 0.296512	-0.605439	9.46012}
			{VolumeView "body.ply"}
			{bone revolute "turret"
				{parameters "ID=turret;"}
				{Matrix34
					0.999875	-0.0158249	0
					0.0158249	0.999875	0
					0	0	1
					-17.9762	0	24.8582
				}
;				{VolumeView "turret.ply"}
				{bone revolute "gun_rot"
					{limits -40 40}
					{speed 0.1}
					{Matrix34
						0.999875	0.0158249	0
						-0.0158249	0.999875	0
						0	0	1
						26.8751	-0.123029	1.99369
					}
					{bone revolute "mgun"
						{parameters "ID=body;"}
						{limits -10 15}
						{speed 0.05}
						{Matrix34
							0.999873	-0.015825	0.00169274
							-0.00169252	2.68909e-005	0.999999
							-0.015825	-0.999875	0
							0.0697603	0.125952	0.978855
						}
					}
				}
			}
			{bone revolute "wheell2"
				{parameters "ID=wheelleft2;"}
				{Matrix34
					-1	0	0
					0	0	1
					0	1	0
					24.2393	0.34469	-0.176179
				}
				{VolumeView "wheell2.ply"}
			}
			{bone revolute "wheelr5"
				{parameters "ID=wheelright5;"}
				{Matrix34
					-0.707107	0	0.707106
					0.707106	0	0.707107
					0	-1	0
					-34.3194	0.415534	-2.38938
				}
				{VolumeView "wheelr5.ply"}
			}
			{bone "doorl"
				{parameters "ID=body;"}
				{Position -52.5428	13.7195	24.0341}
				{VolumeView "doorl.ply"}
			}
			{bone "doorr"
				{parameters "ID=body;"}
				{Position -52.4888	-13.4658	15.254}
				{VolumeView "doorr.ply"}
			}
			{bone "engine"
				{parameters "CommonMesh;ID=engine;"}
				{animation
					{sequence "break" {file "engine.anm"} {speed 0.3}}
				}
				{Position 34.7088	0.0322266	10.9747}
				{VolumeView "engine.ply"}
			}
			{bone "enumerator"
				{Matrix34
					0.999995	-0.00317144	0
					0.0025616	0.807706	0.589579
					-0.00186982	-0.589577	0.80771
					-3.97166	17.0161	19.5288
				}
				{VolumeView "enumerator.ply"}
			}
		{bone revolute "turret1"
				{parameters "ID=turret1;"}
				{Matrix34
					0.999913	0	-0.0132132
					0	1	0
					0.0132132	0	0.999913
					-25.7168	0	6.19121
				}
				{VolumeView "turret1.ply"}
				{bone revolute "gun"
					{parameters "ID=gun;"}
					{Position 1.16664	0.0686439	2.29149}
					{VolumeView "gun.ply"}
					{bone "stan"
						{parameters "ID=gun;"}
						{Position 14.1645	0.00918967	9.43081}
						{VolumeView "stan.ply"}
					}
				}
			}
		}
		{bone "pivot_front"
			{Position 45.2624	-0.476864	10.4543}
			{bone revolute "steer_r1"
				{Matrix34
					1	0	0
					0	-1	0
					0	0	-1
					2.53699	-13.1632	-0.168955
				}
				{bone revolute "wheelr1"
					{parameters "ID=wheelright1;"}
					{Matrix34
						0	0	-1
						1	0	0
						0	-1	0
						0	3.51408	2.0602
					}
					{VolumeView "wheelr1.ply"}
				}
			}
			{bone revolute "steer_l1"
				{Matrix34
					1	0	0
					0	-1	0
					0	0	-1
					2.53699	12.9952	-0.168955
				}
				{bone revolute "wheell1"
					{parameters "ID=wheelleft1;"}
					{Matrix34
						-0.00296162	0.0714845	-0.997437
						0.999143	0.0413943	0
						0.0412882	-0.996582	-0.0715459
						0	-3.46835	2.0602
					}
					{VolumeView "wheell1.ply"}
				}
			}
		}
		{bone "pivot_back"
			{Position -27.6406	0.00369376	6.78533}
			{bone revolute "spring_l"
				{parameters "ID=trackleft;"}
				{animation
					{sequence "break" {file "trackL_b.anm"} {speed 0.6}}
				}
				{Matrix34
					1	0	0
					0	0.0174524	0.999848
					0	-0.999848	0.0174524
					0.199005	11.9811	1.91858
				}
				{bone revolute "wheell5"
					{parameters "ID=wheelleft4;"}
					{Matrix34
						-1	0	0
						0	0.999848	0.0174541
						0	-0.0174541	0.999848
						1.35873	-2.25254	12.2867
					}
					{VolumeView "wheell5.ply"}
				}
				{bone revolute "wheell4"
					{parameters "ID=wheelleft4;"}
					{Matrix34
						-0.974423	-0.224687	-0.00392197
						-0.224721	0.974275	0.0170077
						0	-0.017454	0.999848
						15.9874	-2.25259	12.2897
					}
					{VolumeView "wheell4.ply"}
				}
				{bone revolute "wheell3"
					{parameters "ID=wheelleft3;"}
					{Matrix34
						-0.939505	-0.342482	-0.00597818
						-0.342534	0.939362	0.0163966
						0	0.0174524	-0.999848
						30.8158	-2.25395	12.3671
					}
					{VolumeView "wheell3.ply"}
				}
				{bone "trackl"
					{parameters "CommonMesh;ID=trackleft;"}
					{Matrix34
						1	0	0
						0	0.0174525	-0.999848
						0	0.999848	0.0174525
						26.6522	-7.27438	-3.62672
					}
					{VolumeView "trackl.ply"}
				}
			}
			{bone revolute "spring_r"
				{parameters "ID=trackright;"}
				{animation
					{sequence "break" {file "trackR_b.anm"} {speed 0.6}}
				}
				{Matrix34
					1	0	0
					0	0.0174524	0.999848
					0	-0.999848	0.0174524
					0.199005	-12.0706	2.3384
				}
				{bone revolute "wheelr4"
					{parameters "ID=wheelright4;"}
					{Matrix34
						-0.5	-0.865894	-0.0151143
						-0.866026	0.499924	0.00872636
						0	0.0174525	-0.999848
						9.18454	-2.7062	-11.7624
					}
					{VolumeView "wheelr4.ply"}
				}
				{bone revolute "wheelr3"
					{parameters "ID=wheelright3;"}
					{Matrix34
						-0.971205	-0.238208	-0.00415808
						-0.238244	0.971057	0.0169498
						0	0.0174524	-0.999848
						24.2468	-2.25226	-11.7851
					}
					{VolumeView "wheelr3.ply"}
				}
				{bone revolute "wheelr2"
					{parameters "ID=wheelright2;"}
					{Matrix34
						-0.826097	0.563441	0.00983461
						0.563527	0.825972	0.0144176
						0	0.0174524	-0.999848
						37.9333	-1.87208	-11.8406
					}
					{VolumeView "wheelr2.ply"}
				}
				{bone "trackr"
					{parameters "CommonMesh;ID=trackright;"}
					{Matrix34
						1	0	0
						0	0.0174525	-0.999848
						0	0.999848	0.0174525
						26.714	-7.85948	5.83812
					}
					{VolumeView "trackr.ply"}
				}
			}
		}
	}
}
{Volume "wheelleft1"
	{Cylinder 6.33656 3.80594}
	{Bone "wheell1"}
	{Matrix34
		0	-1	0
		1	0	0
		0	0	1
		-0.0467603	0.101894	-0.207321
	}
}
{Volume "wheelright1"
	{Cylinder 6.26266 3.85071}
	{Bone "wheelr1"}
	{Matrix34
		0	-1	0
		1	0	0
		0	0	1
		-0.0467564	0.101897	0.244946
	}
}
