;Exported by: vic
;Date:        Thu Oct 06 10:17:33 2005
;File:        D:\-Projects-\-3DWork-\Constructions\NEW\S2\e_farm_121_lm_corner2_x.max
{Skeleton
	{bone "add121_f2c2_x"
		{Orientation
			1	0	0
			0	-1	0
			0	0	1
		}
		{bone "sub_piece6"
			{Matrix34
				1	0	0
				0	0.857136	-0.515091
				0	0.515091	0.857136
				16.3041	-11.7872	35.4452
			}
			{VolumeView "sub_piece6.ply"}
		}
		{bone "piece7"
			{Matrix34
				0	0	1
				0	1	0
				-1	0	0
				3.14568	11.8251	18.5933
			}
			{VolumeView "piece7.ply"}
		}
		{bone "piece3"
			{Matrix34
				1	0	0
				0	0	1
				0	-1	0
				-13.2762	26.5882	5.34557
			}
			{VolumeView "piece3.ply"}
		}
		{bone "piece5"
			{Matrix34
				1	0	0
				0	0.857136	-0.515091
				0	0.515091	0.857136
				-6.94712	-3.17313	30.2687
			}
			{VolumeView "piece5.ply"}
		}
		{bone "sub_piece8"
			{Matrix34
				0	0	1
				0	1	0
				-1	0	0
				24.5193	26.1237	9.68913
			}
			{VolumeView "sub_piece8.ply"}
		}
		{bone "piece4"
			{Matrix34
				1	0	0
				0	0.857136	-0.515091
				0	0.515091	0.857136
				4.1199	21.216	15.6122
			}
			{VolumeView "piece4.ply"}
		}
		{bone "sub_piece7"
			{Matrix34
				0	0	1
				0	1	0
				-1	0	0
				-8.10158	-18.1579	36.2238
			}
			{VolumeView "sub_piece7.ply"}
		}
		{bone "sub_piece1"
			{Matrix34
				1	0	0
				0	0	1
				0	-1	0
				8.87482	26.5882	7.50148
			}
			{VolumeView "sub_piece1.ply"}
		}
		{bone "sub_piece4"
			{Matrix34
				1	0	0
				0	0.857136	-0.515091
				0	0.515091	0.857136
				25.4692	6.77707	24.2891
			}
			{VolumeView "sub_piece4.ply"}
		}
		{bone "piece6"
			{Matrix34
				1	0	0
				0	0.857136	-0.515091
				0	0.515091	0.857136
				-25.8554	19.9726	16.3594
			}
			{VolumeView "piece6.ply"}
		}
		{bone "piece1"
			{Matrix34
				0	-1	0
				0	0	1
				-1	0	0
				-26.5695	8.1882	13.2072
			}
			{VolumeView "piece1.ply"}
		}
		{bone "piece2"
			{Matrix34
				0	-1	0
				0	0	1
				-1	0	0
				-26.5695	-12.1089	26.707
			}
			{VolumeView "piece2.ply"}
		}
		{bone "sub_piece3"
			{Matrix34
				0	-1	0
				0	0	1
				-1	0	0
				-26.5695	-16.8225	12.9644
			}
			{VolumeView "sub_piece3.ply"}
		}
		{bone "sub_piece2"
			{Matrix34
				0	-1	0
				0	0	1
				-1	0	0
				-26.5695	22.6161	5.60306
			}
			{VolumeView "sub_piece2.ply"}
		}
		{bone "sub_piece5"
			{Matrix34
				1	0	0
				0	0.857136	-0.515091
				0	0.515091	0.857136
				-27.4728	-11.558	35.3075
			}
			{VolumeView "sub_piece5.ply"}
		}
	}
}
{Volume "sub_piece5"
	{Box 10.7217 12.4439 0.984252}
	{Bone "sub_piece5"}
	{Matrix34
		1	0	0
		0	1	0.000761956
		0	-0.000761956	1
		-1.00767	0.745889	-0.0545949
	}
}
{Volume "sub_piece2"
	{Box 5.90551 7.72723 8.76216}
	{Bone "sub_piece2"}
	{Matrix34
		0	0	-1
		-1	0	0
		0	1	0
		-0.303929	0.0142264	0.0135573
	}
}
{Volume "sub_piece3"
	{Box 5.90551 6.52087 10.7723}
	{Bone "sub_piece3"}
	{Matrix34
		0	0	-1
		-1	0	0
		0	1	0
		0.221434	0.139845	0.0135608
	}
}
{Volume "piece2"
	{Box 5.90551 15.4545 10.5568}
	{Bone "piece2"}
	{Matrix34
		0	0	-1
		-1	0	0
		0	1	0
		0.300674	-0.512097	0.0135612
	}
}
{Volume "piece1"
	{Box 5.90551 11.8561 15.389}
	{Bone "piece1"}
	{Matrix34
		0	0	-1
		-1	0	0
		0	1	0
		0.0373206	-1.08714	0.0135614
	}
}
{Volume "piece6"
	{Box 13.937 21.0947 0.984252}
	{Bone "piece6"}
	{Matrix34
		1	0	0
		0	1	0.000761956
		0	-0.000761956	1
		0.354691	0.538851	-0.026719
	}
}
{Volume "sub_piece4"
	{Box 10.7217 12.4439 0.984252}
	{Bone "sub_piece4"}
	{Matrix34
		1	0	0
		0	1	0.000761956
		0	-0.000761956	1
		0.984695	0.0450978	-0.0388277
	}
}
{Volume "sub_piece1"
	{Box 5.90551 16.3817 5.53243}
	{Bone "sub_piece1"}
	{Matrix34
		0	0	-1
		-1	0	0
		0	1	0
		0.235762	-0.59101	0.0600174
	}
}
{Volume "sub_piece7"
	{Box 2.95276 28.8072 2.95276}
	{Bone "sub_piece7"}
	{Matrix34
		0	1	0
		0	0	1
		1	0	0
		-0.0142877	0.0234456	-0.402686
	}
}
{Volume "piece4"
	{Box 21.8811 17.2976 0.984252}
	{Bone "piece4"}
	{Matrix34
		1	0	0
		0	1	0.000761956
		0	-0.000761956	1
		0.610443	0.986149	-0.0252835
	}
}
{Volume "sub_piece8"
	{Box 2.95276 16.7082 2.95276}
	{Bone "sub_piece8"}
	{Matrix34
		0	1	0
		0	0	1
		1	0	0
		0.0155706	0.0477328	0.401201
	}
}
{Volume "piece5"
	{Box 21.8811 17.2976 0.984252}
	{Bone "piece5"}
	{Matrix34
		1	0	0
		0	1	0.000761956
		0	-0.000761956	1
		-0.443886	-0.608539	-0.0481894
	}
}
{Volume "piece3"
	{Box 5.90551 16.3817 7.18497}
	{Bone "piece3"}
	{Matrix34
		0	0	-1
		-1	0	0
		0	1	0
		0.124947	0.231906	0.0600155
	}
}
{Volume "piece7"
	{Box 2.95276 23.4205 2.95276}
	{Bone "piece7"}
	{Matrix34
		0	1	0
		0	0	1
		1	0	0
		-0.00593054	0.00566941	-0.0396913
	}
}
{Volume "sub_piece6"
	{Box 15.3168 11.4164 0.984252}
	{Bone "sub_piece6"}
	{Matrix34
		1	0	0
		0	1	0.000761956
		0	-0.000761956	1
		1.06848	0.115523	-0.0552954
	}
}
