;Exported by: kolesnikov
;Date:        Thu Sep 22 10:29:13 2005
;File:        D:\-Project-\-3DWork-\Constructions\12.max
{Skeleton
	{bone "dok_build1_ff1_x"
		{Orientation
			1	0	0
			0	-1	0
			0	0	1
		}
		{bone "piece3"
			{Matrix34
				1	0	0
				0	1	0
				0	0	1
				-42.4848	19.667	61.0537
			}
			{VolumeView "piece3.ply"}
		}
		{bone "piece1"
			{Matrix34
				1	0	0
				0	1	0
				0	0	1
				-25.9795	-14.9209	61.2463
			}
			{VolumeView "piece1.ply"}
		}
		{bone "piece4"
			{Matrix34
				1	0	0
				0	1	0
				0	0	1
				9.67539	3.39917	61.2651
			}
			{VolumeView "piece4.ply"}
		}
		{bone "piece2"
			{Matrix34
				1	0	0
				0	1	0
				0	0	1
				49.2807	-22.6299	61.318
			}
			{VolumeView "piece2.ply"}
		}
		{bone "piece5"
			{Matrix34
				1	0	0
				0	1	0
				0	0	1
				35.788	23.4055	59.4694
			}
			{VolumeView "piece5.ply"}
		}
	}
}
{Volume "body258"
	{Box 23.0524 5.42991 23.3251}
	{Bone "piece5"}
	{Matrix34
		-0.984808	-0.173648	0
		0	0	1
		-0.173648	0.984808	0
		-0.154457	-1.70022	1.19135
	}
}
{Volume "body257"
	{Box 24.013 5.42991 25.0808}
	{Bone "piece2"}
	{Matrix34
		-0.939693	-0.34202	0
		0	0	1
		-0.34202	0.939693	0
		-0.516815	0.627514	-0.657262
	}
}
{Volume "body256"
	{Box 24.013 5.42991 20.558}
	{Bone "piece4"}
	{Matrix34
		-1	0	0
		0	0	1
		0	1	0
		-0.946967	-1.11738	-1.37818
	}
}
{Volume "body254"
	{Box 24.013 5.42991 25.0708}
	{Bone "piece1"}
	{Matrix34
		-0.965925	0.25882	0
		0	0	1
		0.25882	0.965925	0
		-0.32909	1.28689	-1.35964
	}
}
{Volume "body255"
	{Box 24.013 5.42991 25.0708}
	{Bone "piece3"}
	{Matrix34
		-0.965926	0.25882	0
		0	0	1
		0.25882	0.965926	0
		-2.28399	0.000385849	-1.16682
	}
}
