;Exported by: shevchenko
;Date:        Sun Sep 11 15:43:17 2005
;File:        D:\-Projects1_5-\-3DWork-\e_farm_121_lm_corner_chasti_3_x.max
{Skeleton
	{bone "121_f1c1a"
		{Orientation
			1	0	0
			0	-1	0
			0	0	1
		}
		{bone "piece3"
			{Matrix34
				0	-1	0
				0	0	1
				-1	0	0
				-10.9759	-3.12991	42.7561
			}
			{VolumeView "piece3.ply"}
		}
		{bone "piece2"
			{Matrix34
				0	-1	0
				0	0	1
				-1	0	0
				-10.9759	9.66537	27.9746
			}
			{VolumeView "piece2.ply"}
		}
		{bone "piece1"
			{Matrix34
				1	0	0
				0	0	1
				0	-1	0
				-2.11766	16.5551	30.5118
			}
			{VolumeView "piece1.ply"}
		}
		{bone "piece0"
			{Matrix34
				1	0	0
				0	0	1
				0	-1	0
				9.69336	16.5551	11.811
			}
			{VolumeView "piece0.ply"}
		}
	}
}
{Volume "piece0"
	{Box 18.189 5.90552 15.1575}
	{Bone "piece0"}
	{Matrix34
		0.972876	-0.231328	0
		0	0	-1
		0.231328	0.972876	0
		0.191935	-0.0559201	0
	}
}
{Volume "piece1"
	{Box 8.62205 5.90552 15.2362}
	{Bone "piece1"}
	{Matrix34
		0.979528	-0.201306	0
		0	0	-1
		0.201306	0.979528	0
		-1.54541	-0.434071	0
	}
}
{Volume "piece2"
	{Box 5.90552 14.7638 24.1316}
	{Bone "piece2"}
	{Matrix34
		0	0	-1
		-1	0	0
		0	1	0
		-0.277651	-0.0249443	0
	}
}
{Volume "piece3"
	{Box 5.90551 9.23228 9.42648}
	{Bone "piece3"}
	{Matrix34
		0	0	-1
		-0.706958	0.707256	0
		0.707256	0.706958	0
		-0.154362	0.396822	0
	}
}
