;Exported by: sergienko
;Date:        Thu Jun 29 19:18:35 2006
;File:        D:\-projets1_5\3dwork\anima\construction\e_house021_corner\e_house021_corner01_x.max
{Skeleton
	{bone "022_corner6_x"
		{Orientation
			1	0	0
			0	-1	0
			0	0	1
		}
		{bone "piece1"
			{Matrix34
				-0.766048	0	0.642783
				-0.642783	0	-0.766048
				0	-1	0
				19.6763	33.0556	45.4128
			}
			{VolumeView "piece1.ply"}
		}
		{bone "piece2"
			{Matrix34
				0	-0.5	0.866026
				0	0.866026	0.5
				-1	0	0
				31.963	-9.62776	13.653
			}
			{VolumeView "piece2.ply"}
		}
		{bone "piece3"
			{Matrix34
				0	-0.5	0.866026
				0	0.866026	0.5
				-1	0	0
				31.963	17.4048	19.5442
			}
			{VolumeView "piece3.ply"}
		}
		{bone "piece4"
			{Matrix34
				0	-0.766044	-0.642788
				0	-0.642788	0.766044
				-1	0	0
				31.963	-15.996	59.0517
			}
			{VolumeView "piece4.ply"}
		}
		{bone "piece5"
			{Matrix34
				0	-0.0871556	0.996195
				0	0.996195	0.0871556
				-1	0	0
				31.963	-1.42902	39.6619
			}
			{VolumeView "piece5.ply"}
		}
		{bone "piece6"
			{Matrix34
				0	-0.5	0.866026
				0	0.866026	0.5
				-1	0	0
				31.963	25.6181	48.1291
			}
			{VolumeView "piece6.ply"}
		}
		{bone "piece7"
			{Matrix34
				0	-0.819152	-0.573576
				0	-0.573576	0.819152
				-1	0	0
				31.963	14.0094	63.5283
			}
			{VolumeView "piece7.ply"}
		}
		{bone "piece8"
			{Matrix34
				0	-0.5	0.866026
				0	0.866026	0.5
				-1	0	0
				31.963	-0.397842	62.6852
			}
			{VolumeView "piece8.ply"}
		}
		{bone "piece9"
			{Matrix34
				-0.766044	0	-0.642788
				0.642788	0	-0.766044
				0	-1	0
				14.3734	29.6018	11.4082
			}
			{VolumeView "piece9.ply"}
		}
		{bone "piece10"
			{Matrix34
				-0.766045	-0.642787	0
				0.642787	-0.766045	0
				0	0	1
				3.94571	15.9118	52.9325
			}
			{VolumeView "piece10.ply"}
		}
		{bone "piece11"
			{Matrix34
				0	1	0
				-1	0	0
				0	0	1
				0.518339	2.14179	52.9325
			}
			{VolumeView "piece11.ply"}
		}
		{bone "piece12"
			{Matrix34
				0	1	0
				-1	0	0
				0	0	1
				16.6331	12.0757	52.9325
			}
			{VolumeView "piece12.ply"}
		}
		{bone "piece13"
			{Matrix34
				0	1	0
				-1	0	0
				0	0	1
				20.3375	-0.561913	52.9325
			}
			{VolumeView "piece13.ply"}
		}
	}
}
{Volume "piece10"
	{Box 13.2387 9.55341 1.9685}
	{Bone "piece10"}
	{Matrix34
		0.906308	-0.422618	0
		0.422618	0.906308	0
		0	0	1
		-0.78086	-0.849622	0
	}
}
{Volume "piece11"
	{Box 18.8831 13.6666 1.9685}
	{Bone "piece11"}
	{Matrix34
		0.939693	-0.34202	0
		0.34202	0.939693	0
		0	0	1
		0.422063	0.918779	0
	}
}
{Volume "piece12"
	{Box 13.2387 9.55341 1.9685}
	{Bone "piece12"}
	{Matrix34
		0.906308	-0.422618	0
		0.422618	0.906308	0
		0	0	1
		-0.780843	-0.849628	0
	}
}
{Volume "piece13"
	{Box 11.9271 9.9752 1.9685}
	{Bone "piece13"}
	{Matrix34
		0.965926	0.258819	0
		-0.258819	0.965926	0
		0	0	1
		-0.0875783	0.0883091	0
	}
}
{Volume "piece1"
	{Box 13.0163 10.1645 9.84252}
	{Bone "piece1"}
	{Matrix34
		0.996195	0.0871564	0
		-0.0871564	0.996195	0
		0	0	1
		0.087539	0.513052	-1.79126e-005
	}
}
{Volume "piece2"
	{Box 10.5337 20.3634 9.84253}
	{Bone "piece2"}
	{Matrix34
		0.930738	-0.365686	0
		0.365686	0.930738	0
		0	0	1
		0.367639	-0.154564	0
	}
}
{Volume "piece3"
	{Box 16.8017 14.1433 9.84253}
	{Bone "piece3"}
	{Position -2.09982	0.948656	1.03651e-005}
}
{Volume "piece4"
	{Box 19.7532 27.361 9.84253}
	{Bone "piece4"}
	{Matrix34
		0.984808	0.173648	0
		-0.173648	0.984808	0
		0	0	1
		0	0	1.35384e-005
	}
}
{Volume "piece5"
	{Box 19.2087 28.5378 9.84253}
	{Bone "piece5"}
	{Matrix34
		0.978182	-0.207748	0
		0.207748	0.978182	0
		0	0	1
		0	0	0
	}
}
{Volume "piece6"
	{Box 22.95 24.6533 9.84253}
	{Bone "piece6"}
	{Matrix34
		0.658534	0.752551	0
		-0.752551	0.658534	0
		0	0	1
		0	0	0
	}
}
{Volume "piece7"
	{Box 13.4757 9.93605 9.84253}
	{Bone "piece7"}
	{Matrix34
		0.995969	0.0897016	0
		-0.0897016	0.995969	0
		0	0	1
		-0.115832	0.717646	0
	}
}
{Volume "piece8"
	{Box 15.3133 9.02239 9.84253}
	{Bone "piece8"}
	{Matrix34
		0.986338	0.164733	0
		-0.164733	0.986338	0
		0	0	1
		-0.152931	0.954586	0
	}
}
{Volume "piece9"
	{Box 18.8365 16.9926 9.84252}
	{Bone "piece9"}
	{Matrix34
		0.984808	0.173648	0
		-0.173648	0.984808	0
		0	0	1
		-1.89951	0.853855	0
	}
}
