;Exported by: kolesnikov
;Date:        Mon Sep 26 19:17:42 2005
;File:        D:\-Project-\-3DWork-\xx covers\t34_xx.max
{Skeleton
	{bone "t34_2-dead"
		{Orientation
			1	0	0
			0	-1	0
			0	0	1
		}
		{VolumeView "t34_2-dead.ply"}
	}
}
{Obstacle "body01"
	{Obb2
		{Center -5.23708 -1.16085}
		{Extent 59.3006 27.7161}
		{Axis 1 0}
	}
	{Rotate}
}
{Volume "body04"
	{Box 3.65305 2.88362 41.8497}
	{Bone "t34_2-dead"}
	{Matrix34
		-0.19963	-0.200078	-0.959227
		-0.291093	0.946847	-0.136914
		0.935635	0.251892	-0.247261
		44.6998	18.0238	28.5557
	}
}
{Volume "body03"
	{Box 14.0502 31.9692 39.8569}
	{Bone "t34_2-dead"}
	{Matrix34
		0	-0.143112	-0.989707
		-0.291094	0.946847	-0.136914
		0.956695	0.288097	-0.041659
		7.29961	6.47505	34.3327
	}
}
{Volume "body02"
	{Box 7.99989 38.9868 90.3309}
	{Bone "t34_2-dead"}
	{Matrix34
		0	-0.143112	-0.989707
		0	0.989707	-0.143112
		1	0	0
		-9.61349	4.41377	24.0508
	}
}
{Volume "body01"
	{Box 118.601 52.4202 24.8162}
	{Bone "t34_2-dead"}
	{Matrix34
		1	0	0
		0	0.989707	-0.143112
		0	0.143112	0.989707
		-5.23708	1.16085	9.17381
	}
}
