;Exported by: sergienko
;Date:        Thu Feb 09 11:22:41 2006
;File:        D:\-projets1_5\3dwork\anima\construction\Bahnhof_house\Bahnhof_house_x_test_без.max
{Skeleton
	{animation
		{sequence "crush" {speed 0.2}}
	}
	{bone "bh_corner22"
		{Orientation
			1	0	0
			0	-1	0
			0	0	1
		}
		{bone "piece5"
			{Matrix34
				0	1	0
				-1	0	0
				0	0	1
				-2.1772	107.136	87.4715
			}
			{VolumeView "piece5.ply"}
		}
		{bone "piece6"
			{Matrix34
				0	1	0
				-1	0	0
				0	0	1
				51.9157	107.136	97.8959
			}
			{VolumeView "piece6.ply"}
		}
		{bone "piece4"
			{Matrix34
				0	1	0
				-1	0	0
				0	0	1
				-56.5437	107.136	103.181
			}
			{VolumeView "piece4.ply"}
		}
		{bone "piece8"
			{Matrix34
				0	1	0
				-1	0	0
				0	0	1
				51.2453	107.136	121.886
			}
			{VolumeView "piece8.ply"}
		}
		{bone "piece3"
			{Matrix34
				0	1	0
				-1	0	0
				0	0	1
				53.3265	107.136	148.375
			}
			{VolumeView "piece3.ply"}
		}
		{bone "piece2"
			{Matrix34
				0	1	0
				-1	0	0
				0	0	1
				-5.93515	107.136	149.482
			}
			{VolumeView "piece2.ply"}
		}
		{bone "piece1"
			{Matrix34
				0	1	0
				-1	0	0
				0	0	1
				-40.2835	107.136	147.596
			}
			{VolumeView "piece1.ply"}
		}
		{bone "exterior"
			{Position -1.91963	-46.2992	0}
		}
		{bone "piece7"
			{Matrix34
				0	1	0
				-1	0	0
				0	0	1
				38.8178	107.136	78.2613
			}
			{VolumeView "piece7.ply"}
		}
		{bone "roof"
			{parameters "CommonMesh;"}
			{Position -0.963554	-9.65253	187.533}
			{VolumeView "roof.ply"}
		}
		{bone "fx_dust1"
			{Position -3.41665	117.108	122.624}
		}
	}
}
{Volume "piece1"
	{Box 27.7047 15.9071 15.1501}
	{Bone "piece1"}
	{Matrix34
		0	-0.996195	0.0871558
		0	0.0871557	0.996195
		-1	0	0
		0	0	0
	}
}
{Volume "piece2"
	{Box 30.8876 15.7326 15.1501}
	{Bone "piece2"}
	{Matrix34
		0	-1	0
		0	0	1
		-1	0	0
		0	0	0
	}
}
{Volume "piece3"
	{Box 21.4893 16.551 15.1501}
	{Bone "piece3"}
	{Matrix34
		0	-0.984808	-0.173648
		0	-0.173648	0.984808
		-1	0	0
		-2.8923e-005	0	0
	}
}
{Volume "piece4"
	{Box 34.6245 20.9933 15.1501}
	{Bone "piece4"}
	{Matrix34
		0	-0.422618	-0.906308
		0	-0.906308	0.422618
		-1	0	0
		-2.40951e-005	0	0
	}
}
{Volume "piece5"
	{Box 37.3775 22.0264 15.1501}
	{Bone "piece5"}
	{Matrix34
		0	-1	0
		0	0	1
		-1	0	0
		-3.06717e-005	2.08954	0
	}
}
{Volume "piece6"
	{Box 31.4646 18.7787 15.1501}
	{Bone "piece6"}
	{Matrix34
		0	0.939693	-0.34202
		0	0.34202	0.939693
		1	0	0
		-5.95563e-005	0.300843	-3.16812
	}
}
{Volume "piece7"
	{Box 38.4858 20.9933 15.1501}
	{Bone "piece7"}
	{Matrix34
		0	-1	0
		0	0	1
		-1	0	0
		-3.30318e-005	0	0
	}
}
{Volume "piece8"
	{Box 24.1364 24.1567 15.1501}
	{Bone "piece8"}
	{Matrix34
		0	-0.996195	-0.0871557
		0	-0.0871557	0.996195
		-1	0	0
		-3.12937e-005	-2.35358	1.01148
	}
}
