;Exported by: kolesnikov
;Date:        Mon Jul 11 10:17:17 2005
;File:        D:\-Project-\-3DWork-\barricade_new_vik.max
{Skeleton
	{bone "barricade2_b_corner1_x"
		{Orientation
			1	0	0
			0	-1	0
			0	0	1
		}
		{bone "piece3"
			{Matrix34
				0.999657	0.000913457	-0.0261612
				0	0.999391	0.0348996
				0.0261771	-0.0348876	0.999048
				37.9954	17.3217	14.2137
			}
			{VolumeView "piece3.ply"}
		}
		{bone "piece5"
			{Matrix34
				-1	0	0
				0	0	1
				0	1	0
				27.9716	-4.53528	13.9585
			}
			{VolumeView "piece5.ply"}
		}
		{bone "piece8"
			{Matrix34
				0	0	1
				0	1	0
				-1	0	0
				26.354	17.0674	16.6721
			}
			{VolumeView "piece8.ply"}
		}
		{bone "piece9"
			{Matrix34
				0	0	1
				0	1	0
				-1	0	0
				9.83811	6.36871	18.0694
			}
			{VolumeView "piece9.ply"}
		}
		{bone "piece10"
			{Matrix34
				0.949363	-0.000212915	-0.314181
				-6.47686e-005	1	-0.000872361
				0.314181	0.000848374	0.949363
				9.56991	-14.8661	23.4041
			}
			{VolumeView "piece10.ply"}
		}
		{bone "piece11"
			{Matrix34
				0.0102805	0.9983	0.0573667
				0.0581493	0.056676	-0.996698
				-0.998255	0.0135824	-0.0574678
				24.1444	-17.0687	3.69907
			}
			{VolumeView "piece11.ply"}
		}
		{bone "piece12"
			{Matrix34
				-0.842686	-0.483392	-0.23709
				0.269018	0.00341382	-0.963129
				0.466379	-0.875397	0.127164
				32.7396	-10.5483	3.14652
			}
			{VolumeView "piece12.ply"}
		}
		{bone "fx_metal"
			{Position 14.1813	-1.09351	0}
		}
	}
}
{Volume "body3_vol02"
	{Box 4.63737 4.12011 3.05364}
	{Bone "piece12"}
	{Matrix34
		-0.967551	0.222324	-0.120072
		0.0873734	-0.151505	-0.984587
		-0.23709	-0.963129	0.127164
		-0.282653	0.0935605	0.123144
	}
}
{Volume "body3_vol01"
	{Box 7.2459 9.58165 3.72293}
	{Bone "piece11"}
	{Matrix34
		0.0102805	0.0581492	-0.998255
		0.9983	0.056676	0.0135824
		0.0573665	-0.996698	-0.0574678
		0.444828	0.249631	0.0356702
	}
}
{Volume "body3"
	{Cylinder 9.72694 1.55344}
	{Bone "piece10"}
	{Matrix34
		0.949363	-6.51279e-005	0.314181
		-0.314181	-0.000872388	0.949363
		0.00021292	-0.999999	-0.000848343
		0.087925	0.102872	-0.10076
	}
}
{Volume "body3_vol06"
	{Box 13.743 0.469501 16.165}
	{Bone "piece9"}
	{Matrix34
		0	1	0
		0	0	1
		1	0	0
		-1.64639	0.427829	-0.0524165
	}
}
{Volume "body3_vol04"
	{Box 13.743 0.469501 16.165}
	{Bone "piece8"}
	{Matrix34
		0	1	0
		0	0	1
		1	0	0
		-0.249126	-0.0389082	-0.0222657
	}
}
{Volume "body3_vol03"
	{Box 20.0711 0.469501 24.8692}
	{Bone "piece5"}
	{Matrix34
		-1	0	0
		0	0	1
		0	1	0
		0.0160784	0.088407	0.00634662
	}
}
{Volume "body3_vol05"
	{Box 2.33227 2.1845 15.4189}
	{Bone "piece3"}
	{Matrix34
		0.999657	0	0.0261773
		0.00091347	0.999391	-0.0348878
		-0.0261613	0.0348998	0.999048
		-0.0712766	0.240827	0.00669904
	}
}
