;Exported by: sergienko
;Date:        Fri Jul 14 16:27:23 2006
;File:        D:\-projets1_5\3dwork\anima\construction\house_euro_100c\euro_corner_n_x.max
{Skeleton
	{bone "100_corner15_n_x"
		{Orientation
			1	0	0
			0	-1	0
			0	0	1
		}
		{bone "piece4"
			{Matrix34
				1	0	0
				0	0.572863	0.819651
				0	-0.819651	0.572863
				44.4422	-19.4786	146.239
			}
			{VolumeView "piece4.ply"}
		}
		{bone "piece3"
			{Matrix34
				1	0	0
				0	0.536929	0.843628
				0	-0.843628	0.536929
				31.4195	-8.23505	168.605
			}
			{VolumeView "piece3.ply"}
		}
		{bone "piece2"
			{Matrix34
				1	0	0
				0	0.572863	0.819651
				0	-0.819651	0.572863
				0.699799	-1.75333	180.748
			}
			{VolumeView "piece2.ply"}
		}
		{bone "piece1"
			{Matrix34
				1	0	0
				0	0.514661	0.857394
				0	-0.857394	0.514661
				-32.3762	-8.91601	168.148
			}
			{VolumeView "piece1.ply"}
		}
		{bone "piece5"
			{Matrix34
				1	0	0
				0	0.536929	0.843628
				0	-0.843628	0.536929
				44.6324	2.87171	186.056
			}
			{VolumeView "piece5.ply"}
		}
		{bone "piece6"
			{Matrix34
				1	0	0
				0	-0.539635	0.841899
				0	-0.841899	-0.539635
				49.7264	20.759	176.404
			}
			{VolumeView "piece6.ply"}
		}
		{bone "piece7"
			{Matrix34
				1	0	0
				0	-0.539635	0.841899
				0	-0.841899	-0.539635
				9.71774	14.3563	188.178
			}
			{VolumeView "piece7.ply"}
		}
		{bone "piece8"
			{Matrix34
				1	0	0
				0	-0.539635	0.841899
				0	-0.841899	-0.539635
				-28.0779	23.2424	173.186
			}
			{VolumeView "piece8.ply"}
		}
		{bone "piece9"
			{Matrix34
				1	0	0
				0	-0.539635	0.841899
				0	-0.841899	-0.539635
				-46.2194	13.3209	188.561
			}
			{VolumeView "piece9.ply"}
		}
	}
}
{Volume "piece1"
	{Box 27.3827 24.6522 1.8214}
	{Bone "piece1"}
	{Position 0.100876	-0.784034	0.209838}
}
{Volume "piece2"
	{Box 23.5926 24.7275 1.8214}
	{Bone "piece2"}
	{Position -3.8959	0.417142	0.209843}
}
{Volume "piece3"
	{Box 18.5591 23.4709 1.8214}
	{Bone "piece3"}
	{Position -0.404686	-0.829514	0.209845}
}
{Volume "piece4"
	{Box 27.3827 24.6522 1.8214}
	{Bone "piece4"}
	{Position 0.100876	-0.784027	0.209836}
}
{Volume "piece5"
	{Box 18.5591 23.4709 1.8214}
	{Bone "piece5"}
	{Position -0.40469	-0.829519	0.209838}
}
{Volume "piece6"
	{Box 23.5926 24.7275 1.8214}
	{Bone "piece6"}
	{Position -3.8959	0.417154	0.209843}
}
{Volume "piece7"
	{Box 25.0857 23.4709 1.8214}
	{Bone "piece7"}
	{Position -1.20969	0.624079	0.209838}
}
{Volume "piece8"
	{Box 23.9056 17.4383 1.8214}
	{Bone "piece8"}
	{Position -1.79524	-0.0933091	0.209844}
}
{Volume "piece9"
	{Box 18.5591 23.4709 1.8214}
	{Bone "piece9"}
	{Position -0.404694	-0.829512	0.209848}
}
