;Exported by: Mauzer
;Date:        Sun May 23 12:43:04 2010
;File:        E:\Autodesk\Low poly\freelance\DMS\40mm M1 Bofors\M1 Bofors_xx.max
{Skeleton
	{bone "basis"
		{Orientation
			1	0	0
			0	-1	0
			0	0	1
		}
		{bone "body"
			{parameters "ID=body;"}
			{Matrix34
				-0.00121902	0.999391	-0.0348777
				0.999391	0	-0.0348994
				0.0348781	0.034899	0.998782
				-3.75991	-0.427527	8.6874
			}
			{VolumeView "body.ply"}
			{bone "reliance2"
				{Matrix34
					0	-1	0
					-1	0	0
					0	0	-1
					-0.0435978	36.5975	-3.96789
				}
				{VolumeView "reliance2.ply"}
			}
			{bone "pivot_front"
				{parameters "ID=body;"}
				{Matrix34
					0	-1	0
					-1	0	0
					0	0	-1
					0.00337791	31.8587	-1.52327
				}
				{VolumeView "pivot_front.ply"}
			}
			{bone "part3"
				{Matrix34
					-0.0387747	0.999233	-0.00548105
					-0.999248	-0.0387753	0
					-0.000213306	0.0054769	0.999985
					-17.3058	3.86442	-0.28252
				}
				{VolumeView "part3.ply"}
				{bone "reliance1"
					{Matrix34
						-0.988272	0.0383498	-0.14781
						0.038776	0.999248	0
						0.147698	-0.00573334	-0.989016
						1.8831	21.543	-6.05884
					}
					{VolumeView "reliance1.ply"}
				}
			}
			{bone "part2"
				{Matrix34
					0.0523355	0.998614	0.00548091
					-0.99863	0.0523359	7.23451e-005
					-0.000214603	-0.00547719	0.999985
					17.2546	3.85079	-0.282516
				}
				{VolumeView "part2.ply"}
				{bone "reliance3"
					{Matrix34
						-0.99863	-0.0523361	0
						-0.0516184	0.984934	0.165047
						-0.00863785	0.164821	-0.986286
						0.994006	-21.0255	-3.64464
					}
					{VolumeView "reliance3.ply"}
				}
			}
			{bone "pivot_back"
				{parameters "ID=body;"}
				{Matrix34
					0	-1	0
					-1	0	0
					0	0	-1
					0.00337219	-27.464	-1.48093
				}
				{VolumeView "pivot_back.ply"}
				{bone revolute "part1"
					{parameters "ID=wheelright;Support=1;Radius=0.53;"}
					{Matrix34
						-1	0	0
						0	0	1
						0	1	0
						3.78133	16.5854	-1.74606
					}
					{VolumeView "part1.ply"}
				}
			}
			{bone revolute "turret"
				{parameters "ID=turret;"}
				{speed 0.01}
				{Matrix34
					0.265683	0.964009	0.00996988
					-0.953628	0.261277	0.149428
					0.141445	-0.0492081	0.988722
					0.205923	2.35185	9.51802
				}
				{VolumeView "turret.ply"}
				{bone revolute "gun_rot"
					{parameters "ID=gun;"}
					{limits -5 90}
					{speed 0.006}
					{Matrix34
						0.973019	0.157322	-0.16877
						0.202677	-0.233274	0.951055
						0.110252	-0.959601	-0.258866
						-7.53285	-0.087904	7.04392
					}
					{VolumeView "gun_rot.ply"}
					{bone "gun"
						{parameters "ID=gun;"}
						{Matrix34
							1	0	0
							0	0	-1
							0	1	0
							23.8728	0.04809	-0.0230684
						}
						{VolumeView "gun.ply"}
					}
				}
				{bone "dt2"
					{Matrix34
						-1	0	0
						0	1	0
						0	0	-1
						-1.54732	0.186078	1.90503
					}
					{VolumeView "dt2.ply"}
				}
				{bone "part5"
					{parameters "ID=turret;"}
					{Position 0	0	0}
					{VolumeView "part5.ply"}
				}
			}
			{bone "part4"
				{parameters "ID=body;"}
				{Matrix34
					0	-1	0
					-1	0	0
					0	0	-1
					0.00337219	-27.4641	-1.48093
				}
				{VolumeView "part4.ply"}
			}
		}
	}
}
{Volume "body2"
	{Box 4.39893 37.9907 4.95959}
	{Bone "body"}
	{Matrix34
		0	1	0
		1	0	0
		0	0	1
		-0.180772	3.7144	-1.50608
	}
}
{Volume "body3"
	{Box 4.39893 68.7632 4.95959}
	{Bone "body"}
	{Matrix34
		-1	0	0
		0	1	0
		0	0	1
		-0.180772	2.67799	-1.50608
	}
}
{Volume "body"
	{Cylinder 11.7639 5.08993}
	{Bone "body"}
	{Matrix34
		0	1	0
		1	0	0
		0	0	1
		-0.0389881	3.85133	-1.47962
	}
}
{Volume "gun2"
	{Box 20.8499 7.32564 5.30227}
	{Bone "gun_rot"}
	{Matrix34
		-1	0	0
		0	1	0
		0	0	1
		2.88269	-0.285064	-2.40803e-005
	}
}
{Volume "gun"
	{Cylinder 1.9655 47.7392}
	{Bone "gun_rot"}
	{Matrix34
		0	0	1
		0	1	0
		1	0	0
		36.6237	0.0480825	-0.0230283
	}
}
{Volume "part1"
	{Cylinder 9.30237 3.77192}
	{Bone "part1"}
	{Matrix34
		-1	0	0
		0	-1	0
		0	0	-1
		-3.23166e-005	1.05818e-005	0
	}
}
{Volume "part2"
	{Box 4.39893 26.5935 4.95959}
	{Bone "part2"}
	{Matrix34
		0.99863	0.0523363	0
		0.0523363	-0.99863	0
		0	0	1
		0.33824	-9.0602	-1.22356
	}
}
{Volume "part3"
	{Box 4.39893 26.5935 4.95959}
	{Bone "part3"}
	{Matrix34
		0.999248	-0.0387765	0
		-0.0387765	-0.999248	0
		0	0	1
		0.196929	8.94369	-1.22358
	}
}
{Volume "part4"
	{Box 2.93541 24.5354 15.3186}
	{Bone "part4"}
	{Matrix34
		-0.930418	-0.01279	0.366278
		0	-0.999391	-0.0348988
		-0.366501	0.0324707	-0.929851
		-3.91597	-0.193703	-4.80057
	}
}
{Volume "part5"
	{Box 5.48549 5.70681 6.78729}
	{Bone "part5"}
	{Matrix34
		0.989016	0	0.147809
		0	1	0
		0.14781	0	-0.989016
		-5.61323	-11.7322	-0.2132
	}
}
{Volume "turret"
	{Box 16.9518 12.1952 8.91954}
	{Bone "turret"}
	{Matrix34
		-1	0	0
		0	0	1
		0	-1	0
		0.539645	0.142504	-2.58545
	}
}
