;Exported by: shevchenko
;Date:        Tue May 24 10:54:55 2005
;File:        D:\-Projects1_5-\-3DWork-\fortress_complex_lm_corner_fix.max
{Skeleton
	{bone "c2_4"
		{Orientation
			1	0	0
			0	-1	0
			0	0	1
		}
		{VolumeView "c2_4.ply"}
		{bone "window1"
			{Matrix34
				-1	0	0
				0	0	1
				0	1	0
				-47.3169	3.9201	6.63411
			}
			{VolumeView "window1.ply"}
		}
		{bone "window1_x"
			{Matrix34
				0	-1	0
				0	0	1
				-1	0	0
				-46.8248	3.9201	6.63411
			}
			{visibility 0}
			{VolumeView "window1_x.ply"}
		}
		{bone "fix07"
			{Position -47.3228	-46.1051	-10.6455}
		}
		{bone "fix08"
			{Position -47.3228	57.5011	-10.6455}
		}
		{bone "fix09"
			{Position -47.3228	4.30698	-46.2057}
		}
		{bone "attach1"
			{Matrix34
				-1	0	0
				0	-1	0
				0	0	1
				-31.4974	3.92612	-20.0577
			}
		}
	}
}
{Volume "hole1"
	{Cylinder 10.0374 19.685}
	{Bone "c2_4"}
	{Matrix34
		0	-1	0
		0	0	1
		-1	0	0
		-47.3228	3.91732	6.63413
	}
}
{Volume "beam"
	{Cylinder 2.95276 95.7788}
	{Bone "c2_4"}
	{Matrix34
		0	1	0
		0	0	1
		1	0	0
		2.30413	3.86197	42.6007
	}
}
{Volume "beam5"
	{Cylinder 2.95276 59.9393}
	{Bone "c2_4"}
	{Position 17.6513	3.78214	9.21175}
}
{Volume "beam3"
	{Cylinder 2.95276 70.0795}
	{Bone "c2_4"}
	{Matrix34
		-1	0	0
		0	-0.560935	0.82786
		0	0.82786	0.560935
		17.6437	-25.4346	20.6045
	}
}
{Volume "beam4"
	{Cylinder 2.95276 52.748}
	{Bone "c2_4"}
	{Matrix34
		1	0	0
		0	0.560935	0.82786
		0	-0.82786	0.560935
		17.6437	26.8026	25.0184
	}
}
{Volume "beam1"
	{Cylinder 2.95276 54.2551}
	{Bone "c2_4"}
	{Matrix34
		1	0	0
		0	0	1
		0	-1	0
		17.6437	5.1178	-20.8262
	}
}
{Volume "beam2"
	{Cylinder 2.95276 91.6912}
	{Bone "c2_4"}
	{Matrix34
		0	1	0
		0	0	1
		1	0	0
		1.87453	3.92761	-20.8262
	}
}
{Volume "body1"
	{Box 7.87402 86.6445 56.1853}
	{Bone "c2_4"}
	{Position -47.3169	3.01648	-10.5053}
}
{Volume "body2"
	{Box 7.87402 58.6756 20.4823}
	{Bone "c2_4"}
	{Matrix34
		1	0	0
		0	0.819152	-0.573576
		0	0.573576	0.819152
		-47.3169	22.0733	19.408
	}
}
{Volume "body3"
	{Box 7.87402 61.4433 21.4685}
	{Bone "c2_4"}
	{Matrix34
		1	0	0
		0	0.819152	0.573577
		0	-0.573577	0.819152
		-47.3169	-15.4752	17.6559
	}
}
{Volume "window1"
	{Cylinder 10.0374 1.9685}
	{Bone "window1"}
	{Matrix34
		0	0	-1
		0	1	0
		1	0	0
		-0.984252	2.5504e-005	0
	}
}
