;Exported by: shevchenko
;Date:        Sun Jul 10 12:39:58 2005
;File:        D:\-Projects1_5-\-3DWork-\house_euro_ruine2_x.max
{Skeleton
	{bone "w5r_c2_1"
		{Orientation
			1	0	0
			0	-1	0
			0	0	1
		}
		{bone "piece8"
			{Matrix34
				1	0	0
				0	0	1
				0	-1	0
				45.0488	-56.3977	22.8617
			}
			{VolumeView "piece8.ply"}
		}
		{bone "piece7"
			{Matrix34
				1	0	0
				0	0	1
				0	-1	0
				12.8081	-56.3977	45.2756
			}
			{VolumeView "piece7.ply"}
		}
		{bone "piece6"
			{Matrix34
				1	0	0
				0	0	1
				0	-1	0
				-8.8221	-56.3977	16.7323
			}
			{VolumeView "piece6.ply"}
		}
		{bone "piece5"
			{Matrix34
				1	0	0
				0	0	1
				0	-1	0
				-31.4961	-56.3977	44.9567
			}
			{VolumeView "piece5.ply"}
		}
		{bone "piece4"
			{Matrix34
				0	1	0
				0	0	1
				1	0	0
				-54.1339	-45.5709	31.4297
			}
			{VolumeView "piece4.ply"}
		}
		{bone "piece3"
			{Matrix34
				0	1	0
				0	0	1
				1	0	0
				-54.1339	-44.5866	75.7874
			}
			{VolumeView "piece3.ply"}
		}
		{bone "piece1"
			{Matrix34
				0	1	0
				0	0	1
				1	0	0
				-54.1339	-2.367	58.6691
			}
			{VolumeView "piece1.ply"}
		}
		{bone "piece0"
			{Matrix34
				0	1	0
				0	0	1
				1	0	0
				-54.1339	6.84161	20.2279
			}
			{VolumeView "piece0.ply"}
		}
		{bone "piece2"
			{Matrix34
				0	1	0
				0	0	1
				1	0	0
				-54.1339	4.62598	95.4724
			}
			{VolumeView "piece2.ply"}
		}
		{bone "piece9"
			{Matrix34
				0	1	0
				0	0	1
				1	0	0
				-54.1339	36.4774	115.057
			}
			{VolumeView "piece9.ply"}
		}
		{bone "piece10"
			{Matrix34
				0	1	0
				0	0	1
				1	0	0
				-54.1339	52.4584	85.6299
			}
			{VolumeView "piece10.ply"}
		}
		{bone "piece14"
			{Position 13.1507	-25.4405	59.0551}
			{VolumeView "piece14.ply"}
		}
		{bone "piece12"
			{Matrix34
				0.27587	0.102414	-0.955723
				-0.34803	0.937483	0
				0.895975	0.332621	0.294267
				-11.0188	8.0687	33.6414
			}
			{VolumeView "piece12.ply"}
		}
		{bone "piece11"
			{Position -26.1014	21.5585	59.0551}
			{VolumeView "piece11.ply"}
		}
	}
}
{Volume "piece11"
	{Box 37.5889 54.1982 3.93701}
	{Bone "piece11"}
	{Position -5.67547	0	0}
}
{Volume "piece12"
	{Box 3.93701 17.4365 28.6862}
	{Bone "piece12"}
	{Matrix34
		-0.0104022	-0.0149048	0.999835
		0.111488	0.993637	0.0159723
		-0.993711	0.111636	-0.00867414
		-0.426627	0.00347775	-0.0676602
	}
}
{Volume "piece14"
	{Box 49.2103 40.0978 3.93701}
	{Bone "piece14"}
	{Position -4.17153	-4.41603	0}
}
{Volume "piece10"
	{Box 7.87402 20.992 27.1063}
	{Bone "piece10"}
	{Matrix34
		0	0	1
		1	0	0
		0	1	0
		0	0.096303	-1.2069e-005
	}
}
{Volume "piece9"
	{Box 7.87402 31.4451 18.3448}
	{Bone "piece9"}
	{Matrix34
		0	0	1
		1	0	0
		0	1	0
		-1.78458e-005	-0.924852	0
	}
}
{Volume "piece2"
	{Box 7.87402 19.6063 36.378}
	{Bone "piece2"}
	{Matrix34
		0	0	1
		1	0	0
		0	1	0
		0	-0.384874	0
	}
}
{Volume "piece0"
	{Box 7.87402 19.6586 25.8487}
	{Bone "piece0"}
	{Matrix34
		0	0	1
		1	0	0
		0	1	0
		0	1.21588	0
	}
}
{Volume "piece1"
	{Box 7.87402 35.3941 22.9482}
	{Bone "piece1"}
	{Matrix34
		0	0	1
		0.978183	-0.207744	0
		0.207744	0.978183	0
		1.31384	1.59468	0
	}
}
{Volume "piece3"
	{Box 7.87402 21.9685 30.6693}
	{Bone "piece3"}
	{Matrix34
		0	0	1
		1	0	0
		0	1	0
		0	0.0767374	0
	}
}
{Volume "piece4"
	{Box 7.87402 21.6535 31.5129}
	{Bone "piece4"}
	{Matrix34
		0	0	1
		1	0	0
		0	1	0
		0	0.607295	1.17359e-005
	}
}
{Volume "piece5"
	{Box 23.5433 11.811 39.1493}
	{Bone "piece5"}
	{Matrix34
		1	0	0
		0	0	-1
		0	1	0
		0	-1.26946	0
	}
}
{Volume "piece6"
	{Box 22.6251 11.811 21.2402}
	{Bone "piece6"}
	{Matrix34
		0.699011	0.715111	0
		0	0	-1
		-0.715111	0.699011	0
		-1.25311	-1.14873	0
	}
}
{Volume "piece7"
	{Box 26.163 11.811 32.6772}
	{Bone "piece7"}
	{Matrix34
		1	0	0
		0	0	-1
		0	1	0
		0	-0.812815	0
	}
}
{Volume "piece8"
	{Box 22.1206 11.811 21.3714}
	{Bone "piece8"}
	{Matrix34
		1	0	0
		0	0	-1
		0	1	0
		-1.42127	0.659678	0
	}
}
