;Exported by: sasha
;Date:        Thu Feb 28 12:00:40 2008
;File:        D:\-Project-\-3D-\africa\africabuilds\b1_v2.max
{Skeleton
	{bone "n1_af_uc1"
		{Orientation
			1	0	0
			0	-1	0
			0	0	1
		}
		{VolumeView "n1_af_uc1.ply"}
		{bone "exterior"
			{Position 17.1431	13.2461	44.0091}
			{VolumeView "exterior.ply"}
		}
		{bone "window1"
			{Matrix34
				0	-1	0
				1	0	0
				0	0	1
				23.4032	-9.84692	21.5155
			}
			{VolumeView "window1.ply"}
		}
		{bone "window1_x"
			{Matrix34
				0	-1	0
				1	0	0
				0	0	1
				23.4032	-9.84692	21.5155
			}
			{visibility 0}
			{VolumeView "window1_x.ply"}
		}
		{bone "fix01"
			{Position -1.69376	6.34558	-13.9931}
		}
	}
}
{Area "interior"
	{Obb2
		{Center 22.557 -14.0704}
		{Extent 22.041 20.8371}
		{Axis -1 0}
	}
	{Rotate}
}
{Volume "body01"
	{Polyhedron "body01.vol"}
	{Bone "n1_af_uc1"}
	{Position 22.2801	-9.68098	-5.51664}
}
{Volume "body02"
	{Box 6.57129 51.0539 39.2382}
	{Bone "n1_af_uc1"}
	{Position -2.29911	12.3652	31.4469}
}
{Volume "fire01"
	{Box 17.5032 9.35355 1.04133}
	{Bone "exterior"}
	{Matrix34
		0.970175	0	-0.242406
		0	1	0
		0.242406	0	0.970175
		-18.3416	22.8022	6.30084
	}
}
{Volume "fire02"
	{Box 17.5032 9.35355 1.04133}
	{Bone "exterior"}
	{Matrix34
		0.970175	0	-0.242406
		0	1	0
		0.242406	0	0.970175
		-16.2661	11.8851	5.78024
	}
}
{Volume "fire03"
	{Box 22.7541 9.82123 1.04133}
	{Bone "exterior"}
	{Matrix34
		0.969767	-0.0281513	-0.242406
		0.0290167	0.999579	0
		0.242304	-0.00703382	0.970175
		-15.3901	1.02688	5.52716
	}
}
{Volume "fire04"
	{Box 22.7541 10.4105 1.04133}
	{Bone "exterior"}
	{Matrix34
		0.970173	0.00170089	-0.242406
		-0.00175318	0.999999	0
		0.242405	0.00042498	0.970175
		-15.39	-11.7791	5.53945
	}
}
{Volume "fire05"
	{Box 30.263 10.4105 1.04133}
	{Bone "exterior"}
	{Matrix34
		0.970173	0.00170089	-0.242406
		-0.00175318	0.999999	0
		0.242405	0.00042498	0.970175
		11.1961	-11.7791	-0.561742
	}
}
{Volume "fire06"
	{Box 54.776 10.4105 1.04133}
	{Bone "exterior"}
	{Matrix34
		0.970173	0.00170089	-0.242406
		-0.00175318	0.999999	0
		0.242405	0.00042498	0.970175
		0.432281	-22.5356	1.75967
	}
}
{Volume "fire07"
	{Box 2.67344 3.36926 62.1834}
	{Bone "n1_af_uc1"}
	{Matrix34
		1	0	0
		0	0	1
		0	-1	0
		-1.47454	13.0275	48.284
	}
}
{Volume "fire08"
	{Box 2.67344 3.36926 21.9384}
	{Bone "n1_af_uc1"}
	{Matrix34
		1	0	0
		0	0	1
		0	-1	0
		34.7531	-5.24419	39.4907
	}
}
{Volume "fire09"
	{Cylinder 1.42744 14.6475}
	{Bone "n1_af_uc1"}
	{Matrix34
		0	-1	0
		0	0	1
		-1	0	0
		-12.5834	-4.71254	47.3676
	}
}
{Volume "fire10"
	{Cylinder 1.42744 12.7433}
	{Bone "n1_af_uc1"}
	{Matrix34
		0	-1	0
		0.672114	0	0.740447
		-0.740447	0	0.672114
		-9.97755	-4.71254	42.0783
	}
}
{Volume "hole1"
	{Box 10.5315 14.7638 16.4066}
	{Bone "n1_af_uc1"}
	{Position 23.4032	-9.84692	21.5155}
}
{Volume "roof01"
	{Box 34.7394 12.8352 3.70682}
	{Bone "exterior"}
	{Matrix34
		0.973511	0	-0.228639
		0	1	0
		0.228639	0	0.973511
		11.1098	-13.6813	-3.33657
	}
}
{Volume "roof02"
	{Box 14.1597 42.7842 3.70682}
	{Bone "exterior"}
	{Matrix34
		0.973511	0	-0.228639
		0	1	0
		0.228639	0	0.973511
		-11.0007	1.19893	1.82746
	}
}
{Volume "window1"
	{Box 10.5315 1.9685 16.4066}
	{Bone "window1"}
	{Matrix34
		0	1	0
		-1	0	0
		0	0	1
		0	0	0
	}
}
