;Exported by: sergienko
;Date:        Fri Nov 25 16:51:58 2005
;File:        D:\-projets1_5\3dwork\anima\construction\hangar\hangar_x.max
{Skeleton
	{bone "air_force_kaserne_c5"
		{Orientation
			1	0	0
			0	-1	0
			0	0	1
		}
		{bone "piece5"
			{Matrix34
				0	-1	0
				0.173648	0	0.984808
				-0.984808	0	0.173648
				-42.0593	5.76304	15.9503
			}
			{VolumeView "piece5.ply"}
		}
		{bone "piece4"
			{Matrix34
				0	-1	0
				0.5	0	0.866025
				-0.866025	0	0.5
				-34.2849	-10.6469	30.2115
			}
			{VolumeView "piece4.ply"}
		}
		{bone "piece3"
			{Matrix34
				0.368688	0.819153	0.439383
				-0.526542	0.573575	-0.627508
				-0.766044	0	0.642788
				-25.941	15.0363	52.9185
			}
			{VolumeView "piece3.ply"}
		}
		{bone "piece2"
			{Matrix34
				0	-1	0
				0.766044	0	0.642788
				-0.642788	0	0.766044
				-5.392	-1.50327	67.1028
			}
			{VolumeView "piece2.ply"}
		}
		{bone "piece1"
			{Matrix34
				0	-1	0
				0.906308	0	0.422618
				-0.422618	0	0.906308
				16.3053	8.43454	83.3767
			}
			{VolumeView "piece1.ply"}
		}
		{bone "exterior"
			{Matrix34
				-1	0	0
				0	-1	0
				0	0	1
				33.7633	1.4603	0
			}
		}
	}
}
{Volume "piece1"
	{Box 33.9599 29.4492 3.22182}
	{Bone "piece1"}
	{Position 0	0	0}
}
{Volume "piece2"
	{Box 33.9599 25.6921 5.74663}
	{Bone "piece2"}
	{Position 0	-0.979598	0.847628}
}
{Volume "piece3"
	{Box 29.2716 27.1301 1.68001}
	{Bone "piece3"}
	{Position 0.283303	-0.404613	0.251348}
}
{Volume "piece4"
	{Box 31.7777 32.9248 5.09134}
	{Bone "piece4"}
	{Position 0	0	0}
}
{Volume "piece5"
	{Box 31.692 28.3124 1.4411}
	{Bone "piece5"}
	{Position 0	0.181932	-0.624513}
}
