;Exported by: kenny
;Date:        Tue Jul 01 09:39:27 2008
;File:        D:\Obmen\DAN\town_wall_x.max
{Skeleton
	{bone "town_wall02_part4_x"
		{Orientation
			1	0	0
			0	-1	0
			0	0	1
		}
		{bone "piece01"
			{Position -25.2301	-7.42899	8.76173}
			{VolumeView "piece01.ply"}
		}
		{bone "piece02"
			{Position -7.77271	-7.42908	4.67044}
			{VolumeView "piece02.ply"}
			{bone "sub_piece02"
				{Position 20.4274	9.34091	8.09925}
				{VolumeView "sub_piece02.ply"}
			}
		}
		{bone "piece03"
			{Position 9.31244	-7.42908	22.4409}
			{VolumeView "piece03.ply"}
		}
	}
}
{Volume "piece01"
	{Box 12.126 12.2835 11.0972}
	{Bone "piece01"}
	{Position 0	-3.05176e-005	0.651255}
}
{Volume "piece02"
	{Box 16.356 7.87402 14.3412}
	{Bone "piece02"}
	{Matrix34
		0.819152	0	0.573576
		0	1	0
		-0.573576	0	0.819152
		-0.92685	0	-0.657391
	}
}
{Volume "piece03"
	{Box 12.3634 7.87402 11.1864}
	{Bone "piece03"}
	{Matrix34
		0.819152	0	0.573576
		0	1	0
		-0.573576	0	0.819152
		1.58014	0	-2.25665
	}
}
{Volume "sub_piece02"
	{Box 14.8758 9.29468 8.2458}
	{Bone "sub_piece02"}
	{Matrix34
		0.766045	0	0.642788
		0	1	0
		-0.642788	0	0.766045
		-0.945097	-0.995148	1.84701
	}
}
