;Exported by: sasha
;Date:        Tue Feb 12 16:13:11 2008
;File:        D:\-Project-\-3DWork-\Crete\Crete_m9_v2cut5.max
{Skeleton
	{bone "606a_roof"
		{Orientation
			1	0	0
			0	-1	0
			0	0	1
		}
		{VolumeView "606a_roof.ply"}
		{bone "exterior"
			{Position 2.97962	7.35583	78.6912}
			{VolumeView "exterior.ply"}
		}
		{bone "fix03"
			{Position -45.1727	-18.2786	63.3526}
		}
		{bone "fix02"
			{Position 23.5046	44.7473	63.3526}
		}
		{bone "fix01"
			{Position 46.5511	11.7317	63.3526}
		}
	}
}
{Area "interior"
	{Obb2
		{Center 2.05361 -2.10168}
		{Extent 31.7828 33.0854}
		{Axis -1 0}
	}
	{Rotate}
}
{Volume "roof01"
	{Polyhedron "roof01.vol"}
	{Bone "exterior"}
	{Matrix34
		0.944632	0	0.328132
		-0.328132	0	0.944632
		0	-1	0
		-16.1812	-6.93945	4.35439
	}
}
{Volume "roof02"
	{Polyhedron "roof02.vol"}
	{Bone "exterior"}
	{Matrix34
		0	-0.940194	0.340639
		0	0.340639	0.940194
		-1	0	0
		32.4258	10.8616	2.42212
	}
}
{Volume "roof03"
	{Polyhedron "roof03.vol"}
	{Bone "exterior"}
	{Matrix34
		0.944312	0	-0.329053
		0.329053	0	0.944312
		0	-1	0
		14.2782	-6.93945	2.67157
	}
}
