;Exported by: sasha
;Date:        Thu Jan 10 09:30:31 2008
;File:        D:\-Project-\-3DWork-\DOT_Afrik\Dot_desert_2_V1_X_V1.max
{Skeleton
	{bone "basis_x"
		{parameters "Land;Ground;"}
		{Orientation
			1	0	0
			0	-1	0
			0	0	1
		}
		{VolumeView "basis_x.ply" {Ground}}
		{bone "fx_sand2"
			{Position 11.4596	25.763	23.6699}
		}
		{bone "fx_sand2a"
			{Position 11.4596	-26.8466	23.6699}
		}
		{bone "fx_stone1"
			{Position 11.4596	-0.467816	23.4585}
		}
		{bone "fx_wood2"
			{Position 7.1553	-6.74905	23.8671}
		}
		{bone "piece00"
			{Matrix34
				0.786659	0	0.617387
				0	1	0
				-0.617387	0	0.786659
				-9.54137	31.3951	27.0779
			}
			{VolumeView "piece00.ply"}
		}
		{bone "piece01"
			{Matrix34
				0.674548	0	-0.738231
				0	1	0
				0.738231	0	0.674548
				24.7491	30.2021	23.7641
			}
			{VolumeView "piece01.ply"}
		}
		{bone "piece02"
			{Matrix34
				0.810135	0	-0.586243
				0	1	0
				0.586243	0	0.810135
				17.2984	3.28109	38.5168
			}
			{VolumeView "piece02.ply"}
		}
		{bone "piece03"
			{Matrix34
				0.52805	-0.617151	-0.583342
				0.804298	0.143013	0.57676
				-0.272523	-0.773739	0.571892
				26.961	-19.4711	32.4633
			}
			{VolumeView "piece03.ply"}
			{bone "sub_piece03"
				{Position 8.24844	3.82607	0}
				{VolumeView "sub_piece03.ply"}
			}
		}
		{bone "part"
			{Position 0	0	0}
			{VolumeView "part.ply"}
		}
		{bone "piece04"
			{Matrix34
				0.363155	0.85681	0.366055
				-0.603442	0.515633	-0.60826
				-0.709913	0	0.704289
				38.9965	12.5221	20.2424
			}
			{VolumeView "piece04.ply"}
		}
		{bone "piece05"
			{Matrix34
				0.370423	-0.877196	-0.305473
				0.676758	0.480133	-0.558096
				0.636227	0	0.771502
				35.0703	-8.63553	15.6162
			}
			{VolumeView "piece05.ply"}
		}
		{bone "piece06"
			{Matrix34
				0.918278	0	0.395936
				0	1	0
				-0.395936	0	0.918278
				-12.7574	0.0826683	24.4024
			}
			{VolumeView "piece06.ply"}
		}
		{bone "piece07"
			{Matrix34
				0.740005	0.475872	-0.475329
				-0.475014	0.870087	0.131568
				0.476188	0.128427	0.869915
				-5.26248	21.2508	20.4438
			}
			{VolumeView "piece07.ply"}
		}
		{bone "piece08"
			{Matrix34
				0.376895	-0.776392	-0.505139
				0.926256	0.315915	0.205542
				0	-0.545356	0.838205
				28.71	-21.4519	20.5815
			}
			{VolumeView "piece08.ply"}
		}
		{bone "piece09"
			{Matrix34
				0.786633	0.314977	-0.531036
				-0.37172	0.928345	0
				0.492984	0.197397	0.847349
				20.9572	21.6048	20.063
			}
			{VolumeView "piece09.ply"}
		}
		{bone "piece10"
			{Matrix34
				0.93202	-0.353468	-0.0799981
				0.362326	0.904147	0.22636
				-0.00768082	-0.239957	0.970753
				23.331	-2.21669	20.9968
			}
			{VolumeView "piece10.ply"}
		}
		{bone "piece11"
			{Matrix34
				0.392222	0.75754	0.521819
				-0.88803	0.459785	0
				-0.239924	-0.463391	0.853056
				-1.82312	-21.9813	20.8543
			}
			{VolumeView "piece11.ply"}
		}
	}
}
{Area "cut"
	{Polygon2
		{Radius 0}
		{Vertex -8.33552 -23.051}
		{Vertex 39.7204 -23.0509}
		{Vertex 39.7204 23.0335}
		{Vertex -8.33554 23.0335}
		{Vertex -20.6556 13.9951}
		{Vertex -20.6652 -15.0907}
	}
	{Rotate}
}
{Volume "piece00"
	{Box 12.7973 14.0988 3.93701}
	{Bone "piece00"}
	{Position 0	0	0}
}
{Volume "piece01"
	{Box 11.9297 8.24235 3.93701}
	{Bone "piece01"}
	{Position 0	0	0}
}
{Volume "piece02"
	{Box 11.3497 9.35583 3.93701}
	{Bone "piece02"}
	{Position 0	0	0}
}
{Volume "piece03"
	{Box 13.4969 12.1166 3.93701}
	{Bone "piece03"}
	{Position 0	0	0}
}
{Volume "piece04"
	{Cylinder 1.23122 14.6895}
	{Bone "piece04"}
	{Orientation
		1	0	0
		0	0	-1
		0	1	0
	}
}
{Volume "piece05"
	{Cylinder 1.34459 12.7315}
	{Bone "piece05"}
	{Matrix34
		1	0	0
		0	0	-1
		0	1	0
		0	0	0
	}
}
{Volume "piece06"
	{Cylinder 1.51589 33.085}
	{Bone "piece06"}
	{Matrix34
		0	0	1
		0	1	0
		-1	0	0
		0	0	0
	}
}
{Volume "piece07"
	{Cylinder 1.3768 21.5011}
	{Bone "piece07"}
	{Matrix34
		0	0	1
		0	1	0
		-1	0	0
		0	0	0
	}
}
{Volume "piece08"
	{Cylinder 1.22529 27.9268}
	{Bone "piece08"}
	{Matrix34
		0	0	1
		0	1	0
		-1	0	0
		0	0	0
	}
}
{Volume "piece09"
	{Cylinder 1.16546 23.3057}
	{Bone "piece09"}
	{Matrix34
		0	0	1
		0	1	0
		-1	0	0
		0	0	0
	}
}
{Volume "piece10"
	{Cylinder 1.68018 28.4581}
	{Bone "piece10"}
	{Matrix34
		-0.0528454	-0.0210892	0.99838
		-0.0146133	0.999686	0.0203434
		-0.998496	-0.0135145	-0.053137
		0	0	0
	}
}
{Volume "piece11"
	{Cylinder 1.4571 22.3179}
	{Bone "piece11"}
	{Matrix34
		0	0	1
		0	1	0
		-1	0	0
		0	0	0
	}
}
{Volume "sub_piece03"
	{Box 8.2822 10.1994 3.93701}
	{Bone "sub_piece03"}
	{Position 0	0	0}
}
