;Exported by: kolesnikov
;Date:        Tue Dec 06 19:03:08 2005
;File:        D:\-Project-\-3DWork-\post_bags.max
{Skeleton
	{bone "post-bag2_x"
		{Orientation
			1	0	0
			0	-1	0
			0	0	1
		}
		{bone "piece1"
			{Matrix34
				0.984808	0	0.173648
				-0.0449434	0.965926	0.254887
				-0.167731	-0.258819	0.951251
				-1.28943	0.160702	1.89014
			}
			{VolumeView "piece1.ply"}
		}
		{bone "piece2"
			{Matrix34
				0.984808	0	0.173648
				-0.0449434	0.965926	0.254887
				-0.167731	-0.258819	0.951251
				-1.63475	-0.37215	3.84856
			}
			{VolumeView "piece2.ply"}
		}
		{bone "piece3"
			{Matrix34
				0.984808	-0.0449435	0.167731
				0.0449435	0.998982	0.00379807
				-0.167731	0.00379807	0.985825
				-1.28959	0.116131	5.72486
			}
			{VolumeView "piece3.ply"}
		}
		{bone "piece4"
			{Matrix34
				0.984808	-0.0449435	0.167731
				0.0449435	0.998982	0.00379807
				-0.167731	0.00379807	0.985825
				-1.63491	0.123951	7.75446
			}
			{VolumeView "piece4.ply"}
		}
		{bone "piece6"
			{Matrix34
				0.984808	0	0.173648
				0.0449434	0.965926	-0.254887
				-0.167731	0.258819	0.951251
				-1.63491	0.565739	11.368
			}
			{VolumeView "piece6.ply"}
		}
		{bone "piece5"
			{Matrix34
				0.984808	0	0.173648
				0.0449434	0.965926	-0.254887
				-0.167731	0.258819	0.951251
				-1.28959	0.0328865	9.40962
			}
			{VolumeView "piece5.ply"}
		}
		{bone "piece12"
			{Matrix34
				0.984808	0	-0.173648
				0.0449434	0.965926	0.254887
				0.167731	-0.258819	0.951251
				1.25726	0.510593	1.73139
			}
			{VolumeView "piece12.ply"}
		}
		{bone "piece10"
			{Matrix34
				0.984808	0	-0.173648
				0.0449434	0.965926	0.254887
				0.167731	-0.258819	0.951251
				1.60258	-0.0222549	3.68981
			}
			{VolumeView "piece10.ply"}
		}
		{bone "piece8"
			{Matrix34
				0.984808	0.0449435	-0.167731
				-0.0449435	0.998982	0.00379809
				0.167731	0.00379802	0.985825
				1.25742	-0.180754	5.48097
			}
			{VolumeView "piece8.ply"}
		}
		{bone "piece7"
			{Matrix34
				0.984808	0.0449435	-0.167731
				-0.0449435	0.998982	0.00379809
				0.167731	0.00379802	0.985825
				1.60274	-0.172935	7.51056
			}
			{VolumeView "piece7.ply"}
		}
		{bone "piece9"
			{Matrix34
				0.984808	0	-0.173648
				-0.0449435	0.965926	-0.254887
				0.167731	0.258819	0.951251
				1.25742	-0.317005	9.25087
			}
			{VolumeView "piece9.ply"}
		}
		{bone "piece11"
			{Matrix34
				0.984808	0	-0.173648
				-0.0449435	0.965926	-0.254887
				0.167731	0.258819	0.951251
				1.60274	0.215845	11.2093
			}
			{VolumeView "piece11.ply"}
		}
	}
}
{Volume "body29"
	{Box 3.4717 6.25383 1.9685}
	{Bone "piece5"}
	{Matrix34
		-1	0	0
		0	-1	0
		0	0	1
		-0.193587	0.266878	-0.0658949
	}
}
{Volume "body30"
	{Box 3.4717 6.25383 1.9685}
	{Bone "piece9"}
	{Matrix34
		-1	0	0
		0	-1	0
		0	0	1
		0.165191	0.26688	-0.0658152
	}
}
{Volume "body31"
	{Box 3.4717 6.25383 1.9685}
	{Bone "piece12"}
	{Matrix34
		-1	0	0
		0	-1	0
		0	0	1
		0.165191	-0.259747	-0.0658159
	}
}
{Volume "body32"
	{Box 3.4717 6.25383 1.9685}
	{Bone "piece1"}
	{Matrix34
		-1	0	0
		0	-1	0
		0	0	1
		-0.193588	-0.259749	-0.0658941
	}
}
{Volume "body33"
	{Box 3.4717 6.25383 1.9685}
	{Bone "piece11"}
	{Matrix34
		-1	0	0
		0	-1	0
		0	0	1
		0.165191	0.266878	-0.0658159
	}
}
{Volume "body34"
	{Box 3.4717 6.25383 1.9685}
	{Bone "piece10"}
	{Matrix34
		-1	0	0
		0	-1	0
		0	0	1
		0.165191	-0.259748	-0.0658156
	}
}
{Volume "body35"
	{Box 3.4717 6.25383 1.9685}
	{Bone "piece2"}
	{Matrix34
		-1	0	0
		0	-1	0
		0	0	1
		-0.193587	-0.25975	-0.0658939
	}
}
{Volume "body36"
	{Box 3.4717 6.25383 1.9685}
	{Bone "piece6"}
	{Matrix34
		-1	0	0
		0	-1	0
		0	0	1
		-0.193587	0.266878	-0.0658945
	}
}
{Volume "body37"
	{Box 3.4717 6.25383 1.9685}
	{Bone "piece8"}
	{Matrix34
		-1	0	0
		0	-1	0
		0	0	1
		0.159078	-0.000357855	-0.101533
	}
}
{Volume "body38"
	{Box 3.4717 6.25383 1.9685}
	{Bone "piece7"}
	{Matrix34
		-1	0	0
		0	-1	0
		0	0	1
		0.159078	-0.000357911	-0.101533
	}
}
{Volume "body39"
	{Box 3.4717 6.25383 1.9685}
	{Bone "piece4"}
	{Matrix34
		-1	0	0
		0	-1	0
		0	0	1
		-0.187475	-0.000359825	-0.101611
	}
}
{Volume "body40"
	{Box 3.4717 6.25383 1.9685}
	{Bone "piece3"}
	{Matrix34
		-1	0	0
		0	-1	0
		0	0	1
		-0.187475	-0.000359404	-0.101611
	}
}
