;Exported by: kenny
;Date:        Thu May 15 11:35:32 2008
;File:        D:\-Project-\-3D-\africa\africabuilds\algere_storage_new.max
{Skeleton
	{bone "t_build1a_f2_w6"
		{Orientation
			1	0	0
			0	-1	0
			0	0	1
		}
		{VolumeView "t_build1a_f2_w6.ply"}
		{bone "exterior"
			{Position 9.23779	0.340714	32.4311}
			{VolumeView "exterior.ply"}
		}
		{bone "fix29"
			{Matrix34
				0	1	0
				-1	0	0
				0	0	1
				-35.3547	59.4516	-7.45074
			}
		}
		{bone "fix30"
			{Matrix34
				0	1	0
				-1	0	0
				0	0	1
				-34.885	-50.5752	-14.8567
			}
		}
		{bone "fix28"
			{Matrix34
				0	1	0
				-1	0	0
				0	0	1
				-36.0135	29.6492	-62.963
			}
		}
	}
}
{Area "interior"
	{Obb2
		{Center 9.38701 0.866196}
		{Extent 41.0028 39.3511}
		{Axis -1 0}
	}
	{Rotate}
}
{Volume "body1"
	{Polyhedron "body1.vol"}
	{Bone "t_build1a_f2_w6"}
	{Position -35.6316	7.16411	52.334}
}
{Volume "body2"
	{Box 7.78436 31.1177 63.4293}
	{Bone "t_build1a_f2_w6"}
	{Position -35.6316	-21.0592	13.1225}
}
{Volume "body_vol01"
	{Polyhedron "body_vol01.vol"}
	{Bone "t_build1a_f2_w6"}
	{Position -35.6316	32.3039	59.1873}
}
{Volume "roof1"
	{Box 91.5806 32.4969 2.38976}
	{Bone "exterior"}
	{Matrix34
		1	0	0
		0	0.972736	-0.231913
		0	0.231913	0.972736
		-7.81682	3.62529	10.5641
	}
}
{Volume "roof2"
	{Polyhedron "roof2.vol"}
	{Bone "exterior"}
	{Matrix34
		1	0	0
		0	0.996195	0.0871557
		0	-0.0871557	0.996195
		-6.04022	-27.9326	25.8867
	}
}
{Volume "roof"
	{Box 96.3003 32.4969 2.38976}
	{Bone "exterior"}
	{Matrix34
		1	0	0
		0	0.769062	-0.639174
		0	0.639174	0.769062
		-4.9523	32.7996	-3.70433
	}
}
