;Exported by: golanov
;Date:        Sat Jan 14 17:07:56 2006
;File:        D:\-Projects-\-3DWork-\Constructions\house_euro_114corner\house_euro_114ac_x.max
{Skeleton
	{bone "114ac_f2w2_x"
		{Orientation
			1	0	0
			0	-1	0
			0	0	1
		}
		{bone "piece0"
			{Position -10.01	19.0124	-14.3752}
			{VolumeView "piece0.ply"}
			{bone "sub_piece0"
				{Position -3.10325	4.70341	6.30258}
				{VolumeView "sub_piece0.ply"}
			}
		}
		{bone "piece1"
			{Position -29.6815	19.0124	-23.0898}
			{VolumeView "piece1.ply"}
		}
		{bone "sub_piece1"
			{Position -15.082	20.4188	-47.0182}
			{VolumeView "sub_piece1.ply"}
		}
		{bone "piece2"
			{Position 1.41519	1.5569	-16.0827}
			{VolumeView "piece2.ply"}
		}
		{bone "sub_piece2"
			{Position 1.41519	-17.2936	-39.7229}
			{VolumeView "sub_piece2.ply"}
		}
		{bone "piece3"
			{Position 9.12251	19.2026	-30.1232}
			{VolumeView "piece3.ply"}
			{bone "sub_piece3"
				{Position 2.72392	6.67587	-0.0343323}
				{VolumeView "sub_piece3.ply"}
			}
		}
		{bone "piece4"
			{Position 3.5795	8.27153	15.2036}
			{VolumeView "piece4.ply"}
		}
		{bone "sub_piece4"
			{Matrix34
				1	0	0
				0	0.793392	0.608711
				0	-0.608711	0.793392
				-10.9644	3.64791	14.6234
			}
			{VolumeView "sub_piece4.ply"}
		}
	}
}
{Volume "piece0"
	{Box 22.6378 7.87402 5.90551}
	{Bone "piece0"}
	{Position -0.0122433	0.115013	-0.0386915}
}
{Volume "piece1"
	{Box 9.84252 8.07087 11.6142}
	{Bone "piece1"}
	{Position 0.0181961	0.115051	0.0201526}
}
{Volume "piece2"
	{Box 5.90551 19.1929 9.44882}
	{Bone "piece2"}
	{Position -0.139019	-0.0708351	0.00536251}
}
{Volume "piece3"
	{Box 9.75584 8.07087 25.5206}
	{Bone "piece3"}
	{Position 0.632967	-0.0752335	-0.0107718}
}
{Volume "piece4"
	{Box 27.0596 0.19685 14.5999}
	{Bone "piece4"}
	{Matrix34
		-1	0	0
		0	-0.81347	-0.581606
		0	-0.581606	0.81347
		2.02534	0.0420182	-2.06204
	}
}
{Volume "sub_piece0"
	{Box 26.5841 0.19685 14.5999}
	{Bone "sub_piece0"}
	{Matrix34
		-1	0	0
		0	-0.81347	-0.581606
		0	-0.581606	0.81347
		-1.57681	-0.267495	-0.357288
	}
}
{Volume "sub_piece1"
	{Box 23.2282 8.07087 8.3674}
	{Bone "sub_piece1"}
	{Position 0.105295	-1.2914	-0.0905447}
}
{Volume "sub_piece2"
	{Box 5.90551 16.314 7.93701}
	{Bone "sub_piece2"}
	{Position -0.139017	1.97408	-5.57945}
}
{Volume "sub_piece3"
	{Box 8.10265 0.19685 25.5906}
	{Bone "sub_piece3"}
	{Matrix34
		0.740459	-0.672101	0
		0.672101	0.740459	0
		0	0	1
		-0.00011955	-0.00865997	0.00701733
	}
}
{Volume "sub_piece4"
	{Box 4.92126 4.92126 18.002}
	{Bone "sub_piece4"}
	{Matrix34
		1	0	0
		0	0.999051	-0.0435558
		0	0.0435558	0.999051
		-0.473125	-0.600441	-1.53366
	}
}
{Volume "sub_piece5"
	{Box 5.90551 3.24485 9.84189}
	{Bone "sub_piece2"}
	{Position -0.139017	8.51411	3.26884}
}
