;Exported by: ubrashaev
;Date:        Tue Dec 19 14:03:11 2006
;File:        D:\-Projects1_5-\-work-\3d\-entourage\wood\wood_x.max
{Skeleton
	{animation
		{sequence "crush2" {speed 0.5}}
	}
	{bone "fence_wood1"
		{Orientation
			1	0	0
			0	-1	0
			0	0	1
		}
		{VolumeView "fence_wood1.ply"}
		{bone "piece02"
			{Matrix34
				0.274372	-0.961623	0.000679523
				0.961624	0.274373	0
				-0.000186404	0.000653416	1
				-38.1032	-0.437271	1.36069
			}
			{VolumeView "piece02.ply"}
		}
		{bone "piece03"
			{Matrix34
				0.823477	0.567349	0.000679448
				-0.567349	0.823478	0
				-0.000559598	-0.000385538	1
				35.9114	-0.437271	1.41097
			}
			{VolumeView "piece03.ply"}
		}
		{bone "piece01"
			{Matrix34
				0.992918	0.113074	-0.036443
				-0.113001	0.993587	0.0040701
				0.0366695	7.68271e-005	0.999327
				-0.998104	2.36191	3.57944
			}
			{VolumeView "piece01.ply"}
		}
		{bone "piece00"
			{Matrix34
				0.956109	-0.293011	-2.9821e-005
				0.293011	0.956109	0.000199081
				-2.98209e-005	-0.000199082	1
				-1.90952	-4.01541	3.43732
			}
			{VolumeView "piece00.ply"}
		}
	}
}
