;Exported by: Butyvsky
;Date:        Tue Jul 12 11:14:03 2005
;File:        D:\-Projects-\-3D Work-\barricade_new_vik.max
{Skeleton
	{bone "barricade1_c_corner2_x"
		{Orientation
			1	0	0
			0	-1	0
			0	0	1
		}
		{bone "piece10"
			{Matrix34
				0	0	-1
				0.422618	0.906308	0
				0.906308	-0.422618	0
				-9.4816	-22.6065	8.94373
			}
			{VolumeView "piece10.ply"}
		}
		{bone "piece11"
			{Matrix34
				0	0	-1
				0.422618	0.906308	0
				0.906308	-0.422618	0
				-9.4816	-22.6065	8.94373
			}
			{VolumeView "piece11.ply"}
		}
		{bone "piece13"
			{Matrix34
				0.808216	-0.234393	0.540228
				0.331443	0.939333	-0.0883056
				-0.486756	0.250425	0.836872
				14.5897	-10.801	16.6918
			}
			{VolumeView "piece13.ply"}
		}
		{bone "fx_stone1"
			{Position -9.08641	-6.50876	3.08037}
		}
		{bone "piece8"
			{Matrix34
				-0.033798	-0.989549	0.140179
				0.976041	-0.00251561	0.217571
				-0.214944	0.144174	0.965926
				-12.9842	10.3066	7.1031
			}
			{VolumeView "piece8.ply"}
		}
		{bone "piece4"
			{Matrix34
				-0.470226	-0.881228	-0.0482123
				0.85505	-0.468426	0.222412
				-0.21858	0.0633602	0.97376
				5.27671	-8.20936	20.2242
			}
			{VolumeView "piece4.ply"}
		}
		{bone "piece9"
			{Matrix34
				0.0241292	0.990046	-0.138658
				-0.9881	0.00254258	-0.153794
				-0.15191	0.140719	0.978326
				-25.6094	10.5909	5.43243
			}
			{VolumeView "piece9.ply"}
		}
		{bone "piece1"
			{Matrix34
				0.454091	0.890782	0.0175799
				-0.86658	0.446165	-0.223552
				-0.20698	0.0862787	0.974533
				14.6146	-10.2802	3.8722
			}
			{VolumeView "piece1.ply"}
		}
		{bone "piece0"
			{Matrix34
				0.518402	0.712571	0.472759
				-0.681818	0.678097	-0.274424
				-0.516124	-0.180073	0.837371
				-2.05348	6.34311	2.17533
			}
			{VolumeView "piece0.ply"}
		}
	}
}
{Volume "piece0"
	{Cylinder 6.55756 18.9176}
	{Bone "piece0"}
	{Position 0.0197144	0.0900145	7.16198}
}
{Volume "piece1"
	{Cylinder 4.36912 13.0018}
	{Bone "piece1"}
	{Matrix34
		0.0176616	-0.974462	-0.223855
		0.0175798	-0.223552	0.974533
		-0.999689	-0.0211473	0.0131826
		-0.698821	-0.0134708	-0.0710903
	}
}
{Volume "piece9"
	{Box 8.72397 8.88095 15.0908}
	{Bone "piece9"}
	{Matrix34
		-0.999952	0.00932117	0.00302698
		-0.00910758	-0.997893	0.0642306
		0.00361925	0.0641997	0.997931
		-0.0858859	0.0869309	0.702313
	}
}
{Volume "piece4"
	{Cylinder 4.61857 12.263}
	{Bone "piece4"}
	{Matrix34
		0.0190251	-0.974586	-0.223204
		0.0129427	-0.222986	0.974736
		-0.999735	-0.0214333	0.00837159
		-0.96753	0.151136	0.154201
	}
}
{Volume "piece8"
	{Box 8.72397 8.88095 15.0908}
	{Bone "piece8"}
	{Position -1.81089e-005	0	0}
}
{Volume "piece13"
	{Cylinder 1.57029 13.2823}
	{Bone "piece13"}
	{Matrix34
		0.985209	0	0.171358
		0	1	0
		-0.171358	0	0.985209
		0	0	0
	}
}
{Volume "piece11"
	{Box 6.52232 26.5859 1.7309}
	{Bone "piece11"}
	{Position 2.90149	13.2515	2.05811}
}
{Volume "piece10"
	{Box 10.1163 21.6604 1.74513}
	{Bone "piece10"}
	{Position -7.84424	15.3083	2.051}
}
