;Exported by: sana
;Date:        Mon Apr 30 11:02:12 2007
;File:        D:\-Project-\-3DWork-\Entourage\School_Ru\School_ru_cut3a_x.max
{Skeleton
	{bone "school_ru_inn_r_2_10_x"
		{Orientation
			1	0	0
			0	-1	0
			0	0	1
		}
		{bone "piece03"
			{Position -2.28882e-005	13.7017	-9.31863}
			{VolumeView "piece03.ply"}
			{bone "sub_piece03"
				{Position 0	-10.7788	3.9108}
				{VolumeView "sub_piece03.ply"}
			}
		}
		{bone "piece01"
			{Position 0.0045166	12.4188	13.4387}
			{VolumeView "piece01.ply"}
			{bone "sub_piece01"
				{Position -0.00125122	-3.29596	-6.11964}
				{VolumeView "sub_piece01.ply"}
			}
		}
		{bone "piece02"
			{Position 0.00491333	-5.76788	6.18941}
			{VolumeView "piece02.ply"}
		}
	}
}
{Volume "piece01"
	{Box 2.9437 14.1579 11.3968}
	{Bone "piece01"}
	{Position 0	0	0.669951}
}
{Volume "piece02"
	{Box 2.9429 10.8675 10.9978}
	{Bone "piece02"}
	{Matrix34
		1	0	0
		0	0.892201	-0.451638
		0	0.451638	0.892201
		0	-0.65084	0.370619
	}
}
{Volume "piece03"
	{Box 2.95277 10.2047 13.7493}
	{Bone "piece03"}
	{Matrix34
		1	0	0
		0	0.886819	-0.462118
		0	0.462118	0.886819
		1.52588e-005	-1.13453	1.175
	}
}
{Volume "sub_piece01"
	{Box 2.9462 8.20367 12.8629}
	{Bone "sub_piece01"}
	{Matrix34
		1	0	0
		0	0.971242	0.238093
		0	-0.238093	0.971242
		0	0	0
	}
}
{Volume "sub_piece03"
	{Box 2.95277 10.9814 8.18256}
	{Bone "sub_piece03"}
	{Position 1.52588e-005	0	0}
}
