;Exported by: vic
;Date:        Wed Dec 07 17:43:44 2005
;File:        D:\-Projects-\-3DWork-\Constructions\NEW\S2\build-02-01b_vic2_x.max
{Skeleton
	{bone "302_f1c3_x"
		{Orientation
			1	0	0
			0	-1	0
			0	0	1
		}
		{bone "piece1"
			{Matrix34
				0	-1	0
				0	0	1
				-1	0	0
				-25.5787	13.1283	57.1539
			}
			{VolumeView "piece1.ply"}
		}
		{bone "piece2"
			{Matrix34
				0	-1	0
				0	0	1
				-1	0	0
				-25.5787	-14.1595	31.746
			}
			{VolumeView "piece2.ply"}
		}
		{bone "piece3"
			{Matrix34
				0	-1	0
				0	0	1
				-1	0	0
				-25.5787	10.9721	28.861
			}
			{VolumeView "piece3.ply"}
		}
		{bone "sub_piece1"
			{Matrix34
				0	-1	0
				0	0	1
				-1	0	0
				-25.5787	-13.5748	61.3126
			}
			{VolumeView "sub_piece1.ply"}
		}
		{bone "sub_piece2"
			{Matrix34
				0	-1	0
				0	0	1
				-1	0	0
				-25.5787	0.200573	10.6328
			}
			{VolumeView "sub_piece2.ply"}
		}
		{bone "sub_piece3"
			{Matrix34
				0	0	-1
				1	0	0
				0	-1	0
				-14.3956	-25.1274	44.6165
			}
			{VolumeView "sub_piece3.ply"}
		}
	}
}
{Volume "piece1"
	{Box 7.87402 18.4729 24.6955}
	{Bone "piece1"}
	{Matrix34
		0	0	-1
		-0.906308	-0.422618	0
		-0.422618	0.906308	0
		0.766573	-0.390915	0.0404892
	}
}
{Volume "piece2"
	{Box 7.87402 18.5043 27.8689}
	{Bone "piece2"}
	{Matrix34
		0	0	-1
		-0.996195	0.087156	0
		0.087156	0.996195	0
		1.14696	1.41638	0.0404998
	}
}
{Volume "piece3"
	{Box 7.87402 18.5043 19.7869}
	{Bone "piece3"}
	{Matrix34
		0	0	-1
		-0.984808	-0.173648	0
		-0.173648	0.984808	0
		0.248803	-0.141663	0.0404985
	}
}
{Volume "sub_piece1"
	{Box 7.87402 11.6379 15.0643}
	{Bone "sub_piece1"}
	{Matrix34
		0	0	-1
		-0.819152	-0.573576	0
		-0.573576	0.819152	0
		-2.0319	-0.666018	0.0404991
	}
}
{Volume "sub_piece2"
	{Box 7.87402 24.0556 11.2785}
	{Bone "sub_piece2"}
	{Matrix34
		0	0	-1
		-0.999744	0.02263	0
		0.02263	0.999744	0
		0.0218019	-0.54241	0.0404983
	}
}
{Volume "sub_piece3"
	{Box 7.87402 24.0556 11.2785}
	{Bone "sub_piece3"}
	{Matrix34
		0	0	-1
		-0.999744	0.02263	0
		0.02263	0.999744	0
		0.0217996	-0.54241	0.0405023
	}
}
