;Exported by: Administrator
;Date:        Sat Mar 21 03:18:03 2020
;File:        D:\3DMAX??\????\??\?????\???\Sturmtiger_xx.max
{Skeleton
	{bone "basis"
		{Orientation
			1	0	0
			0	-1	0
			0	0	1
		}
		{bone "body"
			{parameters "ID=body;"}
			{Matrix34
				0.999877	0	-0.0157073
				0.000356357	0.999743	0.0226845
				0.0157033	-0.0226873	0.999619
				-3.5284	0.812805	24.0678
			}
			{VolumeView "body.ply"}
			{bone "part1"
				{parameters "ID=body;"}
				{Position 58.6909	-0.812805	-7.06693}
				{VolumeView "part1.ply"}
			}
			{bone "part2"
				{parameters "ID=body;"}
				{Position 54.6846	-5.0364	4.81156}
				{VolumeView "part2.ply"}
			}
			{bone "part3"
				{parameters "ID=body;"}
				{Position -4.88798	-32.1687	6.62436}
				{VolumeView "part3.ply"}
			}
			{bone "part4"
				{parameters "ID=body;"}
				{Position -29.2353	-35.2264	7.53912}
				{VolumeView "part4.ply"}
			}
			{bone "part5"
				{parameters "ID=body;"}
				{Position -42.5957	-35.2676	7.18151}
				{VolumeView "part5.ply"}
			}
			{bone "part6"
				{parameters "ID=body;"}
				{Position -56.8701	-22.5352	6.17126}
				{VolumeView "part6.ply"}
			}
			{bone "part7"
				{parameters "ID=body;"}
				{Position -56.8209	-1.02934	6.53544}
				{VolumeView "part7.ply"}
			}
			{bone "part8"
				{parameters "ID=body;"}
				{Position -52.2539	-7.76162	-14.685}
				{VolumeView "part8.ply"}
			}
			{bone "part9"
				{parameters "ID=body;"}
				{Position -54.6949	14.8368	3.11024}
				{VolumeView "part9.ply"}
			}
			{bone "part10"
				{parameters "ID=body;"}
				{Position -58.6166	25.5704	8.57786}
				{VolumeView "part10.ply"}
			}
			{bone "shieldr1"
				{parameters "ID=shieldR1;"}
				{Position 54.5911	-28.6483	2.87755}
				{VolumeView "shieldr1.ply"}
			}
			{bone "shieldr2"
				{parameters "ID=shieldR2;"}
				{Position 35.2631	-34.6115	3.63725}
				{VolumeView "shieldr2.ply"}
			}
			{bone "shieldr3"
				{parameters "ID=shieldR3;"}
				{Position 7.60827	-34.4742	2.36221}
				{VolumeView "shieldr3.ply"}
			}
			{bone "shieldr4"
				{parameters "ID=shieldR4;"}
				{Position -16.8504	-34.4349	1.06299}
				{VolumeView "shieldr4.ply"}
			}
			{bone "shieldr5"
				{parameters "ID=shieldR5;"}
				{Position -41.2894	-34.4742	-0.157482}
				{VolumeView "shieldr5.ply"}
			}
			{bone "shieldr6"
				{parameters "ID=shieldR6;"}
				{Position -56.939	-28.5687	-4.10433}
				{VolumeView "shieldr6.ply"}
			}
			{bone "shieldl1"
				{parameters "ID=shieldL1;"}
				{Position 54.5922	26.9386	2.87794}
				{VolumeView "shieldl1.ply"}
			}
			{bone "shieldl2"
				{parameters "ID=shieldL2;"}
				{Position 35.2719	32.6589	3.45471}
				{VolumeView "shieldl2.ply"}
			}
			{bone "shieldl3"
				{parameters "ID=shieldL3;"}
				{Position 7.60827	32.8486	2.36221}
				{VolumeView "shieldl3.ply"}
			}
			{bone "shieldl4"
				{parameters "ID=shieldL4;"}
				{Position -16.8504	32.8092	1.06299}
				{VolumeView "shieldl4.ply"}
			}
			{bone "shieldl5"
				{parameters "ID=shieldL5;"}
				{Position -41.2894	32.8486	-0.157482}
				{VolumeView "shieldl5.ply"}
			}
			{bone "shieldl6"
				{parameters "ID=shieldL6;"}
				{Position -56.939	26.9529	-4.10433}
				{VolumeView "shieldl6.ply"}
			}
			{bone "light_l"
				{parameters "ID=body;"}
				{Position 56.1496	16.1178	5.37325}
				{VolumeView "light_l.ply"}
				{bone "headlightl"
					{Position 2.09072	-0.00170517	0.448601}
				}
			}
			{bone "end_light"
				{parameters "ID=body;"}
				{Position -54.6949	26.638	-0.718502}
				{VolumeView "end_light.ply"}
			}
			{bone "body_stuff"
				{parameters "ID=body;"}
				{Position 2.63779	-0.812805	-7.52953}
				{VolumeView "body_stuff.ply"}
			}
			{bone "body_inside"
				{parameters "ID=body;"}
				{Position 11.6483	-1.00273	7.58102}
				{VolumeView "body_inside.ply"}
			}
			{bone "mount"
				{parameters "ID=body;"}
				{Position -16.0719	-4.55446	16.3296}
				{VolumeView "mount.ply"}
				{bone "shooter00"
					{Matrix34
						0.984654	-0.104171	0.140021
						0.106417	0.994284	-0.00863075
						-0.138322	0.0233989	0.990111
						44.6449	-21.7898	12.4353
					}
				}
				{bone "shooter01"
					{Matrix34
						0.978064	0.154225	0.140022
						-0.154548	0.987948	-0.00863067
						-0.139665	-0.0131987	0.990111
						44.6649	29.1917	12.467
					}
				}
				{bone "shooter02"
					{Matrix34
						0.908421	-0.355468	0.220033
						0.359512	0.932862	0.0227898
						-0.213361	0.0584018	0.975226
						44.2046	-23.1494	11.2025
					}
				}
				{bone "shooter03"
					{Matrix34
						0.924381	0.311617	0.220033
						-0.324229	0.945704	0.0227897
						-0.200984	-0.0924077	0.975226
						44.2522	30.6351	11.233
					}
				}
				{bone "shooter04"
					{Matrix34
						0.673081	-0.588241	0.448258
						0.720073	0.659494	-0.215783
						-0.168691	0.468018	0.867469
						43.7014	-24.2485	9.72345
					}
				}
				{bone "shooter05"
					{Matrix34
						0.644665	0.619251	0.448258
						-0.594226	0.774812	-0.215783
						-0.480939	-0.127258	0.867469
						43.8206	31.6019	9.76421
					}
				}
				{bone "foresight2"
					{Matrix34
						0.939693	0	0.34202
						0	1	0
						-0.34202	0	0.939693
						57.912	3.74165	16.061
					}
				}
			}
			{bone "engine"
				{parameters "ID=engine;"}
				{Position -39.1831	-0.812805	11.6634}
				{bone "engine_cover"
					{parameters "ID=engine;"}
					{Position 0.0295258	0	0}
					{VolumeView "engine_cover.ply"}
				}
				{bone "engine_cover2"
					{parameters "ID=engine;"}
					{Position -18.9862	0	-8.16929}
					{VolumeView "engine_cover2.ply"}
				}
			}
			{bone revolute "wheelr1"
				{parameters "ID=trackright;"}
				{Matrix34
					-1	0	0
					0	0	1
					0	1	0
					50.6102	-27.2203	-9.63583
				}
				{VolumeView "wheelr1.ply"}
			}
			{bone revolute "wheelr10"
				{parameters "ID=trackright;Radius=0.5;"}
				{Matrix34
					-1	0	0
					0	0	1
					0	1	0
					-47.0768	-30.7931	-12.8445
				}
				{VolumeView "wheelr10.ply"}
			}
			{bone revolute "wheell1"
				{parameters "ID=trackleft;"}
				{Matrix34
					-1	0	0
					0	0	1
					0	1	0
					50.6102	25.5947	-9.63582
				}
				{VolumeView "wheell1.ply"}
			}
			{bone revolute "wheell10"
				{parameters "ID=trackleft;Radius=0.5;"}
				{Matrix34
					-1	0	0
					0	0	1
					0	1	0
					-47.0768	29.1675	-12.8445
				}
				{VolumeView "wheell10.ply"}
			}
			{bone "turret_base"
				{parameters "ID=turret;"}
				{Position 1.94963	-0.812805	23.2095}
				{VolumeView "turret_base.ply"}
				{bone revolute "turret"
					{parameters "ID=turret;"}
					{limits -20 20}
					{speed 0.006}
					{Matrix34
						0.996195	0.0871557	0
						-0.0871558	0.996195	0
						0	0	1
						33.2555	0	-5.35367
					}
					{bone revolute "gun_rot"
						{parameters "ID=gun;"}
						{limits -0 60}
						{speed 0.005}
						{Matrix34
							0.996195	0	-0.0871557
							0.0871557	0	0.996195
							0	-1	0
							0	0	0
						}
						{bone "gun"
							{parameters "ID=gun;"}
							{Matrix34
								1	0	0
								0	0	-1
								0	1	0
								8.4908	-0.089756	3.72568
							}
							{VolumeView "gun.ply"}
							{bone "shooter_shell00"
								{Position 4.0451	0.00521564	0.12429}
							}
							{bone "foresight1"
								{Position 14.2173	0.00521612	0.12429}
							}
						}
					}
				}
				{bone "part18"
					{parameters "ID=turret;"}
					{Position 5.22562	-4.93338	5.39429}
					{VolumeView "part18.ply"}
				}
				{bone "cover2"
					{parameters "ID=turret;"}
					{Matrix34
						0	1	0
						0.399199	0	-0.916864
						-0.916864	0	-0.399199
						-17.7115	-4.93831	5.87611
					}
					{VolumeView "cover2.ply"}
				}
				{bone "cover3"
					{parameters "ID=turret;"}
					{Matrix34
						0.195946	0	0.980615
						0.966209	0.170776	-0.193068
						-0.167466	0.98531	0.033463
						-23.1453	6.21267	-3.44397
					}
					{VolumeView "cover3.ply"}
				}
				{bone "part20"
					{parameters "ID=turret;"}
					{Matrix34
						0	0	1
						0	1	0
						-1	0	0
						-24.1815	-20.4425	0.341179
					}
					{VolumeView "part20.ply"}
					{bone "part19"
						{parameters "ID=turret;"}
						{Position 12.3028	-0.0313473	-28.7732}
						{VolumeView "part19.ply"}
					}
				}
				{bone "loader2"
					{parameters "ID=turret;"}
					{Position -27.5227	-23.9938	4.04139}
					{VolumeView "loader2.ply"}
				}
				{bone revolute "mgun_turret"
					{limits -20 20}
					{speed 0.01}
					{Matrix34
						0.939693	0	0.34202
						0	1	0
						-0.34202	0	0.939693
						41.1131	-19.892	-10.754
					}
					{bone revolute "mgun_rot"
						{parameters "ID=turret;"}
						{limits -20 20}
						{speed 0.01}
						{Matrix34
							1	0	0
							0	0	1
							0	-1	0
							0	1.14441e-05	0
						}
						{VolumeView "mgun_rot.ply"}
						{bone "mgun1"
							{parameters "ID=turret;"}
							{Matrix34
								1	0	0
								0	0	-1
								0	1	0
								-4.10005	-0.571495	-0.668291
							}
							{VolumeView "mgun1.ply"}
							{bone "foresight4"
								{Position 11.2329	-0.976294	0.460291}
							}
						}
					}
				}
				{bone "part13"
					{parameters "ID=turret;"}
					{Position 49.0842	3.48811	-17.5455}
					{VolumeView "part13.ply"}
				}
				{bone "part17"
					{parameters "ID=turret;"}
					{Position 9.11265	15.3098	7.09479}
					{VolumeView "part17.ply"}
				}
				{bone "visor1"
					{Position 37.5895	16.1269	-3.8316}
				}
				{bone "visor2"
					{Position 44.21	13.4625	-10.9787}
				}
				{bone "fxfire2"
					{Position -11.8611	-5.12237	1.72205}
				}
			}
			{bone "fxfire1"
				{Position -30.0984	-21.3921	6.13468}
			}
			{bone "fxsmoke2"
				{Matrix34
					-0.17365	0	0.984808
					0	1	0
					-0.984808	0	-0.17365
					-58.4234	6.64044	12.0883
				}
			}
			{bone "fxsmoke1"
				{Matrix34
					-0.17365	0	0.984808
					0	1	0
					-0.984808	0	-0.17365
					-58.4233	-8.25833	12.0883
				}
			}
			{bone "fxstop1"
				{Matrix34
					-1	0	0
					0	-1	0
					0	0	1
					-52.2816	15.8214	-12.8598
				}
			}
			{bone "driver"
				{Matrix34
					0.906308	0	0.422618
					0	1	0
					-0.422618	0	0.906308
					28.084	9.06066	-13.2714
				}
			}
			{bone "charger2"
				{Position 23.3358	-20.8924	-0.363291}
			}
			{bone "charger"
				{Position 9.27674	-7.28201	-0.363291}
			}
			{bone "gunner"
				{Position 18.8606	2.30936	-0.269556}
			}
			{bone "commander"
				{Position -8.77577	2.27692	-0.363291}
			}
		}
		{bone "wheelsr"
			{parameters "ID=trackright;"}
			{Position 1.42238	-20.2657	10.5737}
			{VolumeView "wheelsr.ply"}
			{bone "trackr"
				{parameters "ID=trackright;"}
				{Position -2.47239	-8.10848	1.34277}
				{VolumeView "trackr.ply"}
			}
			{bone revolute "wheelr2"
				{parameters "ID=trackright;"}
				{Matrix34
					-1	0	0
					0	0	1
					0	1	0
					32.372	-7.02755	-0.797243
				}
				{VolumeView "wheelr2.ply"}
			}
			{bone revolute "wheelr3"
				{parameters "ID=trackright;"}
				{Matrix34
					-1	0	0
					0	0	1
					0	1	0
					22.1358	-7.02755	-0.797239
				}
				{VolumeView "wheelr3.ply"}
			}
			{bone revolute "wheelr4"
				{parameters "ID=trackright;"}
				{Matrix34
					-1	0	0
					0	0	1
					0	1	0
					11.9193	-7.02756	-0.797241
				}
				{VolumeView "wheelr4.ply"}
			}
			{bone revolute "wheelr5"
				{parameters "ID=trackright;"}
				{Matrix34
					-1	0	0
					0	0	1
					0	1	0
					1.64371	-7.02756	-0.797241
				}
				{VolumeView "wheelr5.ply"}
			}
			{bone revolute "wheelr6"
				{parameters "ID=trackright;"}
				{Matrix34
					-1	0	0
					0	0	1
					0	1	0
					-8.53346	-7.02756	-0.797243
				}
				{VolumeView "wheelr6.ply"}
			}
			{bone revolute "wheelr7"
				{parameters "ID=trackright;"}
				{Matrix34
					-1	0	0
					0	0	1
					0	1	0
					-18.8484	-7.02756	-0.797237
				}
				{VolumeView "wheelr7.ply"}
			}
			{bone revolute "wheelr8"
				{parameters "ID=trackright;"}
				{Matrix34
					-1	0	0
					0	0	1
					0	1	0
					-28.9862	-7.02756	-0.797241
				}
				{VolumeView "wheelr8.ply"}
			}
			{bone revolute "wheelr9"
				{parameters "ID=trackright;"}
				{Matrix34
					-1	0	0
					0	0	1
					0	1	0
					-39.3405	-7.02756	-0.797239
				}
				{VolumeView "wheelr9.ply"}
			}
			{bone "fxtracer1"
				{Position 36.1942	-7.9731	6.84051}
			}
			{bone "fxtracer2"
				{Position -40.0838	-7.9731	-10.5737}
			}
		}
		{bone "wheelsl"
			{parameters "ID=trackleft;"}
			{Position -5.52644	20.2657	10.6033}
			{VolumeView "wheelsl.ply"}
			{bone "trackl"
				{parameters "ID=trackleft;"}
				{Position 4.47646	8.10958	1.31324}
				{VolumeView "trackl.ply"}
			}
			{bone revolute "wheell2"
				{parameters "ID=trackleft;"}
				{Matrix34
					-1	0	0
					0	0	1
					0	1	0
					39.3209	7.02755	-0.826763
				}
				{VolumeView "wheell2.ply"}
			}
			{bone revolute "wheell3"
				{parameters "ID=trackleft;"}
				{Matrix34
					-1	0	0
					0	0	1
					0	1	0
					29.0846	7.02756	-0.826765
				}
				{VolumeView "wheell3.ply"}
			}
			{bone revolute "wheell4"
				{parameters "ID=trackleft;"}
				{Matrix34
					-1	0	0
					0	0	1
					0	1	0
					18.8681	7.02755	-0.826765
				}
				{VolumeView "wheell4.ply"}
			}
			{bone revolute "wheell5"
				{parameters "ID=trackleft;"}
				{Matrix34
					-1	0	0
					0	0	1
					0	1	0
					8.59253	7.02756	-0.826767
				}
				{VolumeView "wheell5.ply"}
			}
			{bone revolute "wheell6"
				{parameters "ID=trackleft;"}
				{Matrix34
					-1	0	0
					0	0	1
					0	1	0
					-1.58464	7.02756	-0.826767
				}
				{VolumeView "wheell6.ply"}
			}
			{bone revolute "wheell7"
				{parameters "ID=trackleft;"}
				{Matrix34
					-1	0	0
					0	0	1
					0	1	0
					-11.8996	7.02756	-0.826767
				}
				{VolumeView "wheell7.ply"}
			}
			{bone revolute "wheell8"
				{parameters "ID=trackleft;"}
				{Matrix34
					-1	0	0
					0	0	1
					0	1	0
					-22.0374	7.02756	-0.826767
				}
				{VolumeView "wheell8.ply"}
			}
			{bone revolute "wheell9"
				{parameters "ID=trackleft;"}
				{Matrix34
					-1	0	0
					0	0	1
					0	1	0
					-32.3917	7.02756	-0.826765
				}
				{VolumeView "wheell9.ply"}
			}
			{bone "fxtracel1"
				{Position 43.143	7.98228	6.81098}
			}
			{bone "fxtracel2"
				{Position -33.135	7.98228	-10.6033}
			}
		}
		{bone "emit1"
			{Position -80.6795	0	0}
		}
	}
}
