;Exported by: sana
;Date:        Tue Feb 28 19:53:32 2006
;File:        D:\-Project-\-3DWork-\Entourage\e-house3a\e_farm112_new_x.max
{Skeleton
	{bone "farm_corn8"
		{Orientation
			1	0	0
			0	-1	0
			0	0	1
		}
		{bone "exterior"
			{Position 0	-6.16144	135}
		}
		{bone "piece0"
			{Position 27.5786	2.75531	121.324}
			{VolumeView "piece0.ply"}
		}
		{bone "piece1"
			{Position 3.40137	-6.64319	155.997}
			{VolumeView "piece1.ply"}
		}
		{bone "piece2"
			{Position 18.127	14.8306	139.859}
			{VolumeView "piece2.ply"}
		}
		{bone "piece3"
			{Position 4.9939	-23.3411	139.841}
			{VolumeView "piece3.ply"}
		}
		{bone "piece4"
			{Position -14.7145	-23.2919	135}
			{VolumeView "piece4.ply"}
		}
		{bone "piece5"
			{Position -9.76074	14.8306	142.117}
			{VolumeView "piece5.ply"}
		}
		{bone "piece6"
			{Position -11.3234	24.5873	124.463}
			{VolumeView "piece6.ply"}
			{bone "sub_piece6"
				{Position 4.10999	0	-12.741}
				{VolumeView "sub_piece6.ply"}
			}
		}
		{bone "piece7"
			{Position 4.89893	24.5873	112.983}
			{VolumeView "piece7.ply"}
		}
		{bone "piece8"
			{Position 21.7434	24.5873	123.156}
			{VolumeView "piece8.ply"}
			{bone "sub_piece8"
				{Position -6.91229	0	4.4463}
				{VolumeView "sub_piece8.ply"}
			}
		}
		{bone "piece9"
			{Position 2.78125	40.1854	166.221}
			{VolumeView "piece9.ply"}
			{bone "sub_piece9"
				{Position -2.11359	0	-12.7345}
				{VolumeView "sub_piece9.ply"}
			}
		}
		{bone "piece10"
			{Position 5.31763	40.1854	134.992}
			{VolumeView "piece10.ply"}
			{bone "sub_piece10"
				{Position 2.15076	0	-11.3692}
				{VolumeView "sub_piece10.ply"}
			}
		}
	}
}
{Volume "piece0"
	{Box 3.40958 63.1254 2.95276}
	{Bone "piece0"}
}
{Volume "piece10"
	{Box 10.4814 8 15.795}
	{Bone "piece10"}
	{Position 1.04602	0	0.162869}
}
{Volume "piece1"
	{Box 3.40955 81.9225 2.95277}
	{Bone "piece1"}
	{Position 0	0	0}
}
{Volume "piece2"
	{Box 3.35198 34.3596 44.1643}
	{Bone "piece2"}
	{Matrix34
		0.819152	0	0.573576
		0	1	0
		-0.573576	0	0.819152
		-2.95327	0	3.06747
	}
}
{Volume "piece3"
	{Box 44.5769 33.8013 3.32161}
	{Bone "piece3"}
	{Matrix34
		0.573576	0	-0.819152
		0	1	0
		0.819152	0	0.573576
		10.2676	4.4498	2.97072
	}
}
{Volume "piece4"
	{Box 3.63161 36.9431 58.7327}
	{Bone "piece4"}
	{Matrix34
		0.819152	0	-0.573576
		0	1	0
		0.573576	0	0.819152
		2.35932	3.10876	1.8655
	}
}
{Volume "piece5"
	{Box 3.79996 34.3596 47.9198}
	{Bone "piece5"}
	{Matrix34
		0.819152	0	-0.573576
		0	1	0
		0.573576	0	0.819152
		0.363567	0	-0.623672
	}
}
{Volume "piece6"
	{Box 10.0523 8 15.0307}
	{Bone "piece6"}
	{Matrix34
		0.906308	0	0.422618
		0	1	0
		-0.422618	0	0.906308
		1.07516	0	-0.393191
	}
}
{Volume "piece7"
	{Box 11.0964 8 13.8864}
	{Bone "piece7"}
	{Matrix34
		0.573576	0	-0.819152
		0	1	0
		0.819152	0	0.573576
		-1.3885	0	0.782711
	}
}
{Volume "piece8"
	{Box 12.5288 8 10.5747}
	{Bone "piece8"}
	{Matrix34
		0.965926	0	0.258819
		0	1	0
		-0.258819	0	0.965926
		-0.59161	0	-0.027391
	}
}
{Volume "piece9"
	{Box 11.0457 8 13.6117}
	{Bone "piece9"}
	{Position -1.94263	0	-0.830581}
}
{Volume "sub_piece10"
	{Box 7.77164 8 7.54747}
	{Bone "sub_piece10"}
}
{Volume "sub_piece6"
	{Box 7.16937 8 10.1555}
	{Bone "sub_piece6"}
	{Matrix34
		0.939693	0	0.34202
		0	1	0
		-0.34202	0	0.939693
		0.19916	0	0.532985
	}
}
{Volume "sub_piece8"
	{Box 5.84443 8 8.6624}
	{Bone "sub_piece8"}
	{Matrix34
		0.766044	0	-0.642788
		0	1	0
		0.642788	0	0.766044
		-0.173483	0	0.309592
	}
}
{Volume "sub_piece9"
	{Box 9.93399 8 10.4624}
	{Bone "sub_piece9"}
}
