;Exported by: sk
;Date:        Thu Jun 08 11:13:43 2006
;File:        D:\-Projects1_5-\-3DWork-\-Model-\Americos\Planer\CG-4A\CG-4A_new_X.max
{Skeleton
	{bone "basis"
		{Orientation
			1	0	0
			0	-1	0
			0	0	1
		}
		{bone "body"
			{parameters "ID=body;"}
			{Position -72.3728	-0.53867	14.3134}
			{VolumeView "body.ply"}
			{bone "body_back"
				{parameters "ID=body_back;"}
				{Matrix34
					1	0	0
					0	-1	0
					0	0	1
					-103.282	-0.073112	10.6841
				}
				{VolumeView "body_back.ply"}
				{bone revolute "rudder"
					{parameters "ID=rudder;"}
					{limits -30 30}
					{speed 0.1}
					{Matrix34
						1	0	0
						0	-1	0
						0	0	1
						-16.2494	0.0314924	10.4223
					}
					{VolumeView "rudder.ply"}
				}
				{bone "part2"
					{parameters "ID=Part2;"}
					{Position 0	42.574	-19.3514}
					{VolumeView "part2.ply"}
				}
				{bone "part1"
					{parameters "ID=part1;"}
					{Position 0	-48.6345	-19.3559}
					{VolumeView "part1.ply"}
				}
				{bone revolute "elevator1"
					{parameters "ID=elevator1;"}
					{Matrix34
						1	0	0
						0	0	1
						0	1	0
						-7.59772	-34.7386	-19.3509
					}
					{VolumeView "elevator1.ply"}
				}
				{bone revolute "elevator2"
					{parameters "ID=elevator2;"}
					{Matrix34
						1	0	0
						0	0	1
						0	-1	0
						-7.59771	34.528	-19.3509
					}
					{VolumeView "elevator2.ply"}
				}
			}
			{bone "cabine"
				{parameters "ID=cabine;"}
				{Matrix34
					1	0	0
					0	0	1
					0	-1	0
					127.146	-0.0731043	-3.8676
				}
				{VolumeView "cabine.ply"}
				{bone "glass"
					{parameters "ID=cabine;"}
					{Position 0	-5.1403	0}
					{VolumeView "glass.ply"}
				}
			}
			{bone "door_pilot"
				{parameters "ID=body;"}
				{Position 51.0312	19.3043	-22.7536}
				{VolumeView "door_pilot.ply"}
			}
			{bone "pivot_back"
				{Position -133.714	0.404104	-48.6206}
				{bone "wheel_back"
					{parameters "Radius=0.15;Support;"}
					{Matrix34
						-1	0	0
						0	0	1
						0	1	0
						-3.09656	-0.552222	25.7557
					}
					{VolumeView "wheel_back.ply"}
				}
			}
			{bone "pivot_front"
				{Position 83.276	0.404104	-48.6206}
				{bone "wingl1"
					{parameters "ID=wingleft;"}
					{Position -16.4611	77.4303	44.514}
					{VolumeView "wingl1.ply"}
					{bone revolute "flap1"
						{parameters "ID=wingleft;"}
						{Matrix34
							1	0	0
							0	0	1
							0	-1	0
							-22.3025	0.14831	0.836485
						}
						{VolumeView "flap1.ply"}
					}
					{bone "wingl2"
						{parameters "ID=wingL2;"}
						{Position 0.0515559	95.19	4.76532}
						{VolumeView "wingl2.ply"}
						{bone revolute "aileron1"
							{parameters "ID=wingL2;"}
							{Matrix34
								1	0	0
								0	0	1
								0	-1	0
								-19.6205	3.14483	0.444643
							}
							{VolumeView "aileron1.ply"}
						}
						{bone "wingl3"
							{parameters "ID=wingL3;"}
							{Position 0	42.1655	2.07632}
							{VolumeView "wingl3.ply"}
						}
						{bone "enumerator1"
							{Matrix34
								0.00400749	0.998322	0.0577743
								-0.0495724	-0.0575054	0.997114
								0.998762	-0.00685994	0.0492587
								-6.43768	0.396685	3.27696
							}
							{VolumeView "enumerator1.ply"}
						}
					}
				}
				{bone "wingr1"
					{parameters "ID=wingright;"}
					{Matrix34
						1	0	0
						0	-1	0
						0	0	1
						-10.7189	-90.2242	45.0204
					}
					{VolumeView "wingr1.ply"}
					{bone revolute "flap2"
						{parameters "ID=wingright;"}
						{Matrix34
							1	0	0
							0	0	1
							0	-1	0
							-28.0447	-11.6721	0.330093
						}
						{VolumeView "flap2.ply"}
					}
					{bone "wingr2"
						{parameters "ID=wingR2;"}
						{Position 1.36994	70.0243	3.64838}
						{VolumeView "wingr2.ply"}
						{bone revolute "aileron2"
							{parameters "ID=wingR2;"}
							{Matrix34
								1	0	0
								0	0	1
								0	-1	0
								-26.6811	16.4902	1.05523
							}
							{VolumeView "aileron2.ply"}
						}
						{bone "wingr3"
							{parameters "ID=wingR3;"}
							{Position -7.06065	56.9968	2.68076}
							{VolumeView "wingr3.ply"}
						}
						{bone "enumerator2"
							{Matrix34
								0.00638574	-0.999745	-0.0216381
								-0.0594794	-0.02198	0.997988
								0.998209	0.00508587	0.0596046
								5.9337	11.6942	3.7829
							}
							{VolumeView "enumerator2.ply"}
						}
					}
				}
				{bone "retract_wheellr"
					{parameters "ID=retract_wheellr;"}
					{Matrix34
						0.984808	-0.173648	0
						-0.173648	-0.984808	0
						0	0	1
						-4.2066	-25.5156	-2.87856
					}
					{VolumeView "retract_wheellr.ply"}
					{bone revolute "wheelr"
						{parameters "ID=retract_wheellr;Support;Radius=0.35;"}
						{Matrix34
							-0.984808	0.173649	0
							0	0	1
							0.173649	0.984808	0
							2.10059	6.53439	7.84385
						}
						{VolumeView "wheelr.ply"}
					}
				}
				{bone "retract_wheelll"
					{parameters "ID=retract_wheelll;"}
					{Position -4.20663	24.7074	-2.90165}
					{VolumeView "retract_wheelll.ply"}
					{bone revolute "wheell"
						{parameters "ID=retract_wheelll;Support;Radius=0.35;"}
						{Matrix34
							-1	0	0
							0	0	1
							0	1	0
							0.934006	6.79987	7.8669
						}
						{VolumeView "wheell.ply"}
					}
				}
			}
			{bone "door_pilot1"
				{parameters "ID=body;"}
				{Position 51.0312	-18.2897	-22.7536}
				{VolumeView "door_pilot1.ply"}
			}
			{bone "enumerator3"
				{Matrix34
					-0.997618	-0.0685509	0.00765698
					0.0687097	-0.997374	0.0228761
					0.0060687	0.0233477	0.999709
					-103.143	-1.70161	4.18664
				}
				{VolumeView "enumerator3.ply"}
			}
			{bone "enumerator4"
				{Matrix34
					0.999797	-0.0186588	0.00765698
					0.0184793	0.999568	0.0228761
					-0.00808051	-0.0227299	0.999709
					-108.046	1.74079	4.18664
				}
				{VolumeView "enumerator4.ply"}
			}
		}
	}
}
