;Exported by: Ekaterina
;Date:        Thu Aug 21 12:15:39 2008
;File:        D:\-Project-\-3DWork-\Constructions\castle_strong01\castle_strong01.max
{Skeleton
	{bone "w01"
		{Orientation
			1	0	0
			0	-1	0
			0	0	1
		}
		{bone "window0"
			{Matrix34
				0	-1	0
				0	0	-1
				1	0	0
				0	134.598	196.85
			}
			{VolumeView "window0.ply"}
		}
		{bone "window1"
			{Matrix34
				0	-1	0
				0	0	1
				-1	0	0
				0	-235.236	107.283
			}
			{VolumeView "window1.ply"}
		}
		{bone "window2"
			{Matrix34
				0	-1	0
				0	0	1
				-1	0	0
				0	-235.236	166.339
			}
			{VolumeView "window2.ply"}
		}
		{bone "window3"
			{Matrix34
				0	-1	0
				0	0	1
				-1	0	0
				0	-235.236	225.394
			}
			{VolumeView "window3.ply"}
		}
		{bone "window4"
			{Matrix34
				-0.707107	-0.707107	0
				0	0	1
				-0.707107	0.707107	0
				-41.0623	-218.228	48.2284
			}
			{VolumeView "window4.ply"}
		}
		{bone "window5"
			{Matrix34
				-0.707107	-0.707107	0
				0	0	1
				-0.707107	0.707107	0
				-41.0623	-218.228	107.283
			}
			{VolumeView "window5.ply"}
		}
		{bone "window6"
			{Matrix34
				-0.707107	-0.707107	0
				0	0	1
				-0.707107	0.707107	0
				-41.0623	-218.228	166.339
			}
			{VolumeView "window6.ply"}
		}
		{bone "window7"
			{Matrix34
				-0.707107	-0.707107	0
				0	0	1
				-0.707107	0.707107	0
				-41.0623	-218.228	225.394
			}
			{VolumeView "window7.ply"}
		}
		{bone "window8"
			{Matrix34
				0.707107	-0.707107	0
				0	0	1
				-0.707107	-0.707107	0
				41.0623	-218.228	107.283
			}
			{VolumeView "window8.ply"}
		}
		{bone "window9"
			{Matrix34
				0.707107	-0.707107	0
				0	0	1
				-0.707107	-0.707107	0
				41.0623	-218.228	166.339
			}
			{VolumeView "window9.ply"}
		}
		{bone "window10"
			{Matrix34
				0.707107	-0.707107	0
				0	0	1
				-0.707107	-0.707107	0
				41.0623	-218.228	225.394
			}
			{VolumeView "window10.ply"}
		}
		{bone "window11"
			{Matrix34
				-1	0	0
				0	0	1
				0	1	0
				-58.0709	-177.165	225.394
			}
			{VolumeView "window11.ply"}
		}
		{bone "window12"
			{Matrix34
				1	0	0
				0	0	1
				0	-1	0
				58.0709	-177.165	225.394
			}
			{VolumeView "window12.ply"}
		}
		{bone "window13"
			{Matrix34
				0.707107	-0.707107	0
				0	0	1
				-0.707107	-0.707107	0
				41.0623	-218.228	48.2284
			}
			{VolumeView "window13.ply"}
		}
		{bone "window14"
			{Matrix34
				0	1	0
				0	0	1
				1	0	0
				68.8976	154.528	107.283
			}
			{VolumeView "window14.ply"}
		}
		{bone "window15"
			{Matrix34
				0	1	0
				0	0	1
				1	0	0
				68.8976	154.528	48.2284
			}
			{VolumeView "window15.ply"}
		}
		{bone "window16"
			{Matrix34
				0	1	0
				0	0	1
				1	0	0
				-1.52588e-005	154.528	107.283
			}
			{VolumeView "window16.ply"}
		}
		{bone "window17"
			{Matrix34
				0	1	0
				0	0	1
				1	0	0
				-68.8976	154.528	107.283
			}
			{VolumeView "window17.ply"}
		}
		{bone "window18"
			{Matrix34
				0	1	0
				0	0	1
				1	0	0
				-68.8976	154.528	48.2284
			}
			{VolumeView "window18.ply"}
		}
		{bone "window19"
			{Matrix34
				0	-1	0
				0	0	1
				-1	0	0
				-88.5827	-174.213	107.283
			}
			{VolumeView "window19.ply"}
		}
		{bone "window20"
			{Matrix34
				0	-1	0
				0	0	1
				-1	0	0
				-88.5827	-174.213	48.2284
			}
			{VolumeView "window20.ply"}
		}
		{bone "window21"
			{Matrix34
				0	-1	0
				0	0	1
				-1	0	0
				88.5827	-174.213	107.283
			}
			{VolumeView "window21.ply"}
		}
		{bone "window22"
			{Matrix34
				0	-1	0
				0	0	1
				-1	0	0
				88.5827	-174.213	48.2284
			}
			{VolumeView "window22.ply"}
		}
		{bone "window0_x"
			{Matrix34
				0	-1	0
				0	0	-1
				1	0	0
				0	134.598	196.85
			}
			{visibility 0}
			{VolumeView "window0_x.ply"}
		}
		{bone "window1_x"
			{Matrix34
				0	-1	0
				0	0	1
				-1	0	0
				0	-235.236	107.283
			}
			{visibility 0}
			{VolumeView "window1_x.ply"}
		}
		{bone "window2_x"
			{Matrix34
				0	-1	0
				0	0	1
				-1	0	0
				0	-235.236	166.339
			}
			{visibility 0}
			{VolumeView "window2_x.ply"}
		}
		{bone "window3_x"
			{Matrix34
				0	-1	0
				0	0	1
				-1	0	0
				0	-235.236	225.394
			}
			{visibility 0}
			{VolumeView "window3_x.ply"}
		}
		{bone "window4_x"
			{Matrix34
				-0.707107	-0.707107	0
				0	0	1
				-0.707107	0.707107	0
				-41.0623	-218.228	48.2284
			}
			{visibility 0}
			{VolumeView "window4_x.ply"}
		}
		{bone "window5_x"
			{Matrix34
				-0.707107	-0.707107	0
				0	0	1
				-0.707107	0.707107	0
				-41.0623	-218.228	107.283
			}
			{visibility 0}
			{VolumeView "window5_x.ply"}
		}
		{bone "window6_x"
			{Matrix34
				-0.707107	-0.707107	0
				0	0	1
				-0.707107	0.707107	0
				-41.0623	-218.228	166.339
			}
			{visibility 0}
			{VolumeView "window6_x.ply"}
		}
		{bone "window7_x"
			{Matrix34
				-0.707107	-0.707107	0
				0	0	1
				-0.707107	0.707107	0
				-41.0623	-218.228	225.394
			}
			{visibility 0}
			{VolumeView "window7_x.ply"}
		}
		{bone "window8_x"
			{Matrix34
				0.707107	-0.707107	0
				0	0	1
				-0.707107	-0.707107	0
				41.0623	-218.228	107.283
			}
			{visibility 0}
			{VolumeView "window8_x.ply"}
		}
		{bone "window9_x"
			{Matrix34
				0.707107	-0.707107	0
				0	0	1
				-0.707107	-0.707107	0
				41.0623	-218.228	166.339
			}
			{visibility 0}
			{VolumeView "window9_x.ply"}
		}
		{bone "window10_x"
			{Matrix34
				0.707107	-0.707107	0
				0	0	1
				-0.707107	-0.707107	0
				41.0623	-218.228	225.394
			}
			{visibility 0}
			{VolumeView "window10_x.ply"}
		}
		{bone "window11_x"
			{Matrix34
				-1	0	0
				0	0	1
				0	1	0
				-58.0709	-177.165	225.394
			}
			{visibility 0}
			{VolumeView "window11_x.ply"}
		}
		{bone "window12_x"
			{Matrix34
				1	0	0
				0	0	1
				0	-1	0
				58.0709	-177.165	225.394
			}
			{visibility 0}
			{VolumeView "window12_x.ply"}
		}
		{bone "window13_x"
			{Matrix34
				0.707107	-0.707107	0
				0	0	1
				-0.707107	-0.707107	0
				41.0623	-218.228	48.2284
			}
			{visibility 0}
			{VolumeView "window13_x.ply"}
		}
		{bone "window14_x"
			{Matrix34
				0	1	0
				0	0	1
				1	0	0
				68.8976	154.528	107.283
			}
			{visibility 0}
			{VolumeView "window14_x.ply"}
		}
		{bone "window15_x"
			{Matrix34
				0	1	0
				0	0	1
				1	0	0
				68.8976	154.528	48.2284
			}
			{visibility 0}
			{VolumeView "window15_x.ply"}
		}
		{bone "window16_x"
			{Matrix34
				0	1	0
				0	0	1
				1	0	0
				-1.52588e-005	154.528	107.283
			}
			{visibility 0}
			{VolumeView "window16_x.ply"}
		}
		{bone "window17_x"
			{Matrix34
				0	1	0
				0	0	1
				1	0	0
				-68.8976	154.528	107.283
			}
			{visibility 0}
			{VolumeView "window17_x.ply"}
		}
		{bone "window18_x"
			{Matrix34
				0	1	0
				0	0	1
				1	0	0
				-68.8976	154.528	48.2284
			}
			{visibility 0}
			{VolumeView "window18_x.ply"}
		}
		{bone "window19_x"
			{Matrix34
				0	-1	0
				0	0	1
				-1	0	0
				-88.5827	-174.213	107.283
			}
			{visibility 0}
			{VolumeView "window19_x.ply"}
		}
		{bone "window20_x"
			{Matrix34
				0	-1	0
				0	0	1
				-1	0	0
				-88.5827	-174.213	48.2284
			}
			{visibility 0}
			{VolumeView "window20_x.ply"}
		}
		{bone "window21_x"
			{Matrix34
				0	-1	0
				0	0	1
				-1	0	0
				88.5827	-174.213	107.283
			}
			{visibility 0}
			{VolumeView "window21_x.ply"}
		}
		{bone "window22_x"
			{Matrix34
				0	-1	0
				0	0	1
				-1	0	0
				88.5827	-174.213	48.2284
			}
			{visibility 0}
			{VolumeView "window22_x.ply"}
		}
	}
}
{Volume "window0"
	{Box 53.34 25.3653 1.9685}
	{Bone "window0"}
	{Matrix34
		0	0	1
		0	1	0
		-1	0	0
		-0.984237	-15.6354	0
	}
}
{Volume "window10"
	{Box 19.685 35.4331 1.9685}
	{Bone "window10"}
	{Matrix34
		0	0	-1
		0	1	0
		1	0	0
		0.984206	0	-4.58034e-005
	}
}
{Volume "window11"
	{Box 19.6851 35.4331 1.9685}
	{Bone "window11"}
	{Matrix34
		0	0	-1
		0	1	0
		1	0	0
		0.984252	0	0
	}
}
{Volume "window12"
	{Box 19.685 35.4331 1.9685}
	{Bone "window12"}
	{Matrix34
		0	0	-1
		0	1	0
		1	0	0
		0.984252	0	0
	}
}
{Volume "window13"
	{Box 19.685 35.4331 1.9685}
	{Bone "window13"}
	{Matrix34
		0	0	-1
		0	1	0
		1	0	0
		0.984206	0	-4.58034e-005
	}
}
{Volume "window14"
	{Box 39.3701 35.4331 1.9685}
	{Bone "window14"}
	{Matrix34
		0	0	-1
		0	1	0
		1	0	0
		0.98426	0	0
	}
}
{Volume "window15"
	{Box 39.3701 35.4331 1.9685}
	{Bone "window15"}
	{Matrix34
		0	0	-1
		0	1	0
		1	0	0
		0.98426	0	0
	}
}
{Volume "window16"
	{Box 39.3701 35.4331 1.9685}
	{Bone "window16"}
	{Matrix34
		0	0	-1
		0	1	0
		1	0	0
		0.984252	0	0
	}
}
{Volume "window17"
	{Box 39.3701 35.4331 1.9685}
	{Bone "window17"}
	{Matrix34
		0	0	-1
		0	1	0
		1	0	0
		0.98426	0	0
	}
}
{Volume "window18"
	{Box 39.3701 35.4331 1.9685}
	{Bone "window18"}
	{Matrix34
		0	0	-1
		0	1	0
		1	0	0
		0.98426	0	0
	}
}
{Volume "window19"
	{Box 19.685 35.4331 1.9685}
	{Bone "window19"}
	{Matrix34
		0	0	-1
		0	1	0
		1	0	0
		0.984252	0	0
	}
}
{Volume "window1"
	{Box 19.685 35.4331 1.9685}
	{Bone "window1"}
	{Matrix34
		0	0	-1
		0	1	0
		1	0	0
		0.984221	0	0
	}
}
{Volume "window20"
	{Box 19.685 35.4331 1.9685}
	{Bone "window20"}
	{Matrix34
		0	0	-1
		0	1	0
		1	0	0
		0.984252	0	0
	}
}
{Volume "window21"
	{Box 19.685 35.4331 1.9685}
	{Bone "window21"}
	{Matrix34
		0	0	-1
		0	1	0
		1	0	0
		0.984252	0	0
	}
}
{Volume "window22"
	{Box 19.685 35.4331 1.9685}
	{Bone "window22"}
	{Matrix34
		0	0	-1
		0	1	0
		1	0	0
		0.984252	0	0
	}
}
{Volume "window2"
	{Box 19.685 35.4331 1.9685}
	{Bone "window2"}
	{Matrix34
		0	0	-1
		0	1	0
		1	0	0
		0.984221	0	0
	}
}
{Volume "window3"
	{Box 19.685 35.4331 1.9685}
	{Bone "window3"}
	{Matrix34
		0	0	-1
		0	1	0
		1	0	0
		0.984221	0	0
	}
}
{Volume "window4"
	{Box 19.685 35.4331 1.9685}
	{Bone "window4"}
	{Matrix34
		0	0	-1
		0	1	0
		1	0	0
		0.984237	0	0
	}
}
{Volume "window5"
	{Box 19.685 35.4331 1.9685}
	{Bone "window5"}
	{Matrix34
		0	0	-1
		0	1	0
		1	0	0
		0.984237	0	0
	}
}
{Volume "window6"
	{Box 19.685 35.4331 1.9685}
	{Bone "window6"}
	{Matrix34
		0	0	-1
		0	1	0
		1	0	0
		0.984237	0	0
	}
}
{Volume "window7"
	{Box 19.685 35.4331 1.9685}
	{Bone "window7"}
	{Matrix34
		0	0	-1
		0	1	0
		1	0	0
		0.984237	0	-3.05446e-005
	}
}
{Volume "window8"
	{Box 19.685 35.4331 1.9685}
	{Bone "window8"}
	{Matrix34
		0	0	-1
		0	1	0
		1	0	0
		0.984206	0	-4.58034e-005
	}
}
{Volume "window9"
	{Box 19.685 35.4331 1.9685}
	{Bone "window9"}
	{Matrix34
		0	0	-1
		0	1	0
		1	0	0
		0.984221	0	-4.58034e-005
	}
}
