;Exported by: Normand
;Date:        Tue Nov 27 22:28:28 2012
;File:        C:\Users\Normand\sdkfz8_2_xx.max
{Skeleton
	{bone "basis"
		{Orientation
			1	0	0
			0	-1	0
			0	0	1
		}
		{bone "pivot_front"
			{Position 58.0809	-0.123821	9.33805}
			{VolumeView "pivot_front.ply"}
			{bone revolute "steerr"
				{Matrix34
					-1	0	0
					0	1	0
					0	0	1
					-0.932274	-17.8943	0
				}
				{VolumeView "steerr.ply"}
				{bone "part1"
					{parameters "Radius=0.4;ID=wheelright;"}
					{Matrix34
						1	0	0
						0	0	1
						0	1	0
						0.0291557	-3.58987	-0.461853
					}
					{VolumeView "part1.ply"}
				}
			}
			{bone revolute "steerl"
				{Matrix34
					-1	0	0
					0	1	0
					0	0	1
					-1.0551	18.1659	0
				}
				{VolumeView "steerl.ply"}
				{bone revolute "wheelleft1"
					{parameters "ID=wheelleft1;"}
					{Matrix34
						1	-0.000772087	0
						0	0	1
						0.000772087	1	0
						-0.156448	3.62504	-0.542673
					}
					{VolumeView "wheelleft1.ply"}
				}
			}
		}
		{bone "body"
			{parameters "ID=body;"}
			{Position 0.550198	0.354163	22.3967}
			{VolumeView "body.ply"}
			{bone "engine"
				{parameters "ID=engine;"}
				{Position 0	0	0}
				{VolumeView "engine.ply"}
				{bone "engine_hutch2"
					{parameters "ID=engine;"}
					{Matrix34
						0.00100693	0.917865	0.396893
						0.0936886	-0.395234	0.91379
						0.995601	0.0362642	-0.0863914
						43.9387	-0.521428	13.9085
					}
					{VolumeView "engine_hutch2.ply"}
					{bone "engine_door2"
						{parameters "ID=engine;"}
						{Matrix34
							0.847595	-0.386503	0.363592
							0.392817	0.917672	0.0597742
							-0.356761	0.0921606	0.929639
							13.8148	-2.39936	-0.121918
						}
						{VolumeView "engine_door2.ply"}
					}
				}
			}
			{bone "door_back"
				{parameters "ID=body;"}
				{Matrix34
					-0.336603	0	0.941647
					-0.941597	0.0102636	-0.336585
					-0.00966466	-0.999947	-0.00345483
					-68.8576	-0.798768	-2.46194
				}
				{VolumeView "door_back.ply"}
			}
			{bone "part4"
				{parameters "ID=body;"}
				{Matrix34
					1	0	0
					0	0.998102	0.0615901
					0	-0.0615901	0.998102
					0	0.144432	2.29762
				}
				{VolumeView "part4.ply"}
			}
			{bone "door_backl1"
				{parameters "ID=body;"}
				{Matrix34
					0.968908	-0.247423	0
					0.247423	0.968908	0
					0	0	1
					-37.0594	20.6493	8.85283
				}
				{VolumeView "door_backl1.ply"}
			}
			{bone "door_backl2"
				{parameters "ID=body;"}
				{Matrix34
					0.92198	0.387236	-0.000769138
					-0.38575	0.918612	0.0857272
					0.0339032	-0.0787421	0.996318
					-64.0987	21.0755	8.90288
				}
				{VolumeView "door_backl2.ply"}
			}
			{bone "door_backr1"
				{parameters "ID=body;"}
				{Matrix34
					0.853878	0.494296	0.162986
					-0.499235	0.866383	-0.0120478
					-0.147163	-0.071081	0.986555
					-36.4692	-23.5459	7.21157
				}
				{VolumeView "door_backr1.ply"}
			}
			{bone "door_backr2"
				{parameters "ID=body;"}
				{Matrix34
					0.891624	-0.452728	0.00667376
					0.451748	0.890494	0.0542675
					-0.0305113	-0.0453713	0.998504
					-65.7323	-23.5756	8.49704
				}
				{VolumeView "door_backr2.ply"}
			}
			{bone "part5"
				{parameters "ID=body;"}
				{Position 0	-1.2666e-005	8.01086e-005}
				{VolumeView "part5.ply"}
			}
			{bone revolute "part2"
				{parameters "Radius=0.5;ID=trackleft;"}
				{Matrix34
					-1	0	0
					0	-0.011498	0.999934
					0	-0.999934	-0.011498
					24.0884	18.1152	-11.2137
				}
				{VolumeView "part2.ply"}
			}
			{bone revolute "wheell3"
				{parameters "Radius=0.5;ID=trackleft;"}
				{Matrix34
					-1	0	0
					0	-0.011498	0.999934
					0	-0.999934	-0.011498
					-52.7167	17.9273	-12.9542
				}
				{VolumeView "wheell3.ply"}
			}
			{bone revolute "part3"
				{parameters "Radius=0.5;ID=trackright;"}
				{Matrix34
					-1	0	0
					0	0.0115277	0.999934
					0	-0.999934	0.0115277
					-52.7167	-20.7299	-12.9548
				}
				{VolumeView "part3.ply"}
			}
			{bone revolute "wheelr2"
				{parameters "Radius=0.5;ID=trackright;"}
				{Matrix34
					-1	0	0
					0	-0.011498	0.999934
					0	-0.999934	-0.011498
					24.1483	-20.6927	-11.0844
				}
				{VolumeView "wheelr2.ply"}
			}
			{bone "engine_body"
				{parameters "ID=engine;"}
				{Matrix34
					0	-1	0
					-0.0347085	0	0.999397
					-0.999397	0	-0.0347085
					48.7396	0.101031	-3.64932
				}
				{VolumeView "engine_body.ply"}
				{bone revolute "vent"
					{parameters "ID=engine;"}
					{Position 0.0624892	7.31238	-2.67854}
					{VolumeView "vent.ply"}
				}
			}
		}
		{bone "wheelsr"
			{parameters "ID=trackright;"}
			{Matrix34
				1	0	0
				0	1	0
				0	0	1
				-21.5599	-15.9031	8.07737
			}
			{bone "trackr"
				{parameters "CommonMesh;ID=trackright;"}
				{Position 5.50506	-3.61448	1.04201}
				{VolumeView "trackr.ply"}
			}
			{bone revolute "wheelr9"
				{parameters "Radius=0.4;ID=trackright;"}
				{Matrix34
					-1	0	0
					0	-0.0114976	0.999934
					0	-0.999934	-0.0114976
					-19.7005	-3.27901	0.494865
				}
				{VolumeView "wheelr9.ply"}
			}
			{bone revolute "wheelr7"
				{parameters "Radius=0.4;ID=trackright;"}
				{Matrix34
					-1	0	0
					0	-0.0114976	0.999934
					0	-0.999934	-0.0114976
					-0.0909996	-3.60027	0.455439
				}
				{VolumeView "wheelr7.ply"}
			}
			{bone revolute "wheelr5"
				{parameters "Radius=0.4;ID=trackright;"}
				{Matrix34
					-1	0	0
					0	-0.0114976	0.999934
					0	-0.999934	-0.0114976
					19.3735	-3.64449	0.445492
				}
				{VolumeView "wheelr5.ply"}
			}
			{bone revolute "wheelr8"
				{parameters "Radius=0.4;ID=trackright;"}
				{Matrix34
					-1	0	0
					0	-0.0114976	0.999934
					0	-0.999934	-0.0114976
					-9.99582	-4.04358	0.506884
				}
				{VolumeView "wheelr8.ply"}
			}
			{bone revolute "wheelr6"
				{parameters "Radius=0.4;ID=trackright;"}
				{Matrix34
					-1	0	0
					0	-0.0114976	0.999934
					0	-0.999934	-0.0114976
					9.63839	-3.59002	0.403245
				}
				{VolumeView "wheelr6.ply"}
			}
			{bone revolute "wheelr4"
				{parameters "Radius=0.4;ID=trackright;"}
				{Matrix34
					-1	0	0
					0	-0.0114976	0.999934
					0	-0.999934	-0.0114976
					29.3884	-3.96824	0.2383
				}
				{VolumeView "wheelr4.ply"}
			}
		}
		{bone "wheelsl"
			{parameters "ID=trackleft;"}
			{Matrix34
				1	0	0
				0	1	0
				0	0	1
				-21.5601	16.6267	8.07747
			}
			{bone revolute "wheell4"
				{parameters "Radius=0.4;ID=trackleft;"}
				{Matrix34
					-1	0	0
					0	-0.0114976	0.999934
					0	-0.999934	-0.0114976
					29.2272	2.40107	0.207724
				}
				{VolumeView "wheell4.ply"}
			}
			{bone revolute "wheell6"
				{parameters "Radius=0.4;ID=trackleft;"}
				{Matrix34
					-1	0	0
					0	-0.0114976	0.999934
					0	-0.999934	-0.0114976
					9.595	2.58614	0.181458
				}
				{VolumeView "wheell6.ply"}
			}
			{bone revolute "wheell8"
				{parameters "Radius=0.4;ID=trackleft;"}
				{Matrix34
					-1	0	0
					0	-0.0114976	0.999934
					0	-0.999934	-0.0114976
					-10.041	2.34644	0.325191
				}
				{VolumeView "wheell8.ply"}
			}
			{bone revolute "wheell5"
				{parameters "Radius=0.4;ID=trackleft;"}
				{Matrix34
					-1	0	0
					0	-0.0114976	0.999934
					0	-0.999934	-0.0114976
					19.5487	2.21831	0.171892
				}
				{VolumeView "wheell5.ply"}
			}
			{bone revolute "wheell7"
				{parameters "Radius=0.4;ID=trackleft;"}
				{Matrix34
					-1	0	0
					0	-0.0114976	0.999934
					0	-0.999934	-0.0114976
					-0.132912	2.26799	0.285917
				}
				{VolumeView "wheell7.ply"}
			}
			{bone revolute "wheell9"
				{parameters "Radius=0.4;ID=trackleft;"}
				{Matrix34
					-1	0	0
					0	-0.0114976	0.999934
					0	-0.999934	-0.0114976
					-19.7802	2.49208	0.36438
				}
				{VolumeView "wheell9.ply"}
			}
			{bone "trackl"
				{parameters "CommonMesh;ID=trackleft;"}
				{Position 8.41097	0.859833	1.16467}
				{VolumeView "trackl.ply"}
			}
		}
	}
}
{Volume "body2"
	{Polyhedron "body2.vol"}
	{Bone "body"}
	{Matrix34
		0.99999	0.00453793	0
		0	0	1
		0.00453793	-0.99999	0
		-19.416	23.5389	-0.701027
	}
}
{Volume "body3"
	{Polyhedron "body3.vol"}
	{Bone "body"}
	{Matrix34
		0.99999	0.00453793	0
		0	0	1
		0.00453793	-0.99999	0
		-53.3113	23.2303	9.02353
	}
}
{Volume "body"
	{Polyhedron "body.vol"}
	{Bone "body"}
	{Matrix34
		1	0	0
		0	1	0
		0	0	1
		-7.2291	-0.252201	-10.1832
	}
}
{Volume "engine"
	{Polyhedron "engine.vol"}
	{Bone "engine"}
	{Matrix34
		0.99999	0.00453793	0
		0	0	1
		0.00453793	-0.99999	0
		44.7667	18.2432	6.5915
	}
}
{Volume "part1"
	{Polyhedron "part1.vol"}
	{Bone "part1"}
	{Matrix34
		-1	0	0
		0	1	0
		0	0	-1
		-0.172985	0.165011	2.87675
	}
}
{Volume "part4"
	{Polyhedron "part4.vol"}
	{Bone "part4"}
	{Matrix34
		0.99999	0.00189432	-0.00413136
		-0.00189725	0.999998	-0.00070525
		0.00413002	0.000713065	0.999991
		-51.2628	-0.955472	13.4247
	}
}
{Volume "part5"
	{Polyhedron "part5.vol"}
	{Bone "part5"}
	{Matrix34
		0.99962	0.00452205	0.027194
		-0.0043825	0.999977	-0.00518891
		-0.0272168	0.00506775	0.999617
		-17.0645	-0.597168	10.737
	}
}
{Volume "trackleft"
	{Polyhedron "trackleft.vol"}
	{Bone "wheelsl"}
	{Position 6.77103	6.24744	0.595234}
}
{Volume "trackright"
	{Polyhedron "trackright.vol"}
	{Bone "wheelsr"}
	{Position 6.59003	-0.247088	0.856993}
}
{Volume "wheelleft1"
	{Polyhedron "wheelleft1.vol"}
	{Bone "wheelleft1"}
	{Matrix34
		-1	0	-0.00077072
		0	1	0
		0.00077072	0	-1
		0.0516129	0.0185261	2.64179
	}
}
