;Exported by: sana
;Date:        Thu Dec 14 14:35:33 2006
;File:        D:\-Project-\-3DWork-\Entourage\rus_church\church_cut03_x.max
{Skeleton
	{bone "rusch_mid6_x"
		{Orientation
			1	0	0
			0	-1	0
			0	0	1
		}
		{bone "piece01"
			{Position -27.3554	-19.9289	-2.24614}
			{VolumeView "piece01.ply"}
			{bone "sub_piece01"
				{Position 4.94062	0	-15.2478}
				{VolumeView "sub_piece01.ply"}
			}
		}
		{bone "piece02"
			{Position 42.5864	-13.0315	-4.62776}
			{VolumeView "piece02.ply"}
		}
		{bone "piece03"
			{Position 18.8149	-19.9296	12.9058}
			{VolumeView "piece03.ply"}
			{bone "sub_piece03"
				{Position 18.5204	-0.00196838	-5.21573}
				{VolumeView "sub_piece03.ply"}
			}
		}
		{bone "piece04"
			{Position -22.4548	-12.7345	20.9887}
			{VolumeView "piece04.ply"}
		}
		{bone "piece05"
			{Position -8.80322	9.82536	4.52698}
			{VolumeView "piece05.ply"}
		}
		{bone "piece06"
			{Position -9.34172	0.170132	17.5429}
			{VolumeView "piece06.ply"}
		}
	}
}
{Volume "piece01"
	{Box 26.4386 7.87403 21.6177}
	{Bone "piece01"}
	{Matrix34
		0.99947	0	0.0325655
		0	1	0
		-0.0325655	0	0.99947
		0.729609	0	0.53297
	}
}
{Volume "piece02"
	{Box 17.6838 5.90553 10.7137}
	{Bone "piece02"}
	{Position -0.562023	0	0}
}
{Volume "piece03"
	{Box 28.9162 7.87257 22.1617}
	{Bone "piece03"}
	{Position 0	0	-1.09591}
}
{Volume "piece04"
	{Box 52.8011 30.5613 2.62584}
	{Bone "piece04"}
	{Matrix34
		0.943974	0	0.330019
		0	1	0
		-0.330019	0	0.943974
		-0.255656	0	0.432416
	}
}
{Volume "piece05"
	{Box 4.76046 49.4365 4.63017}
	{Bone "piece05"}
	{Position 0	0	0.0284081}
}
{Volume "piece06"
	{Box 4.59342 28.932 4.92748}
	{Bone "piece06"}
	{Position 0	0	0.027545}
}
{Volume "sub_piece01"
	{Box 17.0636 7.87403 13.6413}
	{Bone "sub_piece01"}
	{Matrix34
		0.91784	0	0.396951
		0	1	0
		-0.396951	0	0.91784
		2.34517	0	-0.857816
	}
}
{Volume "sub_piece03"
	{Box 16.6427 7.86864 12.2514}
	{Bone "sub_piece03"}
	{Position 0	0	-0.83531}
}
