;Exported by: klimenko
;Date:        Mon Jul 18 12:30:08 2005
;File:        D:\-Project-\-3DWork-\entourage\table_cafe_x.max
{Skeleton
	{bone "table"
		{Orientation
			1	0	0
			0	-1	0
			0	0	1
		}
		{bone "piece1"
			{Position -1.67638	0.0226936	15.5566}
			{VolumeView "piece1.ply"}
		}
		{bone "piece2"
			{Position -8.98683	-0.817154	15.5566}
			{VolumeView "piece2.ply"}
		}
		{bone "piece3"
			{Position 9.10121	5.41149	15.5566}
			{VolumeView "piece3.ply"}
		}
		{bone "piece4"
			{Position -8.98683	-0.817154	15.5566}
			{VolumeView "piece4.ply"}
		}
	}
}
{Volume "piece4"
	{Box 1.10252 1.10894 15.0733}
	{Bone "piece4"}
	{Matrix34
		0.63692	0.748859	0.183147
		-0.75854	0.651163	-0.0245714
		-0.137659	-0.123275	0.982778
		18.7213	7.68063	-8.10801
	}
}
{Volume "piece3"
	{Box 8.78488 13.7352 1.41162}
	{Bone "piece3"}
	{Matrix34
		0.864773	0.502162	0
		-0.502162	0.864773	0
		0	0	1
		-0.505731	-0.674319	0
	}
}
{Volume "piece2_1"
	{Box 1.17479 1.35022 14.9956}
	{Bone "piece2"}
	{Matrix34
		0.69678	0.684489	-0.214412
		-0.697929	0.715952	0.0175333
		0.16551	0.137428	0.976586
		0.193988	-7.09543	-8.20503
	}
}
{Volume "piece2"
	{Box 9.71942 23.6383 1.63265}
	{Bone "piece2"}
	{Matrix34
		0.981992	0.188923	0
		-0.188923	0.981992	0
		0	0	1
		-0.361167	-0.52797	0.0255976
	}
}
{Volume "piece1"
	{Box 6.27941 28.8968 1.41162}
	{Bone "piece1"}
	{Matrix34
		0.990663	0.136333	0
		-0.136333	0.990663	0
		0	0	1
		-0.449987	0	0
	}
}
