;Exported by: kolesnikov
;Date:        Wed Dec 14 12:06:18 2005
;File:        D:\-Project-\-3DWork-\Monastery2_x.max
{Skeleton
	{bone "wall_x"
		{Orientation
			1	0	0
			0	-1	0
			0	0	1
		}
		{bone "sub_piece1"
			{Matrix34
				-1	0	0
				0	0	1
				0	1	0
				-8.4233	-0.0605469	9.2473
			}
			{VolumeView "sub_piece1.ply"}
		}
		{bone "sub_piece0"
			{Matrix34
				-0.978908	-0.204304	0
				0	0	1
				-0.204304	0.978908	0
				11.4641	2.18139	9.59697
			}
			{VolumeView "sub_piece0.ply"}
		}
		{bone "sub_piece3"
			{Matrix34
				0.808237	0	-0.588857
				-0.588857	0	-0.808237
				0	1	0
				-13.7592	-0.0605466	27.7249
			}
			{VolumeView "sub_piece3.ply"}
		}
		{bone "sub_piece2"
			{Matrix34
				-0.978908	-0.204304	0
				0	0	1
				-0.204304	0.978908	0
				11.2524	1.99691	27.6311
			}
			{VolumeView "sub_piece2.ply"}
		}
		{bone "piece1"
			{Matrix34
				-0.953681	0	0.300821
				0.300821	0	0.953681
				0	1	0
				-35.4397	-0.0605467	16.8839
			}
			{VolumeView "piece1.ply"}
		}
		{bone "piece0"
			{Matrix34
				0.944108	0.197041	-0.264262
				-0.258688	-0.0539897	-0.964451
				-0.204304	0.978908	0
				35.4489	7.18715	20.1792
			}
			{VolumeView "piece0.ply"}
		}
	}
}
{Volume "piece0"
	{Box 31.1013 9.36025 20.2296}
	{Bone "piece0"}
	{Matrix34
		-0.391796	-0.920052	0
		0	0	1
		-0.920052	0.391796	0
		-1.69637	0.42611	-1.3472
	}
}
{Volume "piece1"
	{Box 22.023 9.37933 25.7018}
	{Bone "piece1"}
	{Matrix34
		-0.920108	0.391665	0
		0	0	1
		0.391665	0.920108	0
		-0.32587	1.07547	-1.34729
	}
}
{Volume "sub_piece0"
	{Box 15.2172 9.37933 12.7275}
	{Bone "sub_piece0"}
	{Matrix34
		-0.939106	-0.343627	0
		0	0	1
		-0.343627	0.939106	0
		-1.03906	-0.507443	-1.34733
	}
}
{Volume "sub_piece1"
	{Box 13.6843 9.37933 11.1583}
	{Bone "sub_piece1"}
	{Matrix34
		-0.752657	-0.658413	0
		0	0	1
		-0.658413	0.752657	0
		0.224813	-0.189253	-1.34729
	}
}
{Volume "sub_piece2"
	{Box 14.0351 9.37839 11.3327}
	{Bone "sub_piece2"}
	{Matrix34
		-0.576275	0.817256	0
		0	0	1
		0.817256	0.576275	0
		0.0239977	-0.139414	-1.34733
	}
}
{Volume "sub_piece3"
	{Box 17.3598 9.37933 13.7028}
	{Bone "sub_piece3"}
	{Matrix34
		-0.966603	-0.256279	0
		0	0	1
		-0.256279	0.966603	0
		0.833006	0.224847	-1.34728
	}
}
