;Exported by: garry
;Date:        Tue Aug 14 12:44:15 2007
;File:        D:\-Projects-\-3DWork-\Model\Пушки\37mm 61K\61K.max
{Skeleton
	{animation
		{sequence "fire"}
	}
	{bone "basis"
		{parameters "WheelRadius=0.5;"}
		{Orientation
			1	0	0
			0	-1	0
			0	0	1
		}
		{bone "body"
			{parameters "CommonMesh;ID=body;"}
			{Matrix34
				1	0	0
				0	0	1
				0	-1	0
				-0.114042	-0.0670852	4.71136
			}
			{VolumeView "body.ply"}
			{bone revolute "turret"
				{parameters "ID=turret;"}
				{speed 0.01}
				{Matrix34
					1	0	0
					0	0	-1
					0	1	0
					0.0165548	4.22973	0.223378
				}
				{VolumeView "turret.ply"}
				{bone revolute "gun_rot"
					{parameters "ID=gun;"}
					{limits -10 85}
					{speed 0.01}
					{Matrix34
						1	0	0
						0	0	1
						0	-1	0
						-2.45268	0.926182	17.0567
					}
					{VolumeView "gun_rot.ply"}
					{bone "shooter00"
						{parameters "ID=gun;"}
						{Position 62.102	0.0399303	0.573179}
						{VolumeView "shooter00.ply"}
						{bone "foresight1"
							{Matrix34
								0.999898	-7.11209e-005	-0.0142961
								-0.014295	0.00744335	-0.99987
								0.000177533	0.999972	0.00744159
								0.643856	0	0
							}
						}
					}
					{bone "visor"
						{Matrix34
							0.999824	-0.0121387	-0.0142961
							-0.0142043	0.00761485	-0.99987
							0.0122459	0.999897	0.00744109
							9.3912	9.8985	-1.31735
						}
					}
					{bone "fx_invers"
						{Matrix34
							0.939693	-0.34202	0
							0	0	-1
							0.34202	0.939693	0
							7.58911	-6.75527	-1.38396
						}
					}
				}
				{bone "visor2"
					{Matrix34
						0.999824	0.014296	-0.0121386
						-0.0142043	0.99987	0.00761485
						0.0122458	-0.00744109	0.999897
						13.7163	1.1348	13.1715
					}
				}
				{bone "seat1"
					{Position -4.13617	-9.51164	-3.14421}
				}
				{bone "seat2"
					{Position -1.90066	11.077	-4.71653}
				}
				{bone "commander"
					{Position 0.0974876	8.47298	-8.94109}
				}
				{bone "gunner"
					{Position 0.0974874	-12.0907	-8.94109}
				}
			}
			{bone "standl"
				{parameters "ID=body;"}
				{Position -0.0594521	1.66738	13.3029}
				{VolumeView "standl.ply"}
			}
			{bone "standr"
				{parameters "ID=body;"}
				{Matrix34
					1	0	0
					0	1	0
					0	0	-1
					-0.0594521	1.66738	-13.4303
				}
				{VolumeView "standr.ply"}
			}
			{bone "fxtracel1"
				{Matrix34
					1	0	0
					0	0	1
					0	-1	0
					-33.691	-1.68066	16.3821
				}
			}
			{bone "fxtracer1"
				{Matrix34
					1	0	0
					0	0	1
					0	-1	0
					-33.7882	-1.43792	-16.0397
				}
			}
		}
		{bone "pivot_back"
			{parameters "ID=body;"}
			{Matrix34
				1	0	0
				0	0	1
				0	-1	0
				30.1065	-0.0284353	9.00272
			}
			{VolumeView "pivot_back.ply"}
			{bone "spring_r"
				{parameters "ID=body;"}
				{Matrix34
					0.819152	-0.573576	0
					0.573576	0.819152	0
					0	0	-1
					-0.0698643	0.0788189	-8.74643
				}
				{VolumeView "spring_r.ply"}
				{bone revolute "wheelr2"
					{parameters "ID=wheelright2;"}
					{Matrix34
						0.500001	-0.866025	0
						-0.866025	-0.500001	0
						0	0	-1
						3.51777	0.33249	4.96346
					}
					{VolumeView "wheelr2.ply"}
				}
			}
			{bone "spring_l"
				{parameters "ID=body;"}
				{Matrix34
					0.819152	-0.573576	0
					0.573576	0.819152	0
					0	0	1
					-0.0698643	0.0788197	8.78639
				}
				{VolumeView "spring_l.ply"}
				{bone revolute "wheell2"
					{parameters "ID=wheelleft2;"}
					{Matrix34
						-0.5	0.866025	0
						0.866025	0.5	0
						0	0	1
						3.51777	0.332493	4.84309
					}
					{VolumeView "wheell2.ply"}
				}
			}
			{bone "fxtracel2"
				{Matrix34
					0.996195	-0.0871557	0
					-0.0871557	-0.996195	0
					0	0	-1
					3.22998	-6.04464	16.6277
				}
			}
			{bone "fxtracer2"
				{Matrix34
					0.996195	0.0871558	0
					0.0871558	-0.996195	0
					0	0	1
					2.7146	-6.1914	-16.276
				}
			}
		}
		{bone "pivot_front"
			{parameters "ID=body;"}
			{Matrix34
				1	0	0
				0	0	1
				0	-1	0
				-28.889	-0.0284348	9.0415
			}
			{VolumeView "pivot_front.ply"}
			{bone "steer_l"
				{parameters "ID=body;"}
				{Matrix34
					-0.766044	-0.642788	0
					-0.642788	0.766044	0
					0	0	1
					-0.00552177	0.0400461	8.63542
				}
				{VolumeView "steer_l.ply"}
				{bone revolute "wheell1"
					{parameters "ID=wheelleft1;"}
					{Matrix34
						-0.707107	0.707107	0
						-0.707107	-0.707107	0
						0	0	1
						3.31405	0.502426	4.99406
					}
					{VolumeView "wheell1.ply"}
				}
			}
			{bone "steer_r"
				{parameters "ID=body;"}
				{Matrix34
					-0.766044	-0.642788	0
					-0.642788	0.766044	0
					0	0	-1
					0.0175304	0.0400444	-8.74643
				}
				{VolumeView "steer_r.ply"}
				{bone revolute "wheelr1"
					{parameters "ID=wheelright1;"}
					{Matrix34
						0.707106	-0.707107	0
						0.707107	0.707106	0
						0	0	-1
						3.33171	0.517244	4.96346
					}
					{VolumeView "wheelr1.ply"}
				}
			}
		}
		{bone "emit1"
			{Position -14.4815	-28.291	0.738074}
			{visibility 0}
		}
		{bone "emit2"
			{Position -14.4815	26.2993	0.738074}
			{visibility 0}
		}
		{bone "emit3"
			{Matrix34
				-1	0	0
				0	-1	0
				0	0	1
				32.2801	-27.7231	0.738074
			}
			{visibility 0}
		}
		{bone "emit4"
			{Matrix34
				-1	0	0
				0	-1	0
				0	0	1
				32.2801	26.8671	0.738074
			}
			{visibility 0}
		}
	}
}
{Obstacle "obstacle"
	{Obb2
		{Center -0.549116 0.0726511}
		{Extent 29.5699 3.84691}
		{Axis -1 0}
	}
	{Rotate}
}
{Obstacle "obstacle1"
	{Obb2
		{Center -0.549115 0.885611}
		{Extent 18.5312 3.35017}
		{Axis 4.50302e-008 1}
	}
	{Rotate}
}
{Obstacle "obstacle2"
	{Obb2
		{Center -31.6657 0}
		{Extent 18.9888 7.53152}
		{Axis 0 1}
	}
	{Rotate}
}
{Obstacle "obstacle3"
	{Obb2
		{Center 33.0742 0}
		{Extent 18.5312 7.65917}
		{Axis 0 1}
	}
	{Rotate}
}
{Volume "body1"
	{Box 74.5768 6.63146 8.80571}
	{Bone "body"}
	{Matrix34
		1	0	0
		0	0	-1
		0	1	0
		-1.23027	-0.308506	-0.464514
	}
}
{Volume "body2"
	{Box 32.068 6.63146 8.80571}
	{Bone "body"}
	{Matrix34
		0	0	1
		1	0	0
		0	1	0
		-0.24898	-0.308506	-0.464514
	}
}
{Volume "gun"
	{Cylinder 1.6038 69.7988}
	{Bone "shooter00"}
	{Matrix34
		0	0	-1
		0	1	0
		1	0	0
		-34.8687	-0.0237827	-0.00553387
	}
}
{Volume "turret"
	{Box 19.5873 9.89283 13.9936}
	{Bone "turret"}
	{Position -0.692143	0.611312	6.8106}
}
{Volume "wheell1"
	{Cylinder 7.28346 3.98013}
	{Bone "wheell1"}
	{Matrix34
		-0.0871555	-0.996195	0
		0.996195	-0.0871554	0
		0	0	-1
		-0.00505855	-0.0577872	2.61288
	}
}
{Volume "wheell2"
	{Cylinder 7.28346 3.98013}
	{Bone "wheell2"}
	{Matrix34
		-0.0871553	-0.996195	0
		0.996195	-0.0871553	0
		0	0	-1
		0	0	2.61288
	}
}
{Volume "wheelr1"
	{Cylinder 7.28346 3.98013}
	{Bone "wheelr1"}
	{Matrix34
		0.0871551	0.996195	0
		-0.996195	0.0871544	0
		0	0	-1
		0.00505832	0.0578046	-2.42023
	}
}
{Volume "wheelr2"
	{Cylinder 7.28346 3.98013}
	{Bone "wheelr2"}
	{Matrix34
		0.0871548	0.996195	0
		-0.996195	0.0871548	0
		0	0	-1
		0	0	-2.42023
	}
}
