;Exported by: sana
;Date:        Tue Jul 24 12:20:10 2007
;File:        D:\-Project-\-3DWork-\Entourage\School_Ru\School_ru_cut3a_x01.max
{Skeleton
	{bone "school_ru_wall2_4_x"
		{Orientation
			1	0	0
			0	-1	0
			0	0	1
		}
		{bone "piece03"
			{Position -12.7013	-17.0376	7.10496}
			{VolumeView "piece03.ply"}
		}
		{bone "piece04"
			{Position -11.8077	-16.3506	-28.4247}
			{VolumeView "piece04.ply"}
		}
		{bone "piece05"
			{Position -13.1241	8.81583	7.07066}
			{VolumeView "piece05.ply"}
			{bone "sub_piece05"
				{Position 0	4.05865	8.24611}
				{VolumeView "sub_piece05.ply"}
			}
		}
		{bone "piece06"
			{Position -13.1241	9.43231	25.4172}
			{VolumeView "piece06.ply"}
		}
		{bone "piece07"
			{Position 5.57406	-8.06342	28.7887}
			{VolumeView "piece07.ply"}
			{bone "sub_piece07"
				{Position -4.81067	0	-7.51746}
				{VolumeView "sub_piece07.ply"}
			}
		}
		{bone "piece08"
			{Position 0.369865	-8.06343	3.84057}
			{VolumeView "piece08.ply"}
			{bone "sub_piece08"
				{Position -4.83578	0	7.00237}
				{VolumeView "sub_piece08.ply"}
			}
		}
		{bone "piece01"
			{Position 2.49688	17.8777	37.4846}
			{VolumeView "piece01.ply"}
		}
	}
}
{Volume "piece01"
	{Box 36.07 38.3775 2.43315}
	{Bone "piece01"}
	{Matrix34
		0.955579	0	0.294734
		0	1	0
		-0.294734	0	0.955579
		-6.07906	0	-0.42167
	}
}
{Volume "piece03"
	{Box 7.23813 9.46028 38.0491}
	{Bone "piece03"}
	{Matrix34
		0.96832	0	0.249714
		0	1	0
		-0.249714	0	0.96832
		3.30713	0	1.80847
	}
}
{Volume "piece04"
	{Box 4.54935 8.12981 36.5034}
	{Bone "piece04"}
	{Matrix34
		0.973278	0	-0.229631
		0	1	0
		0.229631	0	0.973278
		-0.210599	0	0
	}
}
{Volume "piece05"
	{Box 3.50085 14.4181 14.574}
	{Bone "piece05"}
	{Matrix34
		1	0	0
		0	0.934367	-0.356311
		0	0.356311	0.934367
		0	0.336399	0.00571108
	}
}
{Volume "piece06"
	{Box 3.50085 14.7769 8.9803}
	{Bone "piece06"}
	{Position 0	0	0}
}
{Volume "piece07"
	{Box 13.0099 7.5854 16.0657}
	{Bone "piece07"}
	{Matrix34
		0.823566	0	0.567221
		0	1	0
		-0.567221	0	0.823566
		0.107883	0	-0.658831
	}
}
{Volume "piece08"
	{Box 13.0208 7.58542 9.29177}
	{Bone "piece08"}
	{Matrix34
		0.949542	0	0.31364
		0	1	0
		-0.31364	0	0.949542
		0.425675	0	0.187827
	}
}
{Volume "sub_piece05"
	{Box 3.50085 12.2005 7.9519}
	{Bone "sub_piece05"}
	{Position 0	0	0}
}
{Volume "sub_piece07"
	{Box 8.11561 7.5854 13.6335}
	{Bone "sub_piece07"}
	{Matrix34
		0.805429	0	0.592692
		0	1	0
		-0.592692	0	0.805429
		-0.924205	0	0.133408
	}
}
{Volume "sub_piece08"
	{Box 10.5249 7.58542 7.28048}
	{Bone "sub_piece08"}
	{Matrix34
		0.890915	0	-0.454171
		0	1	0
		0.454171	0	0.890915
		0.231127	0	-0.53965
	}
}
