;Exported by: sana
;Date:        Mon Apr 30 11:02:15 2007
;File:        D:\-Project-\-3DWork-\Entourage\School_Ru\School_ru_cut3a_x.max
{Skeleton
	{bone "school_ru_inn_r_2_11_x"
		{Orientation
			1	0	0
			0	-1	0
			0	0	1
		}
		{bone "piece03"
			{Position -7.17975	0	1.71639}
			{VolumeView "piece03.ply"}
			{bone "sub_piece03"
				{Position 5.54437	0	-8.92964}
				{VolumeView "sub_piece03.ply"}
			}
		}
		{bone "piece02"
			{Position 11.1772	0	0.374855}
			{VolumeView "piece02.ply"}
		}
		{bone "piece01"
			{Position 14.5747	0	20.4417}
			{VolumeView "piece01.ply"}
			{bone "sub_piece01"
				{Position -1.9151	0	-7.6882}
				{VolumeView "sub_piece01.ply"}
			}
		}
	}
}
{Volume "piece01"
	{Box 11.5048 2.95276 12.5971}
	{Bone "piece01"}
	{Matrix34
		0.96453	0	0.263974
		0	1	0
		-0.263974	0	0.96453
		-0.0941305	0	0.343884
	}
}
{Volume "piece02"
	{Box 13.8601 2.95277 10.9826}
	{Bone "piece02"}
	{Matrix34
		0.989519	0	0.1444
		0	1	0
		-0.1444	0	0.989519
		-0.375369	0	-0.267463
	}
}
{Volume "piece03"
	{Box 14.6777 2.95276 13.3982}
	{Bone "piece03"}
	{Matrix34
		0.960824	0	0.27716
		0	1	0
		-0.27716	0	0.960824
		1.38219	0	0.194184
	}
}
{Volume "sub_piece01"
	{Box 8.5542 2.95276 10.7165}
	{Bone "sub_piece01"}
	{Matrix34
		0.816292	0	0.57764
		0	1	0
		-0.57764	0	0.816292
		0.384214	0	0.504781
	}
}
{Volume "sub_piece03"
	{Box 11.7197 2.95276 8.49625}
	{Bone "sub_piece03"}
	{Matrix34
		0.93672	0	0.35008
		0	1	0
		-0.35008	0	0.93672
		0.935239	0	0.174523
	}
}
