;Exported by: sana
;Date:        Tue Nov 21 16:07:51 2006
;File:        D:\-Project-\-3DWork-\Entourage\fortifikations_x.max
{Skeleton
	{bone "wire_right_br_a_x"
		{Orientation
			1	0	0
			0	-1	0
			0	0	1
		}
		{bone "piece01"
			{Position 11.4137	-10.2396	25.4013}
			{VolumeView "piece01.ply"}
		}
		{bone "piece02"
			{Position -20.9364	-4.44806	22.513}
			{VolumeView "piece02.ply"}
		}
		{bone "piece03"
			{Position -11.3137	9.85868	20.6281}
			{VolumeView "piece03.ply"}
		}
		{bone "piece05"
			{Position -14.9705	-11.0196	21.864}
			{VolumeView "piece05.ply"}
		}
		{bone "piece04"
			{Position -9.25665	12.9826	14.0754}
			{VolumeView "piece04.ply"}
		}
		{bone "piece06"
			{Position -13.4663	-0.0130081	20.1493}
			{VolumeView "piece06.ply"}
		}
		{bone "piece07"
			{Position 12.5149	2.16836	10.7125}
			{VolumeView "piece07.ply"}
		}
		{bone "piece08"
			{Position -6.71736	-13.8705	14.6682}
			{VolumeView "piece08.ply"}
		}
		{bone "piece09"
			{Position 8.48407	11.2584	10.4822}
			{VolumeView "piece09.ply"}
		}
		{bone "piece10"
			{Position -18.3229	-2.32629	12.2539}
			{VolumeView "piece10.ply"}
		}
		{bone "piece11"
			{Position 19.0112	1.50195	12.7225}
			{VolumeView "piece11.ply"}
		}
		{bone "piece12"
			{Position -8.0499	-10.6462	11.3928}
			{VolumeView "piece12.ply"}
		}
		{bone "piece13"
			{Position -20.4349	8.04957	10.1893}
			{VolumeView "piece13.ply"}
		}
	}
}
{Volume "piece01"
	{Box 2.08897 1.46358 23.733}
	{Bone "piece01"}
	{Matrix34
		0.582466	0.00314449	-0.812849
		0.0149334	-0.999865	0.00683289
		-0.812719	-0.0161185	-0.582434
		4.31534e-005	-1.14202e-005	3.01803e-005
	}
}
{Volume "piece02"
	{Box 2.6 2.25168 19.4825}
	{Bone "piece02"}
	{Matrix34
		-0.270969	0.78388	0.558666
		-0.962098	-0.202027	-0.183174
		-0.0307206	-0.587127	0.808912
		-1.49745e-005	0	0
	}
}
{Volume "piece03"
	{Box 2.0168 1.46359 23.2267}
	{Bone "piece03"}
	{Matrix34
		-0.339918	-0.68139	-0.648201
		0.393443	-0.729059	0.560067
		-0.8542	-0.0646507	0.515908
		3.57544e-005	0	-2.44616e-005
	}
}
{Volume "piece04"
	{Box 1.58726 2.17959 23.0775}
	{Bone "piece04"}
	{Matrix34
		-0.0114359	-0.209057	-0.977836
		-0.052612	-0.97642	0.209369
		-0.99855	0.0538405	0.000167366
		1.81218e-005	0	0
	}
}
{Volume "piece05"
	{Box 15.8681 2.6924 2.33343}
	{Bone "piece05"}
	{Matrix34
		0.859034	-0.0261647	-0.51125
		0.022484	0.999658	-0.0133814
		0.511425	0	0.859328
		-0.45317	0	-0.107731
	}
}
{Volume "piece06"
	{Box 18.6029 2.61152 2.50537}
	{Bone "piece06"}
	{Position -1.52588e-005	0	0}
}
{Volume "piece07"
	{Box 1.91895 2.2162 25.5485}
	{Bone "piece07"}
	{Matrix34
		0.70455	-0.327176	-0.629735
		-0.351721	-0.931714	0.0905604
		-0.616362	0.157686	-0.771514
		0	0	0
	}
}
{Volume "piece08"
	{Box 1.43837 1.79523 28.194}
	{Bone "piece08"}
	{Matrix34
		-0.0207767	-0.790101	0.612625
		0.0139827	0.612469	0.790371
		-0.999686	0.0249871	-0.00167752
		-2.67335e-005	1.7926e-005	0
	}
}
{Volume "piece09"
	{Box 1.85892 1.46358 21.605}
	{Bone "piece09"}
	{Matrix34
		-0.339918	-0.68139	-0.6482
		0.393444	-0.729059	0.560067
		-0.854201	-0.0646512	0.515908
		-3.91678e-005	0	1.8402e-005
	}
}
{Volume "piece10"
	{Box 2.60001 2.25167 22.2072}
	{Bone "piece10"}
	{Matrix34
		-0.998621	-0.00579844	0.0521744
		-0.0362322	0.795327	-0.605096
		-0.037987	-0.606152	-0.794441
		0	0	0
	}
}
{Volume "piece11"
	{Box 2.60001 2.25166 25.6546}
	{Bone "piece11"}
	{Matrix34
		0.998339	-0.0133496	0.0560415
		-0.0233654	0.795351	0.605698
		-0.0526584	-0.606003	0.793718
		-1.53573e-005	-1.36045e-005	-1.08556e-005
	}
}
{Volume "piece12"
	{Box 2.56884 1.55908 20.6935}
	{Bone "piece12"}
	{Matrix34
		0.582466	0.00314687	-0.812849
		0.0149337	-0.999865	0.00683025
		-0.812718	-0.0161173	-0.582434
		0	1.50773e-005	0
	}
}
{Volume "piece13"
	{Box 2.6 2.25168 18.1897}
	{Bone "piece13"}
	{Matrix34
		-0.270969	0.578107	0.769655
		-0.962098	-0.137136	-0.235714
		-0.0307203	-0.804354	0.593355
		-3.73677e-005	0	-1.00608e-005
	}
}
