;Exported by: sana
;Date:        Tue Apr 25 15:20:14 2006
;File:        D:\-Project-\-3DWork-\Entourage\e-house023_corner_x.max
{Skeleton
	{bone "barn_corner8"
		{Orientation
			1	0	0
			0	-1	0
			0	0	1
		}
		{bone "exterior"
			{Position 3.24803	0	85.7087}
		}
		{bone "piece0"
			{Position 6.0136	-18.0505	96.6856}
			{VolumeView "piece0.ply"}
		}
		{bone "piece1"
			{Position 5.81868	-43.873	70.3617}
			{VolumeView "piece1.ply"}
		}
		{bone "piece2"
			{Position 19.2232	-5.32327	88.8216}
			{VolumeView "piece2.ply"}
		}
		{bone "piece3"
			{Position -18.203	-16.6114	101.41}
			{VolumeView "piece3.ply"}
			{bone "sub_piece3"
				{Position -5.30544	24.1528	-25.8174}
				{VolumeView "sub_piece3.ply"}
			}
		}
		{bone "piece4"
			{Position -14.8843	11.9904	62.6443}
			{VolumeView "piece4.ply"}
			{bone "sub_piece4"
				{Position 2.46327	0	-8.96882}
				{VolumeView "sub_piece4.ply"}
			}
		}
		{bone "piece5"
			{Position 12.4642	11.9905	59.0442}
			{VolumeView "piece5.ply"}
			{bone "sub_piece5"
				{Position 1.70534	0	-14.2112}
				{VolumeView "sub_piece5.ply"}
			}
		}
		{bone "piece6"
			{Position 6.40093	11.9905	27.1479}
			{VolumeView "piece6.ply"}
			{bone "sub_piece6"
				{Position 0.315805	0	-12.7585}
				{VolumeView "sub_piece6.ply"}
			}
		}
		{bone "piece7"
			{Position -25.8742	11.9905	40.4117}
			{VolumeView "piece7.ply"}
			{bone "sub_piece7"
				{Position 3.03181	0	-15.6639}
				{VolumeView "sub_piece7.ply"}
			}
		}
	}
}
{Volume "piece0"
	{Box 2.14215 73.5573 2.94851}
	{Bone "piece0"}
	{Matrix34
		1	0	0
		0	0.70077	-0.713387
		0	0.713387	0.70077
		0	-0.0483875	-0.079558
	}
}
{Volume "piece1"
	{Box 2.78737 59.3447 2.92747}
	{Bone "piece1"}
	{Position 0	22.7157	0}
}
{Volume "piece2"
	{Box 51.5846 61.3655 3.3258}
	{Bone "piece2"}
	{Matrix34
		1	0	0
		0	0.710308	-0.703891
		0	0.703891	0.710308
		0.186616	4.91065	-1.59916
	}
}
{Volume "piece3"
	{Box 45.5531 34.7713 3.61443}
	{Bone "piece3"}
	{Matrix34
		1	0	0
		0	0.710986	-0.703206
		0	0.703206	0.710986
		1.74387	3.80775	-1.97917
	}
}
{Volume "piece4"
	{Box 20.2316 7 11.2653}
	{Bone "piece4"}
	{Position 1.15685	0	0.864754}
}
{Volume "piece5"
	{Box 21.2637 7.00001 18.0134}
	{Bone "piece5"}
	{Position 1.0516	0	0.987185}
}
{Volume "piece6"
	{Box 17.781 7 14.6785}
	{Bone "piece6"}
	{Matrix34
		0.978003	0	-0.208592
		0	1	0
		0.208592	0	0.978003
		-0.618211	0	0.158645
	}
}
{Volume "piece7"
	{Box 16.5734 7.00001 21.5656}
	{Bone "piece7"}
	{Matrix34
		0.997593	0	-0.0693434
		0	1	0
		0.0693434	0	0.997593
		1.68973	0	-0.294726
	}
}
{Volume "sub_piece3"
	{Box 38.4543 32.8779 2.63854}
	{Bone "sub_piece3"}
	{Matrix34
		1	0	0
		0	0.712919	-0.701246
		0	0.701246	0.712919
		1.37316	2.18469	1.0211
	}
}
{Volume "sub_piece4"
	{Box 15.6891 7 10.3306}
	{Bone "sub_piece4"}
	{Matrix34
		0.978132	0	0.207986
		0	1	0
		-0.207986	0	0.978132
		1.4937	0	-0.581237
	}
}
{Volume "sub_piece5"
	{Box 16.639 7 11.7251}
	{Bone "sub_piece5"}
	{Matrix34
		0.990998	0	-0.133874
		0	1	0
		0.133874	0	0.990998
		-0.728805	0	-0.229978
	}
}
{Volume "sub_piece6"
	{Box 17.1443 7 13.3345}
	{Bone "sub_piece6"}
	{Matrix34
		0.978713	0	-0.205235
		0	1	0
		0.205235	0	0.978713
		-0.600846	0	-0.350163
	}
}
{Volume "sub_piece7"
	{Box 14.2566 7 10.0425}
	{Bone "sub_piece7"}
	{Matrix34
		0.93706	0	0.34917
		0	1	0
		-0.34917	0	0.93706
		0.675494	0	-0.194497
	}
}
