;Exported by: skr
;Date:        Mon Aug 19 13:49:34 2013
;File:        D:\Documents\3dsmax\scenes\Japan Type 32 Lewis tripod\Type 32 Lewis tripod_x.max
{Skeleton
	{bone "basis"
		{Orientation
			1	0	0
			0	-1	0
			0	0	1
		}
		{bone "body"
			{parameters "ID=body;"}
			{Position 0	0	22.5133}
			{VolumeView "body.ply"}
			{bone revolute "turret"
				{parameters "ID=body;"}
				{Position 0	0	1.37455}
				{VolumeView "turret.ply"}
				{bone revolute "gun_rot"
					{Matrix34
						1	0	0
						0	0	1
						0	-1	0
						4.49668	1.65619	3.38381
					}
					{VolumeView "gun_rot.ply"}
					{bone "mgun"
						{Position -12.2068	-0.595905	1.65619}
						{bone "ruchka"
							{Position -2.62708	1.3493	-0.10198}
							{VolumeView "ruchka.ply"}
						}
					}
				}
			}
			{bone revolute "sharnir3"
				{parameters "ID=body;"}
				{Matrix34
					-0.406994	-0.715834	-0.567396
					-0.325377	-0.466809	0.822326
					-0.853514	0.519299	-0.0429277
					0.989873	1.67707	-0.787617
				}
				{VolumeView "sharnir3.ply"}
				{bone revolute "noga3"
					{parameters "ID=body;"}
					{Matrix34
						0	0	1
						0	1	0
						-1	0	0
						-0.272424	-2.85641	-0.0210632
					}
					{VolumeView "noga3.ply"}
				}
			}
			{bone revolute "sharnir2"
				{parameters "ID=body;"}
				{Matrix34
					-0.399348	0.717301	-0.570964
					-0.324382	0.471943	0.819784
					0.857495	0.51259	0.0442099
					0.975894	-1.68524	-0.787617
				}
				{VolumeView "sharnir2.ply"}
				{bone revolute "noga2"
					{parameters "ID=body;"}
					{Matrix34
						0	0	1
						0	1	0
						-1	0	0
						-0.272425	-2.85641	-0.0210633
					}
					{VolumeView "noga2.ply"}
				}
			}
			{bone revolute "noga1"
				{parameters "ID=body;"}
				{Matrix34
					0.808426	0	-0.588598
					0.588598	0	0.808426
					0	-1	0
					-1.92682	0	-0.773722
				}
				{VolumeView "noga1.ply"}
			}
		}
	}
}
