;Exported by: sergienko
;Date:        Fri Nov 25 12:24:12 2005
;File:        D:\-projets1_5\3dwork\anima\construction\hangar\hangar2_x.max
{Skeleton
	{bone "air_force_kaserne2_c18"
		{Orientation
			1	0	0
			0	-1	0
			0	0	1
		}
		{bone "fx_wood1"
			{Position 6.72119	-3.97615	58.2593}
		}
		{bone "fx_dust1"
			{Position 6.72119	-3.97615	67.9911}
		}
		{bone "fx_wood2"
			{Position 6.72119	-3.97615	73.4922}
		}
		{bone "piece2"
			{Matrix34
				0	1	0
				-0.34202	0	0.939693
				0.939693	0	0.34202
				0.657166	-12.331	76.856
			}
			{VolumeView "piece2.ply"}
		}
		{bone "piece1"
			{Matrix34
				0	1	0
				0.422618	0	0.906308
				0.906308	0	-0.422618
				0.657166	0.00428869	103.419
			}
			{VolumeView "piece1.ply"}
		}
		{bone "piece4"
			{Matrix34
				-1	0	0
				0	-0.173648	0.984808
				0	0.984808	0.173648
				-24.9939	-34.4567	35.3599
			}
			{VolumeView "piece4.ply"}
		}
		{bone "piece3"
			{Matrix34
				-1	0	0
				0	0.422618	-0.906308
				0	-0.906308	-0.422618
				-25.1035	-34.4567	63.1657
			}
			{VolumeView "piece3.ply"}
		}
	}
}
{Volume "piece1"
	{Box 47.0406 18.7312 2.14069}
	{Bone "piece1"}
	{Position 0	0	6.23231e-005}
}
{Volume "piece2"
	{Box 42.4609 14.0043 2.14069}
	{Bone "piece2"}
	{Position 0.367867	0	2.01202e-005}
}
{Volume "piece3"
	{Box 34.9049 9.331 2.14069}
	{Bone "piece3"}
	{Position 2.23633	2.33663	2.00613e-005}
}
{Volume "piece4"
	{Box 47.0494 23.3381 2.14069}
	{Bone "piece4"}
	{Position 0.803894	0	-1.9803e-005}
}
