;Exported by: Sergey
;Date:        Sun Jan 06 17:54:33 2013
;File:        D:\Documents\3dsmax\scenes\8-cm s.GR.W.34\8 cm s.Gr.W.34_01.max
{Skeleton
	{animation
		{sequence "close" {speed 0.6}}
	}
	{bone revolute "basis"
		{limits -180 180}
		{speed 0.001}
		{Orientation
			1	0	0
			0	-1	0
			0	0	1
		}
		{bone "body"
			{parameters "CommonMesh;ID=body;"}
			{Position 0	0	1.22705}
			{VolumeView "body.ply"}
			{bone revolute "turret"
				{parameters "ID=gun;"}
				{limits -15 15}
				{speed 0.01}
				{Position 0.0135478	0.0686445	0.376197}
				{VolumeView "turret.ply"}
				{bone "gun"
					{parameters "CommonMesh;ID=gun;"}
					{Position 1.15309	0	1.91529}
					{VolumeView "gun.ply"}
					{bone "stanok"
						{parameters "ID=gun;"}
						{Matrix34
							0.856719	0	-0.515784
							0	1	0
							0.515784	0	0.856719
							8.22944	0.00918967	9.43081
						}
						{VolumeView "stanok.ply"}
						{bone revolute "povorot"
							{parameters "ID=body;"}
							{Matrix34
								0.73341	0	0.679786
								-0.679786	0	0.73341
								0	-1	0
								1.31798	0.518897	0.00871181
							}
							{VolumeView "povorot.ply"}
							{bone "stoika"
								{parameters "ID=body;"}
								{Matrix34
									1	0	0
									0	0	-1
									0	1	0
									-0.0124855	-3.62505	0.580644
								}
								{VolumeView "stoika.ply"}
								{bone revolute "noga_l"
									{parameters "ID=body;"}
									{Matrix34
										0	0.800744	0.599007
										0	0.599007	-0.800744
										-1	0	0
										0.00353146	1.13215	-0.402001
									}
									{VolumeView "noga_l.ply"}
								}
								{bone revolute "noga_r"
									{parameters "ID=body;"}
									{Matrix34
										0	-0.824257	0.566215
										0	-0.566215	-0.824258
										1	0	0
										0.00353241	-1.18338	-0.401999
									}
									{VolumeView "noga_r.ply"}
								}
							}
						}
						{bone "pricel"
							{Matrix34
								0	-1	0
								-0.514732	0	0.857351
								-0.857351	0	-0.514732
								-1.00261	1.25969	2.15273
							}
							{VolumeView "pricel.ply"}
							{bone "visor"
								{Matrix34
									0	0.00122674	-0.999999
									0	0.999999	0.00122674
									1	0	0
									-0.489016	0.636191	-1.79287
								}
							}
						}
						{bone "visor2"
							{Matrix34
								0.856719	0	0.515784
								-0.515784	0	0.856719
								0	-1	0
								2.34923	-0.0778303	0.788176
							}
						}
					}
					{bone "handle1"
						{Matrix34
							1	0	0
							0	0	1
							0	-1	0
							9.51574	-0.0686407	13.6923
						}
					}
					{bone revolute "foresight"
						{limits -20 25}
						{Matrix34
							0.476445	0	0.879204
							0.879204	0	-0.476445
							0	1	0
							10.9151	-0.0686407	18.0239
						}
					}
				}
			}
			{bone "handle2"
				{Matrix34
					1	0	0
					0	0	1
					0	-1	0
					-4.64451	0	-0.47591
				}
			}
		}
		{bone "commander"
			{Position 4.90929	-14.8698	0}
		}
		{bone "gunner"
			{Position 5.03949	14.6868	0}
		}
		{bone "driver1"
			{Position 12.7216	-3.15133	0}
		}
		{bone "driver2"
			{Position -8.11122	-0.286817	0}
		}
		{bone "emit1"
			{Position -9.80388	14.817	0}
		}
		{bone "emit2"
			{Position -10.5851	-14.6094	0}
		}
	}
}
{Volume "body"
	{Box 10.3117 12.1991 1.9685}
	{Bone "body"}
	{Position 0.0112366	0.030801	-0.2428}
}
{Volume "gun"
	{Cylinder 1.21534 22.2651}
	{Bone "gun"}
	{Matrix34
		0.857608	0	-0.514303
		0	1	0
		0.514303	0	0.857608
		4.91199	-0.0148258	8.06751
	}
}
{Volume "noga_l"
	{Cylinder 0.556465 9.84252}
	{Bone "noga_l"}
	{Matrix34
		-0.0181162	0.0106471	-0.999779
		0.999827	0.00441831	-0.01807
		0.00422585	-0.999934	-0.0107254
		0.187551	4.9452	-0.106603
	}
}
{Volume "noga_r"
	{Cylinder 0.526897 9.84252}
	{Bone "noga_r"}
	{Matrix34
		-0.342243	-0.00931484	0.939565
		-0.9393	-0.0223598	-0.342368
		0.0241971	-0.999706	-0.00109718
		-0.0938068	5.25615	-0.0243185
	}
}
{Volume "stoika"
	{Cylinder 0.852106 9.84252}
	{Bone "stoika"}
	{Matrix34
		0.999345	0	-0.0361874
		0	1	0
		0.0361874	0	0.999345
		-0.0564191	0.0917199	-0.523362
	}
}
