;Exported by: Mauzer
;Date:        Sun Jan 22 19:52:32 2012
;File:        E:\Autodesk\Low poly\freelance\DMS\ammo\Barbed wire\barricades left_x+.max
{Skeleton
	{bone "wire_left__b_x"
		{Orientation
			1	0	0
			0	-1	0
			0	0	1
		}
		{bone "piece01"
			{VolumeView "piece01.ply"}
		}
		{bone "piece03"
			{Position 14.043	0.216062	9.55793}
			{VolumeView "piece03.ply"}
		}
		{bone "piece07"
			{Position -14.702	-0.0248919	9.49626}
			{VolumeView "piece07.ply"}
		}
		{bone "piece02"
			{Position -0.397219	0.0245016	12.084}
			{VolumeView "piece02.ply"}
		}
		{bone "piece08"
			{Position -13.8391	0.205882	9.59594}
			{VolumeView "piece08.ply"}
		}
		{bone "piece06"
			{Position -0.397219	0.0245016	12.084}
			{VolumeView "piece06.ply"}
		}
		{bone "piece05"
			{Position 14.043	0.216062	9.55793}
			{VolumeView "piece05.ply"}
		}
		{bone "piece09"
			{Position -13.8391	0.205882	9.59594}
			{VolumeView "piece09.ply"}
		}
		{bone "piece04"
			{Position 14.043	0.216062	9.55793}
			{VolumeView "piece04.ply"}
		}
		{bone "fx_wood2"
			{Position -12.8523	0	0.15818}
		}
		{bone "fx_wood1"
			{Position 12.5161	0	0.15818}
		}
	}
}
{Volume "piece01"
	{Cylinder 1.2834 12.6265}
	{Bone "piece01"}
	{Matrix34
		0	-1	0
		0	0	1
		-1	0	0
		1.65875	0.0136031	12.1259
	}
}
{Volume "piece02"
	{Cylinder 1.2834 11.0759}
	{Bone "piece02"}
	{Matrix34
		0	-1	0
		0	0	1
		-1	0	0
		14.9753	-0.0108942	0.0418805
	}
}
{Volume "piece03"
	{Cylinder 1.28346 15.1312}
	{Bone "piece03"}
	{Matrix34
		1	0	0
		0	0.707107	0.707107
		0	-0.707107	0.707107
		-0.554391	-5.58313	5.06244
	}
}
{Volume "piece04"
	{Cylinder 1.28346 13.8818}
	{Bone "piece04"}
	{Matrix34
		1	0	0
		0	0.707107	0.707107
		0	-0.707107	0.707107
		-0.554394	5.37347	-5.89416
	}
}
{Volume "piece05"
	{Cylinder 1.28346 21.5491}
	{Bone "piece05"}
	{Matrix34
		1	0	0
		0	-0.707107	0.707107
		0	-0.707107	-0.707107
		0.314127	-3.08476	-3.28337
	}
}
{Volume "piece06"
	{Cylinder 1.2834 15.5306}
	{Bone "piece06"}
	{Matrix34
		0	-1	0
		0	0	1
		-1	0	0
		-12.6045	-0.0109029	0.0418792
	}
}
{Volume "piece07"
	{Cylinder 1.28346 29.5358}
	{Bone "piece07"}
	{Matrix34
		1	0	0
		0	0.707107	0.707107
		0	-0.707107	0.707107
		-0.228322	0.0799179	-0.297979
	}
}
{Volume "piece08"
	{Cylinder 1.28346 18.6075}
	{Bone "piece08"}
	{Matrix34
		1	0	0
		0	-0.707107	0.707107
		0	-0.707107	-0.707107
		0.119896	3.71285	3.46605
	}
}
{Volume "piece09"
	{Cylinder 1.28346 10.0481}
	{Bone "piece09"}
	{Matrix34
		1	0	0
		0	-0.707107	0.707107
		0	-0.707107	-0.707107
		0.119901	-6.88447	-7.13128
	}
}
