;Exported by: sergienko
;Date:        Thu Jun 19 17:56:25 2008
;File:        D:\-projets1_5\3dwork\anima\construction\vehicle\coaster_ship\coaster_ship02.max
{Skeleton
	{bone "basis"
		{Orientation
			1	0	0
			0	-1	0
			0	0	1
		}
		{bone "piece2"
			{Matrix34
				-0.0112043	0.996963	0.0770696
				0.99989	0.010421	0.010557
				-0.00972175	-0.0771794	0.99697
				-0.610872	-1.48207	15.7657
			}
			{VolumeView "piece2.ply"}
		}
		{bone "piece1"
			{Matrix34
				-0.0931534	0.992019	0.0849736
				0.994252	0.0881597	0.0607466
				-0.0527706	-0.0901439	0.99453
				21.9411	0.462955	15.4346
			}
			{VolumeView "piece1.ply"}
		}
		{bone "piece3"
			{Matrix34
				0.0190485	0.996963	0.0755144
				0.928277	0.0104213	-0.371742
				0.3714	-0.0771794	0.92526
				10.5047	-0.789705	24.218
			}
			{VolumeView "piece3.ply"}
		}
		{bone "piece4"
			{Matrix34
				-0.0112043	0.996963	0.0770696
				0.99989	0.0104211	0.0105564
				-0.00972118	-0.0771794	0.99697
				18.4665	17.0906	9.72687
			}
			{VolumeView "piece4.ply"}
		}
		{bone "piece5"
			{Matrix34
				-0.0112043	0.996963	0.0770696
				0.99989	0.0104211	0.0105564
				-0.00972118	-0.0771794	0.99697
				-3.30151	-8.46342	17.6383
			}
			{VolumeView "piece5.ply"}
		}
		{bone "piece6"
			{Matrix34
				0	-0.939693	-0.34202
				-1	0	0
				0	-0.34202	0.939693
				21.8908	19.4081	6.02448
			}
			{VolumeView "piece6.ply"}
		}
		{bone "piece7"
			{Matrix34
				0	-0.939693	0.34202
				-1	0	0
				0	0.34202	0.939693
				-11.7657	-20.7762	3.68503
			}
			{VolumeView "piece7.ply"}
		}
		{bone "fx_metall1a"
			{Position 1.5856e-005	0	0}
		}
		{bone "fx_exp1"
			{Position 1.5856e-005	0	0}
		}
		{bone "fx_dust1"
			{Position 1.5856e-005	0	0}
		}
		{bone "fx_metall1"
			{Position 1.5856e-005	0	0}
		}
	}
}
{Volume "piece1"
	{Box 18.6906 21.8195 2.03896}
	{Bone "piece1"}
	{Matrix34
		-0.0184008	0.999831	0.000377081
		0.999826	0.018402	-0.0030545
		0.00306094	-0.000320785	0.999995
		0.564461	0.02485	0.406871
	}
}
{Volume "piece2"
	{Polyhedron "piece2.vol"}
	{Bone "piece2"}
	{Matrix34
		0	1	0
		1	0	0
		0	0	1
		0.956573	-7.95432	-11.482
	}
}
{Volume "piece3"
	{Box 26.8652 12.6177 1.7126}
	{Bone "piece3"}
	{Matrix34
		0.999761	-0.0216692	0.00288325
		-0.00545138	-0.119391	0.992833
		0.0211696	0.992611	0.119481
		0.502716	-1.92501	0.613902
	}
}
{Volume "piece4"
	{Polyhedron "piece4.vol"}
	{Bone "piece4"}
	{Matrix34
		-0.0112043	0.99989	-0.00972164
		0.996963	0.0104211	-0.0771794
		0.0770697	0.0105568	0.99697
		-0.270233	-0.0314331	-3.37791
	}
}
{Volume "piece5"
	{Polyhedron "piece5.vol"}
	{Bone "piece5"}
	{Matrix34
		-0.0112043	0.99989	-0.00972163
		0.996963	0.0104211	-0.0771794
		0.0770697	0.0105568	0.99697
		-0.191956	-0.0825195	-3.43713
	}
}
{Volume "piece6"
	{Cylinder 6.51853 3.35763}
	{Bone "piece6"}
	{Matrix34
		0	0	-1
		0	-1	0
		1	0	0
		-4.85814e-005	0	0.0626151
	}
}
{Volume "piece7"
	{Cylinder 6.51853 3.35763}
	{Bone "piece7"}
	{Matrix34
		0	0	-1
		0	-1	0
		1	0	0
		-1.8306e-005	1.5207e-005	0.062638
	}
}
