;Exported by: ubrashaev
;Date:        Mon Jan 30 10:32:09 2006
;File:        D:\-Projects1_5-\-work-\3d\-INVENTORY-\mg_tower\mg34_tower_new_xx.max
{Skeleton
	{bone "basis"
		{Orientation
			1	0	0
			0	-1	0
			0	0	1
		}
		{bone "stan"
			{Matrix34
				0.996195	0	0.0871557
				0.0298088	0.939693	-0.340719
				-0.0818997	0.34202	0.936117
				-0.11234	2.82319	7.05846
			}
			{VolumeView "stan.ply"}
			{bone "part1"
				{Position -3.31184	6.71104	4.554}
				{VolumeView "part1.ply"}
			}
			{bone "part2"
				{Position -3.34446	-7.3057	2.30664}
				{VolumeView "part2.ply"}
			}
		}
	}
}
{Volume "part1"
	{Box 2.24427 1.61782 21.998}
	{Bone "part1"}
	{Matrix34
		0.994167	-0.00720768	-0.10761
		0.0597054	0.867707	0.493477
		0.089817	-0.497024	0.863076
		-0.681369	1.71949	1.40642
	}
}
{Volume "part2"
	{Box 1.92467 2.11338 22.4623}
	{Bone "part2"}
	{Matrix34
		0.996195	0.029809	-0.0818996
		-0.0435779	0.984157	-0.17186
		0.0754791	0.174775	0.981711
		-0.898096	-0.0770044	-0.686534
	}
}
{Volume "stan"
	{Box 2.15878 1.15289 23.6685}
	{Bone "stan"}
	{Matrix34
		0.939693	-0.116978	0.321394
		0.116978	0.992945	0.0193824
		-0.321394	0.0193825	0.946747
		7.07446	-1.82937	1.14194
	}
}
