;Exported by: sana
;Date:        Fri Apr 28 11:05:34 2006
;File:        D:\-Project-\-3DWork-\Entourage\fence\barricade_new_vik2_work.max
{Skeleton
	{bone "barricade2_b_corner1"
		{Orientation
			1	0	0
			0	-1	0
			0	0	1
		}
		{VolumeView "barricade2_b_corner1.ply"}
		{bone "climb14"
			{Matrix34
				0.997588	-0.0694167	0
				0.0694167	0.997588	0
				0	0	1
				8.96185	40.5294	-0.263888
			}
			{visibility 0}
		}
		{bone "climb10"
			{Matrix34
				-0.972638	0.232324	0
				-0.232324	-0.972638	0
				0	0	1
				56.1045	16.0192	-0.263888
			}
			{visibility 0}
		}
	}
}
{Obstacle "obstacle1"
	{Polygon2
		{Radius 0}
		{Vertex -0.695557 13.7283}
		{Vertex -9.54299 0.513047}
		{Vertex 9.73587 -20.2724}
		{Vertex 20.9289 -10.8238}
	}
	{Rotate}
}
{Obstacle "obstacle2"
	{Polygon2
		{Radius 0}
		{Vertex 52.1051 -41.848}
		{Vertex 47.7676 -19.7956}
		{Vertex 32.7604 -4.25758}
		{Vertex 14.8656 -13.8092}
		{Vertex 26.2203 -47.3304}
	}
	{Rotate}
}
{Volume "body1"
	{Cylinder 5.16835 18.8051}
	{Bone "barricade2_b_corner1"}
	{Matrix34
		0.987197	0.159504	0
		-0.159504	0.987197	0
		0	0	1
		3.29217	-4.56725	9.40253
	}
}
{Volume "body2"
	{Box 19.039 8.97259 16.7323}
	{Bone "barricade2_b_corner1"}
	{Matrix34
		0.713091	0.701071	0
		-0.701071	0.713091	0
		0	0	1
		8.3501	12.2662	8.36614
	}
}
{Volume "body3"
	{Box 15.4168 31.9388 16.7323}
	{Bone "barricade2_b_corner1"}
	{Matrix34
		0.964238	-0.264029	0.0230998
		0.263795	0.964495	0.0126951
		-0.0256315	-0.00614748	0.999653
		31.5013	29.7108	8.36323
	}
}
