;Exported by: sana
;Date:        Thu Jul 06 15:44:39 2006
;File:        D:\ss\store_1\store_03n_x.max
{Skeleton
	{bone "store3_wall9"
		{Orientation
			1	0	0
			0	-1	0
			0	0	1
		}
		{bone "piece01"
			{Position 9.52649	21.4291	14.9793}
			{VolumeView "piece01.ply"}
			{bone "sub_piece01"
				{Position -3.80042	-1.73508e-005	-4.74107}
				{VolumeView "sub_piece01.ply"}
			}
		}
		{bone "piece02"
			{Position -13.0609	21.4291	15.2395}
			{VolumeView "piece02.ply"}
			{bone "sub_piece02"
				{Position 8.58996	-2.08366e-005	-1.38898}
				{VolumeView "sub_piece02.ply"}
			}
		}
		{bone "piece03"
			{Position -0.0308838	21.4291	-2.55518}
			{VolumeView "piece03.ply"}
			{bone "sub_piece03"
				{Position 3.98853	-1.72938e-005	-5.11736}
				{VolumeView "sub_piece03.ply"}
			}
		}
		{bone "piece04"
			{Position 12.01	21.4291	-0.297516}
			{VolumeView "piece04.ply"}
		}
		{bone "piece05"
			{Position -11.1311	21.4291	-13.6177}
			{VolumeView "piece05.ply"}
			{bone "sub_piece05"
				{Position 0.112915	-0.20952	-5.90753}
				{VolumeView "sub_piece05.ply"}
			}
		}
		{bone "piece06"
			{Position 14.5703	1.24124	25.8919}
			{VolumeView "piece06.ply"}
		}
		{bone "piece07"
			{Position -15.8713	2.56227	25.2431}
			{VolumeView "piece07.ply"}
		}
		{bone "piece08"
			{Position 18.6261	-6.38837	23.4556}
			{VolumeView "piece08.ply"}
			{bone "sub_piece08"
				{Position 0	7.79938	-2.82655}
				{VolumeView "sub_piece08.ply"}
			}
		}
		{bone "piece09"
			{Position 18.6261	6.59301	5.34444}
			{VolumeView "piece09.ply"}
			{bone "sub_piece09"
				{Position 0	0.837585	7.90403}
				{VolumeView "sub_piece09.ply"}
			}
		}
		{bone "piece10"
			{Position 18.6261	11.7751	-15.1745}
			{VolumeView "piece10.ply"}
			{bone "sub_piece10"
				{Position 0	6.96185	1.36099}
				{VolumeView "sub_piece10.ply"}
			}
		}
		{bone "exterior"
			{Position -4.07483	0.354332	25.1575}
		}
	}
}
{Volume "piece01"
	{Box 13.4707 5.90551 9.40693}
	{Bone "piece01"}
	{Position 0	0	0}
}
{Volume "piece02"
	{Box 14.1548 5.90551 9.89774}
	{Bone "piece02"}
	{Position 0	0	0}
}
{Volume "piece03"
	{Box 8.65436 5.90552 13.3202}
	{Bone "piece03"}
	{Position 0	0	0}
}
{Volume "piece04"
	{Box 8.05237 5.90551 10.7615}
	{Bone "piece04"}
	{Position 0	0	0}
}
{Volume "piece05"
	{Box 12.4924 5.90551 7.14927}
	{Bone "piece05"}
	{Position 0	0	0}
}
{Volume "piece06"
	{Box 26.1969 57.7254 3.93701}
	{Bone "piece06"}
	{Matrix34
		1	0	0
		0	0.961864	-0.273529
		0	0.273529	0.961864
		1.6275	1.69194	0.205251
	}
}
{Volume "piece07"
	{Box 35.416 55.0833 3.93701}
	{Bone "piece07"}
	{Matrix34
		1	0	0
		0	0.961864	-0.273529
		0	0.273529	0.961864
		0	1.87483	0.404164
	}
}
{Volume "piece08"
	{Box 5.90552 13.6367 10.5945}
	{Bone "piece08"}
	{Matrix34
		1	0	0
		0	0.950644	-0.310284
		0	0.310284	0.950644
		0	-0.730087	-0.48314
	}
}
{Volume "piece09"
	{Box 5.90552 13.6619 10.9012}
	{Bone "piece09"}
	{Matrix34
		1	0	0
		0	0.895693	-0.444673
		0	0.444673	0.895693
		0	0.141243	-0.308102
	}
}
{Volume "piece10"
	{Box 5.90552 11.5157 14.7611}
	{Bone "piece10"}
	{Position 0	0	0}
}
{Volume "sub_piece01"
	{Box 8.88013 5.90551 5.18285}
	{Bone "sub_piece01"}
	{Matrix34
		0.894179	0	-0.447709
		0	1	0
		0.447709	0	0.894179
		-0.252809	0	-0.577824
	}
}
{Volume "sub_piece02"
	{Box 4.88935 5.90551 6.64882}
	{Bone "sub_piece02"}
	{Matrix34
		0.969071	0	-0.246781
		0	1	0
		0.246781	0	0.969071
		0.0236003	0	-0.041646
	}
}
{Volume "sub_piece03"
	{Box 5.94519 5.90551 7.14927}
	{Bone "sub_piece03"}
	{Position 0	0	-1.23992e-005}
}
{Volume "sub_piece05"
	{Box 6.69775 5.90551 5.5689}
	{Bone "sub_piece05"}
	{Position 0	0	0}
}
{Volume "sub_piece08"
	{Box 5.90552 9.84073 6.2028}
	{Bone "sub_piece08"}
	{Matrix34
		1	0	0
		0	0.689855	0.723948
		0	-0.723948	0.689855
		3.13959e-005	0.753298	-0.357858
	}
}
{Volume "sub_piece09"
	{Box 5.90552 10.7829 6.73985}
	{Bone "sub_piece09"}
	{Matrix34
		1	0	0
		0	0.965503	-0.260391
		0	0.260391	0.965503
		2.13535e-005	-0.203987	0.162398
	}
}
{Volume "sub_piece10"
	{Box 5.90552 6.17663 9.10791}
	{Bone "sub_piece10"}
	{Position -1.34427e-005	0	0}
}
