;Exported by: gals
;Date:        Fri Aug 05 12:52:07 2005
;File:        D:\-Projects1_5-\-3DWork-\build_pipeline\build_pipeline1_x.max
{Skeleton
	{bone "tubes02"
		{Orientation
			1	0	0
			0	-1	0
			0	0	1
		}
		{bone "piece0"
			{Position -51.2049	-36.9284	11.1873}
			{VolumeView "piece0.ply"}
		}
		{bone "piece1"
			{Position 39.8565	-0.19786	12.532}
			{VolumeView "piece1.ply"}
		}
		{bone "piece2"
			{Position 64.3862	-27.6187	18.8352}
			{VolumeView "piece2.ply"}
		}
		{bone "piece3"
			{Position -64.5201	-60.0543	35.8372}
			{VolumeView "piece3.ply"}
		}
		{bone "piece4"
			{Position -47.3361	-67.7272	24.2401}
			{VolumeView "piece4.ply"}
		}
		{bone "piece5"
			{Position -43.8542	-45.087	20.322}
			{VolumeView "piece5.ply"}
		}
		{bone "piece6"
			{Position -79.4343	22.6651	31.8095}
			{VolumeView "piece6.ply"}
		}
		{bone "piece7"
			{Position -38.5695	16.9224	45.7044}
			{VolumeView "piece7.ply"}
		}
		{bone "piece8"
			{Position 33.3863	66.2612	39.0481}
			{VolumeView "piece8.ply"}
		}
		{bone "piece9"
			{Position 14.5219	67.0647	27.5823}
			{VolumeView "piece9.ply"}
		}
		{bone "piece10"
			{Position 51.4199	-1.41759	20.322}
			{VolumeView "piece10.ply"}
		}
		{bone "piece11"
			{Matrix34
				0	1	0
				-1	0	0
				0	0	1
				84.331	22.6338	10.2031
			}
			{VolumeView "piece11.ply"}
		}
		{bone "piece12"
			{Position 39.8839	-31.2185	10.2031}
			{VolumeView "piece12.ply"}
		}
		{bone "piece13"
			{Matrix34
				0	1	0
				-1	0	0
				0	0	1
				31.6198	22.7345	12.532
			}
			{VolumeView "piece13.ply"}
		}
	}
}
{Volume "piece13"
	{Cylinder 11.499 24.6758}
	{Bone "piece13"}
	{Matrix34
		0	0	1
		1	0	0
		0	1	0
		0.00204259	-2.25702	-0.0236026
	}
}
{Volume "piece12"
	{Cylinder 7.21073 25.9412}
	{Bone "piece12"}
	{Matrix34
		1	0	0
		0	0.433185	-0.901305
		0	0.901305	0.433185
		-0.0556432	-0.0850205	-1.1687
	}
}
{Volume "piece11"
	{Cylinder 7.21073 25.9412}
	{Bone "piece11"}
	{Matrix34
		1	0	0
		0	0.433185	-0.901305
		0	0.901305	0.433185
		0.0456033	0.330999	-0.019392
	}
}
{Volume "piece10"
	{Cylinder 4.21279 12.3569}
	{Bone "piece10"}
	{Matrix34
		0.573576	0	-0.819152
		0	1	0
		0.819152	0	0.573576
		0.687597	0	0.965837
	}
}
{Volume "piece9d"
	{Cylinder 1.95944 22.0278}
	{Bone "piece9"}
	{Matrix34
		0.999409	-0.0101233	0.0328629
		0.0133243	0.995029	-0.0986948
		-0.0317004	0.0990744	0.994575
		1.49022	-44.2512	8.58076
	}
}
{Volume "piece9c"
	{Cylinder 1.95944 43.7522}
	{Bone "piece9"}
	{Matrix34
		0.994644	-0.0344458	-0.097448
		0.0332278	0.999348	-0.0140951
		0.09787	0.0107817	0.995141
		0.345296	44.5088	-6.17765
	}
}
{Volume "piece9b"
	{Cylinder 1.95944 40.1396}
	{Bone "piece9"}
	{Matrix34
		0.994644	-0.09041	0.0500865
		0.0332275	-0.179166	-0.983258
		0.0978701	0.979656	-0.175202
		0.168498	22.9717	22.0021
	}
}
{Volume "piece9a"
	{Cylinder 1.95944 48.9507}
	{Bone "piece9"}
	{Matrix34
		0.996173	0.0836142	0.0254708
		0.0186524	0.0813375	-0.996512
		-0.0853943	0.993173	0.0794666
		-0.250683	-19.3172	23.4705
	}
}
{Volume "piece8a"
	{Cylinder 1.95944 79.6206}
	{Bone "piece8"}
	{Matrix34
		0.972563	-0.23145	0.0235054
		0.0171517	-0.0294262	-0.99942
		0.232008	0.972402	-0.0246491
		0.948478	2.86042	10.7763
	}
}
{Volume "piece8b"
	{Cylinder 1.95944 27.071}
	{Bone "piece8"}
	{Matrix34
		0.9634	-0.0486447	0.263617
		0.0810556	0.990226	-0.113497
		-0.25552	0.13071	0.957927
		-6.02763	-42.1983	-1.14208
	}
}
{Volume "piece7a"
	{Cylinder 7.93572 52.5152}
	{Bone "piece7"}
	{Matrix34
		0	0	-1
		0.173649	0.984808	0
		0.984808	-0.173649	0
		-6.67619	2.04912	12.7807
	}
}
{Volume "piece7b"
	{Cylinder 7.93572 34.1349}
	{Bone "piece7"}
	{Matrix34
		0.984808	0.0301531	0.17101
		-0.030153	0.999542	-0.00259806
		-0.17101	-0.00259787	0.985266
		23.8426	-5.43337	-3.25572
	}
}
{Volume "piece6"
	{Cylinder 9.79718 63.2713}
	{Bone "piece6"}
	{Position 2.96545	0.0714874	-0.182655}
}
{Volume "piece5"
	{Cylinder 4.21279 12.3569}
	{Bone "piece5"}
	{Matrix34
		0.573576	0	-0.819152
		0	1	0
		0.819152	0	0.573576
		0.723057	0.0105338	1.20684
	}
}
{Volume "piece4b"
	{Cylinder 1.95944 48.0173}
	{Bone "piece4"}
	{Matrix34
		1	0	0
		0	0.999995	0.00305557
		0	-0.00305557	0.999995
		3.14214	-43.2822	-3.27735
	}
}
{Volume "piece4a"
	{Cylinder 1.95944 76.5583}
	{Bone "piece4"}
	{Matrix34
		1	0	0
		0	-0.0626203	-0.998037
		0	0.998037	-0.0626203
		-2.6808	2.03038	22.8487
	}
}
{Volume "piece4c"
	{Cylinder 1.95944 24.4888}
	{Bone "piece4"}
	{Matrix34
		1	0	0
		0	0.977775	-0.209657
		0	0.209657	0.977775
		-3.53709	40.3625	5.32577
	}
}
{Volume "piece3a"
	{Cylinder 1.95944 39.0447}
	{Bone "piece3"}
	{Matrix34
		0.978882	-0.203771	0.0163882
		-0.0128013	-0.141109	-0.989911
		0.204028	0.968796	-0.140737
		0.139436	-24.1048	9.14071
	}
}
{Volume "piece3b"
	{Cylinder 1.95944 35.1402}
	{Bone "piece3"}
	{Matrix34
		0.99863	0.00857113	-0.0516142
		-0.0523077	0.185879	-0.981179
		0.00118416	0.982535	0.186072
		4.07588	12.2576	10.3215
	}
}
{Volume "piece3c"
	{Cylinder 1.95944 24.9496}
	{Bone "piece3"}
	{Matrix34
		0.99863	0.0513999	0.0097731
		-0.0523074	0.976576	0.208717
		0.00118388	-0.208943	0.977927
		4.06985	37.317	-1.32801
	}
}
{Volume "piece2a"
	{Cylinder 1.95944 76.5583}
	{Bone "piece2"}
	{Matrix34
		0.960915	0.276269	0.0178166
		0.017336	0.00418176	-0.999841
		-0.2763	0.961071	-0.000771086
		0.943338	1.63467	24.5485
	}
}
{Volume "piece2b"
	{Cylinder 1.95944 48.2317}
	{Bone "piece2"}
	{Matrix34
		0.985815	-0.0193262	-0.16672
		0.0198029	0.999803	0.00119666
		0.166664	-0.00448121	0.986004
		6.83484	-38.521	-1.97074
	}
}
{Volume "piece1"
	{Cylinder 9.08417 20.7277}
	{Bone "piece1"}
	{Matrix34
		0	0	1
		1	0	0
		0	1	0
		0.0562784	-1.71472	-0.0236018
	}
}
{Volume "piece0a"
	{Cylinder 7.44586 51.8825}
	{Bone "piece0"}
	{Matrix34
		0	0	1
		0	1	0
		-1	0	0
		0.629135	14.2943	-1.43647
	}
}
{Volume "piece0b"
	{Cylinder 10.1264 48.2507}
	{Bone "piece0"}
	{Matrix34
		0	0	1
		-1	0	0
		0	-1	0
		-4.32903	-0.685965	-1.43648
	}
}
