;Exported by: garry
;Date:        Thu Apr 27 12:09:20 2006
;File:        D:\-Projects-\-3DWork-\Model\Танки\PZ-2 Luchs\Luchs_xx.max
{Skeleton
	{bone "basis"
		{parameters "WheelRadius=0.8;"}
		{Orientation
			1	0	0
			0	-1	0
			0	0	1
		}
		{bone "wheelsl"
			{parameters "ID=trackright;"}
			{Matrix34
				1	0	0
				0	-1	0
				0	0	1
				-0.434069	17.4812	15.7019
			}
			{VolumeView "wheelsl.ply"}
			{bone revolute "wheelr08"
				{parameters "ID=trackright;"}
				{Matrix34
					-0.999999	0.00161281	0
					0	0	-1
					-0.00161281	-0.999999	0
					12.8412	-2.65709	-7.2307
				}
				{VolumeView "wheelr08.ply"}
			}
			{bone revolute "wheelr09"
				{parameters "ID=trackright;"}
				{Matrix34
					-0.999999	0.00161169	0
					0	0	-1
					-0.00161169	-0.999999	0
					1.34686	-2.73114	-7.2307
				}
				{VolumeView "wheelr09.ply"}
			}
			{bone revolute "wheelr10"
				{parameters "ID=trackright;"}
				{Matrix34
					-0.999999	0.00161281	0
					0	0	-1
					-0.00161281	-0.999999	0
					-8.69823	-2.65709	-7.2307
				}
				{VolumeView "wheelr08.ply"}
			}
			{bone revolute "wheelr11"
				{parameters "ID=trackright;"}
				{Matrix34
					-0.999999	0.00161169	0
					0	0	-1
					-0.00161169	-0.999999	0
					-20.2984	-2.73114	-7.2307
				}
				{VolumeView "wheelr09.ply"}
			}
			{bone revolute "wheell2"
				{parameters "ID=trackleft;"}
				{Matrix34
					1	0	0
					0	0	-1
					0	-1	0
					24.1299	-2.20646	-7.2307
				}
				{VolumeView "wheell2.ply"}
			}
		}
		{bone "wheelsr"
			{parameters "ID=trackright;"}
			{Position -0.434069	-16.3203	15.7019}
			{VolumeView "wheelsr.ply"}
			{bone revolute "wheelr2"
				{parameters "ID=trackright;"}
				{Matrix34
					1	0	0
					0	0	-1
					0	-1	0
					24.1299	-2.73507	-7.2307
				}
				{VolumeView "wheelr09.ply"}
			}
			{bone revolute "wheelr3"
				{parameters "ID=trackright;"}
				{Matrix34
					1	0	0
					0	0	-1
					0	-1	0
					12.8412	-2.80912	-7.2307
				}
				{VolumeView "wheelr08.ply"}
			}
			{bone revolute "wheelr4"
				{parameters "ID=trackright;"}
				{Matrix34
					1	0	0
					0	0	-1
					0	-1	0
					1.34686	-2.73507	-7.2307
				}
				{VolumeView "wheelr09.ply"}
			}
			{bone revolute "wheelr6"
				{parameters "ID=trackright;"}
				{Matrix34
					1	0	0
					0	0	-1
					0	-1	0
					-20.2984	-2.73507	-7.2307
				}
				{VolumeView "wheelr09.ply"}
			}
			{bone revolute "wheelr5"
				{parameters "ID=trackright;"}
				{Matrix34
					1	0	0
					0	0	-1
					0	-1	0
					-8.69823	-2.80912	-7.2307
				}
				{VolumeView "wheelr08.ply"}
			}
		}
		{bone "body"
			{parameters "ID=body;"}
			{Matrix34
				0.998518	-0.00690162	-0.0539762
				0.0116041	0.996114	0.0872999
				0.053164	-0.0877969	0.994719
				0.625905	-0.696388	2.90727
			}
			{LODView
				{VolumeView "body.ply"}
				{VolumeView "body_lod1.ply"}
			}
			{bone "detail2"
				{parameters "ID=body;"}
				{Position 7.19163	-19.5271	23.5445}
				{VolumeView "detail2.ply"}
			}
			{bone "turret"
				{parameters "ID=turret;"}
				{Matrix34
					0.992404	-0.0613081	-0.106658
					0.0871558	0.96225	0.257834
					0.0868241	-0.265172	0.960284
					-0.447259	6.05695	25.9213
				}
				{LODView
					{VolumeView "turret.ply"}
					{VolumeView "turret_lod1.ply"}
				}
				{bone "detail3"
					{parameters "ID=turret;"}
					{Position -13.2635	6.26038	8.99148}
					{VolumeView "detail3.ply"}
				}
				{bone "detail1"
					{parameters "ID=turret;"}
					{Position 7.52296	13.7256	6.29708}
					{VolumeView "detail1.ply"}
				}
				{bone "cover"
					{Position -10.6325	5.0166	10.0251}
					{VolumeView "cover.ply"}
				}
				{bone "gun_rot"
					{parameters "ID=gun;"}
					{Matrix34
						0.996257	0.0397635	0.0767558
						-0.0798677	0.0837047	0.993285
						0.0330717	-0.995697	0.0865672
						17.8447	0.367092	5.09344
					}
					{LODView
						{VolumeView "gun_rot.ply"}
						{VolumeView "gun_rot_lod1.ply"}
					}
					{bone "gun"
						{parameters "ID=gun;"}
						{Position -10.922	-0.7	-0.1531207}
						{VolumeView "gun.ply"}
					}
				}
			}
			{bone revolute "wheelr1"
				{parameters "ID=trackright;"}
				{Matrix34
					1	0	0
					0	0	-1
					0	-1	0
					37.2056	-18.798	6.18559
				}
				{LODView
					{VolumeView "wheelr1.ply"}
					{VolumeView "wheelr1_lod1.ply"}
				}
			}
			{bone revolute "wheell1"
				{parameters "ID=trackleft;"}
				{Matrix34
					1	0	0
					0	0	-1
					0	1	0
					37.2056	20.4872	6.18559
				}
				{LODView
					{VolumeView "wheell1.ply"}
					{VolumeView "wheell1_lod1.ply"}
				}
			}
			{bone revolute "wheell8"
				{parameters "ID=trackright;"}
				{Matrix34
					1	0	0
					0	0	-1
					0	-1	0
					-31.7676	-18.4504	3.35763
				}
				{VolumeView "wheell8.ply"}
			}
			{bone revolute "wheell7"
				{parameters "ID=trackleft;"}
				{Matrix34
					1	0	0
					0	0	-1
					0	1	0
					-31.7627	19.0168	3.34586
				}
				{VolumeView "wheell7.ply"}
			}
			{bone "engine"
				{parameters "ID=engine;"}
				{Position -32.0918	2.55066	23.5298}
				{VolumeView "engine.ply"}
			}
			{bone "part1"
				{Matrix34
					0.998518	0.0116042	0.053164
					0.00690163	-0.996114	0.0877974
					-0.0539762	0.0873004	0.994719
					-33.3929	21.0564	3.60491
				}
				{VolumeView "part1.ply"}
			}
			{bone "part2"
				{Position -24.025	1.24142	28.4576}
				{VolumeView "part2.ply"}
			}
			{bone "part3"
				{Matrix34
					0.823531	0.564289	-0.0580895
					-0.566674	0.813644	-0.129859
					-0.0260135	0.13986	0.989829
					-37.8	-7.50183	22.8992
				}
				{VolumeView "part3.ply"}
			}
			{bone "part4"
				{Matrix34
					-0.998518	-0.0116041	-0.0531642
					-0.0539764	0.0872996	0.994719
					0.00690162	-0.996114	0.0877966
					41.4512	-18.222	6.00505
				}
				{VolumeView "part4.ply"}
			}
		}
	}
}
{Volume "body1"
	{Polyhedron "body1.vol"}
	{Bone "body"}
	{Position -1.02334	0.955833	-0.214468}
}
{Volume "body2"
	{Box 64.6241 34.6368 7.56528}
	{Bone "body"}
	{Position -8.80348	0.686806	19.7494}
}
{Volume "gun"
	{Cylinder 1.16064 30.1702}
	{Bone "gun_rot"}
	{Matrix34
		0.00254064	-0.999844	-0.0174817
		-0.000111748	0.0174816	-0.999847
		0.999997	0.00254213	-6.72833e-005
		11.7417	-0.197513	0.407758
	}
}
{Volume "part1"
	{Polyhedron "part1.vol"}
	{Bone "part1"}
	{Matrix34
		1	0	0
		0	-1	0
		0	0	1
		0.285105	0.245657	-7.82188
	}
}
{Volume "part2"
	{Polyhedron "part2.vol"}
	{Bone "part2"}
	{Matrix34
		0.998518	0.0116041	0.0531642
		-0.00690159	0.996114	-0.0877971
		-0.0539764	0.0873001	0.994719
		0.0819809	-0.389938	-3.54823
	}
}
{Volume "part3"
	{Box 12.1136 21.7596 5.49597}
	{Bone "part3"}
	{Matrix34
		0.998584	-0.00641765	0.0528137
		0.00495035	0.9996	0.0278556
		-0.0529713	-0.0275547	0.998216
		0.265191	-0.365275	0.321638
	}
}
{Volume "part4"
	{Polyhedron "part4.vol"}
	{Bone "part4"}
	{Matrix34
		-1	0	0
		0	0	-1
		0	1	0
		0.61998	-5.05245	0.0353499
	}
}
{Volume "trackleft"
	{Box 83.8011 6.66212 17.4268}
	{Bone "wheelsl"}
	{Matrix34
		1	0	0
		0	-1	0
		0	0	1
		2.72498	-2.03551	-4.19498
	}
}
{Volume "trackright"
	{Box 83.3389 7.4255 15.2028}
	{Bone "wheelsr"}
	{Position 2.72064	-4.01944	-5.54297}
}
{Volume "turret"
	{Polyhedron "turret.vol"}
	{Bone "turret"}
	{Position 1.37243	-0.809558	0.436484}
}
