;Exported by: klimenko
;Date:        Thu Jul 27 12:10:47 2006
;File:        D:\-Project-\-3DWork-\Elevator\elevator.max
{Skeleton
	{bone "tube_13"
		{Orientation
			1	0	0
			0	-1	0
			0	0	1
		}
		{bone "piece1"
			{Matrix34
				0.986682	-0.0436388	-0.156698
				0.0102213	0.978071	-0.208022
				0.162339	0.20365	0.965491
				3.25708	4.42749	94.7548
			}
			{VolumeView "piece1.ply"}
		}
		{bone "sub_piece1"
			{Matrix34
				0.99477	0.018189	-0.100507
				-0.00593889	0.992652	0.120862
				0.101967	-0.119633	0.987568
				-8.32837	4.71509	93.8961
			}
			{VolumeView "sub_piece1.ply"}
		}
		{bone "fx_metall1"
			{Position -8.30981	4.177	33.9545}
		}
	}
}
{Volume "piece1_vol02"
	{Box 7.83027 8.25544 66.1753}
	{Bone "piece1"}
	{Matrix34
		0.993268	-0.00308428	0.115795
		-0.0378557	0.936114	0.349654
		-0.109475	-0.351684	0.929695
		-1.38009	0.22405	1.02127
	}
}
{Volume "piece2_vol01"
	{Box 7.88284 9.24426 68.2323}
	{Bone "sub_piece1"}
	{Matrix34
		0.993475	0.00610994	0.113889
		0.00616679	0.994226	-0.107132
		-0.113886	0.107136	0.9877
		-6.17357e-005	-6.71682e-005	0
	}
}
