;Exported by: sana
;Date:        Thu Mar 22 14:28:46 2007
;File:        D:\-Project-\-3DWork-\Entourage\SelSovet\SelSovet_cut2_x.max
{Skeleton
	{bone "sels_wall_in8_x"
		{Orientation
			1	0	0
			0	-1	0
			0	0	1
		}
		{bone "piece04"
			{Matrix34
				0.0416186	0	0.999134
				-0.999134	0	0.0416186
				0	-1	0
				-29.8215	37.6135	-0.0167999
			}
			{VolumeView "piece04.ply"}
		}
		{bone "piece02"
			{Matrix34
				-0.930532	-0.0416185	-0.363839
				-0.0387609	0.999134	-0.0151558
				0.364154	0	-0.931339
				-37.5021	11.4803	-0.52224
			}
			{VolumeView "piece02.ply"}
		}
		{bone "piece01"
			{Matrix34
				-0.809888	0.073971	-0.581902
				-0.033735	0.984501	0.172101
				0.585614	0.159013	-0.79484
				27.4646	8.15672	-3.37521
			}
			{VolumeView "piece01.ply"}
		}
		{bone "piece03"
			{Matrix34
				0.0416186	0	0.999134
				-0.999134	0	0.0416186
				0	-1	0
				39.3873	38.4844	2.69887
			}
			{VolumeView "piece03.ply"}
		}
		{bone "piece05"
			{Matrix34
				-0.0416186	0	0.999134
				0.999134	-0.000232774	0.0416186
				0.000232981	1	0
				40.0249	-13.5308	7.32285
			}
			{VolumeView "piece05.ply"}
		}
		{bone "piece09"
			{Position -20.5268	25.517	19.0597}
			{VolumeView "piece09.ply"}
		}
		{bone "piece06"
			{Position 26.7183	27.9687	17.0314}
			{VolumeView "piece06.ply"}
		}
		{bone "piece07"
			{Position 25.9235	-2.82108	15.5739}
			{VolumeView "piece07.ply"}
		}
		{bone "piece08"
			{Position -7.54904	-12.2788	11.0615}
			{VolumeView "piece08.ply"}
		}
	}
}
{Volume "piece01"
	{Box 2.95279 2.95278 40.9955}
	{Bone "piece01"}
	{Position 1.58697e-005	0	0}
}
{Volume "piece02"
	{Box 2.95279 2.95278 40.9955}
	{Bone "piece02"}
	{Position -1.52588e-005	1.52779e-005	-1.14441e-005}
}
{Volume "piece03"
	{Box 3.56354 3.92996 57.7743}
	{Bone "piece03"}
	{Matrix34
		0.871605	-0.00534818	-0.490181
		-0.00534844	0.999777	-0.0204184
		0.49018	0.0204185	0.871382
		-0.0631845	-0.00261471	0.567872
	}
}
{Volume "piece04"
	{Box 3.72152 4.12162 59.5619}
	{Bone "piece04"}
	{Matrix34
		0.872447	-0.00531342	-0.48868
		-0.00531293	0.999779	-0.0203558
		0.48868	0.0203557	0.872225
		0.348782	0.0145232	0.362632
	}
}
{Volume "piece05"
	{Box 2.956 3.83756 43.158}
	{Bone "piece05"}
	{Matrix34
		0.870228	-0.00529078	-0.492622
		-0.00552039	0.999775	-0.0204895
		0.492619	0.02055	0.870002
		-0.0145683	-2.02507e-005	0.267457
	}
}
{Volume "piece06"
	{Box 57.2391 31.0701 2.96436}
	{Bone "piece06"}
	{Matrix34
		1	0	0
		0	0.869174	-0.494507
		0	0.494507	0.869174
		-2.6973	-1.19707	0.599554
	}
}
{Volume "piece07"
	{Box 49.1653 28.3043 3.18645}
	{Bone "piece07"}
	{Matrix34
		1	0	0
		0	0.880644	0.473778
		0	-0.473778	0.880644
		-2.64592	1.75355	4.04286
	}
}
{Volume "piece08"
	{Box 49.8497 47.2922 2.62484}
	{Bone "piece08"}
	{Matrix34
		1	0	0
		0	0.856016	0.51695
		0	-0.51695	0.856016
		-1.09006	4.23311	3.21427
	}
}
{Volume "piece09"
	{Box 37.1022 26.1667 2.49654}
	{Bone "piece09"}
	{Matrix34
		0.99966	-0.0120471	-0.0231223
		-0.000816066	0.871955	-0.489585
		0.0260597	0.489437	0.871649
		0.692092	-1.66263	0.91763
	}
}
