;Exported by: gals
;Date:        Thu Jan 26 10:24:02 2006
;File:        D:\-Projects1_5-\-3DWork-\_Construction\entourage\barricade1_b.max
{Skeleton
	{bone "barricade1_b"
		{Orientation
			1	0	0
			0	-1	0
			0	0	1
		}
		{VolumeView "barricade1_b.ply"}
		{bone "obstacle1"
			{parameters "Obstacle ;Rotate;"}
			{Matrix34
				0.888348	0.459171	0
				-0.459171	0.888348	0
				0	0	1
				0.0139923	-6.80393	0.00179547
			}
		}
	}
}
{Volume "rockwall_b2"
	{Box 73.9465 11.5941 25.5906}
	{Bone "barricade1_b"}
	{Matrix34
		0.272313	-0.962209	0
		0.962209	0.272313	0
		0	0	1
		-7.07811	-7.45622	12.802
	}
}
{Volume "wood_piece2_b2"
	{Box 71.539 30.2259 10.6909}
	{Bone "barricade1_b"}
	{Matrix34
		-0.353375	0.935387	0.0132886
		-0.308991	-0.130116	0.942122
		0.882978	0.328817	0.335006
		9.13703	-2.48938	8.69228
	}
}
