;Exported by: ubrashaev
;Date:        Fri May 19 17:39:43 2006
;File:        D:\-Projects1_5-\-work-\3d\-entourage\aero\b17_entourage.max
{Skeleton
	{bone "ladder_small"
		{Orientation
			1	0	0
			0	-1	0
			0	0	1
		}
		{bone "piece00"
			{Matrix34
				0.99982	-0.0117963	0.0148358
				0.0103042	0.995239	0.0969155
				-0.0159084	-0.0967452	0.995182
				3.23059	8.53015	10.789
			}
			{VolumeView "piece00.ply"}
		}
		{bone "piece01"
			{Matrix34
				0.966719	-0.0104801	0.255625
				0.0107335	0.999942	0.000403705
				-0.255614	0.0023535	0.966776
				-0.536499	4.52209	11.6014
			}
			{VolumeView "piece01.ply"}
		}
		{bone "piece02"
			{Matrix34
				0.999532	0.0287155	-0.0105488
				-0.0287397	0.999585	-0.00215041
				0.0104827	0.00245258	0.999942
				4.41846	-8.20386	10.9257
			}
			{VolumeView "piece02.ply"}
		}
	}
}
{Volume "piece00"
	{Box 1.65134 6.71525 23.3323}
	{Bone "piece00"}
	{Matrix34
		1	0	0
		0	0.914278	0.405088
		0	-0.405088	0.914278
		8.02674	3.0072	-0.635226
	}
}
{Volume "piece01"
	{Box 2.72221 18.361 21.9176}
	{Bone "piece01"}
	{Position -7.10117	0.0188707	-0.239732}
}
{Volume "piece02"
	{Box 22.0936 3.95948 21.9176}
	{Bone "piece02"}
	{Matrix34
		0.999963	-0.00449835	-0.00730274
		0.00126004	0.91924	-0.393696
		0.00848395	0.393673	0.919212
		0.547971	-0.010989	0.00400732
	}
}
