;Exported by: sasha
;Date:        Thu Feb 28 12:00:36 2008
;File:        D:\-Project-\-3D-\africa\africabuilds\b1_v2.max
{Skeleton
	{bone "n1_af_uw1"
		{Orientation
			1	0	0
			0	-1	0
			0	0	1
		}
		{VolumeView "n1_af_uw1.ply"}
		{bone "exterior"
			{Position -3.72313	-2.26986	34.2123}
			{VolumeView "exterior.ply"}
		}
		{bone "fix01"
			{Position 5.2256	-6.21191	-13.9931}
		}
	}
}
{Area "interior"
	{Obb2
		{Center -4.96252 -0.656013}
		{Extent 7.31614 25.375}
		{Axis -1 0}
	}
	{Rotate}
}
{Volume "body01"
	{Box 6.86553 55.7164 31.9274}
	{Bone "n1_af_uw1"}
	{Position 5.24783	1.20133	15.4396}
}
{Volume "fire01"
	{Box 20.6009 8.6362 0.991101}
	{Bone "exterior"}
	{Matrix34
		0.970401	0	-0.2415
		0	1	0
		0.2415	0	0.970401
		6.35609	24.0677	-1.29989
	}
}
{Volume "fire02"
	{Box 20.6009 10.018 0.991101}
	{Bone "exterior"}
	{Matrix34
		0.970401	0	-0.2415
		0	1	0
		0.2415	0	0.970401
		6.35609	11.3423	-1.29989
	}
}
{Volume "fire03"
	{Box 20.6009 8.51529 0.991101}
	{Bone "exterior"}
	{Matrix34
		0.970401	0	-0.2415
		0	1	0
		0.2415	0	0.970401
		3.62984	1.39441	-0.446882
	}
}
{Volume "fire04"
	{Box 32.9615 10.8144 0.991101}
	{Bone "exterior"}
	{Matrix34
		0.972551	0.0473125	-0.22783
		-0.0487507	0.998811	-0.000686229
		0.227527	0.0117743	0.973701
		-0.048687	-10.7816	0.377323
	}
}
{Volume "fire05"
	{Box 21.425 10.8144 0.991101}
	{Bone "exterior"}
	{Matrix34
		0.969247	0.0473124	-0.2415
		-0.0487556	0.998811	0
		0.241213	0.0117745	0.970401
		4.03961	-23.4715	-0.388182
	}
}
{Volume "fire06"
	{Box 2.87605 2.90766 62.3504}
	{Bone "n1_af_uw1"}
	{Matrix34
		1	0	0
		0	0	1
		0	-1	0
		5.20425	0.239632	30.648
	}
}
{Volume "roof"
	{Box 15.4495 52.7743 3.70682}
	{Bone "exterior"}
	{Matrix34
		0.973511	0	-0.228639
		0	1	0
		0.228639	0	0.973511
		-1.0073	3.25594	-2.02309
	}
}
