;Exported by: kolesnikov
;Date:        Thu Sep 22 10:29:28 2005
;File:        D:\-Project-\-3DWork-\Constructions\12.max
{Skeleton
	{bone "dok_build3_c3_x"
		{Orientation
			1	0	0
			0	-1	0
			0	0	1
		}
		{bone "piece1"
			{Matrix34
				1	0	0
				0	1	0
				0	0	1
				17.2201	-31.9646	45.0296
			}
			{VolumeView "piece1.ply"}
		}
		{bone "piece3"
			{Matrix34
				1	0	0
				0	1	0
				0	0	1
				-12.3761	-33.9893	45.1097
			}
			{VolumeView "piece3.ply"}
		}
		{bone "piece2"
			{Matrix34
				1	0	0
				0	1	0
				0	0	1
				-1.9353	-32.3579	14.8216
			}
			{VolumeView "piece2.ply"}
		}
		{bone "piece4"
			{Matrix34
				1	0	0
				0	1	0
				0	0	1
				-36.6785	-31.9648	16.2001
			}
			{VolumeView "piece4.ply"}
		}
		{bone "piece5"
			{Matrix34
				1	0	0
				0	1	0
				0	0	1
				-34.7004	-31.6378	62.4334
			}
			{VolumeView "piece5.ply"}
		}
		{bone "piece6"
			{Matrix34
				1	0	0
				0	1	0
				0	0	1
				-60.3969	12.8861	60.3316
			}
			{VolumeView "piece6.ply"}
		}
		{bone "piece7"
			{Matrix34
				1	0	0
				0	1	0
				0	0	1
				-59.5524	17.1615	26.7366
			}
			{VolumeView "piece7.ply"}
		}
		{bone "piece8"
			{Matrix34
				1	0	0
				0	1	0
				0	0	1
				-60.8958	-11.2238	27.9653
			}
			{VolumeView "piece8.ply"}
		}
		{bone "piece9"
			{Matrix34
				1	0	0
				0	1	0
				0	0	1
				-59.9648	-20.775	68.1184
			}
			{VolumeView "piece9.ply"}
		}
	}
}
{Volume "body404"
	{Box 20.6946 5.42991 20.0974}
	{Bone "piece9"}
	{Matrix34
		0	-0.34202	0.939693
		1	0	0
		0	0.939693	0.34202
		-0.261371	1.19456	0.562246
	}
}
{Volume "body403"
	{Box 34.7445 5.42991 16.221}
	{Bone "piece8"}
	{Matrix34
		0	0.342021	0.939692
		1	-1.40367e-005	0
		1.40269e-005	0.939692	-0.342021
		0.650851	-2.10909	0.384783
	}
}
{Volume "body401"
	{Box 20.6946 5.42991 20.0974}
	{Bone "piece7"}
	{Matrix34
		0	-0.866025	0.5
		1	0	0
		0	0.5	0.866025
		0.0303435	-1.43412	1.70851
	}
}
{Volume "body402"
	{Box 26.2822 5.42991 24.3179}
	{Bone "piece6"}
	{Matrix34
		0	-0.866025	0.5
		1	0	0
		0	0.5	0.866025
		0.875112	0.660401	0.301918
	}
}
{Volume "body377"
	{Box 34.7445 5.42991 16.221}
	{Bone "piece5"}
	{Matrix34
		-0.866026	0	-0.5
		0	-1	0
		-0.5	0	0.866026
		1.36838	-0.650642	-1.6505
	}
}
{Volume "body376"
	{Box 22.8583 5.42991 22.5292}
	{Bone "piece4"}
	{Matrix34
		-0.984808	0	-0.173648
		0	-1	0
		-0.173648	0	0.984808
		-0.456544	-0.323653	2.3816
	}
}
{Volume "body371"
	{Box 26.5794 5.42991 23.7149}
	{Bone "piece2"}
	{Matrix34
		-0.965926	0	-0.258819
		0	-1	0
		-0.258819	0	0.965926
		0.200929	0.138856	1.46368
	}
}
{Volume "body375"
	{Box 19.1218 5.42991 23.7149}
	{Bone "piece3"}
	{Matrix34
		0	0	1
		0	-1	0
		1	0	0
		0.949267	1.77001	-0.870958
	}
}
{Volume "body370"
	{Box 22.8583 5.42991 22.5292}
	{Bone "piece1"}
	{Matrix34
		-0.5	0	0.866026
		0	-1	0
		0.866026	0	0.5
		2.08185	-0.323769	1.24355
	}
}
