;Exported by: garry
;Date:        Sat Jul 05 15:00:51 2008
;File:        D:\-Projects-\-3DWork-\Model\Пушки\76mm QF17Pounder MkIIL55\QF17_2.max
{Skeleton
	{animation
		{sequence "recoil" {speed 0.7}}
		{sequence "close" {speed 0.5}}
	}
	{bone revolute "basis"
		{speed 0.01}
		{Orientation
			1	0	0
			0	-1	0
			0	0	1
		}
		{bone "body"
			{parameters "ID=body;"}
			{Position -1.93953	0	11.187}
			{VolumeView "body.ply"}
			{bone "link1"
				{Matrix34
					1	0	0
					0	-1	0
					0	0	1
					-78.1918	0.492126	0.682027
				}
			}
			{bone "fxtracel1"
				{Matrix34
					-1	0	0
					0	1	0
					0	0	1
					2.1024	-15.6899	-10.9359
				}
			}
			{bone "fxtracer1"
				{Matrix34
					-1	0	0
					0	1	0
					0	0	1
					2.10239	16.043	-10.9359
				}
			}
			{bone "seat1"
				{Matrix34
					-0.820465	0.571499	0.0150473
					-0.571638	-0.819717	-0.0359794
					-0.00822769	-0.0381214	0.999239
					-6.09838	-8.28559	-11.187
				}
			}
			{bone "seat2"
				{Matrix34
					-0.866288	-0.499028	0.0227296
					0.499137	-0.866522	-0.000981219
					0.0201854	0.0104952	0.999741
					-6.34191	8.39496	-11.187
				}
			}
			{bone "pivot_back"
				{Matrix34
					1	0	0
					0	-1	0
					0	0	1
					-77.3895	0.608622	-3.32947
				}
			}
			{bone "pivot_front"
				{Position -1.8256	0.492126	-3.32525}
			}
			{bone revolute "turret"
				{parameters "ID=turret;"}
				{limits -20 20}
				{Position 0.169246	0	2.1758}
				{VolumeView "turret.ply"}
				{bone revolute "gun_rot"
					{parameters "ID=gun;"}
					{limits -20 20}
					{Matrix34
						0	0	-1
						-1	0	0
						0	1	0
						5.39353	0.424654	7.76017
					}
					{VolumeView "gun_rot.ply"}
					{bone "gun"
						{parameters "ID=gun;"}
						{Matrix34
							0	-1	0
							0	0	1
							-1	0	0
							-1.7427	9.88473	0
						}
						{VolumeView "gun.ply"}
						{bone "foresight1"
							{parameters "Vis;"}
							{Matrix34
								1	0	0
								0	-1	0
								0	0	-1
								81.5183	-0.0805232	0.249866
							}
						}
						{bone "fx_invers"
							{Matrix34
								-1	0	0
								0	0	1
								0	1	0
								-8.42782	-0.273327	-0.334695
							}
						}
					}
					{bone "visor2"
						{parameters "Vis;"}
						{Matrix34
							0	-1	0
							0	0	1
							1	0	0
							-7.59753	-4.46593	4.7478
						}
					}
				}
				{bone "visor"
					{parameters "Vis;"}
					{Matrix34
						1	0	0
						0	1	0
						0	0	-1
						4.60296	-15.083	22.2085
					}
				}
			}
			{bone "standr"
				{parameters "ID=body;"}
				{Position 0.355115	-9.1049	-5.07601}
				{VolumeView "standr.ply"}
				{bone "support1"
					{Matrix34
						0.895412	0.435314	0.0934837
						0.432961	-0.900279	0.0452028
						-0.103839	0	0.994594
						-70.9004	-29.773	-6.11101
					}
				}
			}
			{bone "standl"
				{parameters "ID=body;"}
				{Position 0.709985	9.1007	-5.07601}
				{VolumeView "standl.ply"}
				{bone "support2"
					{Matrix34
						0.907022	-0.411213	0.0906355
						-0.410348	-0.911473	-0.0288513
						-0.0944758	0.0110233	0.995466
						-72.878	29.5505	-6.11101
					}
				}
			}
			{bone "gunner"
				{Matrix34
					0.939693	-0.34202	0
					0.34202	0.939693	0
					0	0	1
					-16.6402	14.4971	-11.187
				}
			}
			{bone revolute "wheell"
				{parameters "ID=wheelleft;Support;Radius=0.5;"}
				{Matrix34
					1	0	0
					0	0	-1
					0	1	0
					2.17951	16.1417	-1.62755
				}
				{VolumeView "wheell.ply"}
			}
			{bone revolute "wheelr"
				{parameters "ID=wheelright;Support;Radius=0.5;"}
				{Matrix34
					1	0	0
					0	0	-1
					0	1	0
					2.17436	-15.7899	-1.61797
				}
				{VolumeView "wheelr.ply"}
			}
		}
		{bone "commander"
			{Position -23.6113	-11.5613	0}
		}
		{bone "driver1"
			{Position -8.13318	19.9756	0}
		}
		{bone "driver2"
			{Position -8.88987	-22.3425	0}
		}
		{bone "emit1"
			{Position -3.9013	22.572	0}
			{visibility 0}
		}
		{bone "emit2"
			{Position -16.0243	-22.4562	0}
			{visibility 0}
		}
		{bone "emit3"
			{Matrix34
				-1	0	0
				0	1	0
				0	0	1
				9.50566	8.62264	1.77981
			}
			{visibility 0}
		}
		{bone "emit4"
			{Matrix34
				-1	0	0
				0	1	0
				0	0	1
				9.50566	-9.00375	1.77981
			}
			{visibility 0}
		}
	}
}
{Obstacle "close"
	{Obb2
		{Center -40.5964 0.0511606}
		{Extent 41.3745 9.98348}
		{Axis -1 8.02691e-007}
	}
	{Tags  "close"}
	{Rotate}
}
{Obstacle "obstacle"
	{Obb2
		{Center -3.92054 -0.405521}
		{Extent 4.56002 9.96588}
		{Axis -1 1.28751e-006}
	}
	{Rotate}
}
{Obstacle "openl"
	{Obb2
		{Center -33.1197 -21.4055}
		{Extent 46.752 2.3622}
		{Axis -0.920775 -0.390094}
	}
	{Tags  "open"}
	{Rotate}
}
{Obstacle "openr"
	{Obb2
		{Center -32.7288 21.6457}
		{Extent 46.752 2.3622}
		{Axis -0.921872 0.387494}
	}
	{Tags  "open"}
	{Rotate}
}
{Volume "body"
	{Polyhedron "body.vol"}
	{Bone "body"}
	{Position 3.20221	0.573823	-3.41185}
}
{Volume "gun"
	{Cylinder 2.03183 80.6753}
	{Bone "gun"}
	{Matrix34
		0	0	1
		0	-1	0
		1	0	0
		39.5067	-0.0334931	-0.221577
	}
}
{Volume "standl"
	{Box 86.7126 4.13386 6.92913}
	{Bone "standl"}
	{Matrix34
		0.924428	-0.380566	0.024568
		0.381004	0.924425	-0.01655
		-0.0164129	0.0246598	0.999561
		-29.1938	11.3818	3.40598
	}
}
{Volume "standr"
	{Box 86.7171 4.12938 6.92913}
	{Bone "standr"}
	{Matrix34
		0.922522	0.384722	0.0306843
		-0.385273	0.922688	0.0144944
		-0.022736	-0.0251933	0.999424
		-29.3742	-12.062	3.55966
	}
}
{Volume "turret"
	{Box 3.47675 40.321 33.3148}
	{Bone "turret"}
	{Matrix34
		0.866026	0	0.5
		0	1	0
		-0.5	0	0.866026
		11.4147	0.424654	6.77883
	}
}
{Volume "wheelleft"
	{Cylinder 9.44291 4.88207}
	{Bone "wheell"}
	{Matrix34
		-1	0	0
		0	-1	0
		0	0	1
		0	0	-0.0339897
	}
}
{Volume "wheelright"
	{Cylinder 9.44882 4.88189}
	{Bone "wheelr"}
	{Position 0	0	0.173086}
}
