;Exported by: ubrashaev
;Date:        Sat Dec 17 12:52:18 2005
;File:        D:\-Projects1_5-\-work-\3d\-Model-\-TRAIN\steam_locomotive\locomotiv_new_x.max
{Skeleton
	{bone "basis"
		{Orientation
			1	0	0
			0	-1	0
			0	0	1
		}
		{bone "body"
			{parameters "CommonMesh;ID=body;"}
			{VolumeView "body.ply"}
			{bone "pivot_back"
				{parameters "ID=body;"}
				{Position -100.668	0.0989838	9.05721}
				{VolumeView "pivot_back.ply"}
				{bone revolute "wheelright4"
					{parameters "ID=wheels_right;"}
					{Matrix34
						1	0	0
						0	0	-1
						0	1	0
						-0.422043	-17.2548	-0.197296
					}
					{VolumeView "wheelright4.ply"}
				}
				{bone revolute "wheelleft4"
					{parameters "ID=wheels_left;"}
					{Matrix34
						1	0	0
						0	0	-1
						0	1	0
						-0.422043	17.077	-0.197296
					}
					{VolumeView "wheelright4.ply"}
				}
				{bone revolute "wheelleft"
					{parameters "ID=fore-part;"}
					{Matrix34
						1	0	0
						0	0	-1
						0	1	0
						25.6213	17.077	-0.197297
					}
					{VolumeView "wheelright4.ply"}
				}
				{bone revolute "wheelright"
					{parameters "ID=fore-part;"}
					{Matrix34
						1	0	0
						0	0	-1
						0	1	0
						25.6213	-17.2548	-0.197297
					}
					{VolumeView "wheelright4.ply"}
				}
			}
			{bone "suspender_left"
				{parameters "ID=wheels_left;"}
				{Position 19.3883	16.8139	37.2561}
				{bone revolute "wheelleft3"
					{parameters "ID=wheels_left;"}
					{Matrix34
						1	0	0
						0	0	-1
						0	1	0
						-56.6045	-1.11612	-18.4386
					}
					{VolumeView "wheelleft3.ply"}
					{bone revolute "guide2_left"
						{parameters "ID=wheels_left;"}
						{Matrix34
							-1	0	0
							0	-1	0
							0	0	1
							0.9646	6.92314	2.63591
						}
						{VolumeView "guide2_left.ply"}
						{bone "guide_wheelleft1"
							{Matrix34
								-1	0	0
								0	-1	0
								0	0	1
								-75.0326	0.109185	-1.04289
							}
						}
					}
				}
				{bone revolute "wheelleft1"
					{parameters "ID=wheels_left;"}
					{Matrix34
						1	0	0
						0	0	-1
						0	1	0
						19.5758	-1.11612	-18.4386
					}
					{VolumeView "wheelleft3.ply"}
					{bone "point_wheelleft1"
						{Matrix34
							1	0	0
							0	1	0
							0	0	1
							-0.312553	6.81419	1.59296
						}
					}
				}
				{bone revolute "wheelleft2"
					{parameters "ID=wheels_left;"}
					{Matrix34
						1	0	0
						0	0	-1
						0	1	0
						-18.268	-1.11612	-18.4386
					}
					{VolumeView "wheelleft3.ply"}
					{bone "point_wheelleft2"
						{Matrix34
							1	0	0
							0	1	0
							0	0	1
							0.408058	6.81419	1.59295
						}
					}
				}
				{bone prizmatic "guide_left"
					{parameters "ID=wheels_left;"}
					{Matrix34
						0	-1	0
						0	0	-1
						1	0	0
						36.211	3.2749	-18.4386
					}
					{VolumeView "guide_left.ply"}
					{bone revolute "guide1_left"
						{parameters "ID=wheels_left;"}
						{Matrix34
							0	0	1
							0	1	0
							-1	0	0
							0.391301	0.184471	-8.67444
						}
						{VolumeView "guide1_left.ply"}
						{bone "guide_wheelleft2"
							{Position -45.4925	6.62974	-2.40675}
						}
					}
				}
			}
			{bone "suspender_right"
				{parameters "ID=wheels_right;"}
				{Position 19.3883	-16.7075	37.2561}
				{bone revolute "wheelright1"
					{parameters "ID=wheels_right;"}
					{Matrix34
						1	0	0
						0	0	-1
						0	1	0
						19.74	2.54091	-18.4386
					}
					{VolumeView "wheelleft3.ply"}
					{bone "point_wheelright1"
						{Position -0.476783	6.81419	-2.4043}
					}
				}
				{bone revolute "wheelright2"
					{parameters "ID=wheels_right;"}
					{Matrix34
						1	0	0
						0	0	-1
						0	1	0
						-18.5965	2.54092	-18.4386
					}
					{VolumeView "wheelleft3.ply"}
					{bone "point_wheelright2"
						{Position 0.736538	6.81419	-2.40432}
					}
				}
				{bone revolute "wheelright3"
					{parameters "ID=wheels_right;"}
					{Matrix34
						1	0	0
						0	0	-1
						0	1	0
						-56.4403	2.54092	-18.4386
					}
					{VolumeView "wheelleft3.ply"}
					{bone revolute "guide2_right"
						{parameters "ID=wheels_right;"}
						{Matrix34
							1	0	0
							0	-1	0
							0	0	-1
							0.80037	6.92314	-1.84808
						}
						{VolumeView "guide2_right.ply"}
						{bone "guide_wheelright1"
							{Matrix34
								1	0	0
								0	-1	0
								0	0	-1
								75.0327	0.10907	0.556171
							}
						}
					}
				}
				{bone prizmatic "guide_right"
					{parameters "ID=wheels_right;"}
					{Matrix34
						0	0	-1
						0	1	0
						1	0	0
						36.211	-2.30839	-18.4386
					}
					{VolumeView "guide_right.ply"}
					{bone revolute "guide1_right"
						{parameters "ID=wheels_right;"}
						{Matrix34
							0	0	1
							-1	0	0
							0	-1	0
							0.184448	0.391298	-8.67444
						}
						{VolumeView "guide1_right.ply"}
						{bone "guide_wheelright2"
							{Matrix34
								1	0	0
								0	-1	0
								0	0	-1
								-45.4925	-6.6297	-0.80765
							}
						}
					}
				}
			}
			{bone "cabin"
				{parameters "ID=cabin;"}
				{Matrix34
					0	1	0
					0	0	1
					1	0	0
					-107.558	0.123734	57.4838
				}
				{VolumeView "cabin.ply"}
			}
			{bone "engine"
				{parameters "ID=engine;"}
				{Position -0.199181	0.288849	53.9502}
				{VolumeView "engine.ply"}
				{bone "fx_fire_big_engine"
					{Matrix34
						-1	0	0
						0	-0.996195	0.0871556
						0	0.0871556	0.996195
						-55.1825	20.8042	0.904636
					}
				}
				{bone "fx_fire_small_engine1"
					{Matrix34
						0	0.0871559	0.996195
						0	-0.996195	0.0871559
						1	0	0
						-21.137	-23.1764	5.37074
					}
				}
				{bone "fx_fire_small_engine2"
					{Matrix34
						0	0.0871559	0.996195
						0	-0.996195	0.0871559
						1	0	0
						15.025	-7.1599	14.757
					}
				}
				{bone "fx_fire_small_engine3"
					{Matrix34
						0	0.0871559	0.996195
						0	-0.996195	0.0871559
						1	0	0
						77.119	-16.4404	14.6488
					}
				}
				{bone "fx_fire_small_engine4"
					{Matrix34
						0	0.0871559	0.996195
						0	-0.996195	0.0871559
						1	0	0
						-49.2553	-8.36776	-13.0222
					}
				}
				{bone "fx_fire_small_engine5"
					{Matrix34
						0	0.0871559	0.996195
						0	-0.996195	0.0871559
						1	0	0
						35.416	-9.83971	-13.1396
					}
				}
				{bone "fx_smoke_engine1"
					{Matrix34
						0	0.0871559	0.996195
						0	-0.996195	0.0871559
						1	0	0
						-69.4883	-6.63851	0.804152
					}
				}
				{bone "fx_smoke_engine2"
					{Matrix34
						0	0.0871561	0.996195
						0	-0.996195	0.0871561
						1	0	0
						16.166	-6.63851	0.804163
					}
				}
				{bone "fx_steam_big_engine1"
					{Matrix34
						-1	0	0
						0	-0.996195	0.0871556
						0	0.0871556	0.996195
						-74.3258	4.74411	0.804154
					}
				}
				{bone "fx_steam_big_engine2"
					{Matrix34
						1	0	0
						0	0.996195	-0.0871564
						0	0.0871564	0.996195
						-17.7806	-15.7616	17.9358
					}
				}
				{bone "fx_steam_small_engine1"
					{Matrix34
						0	0.996195	-0.0871556
						-1	0	0
						0	0.0871556	0.996195
						-34.8245	4.74411	-14.8622
					}
				}
				{bone "fx_steam_small_engine2"
					{Matrix34
						0	-0.996195	0.0871554
						1	0	0
						0	0.0871554	0.996195
						-34.8245	4.74411	16.5357
					}
				}
				{bone "fx_steam_small_engine3"
					{Matrix34
						0	0.0871559	0.996195
						-1	0	0
						0	-0.996195	0.0871559
						-20.0366	19.3623	11.0888
					}
				}
				{bone "fx_steam_small_engine4"
					{Matrix34
						0	-0.996195	0.0871554
						1	0	0
						0	0.0871554	0.996195
						-9.91162	21.0864	1.59794
					}
				}
				{bone "fx_steam_small_engine5"
					{Matrix34
						0	0.996195	-0.0871556
						-1	0	0
						0	0.0871556	0.996195
						1.85493	25.6768	-10.3409
					}
				}
				{bone "fx_steam_small_engine6"
					{Matrix34
						0	-0.637131	0.770756
						1	0	0
						0	0.770756	0.637131
						51.0717	9.93385	20.7426
					}
				}
				{bone "fx_steam_small_engine7"
					{Matrix34
						0	-0.637131	0.770756
						1	0	0
						0	0.770756	0.637131
						50.7918	19.0286	7.48733
					}
				}
				{bone "fx_steam_small_engine8"
					{Matrix34
						0	-0.79479	0.606884
						1	0	0
						0	0.606884	0.79479
						98.8224	-0.121194	3.49511
					}
				}
				{bone "fx_fire_big_engine2"
					{Matrix34
						-1	0	0
						0	-0.996195	0.0871556
						0	0.0871556	0.996195
						53.1057	20.8042	0.904645
					}
				}
			}
			{bone "hatch"
				{parameters "ID=engine;"}
				{Matrix34
					0	0	-1
					0	1	0
					1	0	0
					104.971	2.75166	55.8208
				}
				{VolumeView "hatch.ply"}
			}
			{bone "part2"
				{Matrix34
					0	1	0
					0	0	1
					1	0	0
					-109.952	-17.575	76.7164
				}
				{VolumeView "part2.ply"}
			}
			{bone "pivot_front"
				{Position 101.854	0.0989837	10.3896}
				{VolumeView "pivot_front.ply"}
				{bone revolute "wheelleft5"
					{parameters "ID=fore-part;"}
					{Matrix34
						1	0	0
						0	0	-1
						0	1	0
						-0.363312	17.077	-0.197296
					}
					{VolumeView "wheelleft5.ply"}
				}
				{bone revolute "wheelright5"
					{parameters "ID=fore-part;"}
					{Matrix34
						1	0	0
						0	0	-1
						0	1	0
						-0.363312	-16.9985	-0.197296
					}
					{VolumeView "wheelleft5.ply"}
				}
			}
		}
	}
}
