;Exported by: klimenko
;Date:        Mon Dec 26 14:51:56 2005
;File:        D:\-Project-\-3DWork-\windmill\wind_mill2_x.max
{Skeleton
	{animation
		{sequence "crush" {speed 0.5}}
	}
	{bone "basis"
		{Orientation
			1	0	0
			0	-1	0
			0	0	1
		}
		{bone "piece1"
			{Position 7.90428	-2.63726	47.7574}
			{VolumeView "piece1.ply"}
		}
		{bone "piece2"
			{Position 1.44456	-16.8717	-33.7574}
			{VolumeView "piece2.ply"}
		}
		{bone "piece3"
			{Position 0.348351	18.9485	-21.5087}
			{VolumeView "piece3.ply"}
		}
		{bone "piece4"
			{Position -3.76308	-22.2542	-44.9151}
			{VolumeView "piece4.ply"}
		}
		{bone "piece5"
			{Position 2.1921	-1.40285	28.3752}
			{VolumeView "piece5.ply"}
		}
		{bone "roof"
			{parameters "CommonMesh;"}
			{Position -17.8644	22.3889	-16.3156}
			{VolumeView "roof.ply"}
			{bone "piece6"
				{Matrix34
					0.325005	-0.312729	-0.892509
					0.0778382	0.949386	-0.304314
					0.942504	0.0294323	0.332898
					132.982	-70.5261	166.95
				}
				{VolumeView "piece6.ply"}
				{bone "sub_piece6"
					{Position 4.04896e-005	-97.1516	6.57109e-005}
					{VolumeView "sub_piece6.ply"}
					{bone "plane1_2"
						{Matrix34
							-0.011237	-0.999924	-0.00509403
							-0.99993	0.0112173	0.00386255
							-0.00380537	0.00513709	-0.99998
							0.627333	-9.8025	2.12305
						}
						{VolumeView "plane1_2.ply"}
					}
				}
				{bone "plane1_1"
					{Matrix34
						-0.011237	-0.999924	-0.00509404
						-0.99993	0.0112173	0.0038626
						-0.00380533	0.00513708	-0.99998
						1.44337	-58.7992	2.13028
					}
					{VolumeView "plane1_1.ply"}
				}
			}
			{bone "piece7"
				{Matrix34
					-0.0984176	-0.963358	0.24951
					0.251786	-0.266675	-0.930316
					0.962766	-0.0287364	0.268806
					131.139	9.2994	180.071
				}
				{VolumeView "piece7.ply"}
				{bone "sub_piece7"
					{Position 5.52953e-005	-98.5675	5.37593e-005}
					{VolumeView "sub_piece7.ply"}
					{bone "plane2_2"
						{Matrix34
							-0.00816384	-0.999923	0.00937605
							-0.999966	0.00815729	-0.00072958
							0.000652939	-0.0093817	-0.999956
							0.041559	36.6761	2.51214
						}
						{VolumeView "plane2_2.ply"}
					}
				}
				{bone "plane2_1"
					{Matrix34
						-0.00816352	-0.999923	0.0093761
						-0.999966	0.00815707	-0.000729803
						0.000653193	-0.00938166	-0.999956
						0.0416877	-61.8913	2.5122
					}
					{VolumeView "plane2_1.ply"}
				}
			}
			{bone "piece8"
				{Matrix34
					-0.0984176	-0.963358	0.24951
					0.251786	-0.266675	-0.930316
					0.962766	-0.0287364	0.268806
					155.073	-59.3516	87.0077
				}
				{VolumeView "piece8.ply"}
				{bone "sub_piece8"
					{Position -1.3432	85.9028	-2.80378e-005}
					{VolumeView "sub_piece8.ply"}
					{bone "plane4_2"
						{Matrix34
							-0.0125046	-0.999869	0.0102481
							-0.99979	0.0126687	0.0160951
							-0.0162227	-0.0100448	-0.999818
							0.924573	13.2126	2.41548
						}
						{VolumeView "plane4_2.ply"}
					}
				}
				{bone "plane4_1"
					{Matrix34
						-0.0125052	-0.999869	0.0102497
						-0.99979	0.0126695	0.0160955
						-0.0162233	-0.0100461	-0.999818
						-1.13225	20.119	2.46795
					}
					{VolumeView "plane4_1.ply"}
				}
			}
			{bone "piece9"
				{Matrix34
					0.325005	-0.312729	-0.892509
					0.0778382	0.949386	-0.304314
					0.942504	0.0294323	0.332898
					155.777	34.0341	93.1689
				}
				{VolumeView "piece9.ply"}
				{bone "sub_piece9"
					{Position -1.34322	87.5544	-3.60843e-005}
					{VolumeView "sub_piece9.ply"}
					{bone "plane3_2"
						{Matrix34
							-0.0112371	-0.999924	-0.00509392
							-0.99993	0.0112172	0.0038626
							-0.00380537	0.00513699	-0.999979
							-1.60761	-36.6584	2.86979
						}
						{VolumeView "plane3_2.ply"}
					}
				}
				{bone "plane3_1"
					{Matrix34
						-0.0112371	-0.999924	-0.00509403
						-0.99993	0.0112172	0.00386258
						-0.00380536	0.00513706	-0.99998
						-2.95086	50.896	2.86975
					}
					{VolumeView "plane3_1.ply"}
				}
			}
		}
	}
}
{Volume "piece1"
	{Box 8.51011 60.2372 39.4105}
	{Bone "piece1"}
	{Position 0	0.223848	-3.42188}
}
{Volume "piece2"
	{Box 8.02508 38.8028 31.4517}
	{Bone "piece2"}
	{Matrix34
		0.870246	0.492618	0
		-0.492618	0.870246	0
		0	0	1
		0	0	11.8459
	}
}
{Volume "piece3"
	{Box 10.4067 40.6693 33.7466}
	{Bone "piece3"}
	{Matrix34
		0.95229	-0.305193	0
		0.305193	0.95229	0
		0	0	1
		0	0	0
	}
}
{Volume "piece4"
	{Box 8.69934 40.9671 32.5136}
	{Bone "piece4"}
	{Matrix34
		0.917081	0.398701	0
		-0.398701	0.917081	0
		0	0	1
		0	0	-2.86885
	}
}
{Volume "piece5"
	{Box 13.0284 6.4184 71.3311}
	{Bone "piece5"}
}
{Volume "piece6"
	{Box 42.8214 117.509 3.93702}
	{Bone "piece6"}
	{Position 0	0	0}
}
{Volume "piece7"
	{Box 42.8213 115.95 3.93701}
	{Bone "piece7"}
	{Position 0	2.75757e-005	0}
}
{Volume "piece8"
	{Box 46.172 106.309 3.93703}
	{Bone "piece8"}
	{Position 1.72042e-005	-3.10716e-005	2.55218e-005}
}
{Volume "piece9"
	{Box 46.172 131.259 3.93703}
	{Bone "piece9"}
	{Position 1.84991e-005	0	0}
}
{Volume "sub_piece6"
	{Box 42.8213 82.5918 3.93704}
	{Bone "sub_piece6"}
	{Position 0	-4.17004e-005	0}
}
{Volume "sub_piece7"
	{Box 42.8213 81.6191 3.93704}
	{Bone "sub_piece7"}
	{Position 0	-3.43946e-005	0}
}
{Volume "sub_piece8"
	{Box 43.4855 115.017 3.93706}
	{Bone "sub_piece8"}
	{Position 0	-1.99106e-005	2.90271e-005}
}
{Volume "sub_piece9"
	{Box 43.4855 88.4077 3.93703}
	{Bone "sub_piece9"}
	{Position 0	-1.68618e-005	0}
}
