;Exported by: sana
;Date:        Mon Jul 10 16:58:06 2006
;File:        D:\-Project-\-3DWork-\Entourage\fence\barricade_brick.max
{Skeleton
	{bone "barricade_brick1_c3"
		{Orientation
			1	0	0
			0	-1	0
			0	0	1
		}
		{VolumeView "barricade_brick1_c3.ply"}
		{bone "climb1"
			{Matrix34
				0.760407	-0.649447	0
				0.649447	0.760407	0
				0	0	1
				-3.82893	0.668564	0
			}
			{visibility 0}
		}
		{bone "climb2"
			{Matrix34
				-0.755176	0.655522	0
				-0.655522	-0.755176	0
				0	0	1
				31.8577	-28.3547	0
			}
			{visibility 0}
		}
	}
}
{Obstacle "rectangle04"
	{Polygon2
		{Radius 0}
		{Vertex 14.9241 -13.3181}
		{Vertex 28.8843 -6.08518}
		{Vertex 25.7962 26.6228}
		{Vertex 4.42949 37.6534}
		{Vertex -9.11184 26.9077}
	}
	{Rotate}
}
{Volume "body08"
	{Box 45.5384 21.2765 18.4055}
	{Bone "barricade_brick1_c3"}
	{Matrix34
		0.564862	0.819152	-0.0996005
		-0.693216	0.40558	-0.595782
		-0.447641	0.40558	0.796946
		13.4066	-15.0107	-0.488203
	}
}
{Volume "body28"
	{Box 5.56479 10.1106 7.85915}
	{Bone "barricade_brick1_c3"}
	{Matrix34
		0.998482	-0.0550807	0
		0.0550809	0.998482	0
		0	0	1
		19.0713	-1.62663	12.5448
	}
}
