;Exported by: sergienko
;Date:        Fri Jul 14 16:27:50 2006
;File:        D:\-projets1_5\3dwork\anima\construction\house_euro_100c\euro_corner_n_x.max
{Skeleton
	{bone "100_corner6_n_x"
		{Orientation
			1	0	0
			0	-1	0
			0	0	1
		}
		{bone "piece10"
			{Matrix34
				1	0	0
				0	0	1
				0	-1	0
				-18.2884	22.2752	21.7136
			}
			{VolumeView "piece10.ply"}
		}
		{bone "piece11"
			{Matrix34
				0	0	-1
				1	0	0
				0	-1	0
				-0.0192566	22.2752	6.96526
			}
			{VolumeView "piece11.ply"}
		}
		{bone "piece7"
			{Matrix34
				-0.173648	0	0.984808
				-0.984808	0	-0.173648
				0	-1	0
				-11.8375	22.7002	49.4804
			}
			{VolumeView "piece7.ply"}
		}
		{bone "piece8"
			{Matrix34
				-0.173648	0	0.984808
				-0.984808	0	-0.173648
				0	-1	0
				13.1958	22.7002	49.679
			}
			{VolumeView "piece8.ply"}
		}
		{bone "piece9"
			{Matrix34
				0.573577	0	0.819152
				-0.819152	0	0.573577
				0	-1	0
				29.1734	22.2752	27.3023
			}
			{VolumeView "piece9.ply"}
		}
		{bone "piece3"
			{Matrix34
				0	0.819152	0.573576
				0	0.573576	-0.819152
				-1	0	0
				41.0519	8.94963	9.66606
			}
			{VolumeView "piece3.ply"}
		}
		{bone "piece6"
			{Matrix34
				0	0.346504	0.938049
				0	0.938049	-0.346504
				-1	0	0
				40.9741	-19.0791	6.82474
			}
			{VolumeView "piece6.ply"}
		}
		{bone "piece5"
			{Matrix34
				0	-1	0
				0	0	-1
				1	0	0
				41.0519	-19.8862	26.85
			}
			{VolumeView "piece5.ply"}
		}
		{bone "piece2"
			{Matrix34
				0	0.819152	0.573576
				0	0.573576	-0.819152
				-1	0	0
				41.0519	-3.8245	30.4131
			}
			{VolumeView "piece2.ply"}
		}
		{bone "piece1"
			{Matrix34
				0	0.819152	0.573576
				0	0.573576	-0.819152
				-1	0	0
				41.0519	-1.71319	47.4346
			}
			{VolumeView "piece1.ply"}
		}
		{bone "piece4"
			{Matrix34
				0	0.819152	0.573576
				0	0.573576	-0.819152
				-1	0	0
				41.0519	15.4561	39.0377
			}
			{VolumeView "piece4.ply"}
		}
		{bone "sub_piece1"
			{Matrix34
				0	0	1
				0.642331	-0.766427	0
				0.766427	0.642331	0
				9.04883	-11.0159	52.4895
			}
			{VolumeView "sub_piece1.ply"}
		}
		{bone "sub_piece2"
			{Matrix34
				0	0	1
				-0.574665	0.818389	0
				-0.818389	-0.574665	0
				1.96721	11.9676	52.4895
			}
			{VolumeView "sub_piece2.ply"}
		}
		{bone "piece12"
			{Matrix34
				0	0	1
				-0.99988	-0.0155033	0
				0.0155033	-0.99988	0
				23.9261	-8.10575	52.4895
			}
			{VolumeView "piece12.ply"}
		}
	}
}
{Volume "piece10"
	{Box 14.4416 26.339 5.90551}
	{Bone "piece10"}
	{Position 0	0	0}
}
{Volume "piece11"
	{Box 14.4416 26.339 5.90551}
	{Bone "piece11"}
	{Position 0	0	0}
}
{Volume "piece12"
	{Box 3.76 13.7139 46.715}
	{Bone "piece12"}
	{Position 0	-3.28466	0}
}
{Volume "piece1"
	{Box 16.0075 26.8375 5.90551}
	{Bone "piece1"}
	{Matrix34
		0.856414	-0.516289	0
		0.516289	0.856414	0
		0	0	1
		1.11472	-1.19705	0
	}
}
{Volume "piece2"
	{Box 14.4416 26.339 5.90551}
	{Bone "piece2"}
	{Position 0	0	0}
}
{Volume "piece3"
	{Box 33.3118 21.0877 5.90551}
	{Bone "piece3"}
	{Matrix34
		0.848347	0.52944	0
		-0.52944	0.848347	0
		0	0	1
		0	0	0
	}
}
{Volume "piece4"
	{Box 11.7911 31.4938 5.90551}
	{Bone "piece4"}
	{Matrix34
		0.823524	0.567282	0
		-0.567282	0.823524	0
		0	0	1
		-0.00346195	0.62642	0
	}
}
{Volume "piece5"
	{Box 14.4416 26.339 5.90551}
	{Bone "piece5"}
	{Position 0	0	0}
}
{Volume "piece6"
	{Box 23.8351 12.4977 5.90551}
	{Bone "piece6"}
	{Matrix34
		0.619257	0.785188	0
		-0.785188	0.619257	0
		0	0	1
		1.0963	1.27969	0
	}
}
{Volume "piece7"
	{Box 11.7911 31.4938 5.90551}
	{Bone "piece7"}
	{Matrix34
		0.823524	0.567282	0
		-0.567282	0.823524	0
		0	0	1
		-0.00346026	0.62642	0
	}
}
{Volume "piece8"
	{Box 16.0075 26.8375 5.90551}
	{Bone "piece8"}
	{Matrix34
		0.856414	-0.516289	0
		0.516289	0.856414	0
		0	0	1
		1.11471	-1.19705	0
	}
}
{Volume "piece9"
	{Box 33.3118 21.0877 5.90551}
	{Bone "piece9"}
	{Matrix34
		0.848347	0.52944	0
		-0.52944	0.848347	0
		0	0	1
		0	0	0
	}
}
{Volume "sub_piece1"
	{Box 3.76 25.1637 17.4847}
	{Bone "sub_piece1"}
	{Position 0	0	0}
}
{Volume "sub_piece2"
	{Box 3.76 16.2947 28.7424}
	{Bone "sub_piece2"}
	{Matrix34
		1	0	0
		0	0.823972	-0.56663
		0	0.56663	0.823972
		0	-1.00199	0.689044
	}
}
