;Exported by: shevchenko
;Date:        Tue May 24 10:55:03 2005
;File:        D:\-Projects1_5-\-3DWork-\fortress_complex_lm_corner_fix.max
{Skeleton
	{bone "int3_4"
		{Orientation
			1	0	0
			0	-1	0
			0	0	1
		}
		{VolumeView "int3_4.ply"}
		{bone "fix100"
			{Position -29.6614	-19.8589	-39.8175}
		}
		{bone "fix101"
			{Position -29.6614	23.4794	-39.8175}
		}
	}
}
{Volume "beam4"
	{Cylinder 2.95276 65.1514}
	{Bone "int3_4"}
	{Matrix34
		1	0	0
		0	0	1
		0	-1	0
		-29.6614	0.193783	-31.653
	}
}
{Volume "beam2"
	{Cylinder 2.95276 75.3543}
	{Bone "int3_4"}
	{Matrix34
		-1	0	0
		0	-0.560935	0.82786
		0	0.82786	0.560935
		-29.6615	-32.2706	8.0074
	}
}
{Volume "beam3"
	{Cylinder 2.95276 59.9393}
	{Bone "int3_4"}
	{Position -29.6614	-0.441071	-1.61503}
}
{Volume "beam5"
	{Cylinder 2.95276 75.3543}
	{Bone "int3_4"}
	{Matrix34
		1	0	0
		0	0.560935	0.82786
		0	-0.82786	0.560935
		-29.6614	31.7065	8.00741
	}
}
{Volume "beam1"
	{Cylinder 2.95276 69.326}
	{Bone "int3_4"}
	{Matrix34
		0	-1	0
		0.657501	0	0.753454
		-0.753454	0	0.657501
		0.0470122	-0.369133	7.54331
	}
}
