;Exported by: sana
;Date:        Tue Dec 26 18:43:07 2006
;File:        D:\-Project-\-3DWork-\Entourage\woods_x.max
{Skeleton
	{bone "wire_whole_x"
		{Orientation
			1	0	0
			0	-1	0
			0	0	1
		}
		{bone "piece01"
			{Position 4.03662	-12.4164	5.93444}
			{VolumeView "piece01.ply"}
		}
		{bone "piece02"
			{Position 3.90012	11.9042	6.14222}
			{VolumeView "piece02.ply"}
		}
		{bone "piece03"
			{Position -3.86562	12.0475	-6.13469}
			{VolumeView "piece03.ply"}
		}
		{bone "piece04"
			{Position -3.33507	-12.1934	-6.31037}
			{VolumeView "piece04.ply"}
		}
	}
}
{Volume "piece01"
	{Cylinder 4.03363 5.48637}
	{Bone "piece01"}
	{Matrix34
		0.0875912	0.993936	-0.0664806
		-0.848464	0.109407	0.517821
		0.521954	0.0110498	0.852902
		1.77948e-005	0	1.62224e-005
	}
}
{Volume "piece02"
	{Cylinder 4.4306 6.17422}
	{Bone "piece02"}
	{Matrix34
		0.0875912	0.993936	-0.0664806
		-0.848464	0.109407	0.517821
		0.521954	0.0110498	0.852902
		0	0	0
	}
}
{Volume "piece03"
	{Cylinder 4.37921 5.92618}
	{Bone "piece03"}
	{Matrix34
		0.0875912	0.993936	-0.0664806
		-0.848464	0.109407	0.517821
		0.521954	0.0110498	0.852902
		-1.67011e-005	0	0
	}
}
{Volume "piece04"
	{Cylinder 4.37921 5.92618}
	{Bone "piece04"}
	{Matrix34
		0.0875912	0.993936	-0.0664806
		-0.848464	0.109407	0.517821
		0.521954	0.0110498	0.852902
		-2.13491e-005	0	2.19168e-005
	}
}
