;Exported by: shevchenko
;Date:        Fri Jul 15 14:19:45 2005
;File:        D:\-Projects1_5-\-3DWork-\store\store_1\store_1.max
{Skeleton
	{bone "store4"
		{Orientation
			1	0	0
			0	-1	0
			0	0	1
		}
		{VolumeView "store4.ply"}
		{bone "exterior"
			{Position 1.75574	-30.5732	96.0456}
			{VolumeView "exterior.ply"}
		}
	}
}
{Obstacle "post1"
	{Obb2
		{Center -56.2451 -94.2119}
		{Extent 1.47638 1.47638}
		{Axis 1 0}
	}
	{Rotate}
}
{Obstacle "post"
	{Obb2
		{Center 55.3033 -94.2119}
		{Extent 1.47638 1.47638}
		{Axis 1 0}
	}
	{Rotate}
}
{Area "interior"
	{Obb2
		{Center -0.207436 30.5625}
		{Extent 65.0271 64.4564}
		{Axis -1 0}
	}
	{Rotate}
}
{Obstacle "body1"
	{Obb2
		{Center -0.835697 96.9824}
		{Extent 61.0002 2.95276}
		{Axis 1 0}
	}
	{Rotate}
}
{Obstacle "body"
	{Obb2
		{Center -0.583187 -36.0793}
		{Extent 60.945 2.95275}
		{Axis 1 0}
	}
	{Rotate}
}
{Volume "roof"
	{Box 118.456 1.61775 61.1845}
	{Bone "store4"}
	{Matrix34
		1	0	0
		0	0.0871557	0.996195
		0	-0.996195	0.0871557
		0.0535583	69.0455	75.0662
	}
}
{Volume "post1"
	{Box 2.95276 2.95276 72.8558}
	{Bone "store4"}
	{Position -56.2451	94.2119	36.4279}
}
{Volume "post"
	{Box 2.95276 2.95276 72.8558}
	{Bone "store4"}
	{Position 55.3033	94.2119	36.4279}
}
{Volume "body1"
	{Box 122 5.90551 78.3962}
	{Bone "store4"}
	{Position -0.835696	-96.9824	39.1981}
}
{Volume "body"
	{Box 121.89 5.90551 78.3962}
	{Bone "store4"}
	{Position -0.583187	36.0793	39.1981}
}
{Volume "roof3"
	{Box 91.6648 25.2022 12.5476}
	{Bone "exterior"}
	{Position -2.45874	0.0124435	4.57389}
}
{Volume "roof2"
	{Box 121.063 1.61775 77.9528}
	{Bone "exterior"}
	{Matrix34
		1	0	0
		0	0.258819	-0.965926
		0	0.965926	0.258819
		-1.94821	-37.292	-8.38308
	}
}
{Volume "roof1"
	{Box 121.063 1.61775 77.9528}
	{Bone "exterior"}
	{Matrix34
		1	0	0
		0	0.258819	0.965926
		0	-0.965926	0.258819
		-1.94821	37.4945	-8.38308
	}
}
