;Exported by: sana
;Date:        Mon Jul 03 10:28:58 2006
;File:        D:\-Project-\-3DWork-\Entourage\e-house3a\farm_construction_x04.max
{Skeleton
	{bone "ch_farm_corner26"
		{Orientation
			1	0	0
			0	-1	0
			0	0	1
		}
		{bone "piece01"
			{Position 0.983765	-17.0722	31.2352}
			{VolumeView "piece01.ply"}
			{bone "sub_piece01"
				{Position 0	-2.42053	-10.6173}
				{VolumeView "sub_piece01.ply"}
			}
		}
		{bone "piece02"
			{Position 0.983765	4.82254	33.5759}
			{VolumeView "piece02.ply"}
			{bone "sub_piece02"
				{Position 0	1.92545	-11.1674}
				{VolumeView "sub_piece02.ply"}
			}
		}
		{bone "piece03"
			{Position 0.983765	19.6208	51.5098}
			{VolumeView "piece03.ply"}
			{bone "sub_piece03"
				{Position 0	-10.9474	-0.330009}
				{VolumeView "sub_piece03.ply"}
			}
		}
	}
}
{Volume "piece01"
	{Box 7.87402 21.6691 13.6111}
	{Bone "piece01"}
	{Matrix34
		1	0	0
		0	0.963899	0.266267
		0	-0.266267	0.963899
		0	-0.116108	0.853518
	}
}
{Volume "piece02"
	{Box 7.87402 13.863 17.7139}
	{Bone "piece02"}
	{Position 0	0	2.76281e-005}
}
{Volume "piece03"
	{Box 7.87402 14.4131 11.1124}
	{Bone "piece03"}
	{Position 0	0	2.66745e-005}
}
{Volume "sub_piece01"
	{Box 7.87402 13.4207 8.99777}
	{Bone "sub_piece01"}
	{Matrix34
		1	0	0
		0	0.97735	0.211631
		0	-0.211631	0.97735
		0	0.502202	0.191735
	}
}
{Volume "sub_piece02"
	{Box 7.87402 10.2322 7.57845}
	{Bone "sub_piece02"}
	{Matrix34
		1	0	0
		0	0.962212	-0.272302
		0	0.272302	0.962212
		0	-0.409446	-0.265206
	}
}
{Volume "sub_piece03"
	{Box 7.87402 8.7051 10.2322}
	{Bone "sub_piece03"}
	{Matrix34
		1	0	0
		0	0.991282	-0.131755
		0	0.131755	0.991282
		0	0.051131	0.619269
	}
}
