;Exported by: kolesnikov
;Date:        Mon Jun 05 12:49:23 2006
;File:        D:\-Project-\-3DWork-\Constructions\barricade_hlam.max
{Skeleton
	{bone "bath_elp_x"
		{Orientation
			1	0	0
			0	-1	0
			0	0	1
		}
		{bone "piece7"
			{Position 13.4809	2.78043	5.43446}
			{VolumeView "piece7.ply"}
		}
		{bone "piece5"
			{Position 10.5211	-5.41278	5.84576}
			{VolumeView "piece5.ply"}
		}
		{bone "piece2"
			{Position -9.7794	-0.230438	5.69393}
			{VolumeView "piece2.ply"}
		}
		{bone "piece1"
			{Position -6.92381	4.48204	5.97507}
			{VolumeView "piece1.ply"}
		}
		{bone "piece4"
			{Position 1.22985	-0.146671	1.04977}
			{VolumeView "piece4.ply"}
		}
		{bone "piece3"
			{Position 3.12091	-7.62274	8.57687}
			{VolumeView "piece3.ply"}
		}
		{bone "piece6"
			{Matrix34
				-1	0	0
				0	0	1
				0	1	0
				-16.7032	-0.935116	12.9414
			}
			{VolumeView "piece6.ply"}
		}
	}
}
{Volume "body43"
	{Box 15.8358 1.95756 6.76074}
	{Bone "piece2"}
	{Matrix34
		-0.975788	-0.0175051	0.218017
		-0.00648862	-0.994036	-0.108855
		0.218622	-0.107634	0.969855
		2.28871	-5.63869	0.131841
	}
}
{Volume "body44"
	{Box 11.9688 3.91513 11.4239}
	{Bone "piece2"}
	{Matrix34
		0.0674623	-0.997715	0.00340176
		0.939657	0.064682	0.335946
		-0.335398	-0.0194672	0.941875
		-4.71798	-0.363451	0.462403
	}
}
{Volume "body45"
	{Box 7.38049 2.41674 10.8987}
	{Bone "piece1"}
	{Matrix34
		0.993564	0.113268	0
		-0.106279	0.932264	-0.345816
		-0.0391697	0.343591	0.938302
		-0.954816	1.94042	-0.702159
	}
}
{Volume "body46"
	{Box 16.8574 1.95756 9.85599}
	{Bone "piece7"}
	{Matrix34
		0.908192	-0.418331	0.0136566
		0.405885	0.872267	-0.272775
		0.102198	0.253275	0.96198
		-0.280758	2.62051	0.691841
	}
}
{Volume "body47"
	{Box 9.44016 1.95756 11.9066}
	{Bone "piece7"}
	{Matrix34
		0.0195047	0.998973	-0.0408874
		-0.917003	0.0341702	0.397414
		0.398403	0.0297424	0.916727
		3.30949	-1.92895	0.742954
	}
}
{Volume "body48"
	{Box 16.1198 2.41674 7.21382}
	{Bone "piece5"}
	{Matrix34
		0.941541	0.0279309	0.335738
		-0.0768141	0.988106	0.133214
		-0.328024	-0.151216	0.932488
		-1.82251	-0.216115	-1.23279
	}
}
{Volume "body49"
	{Box 20.6586 1.19641 7.07219}
	{Bone "piece3"}
	{Matrix34
		1	0	0
		0	0.987997	0.15447
		0	-0.15447	0.987997
		0.325058	0.658123	0.48949
	}
}
{Volume "body50"
	{Box 15.4537 7.64505 1.00945}
	{Bone "piece4"}
	{Matrix34
		0.970253	-0.242095	0
		0.242095	0.970253	0
		0	0	1
		0.106244	-0.35029	-0.0340864
	}
}
{Volume "body51"
	{Box 6.38539 1.19641 2.31769}
	{Bone "piece6"}
	{Matrix34
		-1	0	0
		0	-0.00494891	0.999988
		0	0.999988	0.00494891
		-0.281664	-0.482171	0.0523739
	}
}
