;Exported by: sana
;Date:        Tue Jul 11 15:41:18 2006
;File:        D:\ss\mts_boiler1_new\mts_boiler1_x.max
{Skeleton
	{bone "shed125_corn4"
		{Orientation
			1	0	0
			0	-1	0
			0	0	1
		}
		{bone "piece04"
			{Position 4.48195	29.8169	49.3944}
			{VolumeView "piece04.ply"}
		}
		{bone "piece06"
			{Position -18.1259	-13.4354	47.2441}
			{VolumeView "piece06.ply"}
		}
		{bone "piece07"
			{Position -31.5838	-39.1916	32.6892}
			{VolumeView "piece07.ply"}
			{bone "sub_piece07"
				{Position 9.21489	0	0.416489}
				{VolumeView "sub_piece07.ply"}
			}
		}
		{bone "piece08"
			{Position -8.9892	-39.1916	21.6521}
			{VolumeView "piece08.ply"}
			{bone "sub_piece08"
				{Position -2.96751	0	-7.18449}
				{VolumeView "sub_piece08.ply"}
			}
		}
		{bone "piece09"
			{Position 0.225708	-39.1916	35.5526}
			{VolumeView "piece09.ply"}
			{bone "sub_piece09"
				{Position 6.66387	0	-5.15409}
				{VolumeView "sub_piece09.ply"}
			}
		}
		{bone "piece10"
			{Position 18.0307	-39.1916	19.049}
			{VolumeView "piece10.ply"}
			{bone "sub_piece10"
				{Position -5.31027	0	-4.32111}
				{VolumeView "sub_piece10.ply"}
			}
		}
		{bone "piece01"
			{Matrix34
				0.320878	-0.942389	-0.0945512
				0.940402	0.30514	0.150114
				-0.112615	-0.137085	0.984137
				36.2832	31.9192	17.7165
			}
			{VolumeView "piece01.ply"}
		}
		{bone "piece02"
			{Position -6.97527	-3.87161	38.5108}
			{VolumeView "piece02.ply"}
		}
		{bone "piece03"
			{Position -4.24366	15.1528	52.1206}
			{VolumeView "piece03.ply"}
		}
		{bone "piece05"
			{Position 13.5469	-13.4354	47.2441}
			{VolumeView "piece05.ply"}
		}
		{bone "piece11"
			{Position 26.6406	-27.6402	27.1359}
			{VolumeView "piece11.ply"}
			{bone "sub_piece11"
				{Position 0	1.43184	-8.49228}
				{VolumeView "sub_piece11.ply"}
			}
		}
		{bone "piece12"
			{Position 26.6406	-11.6431	43.5281}
			{VolumeView "piece12.ply"}
			{bone "sub_piece12"
				{Position 0	7.65293	-4.2955}
				{VolumeView "sub_piece12.ply"}
			}
		}
		{bone "piece13"
			{Position 26.6406	26.7697	42.7875}
			{VolumeView "piece13.ply"}
			{bone "sub_piece13"
				{Position 0	-7.7023	-7.60354}
				{VolumeView "sub_piece13.ply"}
			}
		}
		{bone "piece14"
			{Position 26.6406	2.18157	24.4698}
			{VolumeView "piece14.ply"}
			{bone "sub_piece14"
				{Position 0	6.36921	-5.08549}
				{VolumeView "sub_piece14.ply"}
			}
		}
	}
}
{Volume "piece01"
	{Box 19.5596 4.40307 35.4331}
	{Bone "piece01"}
	{Position 0	0	0}
}
{Volume "piece02"
	{Box 3.11026 60.7251 2.95276}
	{Bone "piece02"}
	{Position 0	-1.14441e-005	0}
}
{Volume "piece03"
	{Box 51.0808 2.95277 2.95276}
	{Bone "piece03"}
	{Position 0	0	0}
}
{Volume "piece04"
	{Box 58.1224 27.0403 1.9685}
	{Bone "piece04"}
	{Matrix34
		1	0	0
		0	0.97196	-0.235145
		0	0.235145	0.97196
		0	-1.45488	1.82482
	}
}
{Volume "piece05"
	{Box 39.6956 57.0866 1.9685}
	{Bone "piece05"}
	{Matrix34
		1	0	0
		0	0.97315	0.23017
		0	-0.23017	0.97315
		1.77274	0.810466	0.2357
	}
}
{Volume "piece06"
	{Box 33.1079 57.0866 1.9685}
	{Bone "piece06"}
	{Matrix34
		1	0	0
		0	0.971382	0.237521
		0	-0.237521	0.971382
		-0.873509	1.13155	0.270951
	}
}
{Volume "piece07"
	{Box 14.1607 5.90551 12.8863}
	{Bone "piece07"}
	{Matrix34
		0.991679	0	-0.128739
		0	1	0
		0.128739	0	0.991679
		0.584591	0	0.351393
	}
}
{Volume "piece08"
	{Box 14.3461 5.90551 10.6205}
	{Bone "piece08"}
	{Matrix34
		0.805994	0	0.591923
		0	1	0
		-0.591923	0	0.805994
		-0.375021	0	-0.134111
	}
}
{Volume "piece09"
	{Box 16.5556 5.90551 8.64221}
	{Bone "piece09"}
	{Position 0	0	0}
}
{Volume "piece10"
	{Box 11.7659 5.90551 13.9525}
	{Bone "piece10"}
	{Position 0	0	0}
}
{Volume "piece11"
	{Box 5.90552 13.6272 11.7193}
	{Bone "piece11"}
	{Matrix34
		1	0	0
		0	0.977996	0.208623
		0	-0.208623	0.977996
		-1.05725e-005	-0.00071151	0.16905
	}
}
{Volume "piece12"
	{Box 5.90552 18.762 10.566}
	{Bone "piece12"}
	{Position 0	0	0}
}
{Volume "piece13"
	{Box 5.90552 16.8937 15.456}
	{Bone "piece13"}
	{Matrix34
		1	0	0
		0	0.960661	-0.277723
		0	0.277723	0.960661
		0	-0.212263	-0.734239
	}
}
{Volume "piece14"
	{Box 5.90552 14.2234 12.0403}
	{Bone "piece14"}
	{Matrix34
		1	0	0
		0	0.82719	0.561923
		0	-0.561923	0.82719
		0	0.664271	0.297808
	}
}
{Volume "sub_piece07"
	{Box 6.6545 5.90551 11.3702}
	{Bone "sub_piece07"}
	{Matrix34
		0.981116	0	0.193419
		0	1	0
		-0.193419	0	0.981116
		-0.052363	0	0.265609
	}
}
{Volume "sub_piece08"
	{Box 10.0999 5.90551 7.49686}
	{Bone "sub_piece08"}
	{Position 0	0	0}
}
{Volume "sub_piece09"
	{Box 7.16575 5.90551 9.55849}
	{Bone "sub_piece09"}
	{Matrix34
		0.524692	0	-0.851292
		0	1	0
		0.851292	0	0.524692
		0.0797731	0	0.0491641
	}
}
{Volume "sub_piece10"
	{Box 6.72635 5.90551 10.6049}
	{Bone "sub_piece10"}
	{Matrix34
		0.809473	0	0.587156
		0	1	0
		-0.587156	0	0.809473
		-0.52391	0	-0.149169
	}
}
{Volume "sub_piece11"
	{Box 5.90551 10.961 6.24084}
	{Bone "sub_piece11"}
	{Matrix34
		1	0	0
		0	0.976313	0.216362
		0	-0.216362	0.976313
		0	0.117932	-0.012073
	}
}
{Volume "sub_piece12"
	{Box 5.90551 7.03872 10.722}
	{Bone "sub_piece12"}
	{Matrix34
		1	0	0
		0	0.976491	-0.215556
		0	0.215556	0.976491
		0	0.05667	0.164179
	}
}
{Volume "sub_piece13"
	{Box 5.90551 9.47976 10.8622}
	{Bone "sub_piece13"}
	{Position 0	0	0}
}
{Volume "sub_piece14"
	{Box 5.90551 10.3685 5.85375}
	{Bone "sub_piece14"}
	{Matrix34
		1	0	0
		0	0.825454	0.564469
		0	-0.564469	0.825454
		0	0.766472	-0.97706
	}
}
