;Exported by: Mauzer
;Date:        Thu Mar 03 12:15:37 2011
;File:        E:\Autodesk\Low poly\freelance\DMS\Tanks\M10 Wolverine\m10 wolverine.max
{Skeleton
	{animation
		{sequence "start" {speed 0.7}}
		{sequence "stop" {speed 0.7}}
		{sequence "fire" {speed 0.6}}
		{sequence "hit" {speed 0.5}}
		{sequence "open" {resume}}
		{sequence "fire_mgun"}
	}
	{bone "basis"
		{parameters "WheelRadius=0.45;"}
		{Orientation
			1	0	0
			0	-1	0
			0	0	1
		}
		{bone "wheelsl"
			{parameters "wheelsL;"}
			{Position 0.491949	20.2333	7.87997}
			{VolumeView "wheelsl.ply"}
			{bone "trackl"
				{parameters "ID=trackLeft;"}
				{Position -3.49596	0.348755	6.18045}
				{VolumeView "trackl.ply"}
			}
			{bone revolute "wheell2"
				{parameters "ID=trackleft;Radius=0.35;"}
				{Matrix34
					1	0	0
					0	0	-1
					0	1	0
					37.1708	-0.0160522	-0.957592
				}
				{VolumeView "wheell2.ply"}
			}
			{bone revolute "wheell3"
				{parameters "ID=trackleft;Radius=0.35;"}
				{Matrix34
					1	0	0
					0	0	-1
					0	1	0
					20.974	-0.0160522	-0.957592
				}
				{VolumeView "wheell2.ply"}
			}
			{bone revolute "wheell4"
				{parameters "ID=trackleft;Radius=0.35;"}
				{Matrix34
					1	0	0
					0	0	-1
					0	1	0
					7.9508	-0.0160484	-0.957592
				}
				{VolumeView "wheell2.ply"}
			}
			{bone revolute "wheell5"
				{parameters "ID=trackleft;Radius=0.35;"}
				{Matrix34
					1	0	0
					0	0	-1
					0	1	0
					-8.24308	-0.0160446	-0.957592
				}
				{VolumeView "wheell2.ply"}
			}
			{bone revolute "wheell6"
				{parameters "ID=trackleft;Radius=0.35;"}
				{Matrix34
					1	0	0
					0	0	-1
					0	1	0
					-20.9644	-0.0160446	-0.957592
				}
				{VolumeView "wheell2.ply"}
			}
			{bone revolute "wheell7"
				{parameters "ID=trackleft;Radius=0.35;"}
				{Matrix34
					1	0	0
					0	0	-1
					0	1	0
					-37.1603	-0.0160446	-0.957592
				}
				{VolumeView "wheell2.ply"}
			}
			{bone "fxtracel1"
				{Matrix34
					-1	0	0
					0	-1	0
					0	0	1
					22.6005	0.367962	-7.6117
				}
			}
			{bone "fxtracel2"
				{Matrix34
					-1	0	0
					0	-1	0
					0	0	1
					-25.0947	0.367966	-7.6117
				}
			}
			{bone "fxtracel3"
				{Matrix34
					-0.978076	0.13746	0.156435
					-0.139173	-0.990268	0
					0.154912	-0.0217714	0.987688
					-40.0505	0.367966	-7.6117
				}
			}
		}
		{bone "body"
			{parameters "ID=body;"}
			{animation
				{sequence "repair" {file "body_r.anm"} {speed 0.9}}
			}
			{Position -1.85921	-0.0764343	23.6301}
			{VolumeView "body.ply"}
			{bone revolute "turret"
				{parameters "ID=turret;"}
				{animation
					{sequence "repair" {file "turret_r.anm"}}
				}
				{speed 0.01}
				{Position 0.156744	0.0741301	14.5948}
				{VolumeView "turret.ply"}
				{bone revolute "gun_rot"
					{parameters "ID=gun;"}
					{animation
						{sequence "repair" {file "gun_r.anm"}}
					}
					{limits -10 15}
					{speed 0.01}
					{Matrix34
						1	0	0
						0	0	1
						0	-1	0
						20.3392	-0.0741327	3.98982
					}
					{VolumeView "gun_rot.ply"}
					{bone "gun"
						{parameters "ID=gun;"}
						{Matrix34
							1	0	0
							0	0	-1
							0	1	0
							-13.601	-3.98983	0
						}
						{VolumeView "gun.ply"}
						{bone "foresight1"
							{Position 66.6393	-0.120335	3.97519}
						}
					}
				}
				{bone "visor1"
					{Position 7.2226	-9.9734	15.2676}
				}
				{bone "commander"
					{Position -5.58587	-10.2591	-17.1306}
				}
				{bone "gunner"
					{Position -7.05047	8.33885	-17.1306}
				}
				{bone revolute "turret_mgun"
					{limits -60 60}
					{speed 0.03}
					{Position -19.8698	-0.0603241	13.5401}
					{VolumeView "turret_mgun.ply"}
					{bone "gunner2"
						{Matrix34
							-0.988978	-0.00863088	0.14781
							0.00872694	-0.999962	0
							0.147804	0.00129005	0.989016
							9.63576	0.174963	-21.1143
						}
					}
					{bone revolute "mgun_rot"
						{limits -20 40}
						{speed 0.03}
						{Matrix34
							-0.992404	0.0868235	0.0871552
							0.0868246	-0.00759593	0.996195
							0.0871552	0.996195	0
							5.11832	-0.301928	1.86281
						}
						{bone revolute "mgun2"
							{Matrix34
								0.992404	-0.0868251	-0.0871555
								0.0871548	0.996195	0
								0.0868235	-0.00759605	0.996195
								-2.35045	1.9621	0.247857
							}
						}
					}
				}
			}
			{bone "engine"
				{parameters "ID=engine;"}
				{Position -30.9667	-0.00164684	11.4777}
				{VolumeView "engine.ply"}
			}
			{bone "cover1"
				{Matrix34
					0.833886	0	-0.551937
					0	1	0
					0.551937	0	0.833886
					28.8645	14.6592	12.9311
				}
				{VolumeView "cover1.ply"}
			}
			{bone "cover2"
				{Matrix34
					0.838671	0	-0.544639
					0	1	0
					0.544639	0	0.838671
					28.8645	-14.6625	12.9311
				}
				{VolumeView "cover2.ply"}
			}
			{bone "visor2"
				{Position 28.5356	10.0625	12.1392}
			}
			{bone "headlightl"
				{Position 43.6207	18.0712	6.01472}
			}
			{bone "fxfire1"
				{Matrix34
					0	0	1
					0	1	0
					-1	0	0
					-31.2086	-0.0334738	10.069
				}
			}
			{bone "fxsmoke1"
				{Matrix34
					-0.99863	0	-0.052336
					0	1	0
					0.052336	0	-0.99863
					-52.5632	6.27153	-4.99885
				}
			}
			{bone "fxsmoke2"
				{Matrix34
					-0.996917	0	0.0784588
					0	1	0
					-0.0784588	0	-0.996917
					-52.5632	-6.30743	-4.99885
				}
			}
			{bone "fxshot"
				{Position -2.22264	0.228148	-13.7547}
			}
			{bone "seat01"
				{Matrix34
					0.0955503	-0.992328	0.0784591
					0.995396	0.0958457	0
					-0.00751997	0.0780979	0.996917
					-28.9973	-24.3559	3.73523
				}
			}
			{bone "seat02"
				{Matrix34
					0	-0.996917	0.0784591
					1	0	0
					0	0.0784591	0.996917
					-44.0327	-24.3559	3.73523
				}
			}
			{bone "seat04"
				{Matrix34
					-0.0434851	0.995968	0.0784591
					-0.999048	-0.0436195	0
					0.00342235	-0.0783844	0.996917
					-44.0327	25.0932	3.86688
				}
			}
			{bone "seat03"
				{Matrix34
					0.0868869	0.993124	0.0784591
					-0.996195	0.0871556	0
					-0.00683815	-0.0781605	0.996917
					-28.8754	25.0932	3.86688
				}
			}
			{bone "fxstop1"
				{Matrix34
					-1	0	0
					0	-1	0
					0	0	1
					-59.7191	-20.2087	8.81699
				}
			}
			{bone "fxstop2"
				{Matrix34
					-1	0	0
					0	-1	0
					0	0	1
					-59.7191	20.2418	8.81699
				}
			}
			{bone revolute "wheell1"
				{parameters "ID=trackleft;Radius=0.35;"}
				{Matrix34
					1	0	0
					0	0	-1
					0	1	0
					49.3165	20.8058	-8.29148
				}
				{VolumeView "wheell1.ply"}
			}
			{bone revolute "wheell8"
				{parameters "ID=trackleft;Radius=0.35;"}
				{Matrix34
					1	0	0
					0	0	-1
					0	1	0
					-49.1013	20.9938	-9.49163
				}
				{VolumeView "wheell8.ply"}
			}
			{bone revolute "wheelr1"
				{parameters "ID=trackRight;Radius=0.35;"}
				{Matrix34
					1	0	0
					0	0	-1
					0	-1	0
					49.3184	-20.3145	-8.19306
				}
				{VolumeView "wheelr1.ply"}
			}
			{bone revolute "wheelr8"
				{parameters "ID=trackRight;Radius=0.35;"}
				{Matrix34
					1	0	0
					0	0	-1
					0	-1	0
					-49.1013	-20.997	-9.49163
				}
				{VolumeView "wheelr8.ply"}
			}
			{bone revolute "wheell11"
				{parameters "ID=trackleft;Radius=0.35;"}
				{Matrix34
					1	0	0
					0	0	-1
					0	1	0
					23.1006	20.3319	-4.97359
				}
				{VolumeView "wheell11.ply"}
			}
			{bone revolute "wheell10"
				{parameters "ID=trackleft;Radius=0.35;"}
				{Matrix34
					1	0	0
					0	0	-1
					0	1	0
					-6.11427	20.332	-4.97359
				}
				{VolumeView "wheell11.ply"}
			}
			{bone revolute "wheell9"
				{parameters "ID=trackleft;Radius=0.35;"}
				{Matrix34
					1	0	0
					0	0	-1
					0	1	0
					-35.0336	20.332	-4.97359
				}
				{VolumeView "wheell11.ply"}
			}
			{bone revolute "wheelr9"
				{parameters "ID=trackRight;Radius=0.35;"}
				{Matrix34
					1	0	0
					0	0	-1
					0	-1	0
					-35.0336	-20.3352	-4.97359
				}
				{VolumeView "wheelr9.ply"}
			}
			{bone revolute "wheelr10"
				{parameters "ID=trackRight;Radius=0.35;"}
				{Matrix34
					1	0	0
					0	0	-1
					0	-1	0
					-6.11427	-20.3352	-4.97359
				}
				{VolumeView "wheelr9.ply"}
			}
			{bone revolute "wheelr11"
				{parameters "ID=trackRight;Radius=0.35;"}
				{Matrix34
					1	0	0
					0	0	-1
					0	-1	0
					23.1006	-20.3352	-4.97359
				}
				{VolumeView "wheelr9.ply"}
			}
			{bone "anten1"
				{Matrix34
					0.999657	0	0.0261768
					0	1	0
					-0.0261768	0	0.999657
					21.9723	-25.6047	5.98206
				}
				{VolumeView "anten1.ply"}
				{bone "anten2"
					{Matrix34
						0.999657	0	0.0261769
						0	1	0
						-0.0261769	0	0.999657
						0	0	13.1049
					}
					{VolumeView "anten2.ply"}
					{bone "anten3"
						{Matrix34
							0.999657	0	0.026177
							0	1	0
							-0.026177	0	0.999657
							0	0	13.1412
						}
						{VolumeView "anten3.ply"}
						{bone "anten4"
							{Matrix34
								0.999657	0	0.0261769
								0	1	0
								-0.0261769	0	0.999657
								0	0	6.61739
							}
							{VolumeView "anten4.ply"}
						}
					}
				}
			}
			{bone "detail3"
				{Position -58.8535	19.3338	-1.56484}
				{VolumeView "detail3.ply"}
			}
			{bone "detail1"
				{Position -57.313	3.129	5.44044}
				{VolumeView "detail1.ply"}
			}
			{bone "detail2"
				{Position -58.5088	-2.5989	3.51576}
				{VolumeView "detail2.ply"}
			}
			{bone "detail4"
				{Position -32.0989	27.009	7.67372}
				{VolumeView "detail4.ply"}
			}
			{bone "enumerator"
				{Matrix34
					-0.99616	0.0794928	0.0366877
					-0.00184612	-0.438025	0.898961
					0.087531	0.895441	0.43649
					34.0348	29.0877	2.14945
				}
				{VolumeView "enumerator.ply"}
			}
			{bone "fxlight"
				{Position 43.6207	-0.525455	6.01472}
			}
			{bone "headlightr"
				{Position 43.6207	-18.0848	6.01472}
			}
		}
		{bone "wheelsr"
			{parameters "wheelsR;"}
			{Position 0.491947	-20.3895	7.87997}
			{VolumeView "wheelsr.ply"}
			{bone "trackr"
				{parameters "ID=trackRight;"}
				{Position -2.17874	-0.398687	3.76128}
				{VolumeView "trackr.ply"}
			}
			{bone revolute "wheelr2"
				{parameters "ID=trackRight;Radius=0.35;"}
				{Matrix34
					1	0	0
					0	0	-1
					0	-1	0
					37.1708	0.0162239	-0.957592
				}
				{VolumeView "wheelr2.ply"}
			}
			{bone revolute "wheelr3"
				{parameters "ID=trackRight;Radius=0.35;"}
				{Matrix34
					1	0	0
					0	0	-1
					0	-1	0
					20.9759	0.0162201	-0.957591
				}
				{VolumeView "wheelr2.ply"}
			}
			{bone revolute "wheelr4"
				{parameters "ID=trackRight;Radius=0.35;"}
				{Matrix34
					1	0	0
					0	0	-1
					0	-1	0
					7.94811	0.0162201	-0.957591
				}
				{VolumeView "wheelr2.ply"}
			}
			{bone revolute "wheelr5"
				{parameters "ID=trackRight;Radius=0.35;"}
				{Matrix34
					1	0	0
					0	0	-1
					0	-1	0
					-8.24368	0.0162201	-0.957591
				}
				{VolumeView "wheelr2.ply"}
			}
			{bone revolute "wheelr6"
				{parameters "ID=trackRight;Radius=0.35;"}
				{Matrix34
					1	0	0
					0	0	-1
					0	-1	0
					-20.9731	0.0162201	-0.957591
				}
				{VolumeView "wheelr2.ply"}
			}
			{bone revolute "wheelr7"
				{parameters "ID=trackRight;Radius=0.35;"}
				{Matrix34
					1	0	0
					0	0	-1
					0	-1	0
					-37.1606	0.0162201	-0.957591
				}
				{VolumeView "wheelr2.ply"}
			}
			{bone "fxtracer3"
				{Matrix34
					-0.979946	-0.111651	0.165048
					0.113204	-0.993572	0
					0.163987	0.018684	0.986286
					-40.0277	-0.639519	-7.6117
				}
			}
			{bone "fxtracer2"
				{Matrix34
					-1	0	0
					0	-1	0
					0	0	1
					-25.1211	-0.639519	-7.6117
				}
			}
			{bone "fxtracer1"
				{Matrix34
					-1	0	0
					0	-1	0
					0	0	1
					22.6005	-0.639523	-7.6117
				}
			}
		}
		{bone "emit1"
			{Matrix34
				0	-1	0
				1	0	0
				0	0	1
				14.053	44.4484	0
			}
		}
		{bone "emit2"
			{Matrix34
				0	1	0
				-1	0	0
				0	0	1
				14.053	-46.5245	0
			}
		}
		{bone "emit5"
			{Matrix34
				0	-1	0
				1	0	0
				0	0	1
				-28.6454	46.6313	0
			}
		}
		{bone "emit3"
			{Matrix34
				0	1	0
				-1	0	0
				0	0	1
				-28.6454	-45.9499	0
			}
		}
		{bone "emit6"
			{Matrix34
				0	-1	0
				1	0	0
				0	0	1
				-46.906	46.6313	0
			}
		}
		{bone "emit4"
			{Matrix34
				0	1	0
				-1	0	0
				0	0	1
				-46.906	-45.9499	0
			}
		}
	}
}
{Volume "body1"
	{Polyhedron "body1.vol"}
	{Bone "body"}
	{Position -7.12576	0.0289668	4.08469}
}
{Volume "body2"
	{Polyhedron "body2.vol"}
	{Bone "body"}
	{Matrix34
		-1	0	0
		0	0	1
		0	1	0
		3.08773	0.0347224	-5.93948
	}
}
{Volume "crew"
	{Box 28.0775 29.0261 11.5961}
	{Bone "body"}
	{Position 3.83755	0.22983	2.30715}
}
{Volume "engine"
	{Polyhedron "engine.vol"}
	{Bone "engine"}
	{Position -10.1076	0.0306149	-7.39297}
}
{Volume "gun"
	{Cylinder 2.00691 71.5956}
	{Bone "gun_rot"}
	{Matrix34
		0	0	-1
		-0.00174808	0.999998	0
		0.999998	0.00174808	0
		17.7089	-0.178458	0.0861015
	}
}
{Volume "inventory"
	{Box 11.6451 17.7493 7.58965}
	{Bone "body"}
	{Position 0.652654	0.22983	2.85402}
}
{Volume "mantlet"
	{Polyhedron "mantlet.vol"}
	{Bone "gun_rot"}
	{Matrix34
		0	0	-1
		0.00227856	0.999997	0
		0.999997	-0.00227856	0
		1.39146	0.380901	0.0455704
	}
}
{Volume "trackleft"
	{Polyhedron "trackleft.vol"}
	{Bone "wheelsl"}
	{Position 33.9682	0.133125	14.3027}
}
{Volume "trackright"
	{Polyhedron "trackright.vol"}
	{Bone "wheelsr"}
	{Position 33.9683	-0.652649	14.3027}
}
{Volume "turret1"
	{Polyhedron "turret1.vol"}
	{Bone "turret"}
	{Position 4.82807	16.0429	5.29425}
}
{Volume "turret2"
	{Polyhedron "turret2.vol"}
	{Bone "turret"}
	{Position 4.82807	-16.1737	5.29425}
}
{Volume "turret3"
	{Polyhedron "turret3.vol"}
	{Bone "turret"}
	{Position -19.6139	11.1844	8.06213}
}
{Volume "turret4"
	{Polyhedron "turret4.vol"}
	{Bone "turret"}
	{Position -19.1896	-11.3284	8.06213}
}
{Volume "turret5"
	{Polyhedron "turret5.vol"}
	{Bone "turret"}
	{Position -17.4926	11.1844	1.29681}
}
{Volume "turret6"
	{Polyhedron "turret6.vol"}
	{Bone "turret"}
	{Position -16.9593	-10.9827	1.29555}
}
{Volume "turret7"
	{Cylinder 20.2996 2.23102}
	{Bone "turret"}
	{Position 0.280256	-0.0763311	-2.41416}
}
{Volume "turret8"
	{Polyhedron "turret8.vol"}
	{Bone "turret"}
	{Matrix34
		-1	0	0
		0	0	1
		0	1	0
		14.5647	-10.2283	4.6275
	}
}
