;Exported by: golanov
;Date:        Tue Feb 21 17:21:31 2006
;File:        D:\-Projects-\-3DWork-\Constructions\town_e\house_euro_106c\house_euro_106c_x.max
{Skeleton
	{bone "106_roof3_x"
		{Orientation
			1	0	0
			0	-1	0
			0	0	1
		}
		{bone "piece0"
			{Matrix34
				-1	0	0
				0	-1	0
				0	0	1
				-17.18	-31.9241	9.84247
			}
			{VolumeView "piece0.ply"}
		}
		{bone "sub_piece0"
			{Matrix34
				-1	0	0
				0	-1	0
				0	0	1
				-12.6363	-31.9241	0.74762
			}
			{VolumeView "sub_piece0.ply"}
		}
		{bone "piece1"
			{Matrix34
				-1	0	0
				0	-1	0
				0	0	1
				-20.4725	-31.9241	-12.3419
			}
			{VolumeView "piece1.ply"}
		}
		{bone "sub_piece1"
			{Matrix34
				-1	0	0
				0	-1	0
				0	0	1
				-10.5045	-31.9241	-26.4389
			}
			{VolumeView "sub_piece1.ply"}
		}
		{bone "piece2"
			{Matrix34
				-1	0	0
				0	-1	0
				0	0	1
				1.5804	-31.9241	-14.063
			}
			{VolumeView "piece2.ply"}
			{bone "sub_piece2"
				{Position -1.19023	-2.05864	3.51322}
				{VolumeView "sub_piece2.ply"}
			}
		}
		{bone "piece3"
			{Matrix34
				-1	0	0
				0	-1	0
				0	0	1
				13.5036	-16.904	-26.5008
			}
			{VolumeView "piece3.ply"}
		}
		{bone "sub_piece3"
			{Matrix34
				-1	0	0
				0	-1	0
				0	0	1
				19.6961	-27.7745	-32.8057
			}
			{VolumeView "sub_piece3.ply"}
		}
		{bone "piece4"
			{Position -9.85786	0.919525	16.5335}
			{VolumeView "piece4.ply"}
		}
		{bone "sub_piece4"
			{Position -0.600891	18.0253	-3.21469}
			{VolumeView "sub_piece4.ply"}
		}
	}
}
{Volume "piece0"
	{Box 7.7668 5.90552 8.25274}
	{Bone "piece0"}
	{Position -0.677029	0	-0.269759}
}
{Volume "piece1"
	{Box 4.90561 5.90552 10.1959}
	{Bone "piece1"}
	{Position -1.18173	2.35316e-005	2.18708e-005}
}
{Volume "piece2"
	{Box 8.2902 5.90552 16.9913}
	{Bone "piece2"}
	{Matrix34
		0.906308	0	-0.422618
		0	1	0
		0.422618	0	0.906308
		2.13092	-1.76805e-005	-0.993676
	}
}
{Volume "piece3"
	{Box 0.514229 8.02315 13.7128}
	{Bone "piece3"}
	{Matrix34
		0.707107	0	-0.707107
		0	1	0
		0.707107	0	0.707107
		1.28237	3.06716e-005	1.04542
	}
}
{Volume "piece4"
	{Box 0.387058 19.9514 14.3676}
	{Bone "piece4"}
	{Matrix34
		0.906308	0	0.422618
		0	1	0
		-0.422618	0	0.906308
		0.369264	0	-0.791904
	}
}
{Volume "sub_piece0"
	{Box 19.4189 5.90552 3.88574}
	{Bone "sub_piece0"}
	{Position 0.149204	1.46104e-005	0}
}
{Volume "sub_piece1"
	{Box 12.1392 5.90552 5.64059}
	{Bone "sub_piece1"}
	{Position 0	3.28706e-005	0.0286962}
}
{Volume "sub_piece2"
	{Box 0.590652 18.2809 15.3183}
	{Bone "sub_piece2"}
	{Matrix34
		0.906308	0	-0.422618
		0	1	0
		0.422618	0	0.906308
		0.0149855	0.0823561	0.00856441
	}
}
{Volume "sub_piece3"
	{Box 0.452579 20.536 12.2462}
	{Bone "sub_piece3"}
	{Matrix34
		0.707107	0	-0.707107
		0	1	0
		0.707107	0	0.707107
		-2.02962	0.83887	-2.02962
	}
}
{Volume "sub_piece4"
	{Box 0.50355 12.2636 13.428}
	{Bone "sub_piece4"}
	{Matrix34
		0.906308	0	0.422618
		0	1	0
		-0.422618	0	0.906308
		0	-0.86499	0
	}
}
