;Exported by: kislov_a
;Date:        Tue Apr 07 15:26:23 2009
;File:        E:\Black\DESIGN~1\Art\Models\Technics\Tanks\Stug\stug_x.max
{Skeleton
	{bone "basis"
		{parameters "Wheelradius=0.4;"}
		{Orientation
			1	0	0
			0	-1	0
			0	0	1
		}
;		{Extension "/properties/damage_components.ext"}
		{bone "wheelsl"
			{parameters "ID=trackleft;"}
			{animation
				{sequence "break" {file "trackL_b.anm"}}
			}
			{Position 2.89188	20.6935	7.59262}
			{VolumeView "wheelsl.ply"}
			{bone "trackl"
				{parameters "CommonMesh;ID=trackleft;"}
				{Matrix34
					-1	0	0
					0	0	1
					0	1	0
					-1.97275	3.85809	4.7262
				}
				{VolumeView "trackl.ply"}
			}
			{bone revolute "wheell2"
				{parameters "ID=trackleft;Radius=0.4;"}
				{Matrix34
					1	0	0
					0	0	-1
					0	1	0
					23.528	4.24751	-1.17389
				}
				{VolumeView "wheell2.ply"}
			}
			{bone revolute "wheell3"
				{parameters "ID=trackleft;Radius=0.4;"}
				{Matrix34
					1	0	0
					0	0	-1
					0	1	0
					12.778	4.24751	-1.17389
				}
				{VolumeView "wheell2.ply"}
			}
			{bone revolute "wheell4"
				{parameters "ID=trackleft;Radius=0.4;"}
				{Matrix34
					1	0	0
					0	0	-1
					0	1	0
					2.02803	4.24748	-1.17389
				}
				{VolumeView "wheell2.ply"}
			}
			{bone revolute "wheell5"
				{parameters "ID=trackleft;Radius=0.4;"}
				{Matrix34
					1	0	0
					0	0	-1
					0	1	0
					-8.72197	4.2475	-1.17389
				}
				{VolumeView "wheell2.ply"}
			}
			{bone revolute "wheell6"
				{parameters "ID=trackleft;Radius=0.4;"}
				{Matrix34
					1	0	0
					0	0	-1
					0	1	0
					-19.472	4.24745	-1.17389
				}
				{VolumeView "wheell2.ply"}
			}
			{bone revolute "wheell7"
				{parameters "ID=trackleft;Radius=0.4;"}
				{Matrix34
					1	0	0
					0	0	-1
					0	1	0
					-30.222	4.24747	-1.1739
				}
				{VolumeView "wheell2.ply"}
			}
		}
		{bone "wheelsr"
			{parameters "ID=trackright;"}
			{animation
				{sequence "break" {file "trackR_b.anm"}}
			}
			{Position 4.71275	-20.6935	7.59262}
			{VolumeView "wheelsr.ply"}
			{bone "trackr"
				{parameters "CommonMesh;ID=trackright;"}
				{Matrix34
					-1	0	0
					0	0	1
					0	-1	0
					-3.79362	-3.85809	4.7262
				}
				{VolumeView "trackr.ply"}
			}
			{bone revolute "wheelr2"
				{parameters "ID=trackright;Radius=0.4;"}
				{Matrix34
					1	0	0
					0	0	-1
					0	1	0
					23.528	-4.24751	-1.17389
				}
				{VolumeView "wheelr2.ply"}
			}
			{bone revolute "wheelr3"
				{parameters "ID=trackright;Radius=0.4;"}
				{Matrix34
					1	0	0
					0	0	-1
					0	1	0
					12.778	-4.24751	-1.17389
				}
				{VolumeView "wheelr2.ply"}
			}
			{bone revolute "wheelr4"
				{parameters "ID=trackright;Radius=0.4;"}
				{Matrix34
					1	0	0
					0	0	-1
					0	1	0
					2.02803	-4.24748	-1.17389
				}
				{VolumeView "wheelr2.ply"}
			}
			{bone revolute "wheelr5"
				{parameters "ID=trackright;Radius=0.4;"}
				{Matrix34
					1	0	0
					0	0	-1
					0	1	0
					-8.72197	-4.2475	-1.17389
				}
				{VolumeView "wheelr2.ply"}
			}
			{bone revolute "wheelr6"
				{parameters "ID=trackright;Radius=0.4;"}
				{Matrix34
					1	0	0
					0	0	-1
					0	1	0
					-19.472	-4.24745	-1.17389
				}
				{VolumeView "wheelr2.ply"}
			}
			{bone revolute "wheelr7"
				{parameters "ID=trackright;Radius=0.4;"}
				{Matrix34
					1	0	0
					0	0	-1
					0	1	0
					-30.222	-4.24747	-1.1739
				}
				{VolumeView "wheelr2.ply"}
			}
		}
		{bone "body"
			{parameters "ID=body;"}
			{animation
				{sequence "break" {file "body_b.anm"}}
			}
			{Position 0	0	20.3574}
			{bone "detail1"
				{parameters "ID=body;"}
				{Position -40.9681	-25.0084	6.45333}
				{VolumeView "detail1.ply"}
			}
			{bone "detail2"
				{parameters "ID=body;"}
				{Position -18.749	-26.199	6.41655}
				{VolumeView "detail2.ply"}
			}
			{bone "detail3"
				{parameters "ID=body;"}
				{Position -37.8491	24.125	8.66021}
				{VolumeView "detail3.ply"}
			}
			{bone revolute "wheell9"
				{parameters "ID=trackleft;"}
				{Matrix34
					1	0	0
					0	0	-1
					0	1	0
					-19.5815	24.5579	0.158335
				}
				{VolumeView "wheell9.ply"}
			}
			{bone revolute "wheell10"
				{parameters "ID=trackleft;"}
				{Matrix34
					1	0	0
					0	0	-1
					0	1	0
					-0.144316	24.5579	0.158335
				}
				{VolumeView "wheell10.ply"}
			}
			{bone revolute "wheell11"
				{parameters "ID=trackleft;"}
				{Matrix34
					1	0	0
					0	0	-1
					0	1	0
					24.0594	24.5579	-0.905485
				}
				{VolumeView "wheell11.ply"}
			}
			{bone revolute "wheell8"
				{parameters "ID=trackleft;Radius=0.5;"}
				{Matrix34
					1	0	0
					0	0	-1
					0	1	0
					-39.9756	25.279	-4.92925
				}
				{VolumeView "wheell8.ply"}
			}
			{bone revolute "wheell1"
				{parameters "ID=trackleft;Radius=0.5;"}
				{Matrix34
					1	0	0
					0	0	-1
					0	1	0
					41.7855	24.6404	-6.32164
				}
				{VolumeView "wheell1.ply"}
			}
			{bone revolute "wheelr1"
				{parameters "ID=trackright;Radius=0.5;"}
				{Matrix34
					1	0	0
					0	0	-1
					0	1	0
					41.7855	-24.6405	-6.32164
				}
				{VolumeView "wheelr1.ply"}
			}
			{bone revolute "wheelr11"
				{parameters "ID=trackright;"}
				{Matrix34
					1	0	0
					0	0	-1
					0	1	0
					24.0594	-24.5579	-0.905485
				}
				{VolumeView "wheelr11.ply"}
			}
			{bone revolute "wheelr10"
				{parameters "ID=trackright;"}
				{Matrix34
					1	0	0
					0	0	-1
					0	1	0
					-0.144316	-24.5579	0.158335
				}
				{VolumeView "wheelr10.ply"}
			}
			{bone revolute "wheelr9"
				{parameters "ID=trackright;"}
				{Matrix34
					1	0	0
					0	0	-1
					0	1	0
					-19.5815	-24.5579	0.158335
				}
				{VolumeView "wheelr9.ply"}
			}
			{bone revolute "wheelr8"
				{parameters "ID=trackright;Radius=0.5;"}
				{Matrix34
					1	0	0
					0	0	-1
					0	1	0
					-39.9756	-25.2791	-4.92925
				}
				{VolumeView "wheelr8.ply"}
			}
			{bone "body1"
			{parameters "id=body;"}
			{Matrix34
				0	1	0
				-1	0	0
				0	0	1
				-0.2096	0	-0.7
			}
			{VolumeView "body.ply"}
			{bone "gun_rot"
				{parameters "ID=gun;"}
				{Matrix34
					0.999952	-0.000826319	0.00981077
					0.000672028	0.999876	0.0157196
					-0.00982254	-0.0157122	0.999828
					-2.93171	-19.2649	12.9413
				}
				{VolumeView "gun_rot.ply"}
				{bone "gun"
					{parameters "ID=gun;"}
					{Position 0.0760286	-18.1451	-1.40126}
					{VolumeView "gun.ply"}
				}
			}
			{bone "cover_2"
				{parameters "ID=Body;"}
				{Matrix34
					-0.984483	0.0942799	0.148001
					0.0977889	0.995069	0.0165982
					0.145706	-0.0308135	0.988848
					11.6766	12.1401	16.287
				}
				{VolumeView "cover_2.ply"}
			}
			{bone "cover_1"
				{parameters "ID=Body;"}
				{Matrix34
					0.989529	0.00160349	-0.144322
					0.000672423	0.999876	0.0157196
					0.144329	-0.015652	0.989406
					11.5405	0.044781	17.4464
				}
				{VolumeView "cover_1.ply"}
			}
			{bone "cover_3"
				{parameters "ID=Body;"}
				{Matrix34
					0.984139	0.013938	0.176853
					-0.0164325	0.999785	0.0126482
					-0.176638	-0.0153537	0.984156
					-12.3045	-0.000681383	17.5157
				}
				{VolumeView "cover_3.ply"}
			}
			{bone "cover_4"
				{parameters "ID=Body;"}
				{Matrix34
					0.981544	0.0926542	0.16729
					-0.0964501	0.995229	0.0146924
					-0.16513	-0.0305563	0.985798
					-12.4106	12.1559	16.3141
				}
				{VolumeView "cover_4.ply"}
			}
			{bone "enumerator"
				{Matrix34
					-0.994522	-0.104528	0
					-0.00266842	0.025388	0.999674
					-0.104494	0.994198	-0.0255278
					-11.3682	-16.4927	43.5035
				}
				{VolumeView "enumerator.ply"}
			}
			{bone "engine"
				{Position 0.297313	28.6426	-5.35748}
			}
			}
		}
	}
}
