;Exported by: garry
;Date:        Mon Jan 30 18:44:53 2006
;File:        D:\-Projects-\-3DWork-\Model\Танки\PZ-4\Pz-4G\hi-poly\Pz4destroy.max
{Skeleton
	{bone "pz4_d"
		{Orientation
			1	0	0
			0	-1	0
			0	0	1
		}
		{bone "body"
			{Matrix34
				0.999188	-0.00363676	-0.0401317
				0.00224006	0.999392	-0.0347931
				0.0402338	0.0346749	0.998588
				0.0117283	0.67412	4.72948
			}
			{VolumeView "body.ply"}
		}
		{bone "01"
			{Position -18.9865	-1.30452	0}
		}
		{bone "02"
			{Position -35.3393	19.8475	0}
		}
		{bone "03"
			{Position 27.3807	-4.80661	0.0117419}
		}
		{bone "04"
			{Position -23.5307	-12.4236	0}
		}
	}
}
{Volume "body1"
	{Box 90.7601 34.9817 28}
	{Bone "body"}
	{Matrix34
		0.999188	0.00224006	0.0402337
		-0.00363676	0.999392	0.0346749
		-0.0401316	-0.0347931	0.998588
		1.85199	-1.0828	9.32032
	}
}
{Volume "body2"
	{Box 33.5449 29.7344 16.52}
	{Bone "body"}
	{Matrix34
		0.999188	0.00224006	0.0402337
		-0.00363676	0.999392	0.0346749
		-0.0401316	-0.0347931	0.998588
		0.958201	-1.85769	31.5603
	}
}
