;Exported by: sergienko
;Date:        Fri Jul 14 16:27:28 2006
;File:        D:\-projets1_5\3dwork\anima\construction\house_euro_100c\euro_corner_n_x.max
{Skeleton
	{bone "100_corner13_n_x"
		{Orientation
			1	0	0
			0	-1	0
			0	0	1
		}
		{bone "piece1"
			{Matrix34
				0	-0.975581	-0.219639
				0	0.219639	-0.975581
				1	0	0
				32.4965	23.9071	129.447
			}
			{VolumeView "piece1.ply"}
		}
		{bone "piece5"
			{Matrix34
				0	-0.996195	-0.0871557
				0	-0.0871557	0.996195
				-1	0	0
				32.4448	2.73904	121.67
			}
			{VolumeView "piece5.ply"}
		}
		{bone "piece2"
			{Matrix34
				0	0.819152	0.573576
				0	0.573576	-0.819152
				-1	0	0
				32.4448	-8.60926	146.324
			}
			{VolumeView "piece2.ply"}
		}
		{bone "piece4"
			{Matrix34
				0	0.34202	0.939693
				0	-0.939693	0.34202
				1	0	0
				32.3669	-23.311	134.56
			}
			{VolumeView "piece4.ply"}
		}
		{bone "piece3"
			{Matrix34
				0	-0.573576	-0.819152
				0	0.819152	-0.573576
				1	0	0
				32.3669	10.3714	149.947
			}
			{VolumeView "piece3.ply"}
		}
		{bone "piece6"
			{Matrix34
				0	-0.965926	-0.258819
				0	0.258819	-0.965926
				1	0	0
				32.4448	-0.998924	173.176
			}
			{VolumeView "piece6.ply"}
		}
		{bone "piece7"
			{Matrix34
				1	0	0
				0	0.572863	0.819651
				0	-0.819651	0.572863
				23.3821	-29.4312	146.663
			}
			{VolumeView "piece7.ply"}
		}
		{bone "piece9"
			{Matrix34
				1	0	0
				0	0.484636	0.874716
				0	-0.874716	0.484636
				23.9346	-7.8697	188.383
			}
			{VolumeView "piece9.ply"}
		}
		{bone "piece8"
			{Matrix34
				1	0	0
				0	0.528476	0.848948
				0	-0.848948	0.528476
				4.5335	-19.2261	167.233
			}
			{VolumeView "piece8.ply"}
		}
		{bone "piece11"
			{Matrix34
				1	0	0
				0	-0.539635	0.841899
				0	-0.841899	-0.539635
				9.17108	4.22326	186.941
			}
			{VolumeView "piece11.ply"}
		}
		{bone "piece10"
			{Matrix34
				1	0	0
				0	-0.539635	0.841899
				0	-0.841899	-0.539635
				26.8182	17.6721	164.271
			}
			{VolumeView "piece10.ply"}
		}
	}
}
{Volume "piece10"
	{Box 23.5926 24.7275 1.8214}
	{Bone "piece10"}
	{Position -3.8959	0.41715	0.209843}
}
{Volume "piece11"
	{Box 21.7518 20.761 1.8214}
	{Bone "piece11"}
	{Position 3.05806	0.926269	0.20984}
}
{Volume "piece1"
	{Box 14.4416 26.339 5.90551}
	{Bone "piece1"}
	{Position 0	0	0}
}
{Volume "piece2"
	{Box 16.0075 26.8375 5.90551}
	{Bone "piece2"}
	{Matrix34
		0.856414	-0.516289	0
		0.516289	0.856414	0
		0	0	1
		1.11472	-1.19706	0
	}
}
{Volume "piece3"
	{Box 23.8351 12.4977 5.90551}
	{Bone "piece3"}
	{Matrix34
		0.619257	0.785188	0
		-0.785188	0.619257	0
		0	0	1
		1.0963	1.27969	0
	}
}
{Volume "piece4"
	{Box 23.8351 12.4977 5.90551}
	{Bone "piece4"}
	{Matrix34
		0.619257	0.785188	0
		-0.785188	0.619257	0
		0	0	1
		1.0963	1.27969	0
	}
}
{Volume "piece5"
	{Box 14.4416 26.339 5.90551}
	{Bone "piece5"}
	{Position 0	0	0}
}
{Volume "piece6"
	{Box 14.4416 26.339 5.90551}
	{Bone "piece6"}
	{Position 0	0	0}
}
{Volume "piece7"
	{Box 23.9056 17.4383 1.8214}
	{Bone "piece7"}
	{Position -1.79524	-0.0933082	0.20984}
}
{Volume "piece8"
	{Box 21.7518 20.761 1.8214}
	{Bone "piece8"}
	{Position 3.05806	0.926282	0.209852}
}
{Volume "piece9"
	{Box 23.5926 24.7275 1.8214}
	{Bone "piece9"}
	{Position -3.8959	0.417146	0.209846}
}
