;Exported by: vic
;Date:        Thu Feb 23 12:06:37 2006
;File:        D:\Obmen\stroghold22as.max
{Skeleton
	{bone "backwall_stairs4"
		{Orientation
			1	0	0
			0	-1	0
			0	0	1
		}
		{VolumeView "backwall_stairs4.ply"}
	}
}
{Obstacle "body"
	{Obb2
		{Center -0.0792847 8.56152}
		{Extent 127.953 13.5634}
		{Axis 1 0}
	}
	{Rotate}
}
{Obstacle "body1"
	{Obb2
		{Center 115.462 -8.10935}
		{Extent 12.3774 16.4894}
		{Axis 1 0}
	}
	{Rotate}
}
{Obstacle "body2"
	{Obb2
		{Center -0.187317 -8.10935}
		{Extent 24.4981 16.4894}
		{Axis 1 0}
	}
	{Rotate}
}
{Obstacle "body3"
	{Obb2
		{Center -115.598 -8.10935}
		{Extent 12.3774 16.4894}
		{Axis 1 0}
	}
	{Rotate}
}
{Volume "body"
	{Box 255.906 27.1267 167.61}
	{Bone "backwall_stairs4"}
	{Position -0.0792847	-8.56152	83.9484}
}
{Volume "body1"
	{Box 24.7548 15.748 78.9877}
	{Bone "backwall_stairs4"}
	{Matrix34
		1	0	0
		0	0.974778	0.223174
		0	-0.223174	0.974778
		115.462	8.1094	36.9615
	}
}
{Volume "body2"
	{Box 48.9963 15.748 78.9877}
	{Bone "backwall_stairs4"}
	{Matrix34
		1	0	0
		0	0.974778	0.223174
		0	-0.223174	0.974778
		-0.187317	8.1094	36.9615
	}
}
{Volume "body3"
	{Box 24.7548 15.748 78.9877}
	{Bone "backwall_stairs4"}
	{Matrix34
		1	0	0
		0	0.974778	0.223174
		0	-0.223174	0.974778
		-115.598	8.1094	36.9615
	}
}
