;Exported by: kolesnikov
;Date:        Thu Sep 22 10:29:38 2005
;File:        D:\-Project-\-3DWork-\Constructions\12.max
{Skeleton
	{bone "dok_build3_r1_x"
		{Orientation
			1	0	0
			0	-1	0
			0	0	1
		}
		{bone "piece2"
			{Position -27.6554	19.2729	113.836}
			{VolumeView "piece2.ply"}
		}
		{bone "piece5"
			{Matrix34
				1	0	0
				0	1	0
				0	0	1
				-9.26526	-5.39587	100.816
			}
			{VolumeView "piece5.ply"}
		}
		{bone "piece4"
			{Matrix34
				1	0	0
				0	1	0
				0	0	1
				-27.1585	-18.9914	115.005
			}
			{VolumeView "piece4.ply"}
		}
		{bone "piece3"
			{Matrix34
				1	0	0
				0	1	-0.000259876
				0	0.000259876	1
				26.0894	-58.9725	88.9582
			}
			{VolumeView "piece3.ply"}
		}
		{bone "piece1"
			{Position 25.593	59.2537	87.7888}
			{VolumeView "piece1.ply"}
		}
	}
}
{Volume "body421"
	{Box 40.2117 39.5906 0.486358}
	{Bone "piece1"}
	{Matrix34
		0	-0.968107	0.250538
		1	0	0
		0	0.250538	0.968107
		0.074449	-0.125471	0.00261323
	}
}
{Volume "body423"
	{Box 40.2117 39.5906 0.486358}
	{Bone "piece3"}
	{Matrix34
		0	0.968172	0.250286
		-1	0	0
		0	-0.250286	0.968172
		0.0424716	0.125465	0.00275296
	}
}
{Volume "body424"
	{Box 40.2117 39.5906 0.486358}
	{Bone "piece4"}
	{Matrix34
		0	0.954199	0.299173
		-1	0	0
		0	-0.299173	0.954199
		0.0424908	0.022991	0.00373161
	}
}
{Volume "body429"
	{Box 20.6946 5.42991 20.0974}
	{Bone "piece5"}
	{Matrix34
		0	0.34202	-0.939693
		-1	0	0
		0	0.939693	0.34202
		-0.0303569	1.43359	-1.70906
	}
}
{Volume "body422"
	{Box 40.2117 39.5906 0.486358}
	{Bone "piece2"}
	{Matrix34
		0	-0.954199	0.299173
		1	0	0
		0	0.299173	0.954199
		0.0745327	-0.0231025	0.00377252
	}
}
