;Exported by: sana
;Date:        Mon Jul 03 10:28:50 2006
;File:        D:\-Project-\-3DWork-\Entourage\e-house3a\farm_construction_x04.max
{Skeleton
	{bone "ch_farm_corner20"
		{Orientation
			1	0	0
			0	-1	0
			0	0	1
		}
		{bone "piece01"
			{Position 11.2012	1.62711	92.8014}
			{VolumeView "piece01.ply"}
		}
		{bone "piece02"
			{Position -46.08	25.5515	83.0506}
			{VolumeView "piece02.ply"}
		}
		{bone "piece05"
			{Position 42.0035	-27.7656	96.6699}
			{VolumeView "piece05.ply"}
			{bone "sub_piece05"
				{Position 0	4.8045	-9.92923}
				{VolumeView "sub_piece05.ply"}
			}
		}
		{bone "piece04"
			{Position 42.0035	-1.18091	87.2531}
			{VolumeView "piece04.ply"}
		}
		{bone "piece03"
			{Position 42.0035	26.1089	72.7115}
			{VolumeView "piece03.ply"}
		}
	}
}
{Volume "piece01"
	{Box 81.7299 42.4111 2.75591}
	{Bone "piece01"}
	{Matrix34
		1	0	0
		0	0.92678	-0.375604
		0	0.375604	0.92678
		0	-14.1173	6.78836
	}
}
{Volume "piece02"
	{Box 51.1165 45.2229 2.75591}
	{Bone "piece02"}
	{Matrix34
		1	0	0
		0	0.930461	-0.366392
		0	0.366392	0.930461
		0	0.821549	1.31748
	}
}
{Volume "piece03"
	{Box 7.87402 17.4115 17.9458}
	{Bone "piece03"}
	{Matrix34
		1	0	0
		0	0.938293	-0.345842
		0	0.345842	0.938293
		0	0.418129	-0.874262
	}
}
{Volume "piece04"
	{Box 7.87402 20.1148 11.8588}
	{Bone "piece04"}
	{Matrix34
		1	0	0
		0	0.925367	-0.379071
		0	0.379071	0.925367
		-1.0024e-005	0.34901	-0.761682
	}
}
{Volume "piece05"
	{Box 7.87402 17.1578 18.1687}
	{Bone "piece05"}
	{Matrix34
		1	0	0
		0	0.819844	0.572587
		0	-0.572587	0.819844
		-1.12503e-005	-1.56632	0.872041
	}
}
{Volume "sub_piece05"
	{Box 7.87402 15.2463 15.1181}
	{Bone "sub_piece05"}
	{Position 0	0	-1.72945e-005}
}
