;Exported by: shevchenko
;Date:        Wed Jul 27 10:15:40 2005
;File:        D:\-Projects1_5-\-3DWork-\kaserne_sh_lm_corner_x.max
{Skeleton
	{animation
		{sequence "crush" {speed 0.4}}
	}
	{bone "118_c4"
		{parameters "CommonMesh;"}
		{Orientation
			1	0	0
			0	-1	0
			0	0	1
		}
		{VolumeView "118_c4.ply"}
		{bone "ground"
			{parameters "Land;Ground;"}
			{Matrix34
				0	1	0
				0	0	1
				1	0	0
				-47.0946	1.96851	5.90551
			}
			{VolumeView "ground.ply" {Ground}}
		}
		{bone "exterior"
			{Position 12.9528	1.06297	65.7087}
		}
		{bone "piece5"
			{Matrix34
				1	0	0
				0	0	1
				0	-1	0
				51.3386	-17.7166	46.5975
			}
			{VolumeView "piece5.ply"}
		}
		{bone "piece4"
			{Matrix34
				1	0	0
				0	0	1
				0	-1	0
				21.2402	-17.7166	55.1181
			}
			{VolumeView "piece4.ply"}
		}
		{bone "piece3"
			{Matrix34
				1	0	0
				0	0	1
				0	-1	0
				-19.9588	-17.7166	51.4289
			}
			{VolumeView "piece3.ply"}
		}
		{bone "piece0"
			{Matrix34
				1	0	0
				0	0	1
				0	-1	0
				-21.4961	-17.7166	17.7165
			}
			{VolumeView "piece0.ply"}
		}
		{bone "piece1"
			{Matrix34
				1	0	0
				0	0	1
				0	-1	0
				12.2275	-17.7166	11.811
			}
			{VolumeView "piece1.ply"}
		}
		{bone "piece2"
			{Matrix34
				1	0	0
				0	0	1
				0	-1	0
				50.3543	-17.7166	13.7795
			}
			{VolumeView "piece2.ply"}
		}
		{bone "piece7"
			{Matrix34
				0	1	0
				0	0	1
				1	0	0
				-33.3071	-6.88979	56.1024
			}
			{VolumeView "piece7.ply"}
		}
		{bone "piece6"
			{Matrix34
				0	1	0
				0	0	1
				1	0	0
				-33.3071	-10.8268	27.5591
			}
			{VolumeView "piece6.ply"}
		}
		{bone "piece11"
			{Matrix34
				0	1	0
				0	0	1
				1	0	0
				59.2126	-6.29268	55.1181
			}
			{VolumeView "piece11.ply"}
		}
		{bone "piece9"
			{Matrix34
				0	1	0
				0	0	1
				1	0	0
				59.2126	-9.2822	33.4646
			}
			{VolumeView "piece9.ply"}
		}
		{bone "piece10"
			{Matrix34
				0	1	0
				0	0	1
				1	0	0
				59.2126	4.46219	36.9947
			}
			{VolumeView "piece10.ply"}
		}
		{bone "piece8"
			{Matrix34
				0	1	0
				0	0	1
				1	0	0
				59.2126	-0.650711	10.1459
			}
			{VolumeView "piece8.ply"}
		}
	}
}
{Volume "piece8"
	{Box 5.90551 11.983 14.8811}
	{Bone "piece8"}
	{Matrix34
		0	0	1
		0.899035	-0.437877	0
		0.437877	0.899035	0
		0.0207476	-0.287961	0
	}
}
{Volume "piece10"
	{Box 5.90551 9.54686 15.579}
	{Bone "piece10"}
	{Matrix34
		0	0	1
		0.968285	0.249847	0
		-0.249847	0.968285	0
		-0.520362	-0.141277	0
	}
}
{Volume "piece9"
	{Box 5.90551 8.73462 20.5512}
	{Bone "piece9"}
	{Matrix34
		0	0	1
		0.992138	0.125151	0
		-0.125151	0.992138	0
		0.242572	-0.101264	0
	}
}
{Volume "piece11"
	{Box 5.90551 13.6832 16.9291}
	{Bone "piece11"}
	{Matrix34
		0	0	1
		0.98595	-0.16704	0
		0.16704	0.98595	0
		0.0775776	-0.0268288	0
	}
}
{Volume "piece6"
	{Box 5.90551 7.87402 22.874}
	{Bone "piece6"}
	{Matrix34
		0	0	1
		1	0	0
		0	1	0
		0	0.496967	0
	}
}
{Volume "piece7"
	{Box 5.90551 12.2835 13.9961}
	{Bone "piece7"}
	{Matrix34
		0	0	1
		0.961894	0.273422	0
		-0.273422	0.961894	0
		-0.077162	0.382696	0
	}
}
{Volume "piece2"
	{Box 18.189 5.90551 22.0472}
	{Bone "piece2"}
	{Matrix34
		0.992209	-0.124583	0
		0	0	-1
		0.124583	0.992209	0
		-0.174202	0.205653	0
	}
}
{Volume "piece1"
	{Box 28.6523 5.90551 18.4252}
	{Bone "piece1"}
	{Matrix34
		0.99191	-0.126946	0
		0	0	-1
		0.126946	0.99191	0
		0.82682	1.32543	0
	}
}
{Volume "piece0"
	{Box 20.374 5.90551 28.7008}
	{Bone "piece0"}
	{Matrix34
		1	0	0
		0	0	-1
		0	1	0
		-2.2168	2.16707	0
	}
}
{Volume "piece3"
	{Box 28.0377 5.90552 19.1949}
	{Bone "piece3"}
	{Matrix34
		1	0	0
		0	0	-1
		0	1	0
		0	0.637591	0
	}
}
{Volume "piece4"
	{Box 32.5595 5.90552 15.748}
	{Bone "piece4"}
	{Matrix34
		1	0	0
		0	0	-1
		0	1	0
		0	0	-1.29748e-005
	}
}
{Volume "piece5"
	{Box 15.374 5.90552 27.215}
	{Bone "piece5"}
	{Matrix34
		0.982371	-0.186943	0
		0	0	-1
		0.186943	0.982371	0
		0.795852	1.17486	0
	}
}
