;Exported by: vvv
;Date:        Sun Feb 13 14:54:46 2011
;File:        D:\3D Models\Spitfire.max
{Skeleton
	{animation
		{sequence "engine_start" {speed 0.1}}
		{sequence "engine_work" {speed 0.3}}
		{sequence "engine_stop" {speed 0.1}}
		{sequence "open" {speed 0.1}}
		{sequence "wheels" {speed 0.4}}
	}
	{bone "basis"
		{Orientation
			1	0	0
			0	-1	0
			0	0	1
		}
		{bone "body"
			{parameters "id=body;"}
			{Matrix34
				-0.999827	0	0.0186213
				0	-1	0
				0.0186213	0	0.999827
				6.80804	0	42.2023
			}
			{VolumeView "body.ply"}
			{bone "pivot_front"
				{Matrix34
					-0.999827	0	0.0186213
					0.0186213	0	0.999827
					0	1	0
					-36.6604	0	-34.0404
				}
				{bone "wingl1"
					{parameters "id=wingleft;"}
					{Matrix34
						-0.999827	0.018621	0
						0	0	1
						0.018621	0.999827	0
						-16.8421	20.4782	-61.5868
					}
					{VolumeView "wingl1.ply"}
					{bone "retract_wheell"
						{parameters "id=retract_wheelL;"}
						{Matrix34
							0.999827	0	-0.0186212
							0	1	0
							0.0186212	0	0.999827
							-9.64507	46.7508	-0.513905
						}
						{VolumeView "retract_wheell.ply"}
						{bone revolute "wheell"
							{parameters "id=retract_wheelL;Radius=0.4;support;"}
							{Matrix34
								1	0	0
								0	0	1
								0	-1	0
								-7.17154	-4.49269	-19.8435
							}
							{VolumeView "wheell.ply"}
						}
					}
					{bone "aileron1"
						{parameters "id=wingL1;"}
						{Matrix34
							0.99969	-0.0185191	-0.0166718
							0.0185192	0.104528	0.994349
							-0.0166718	-0.994349	0.104839
							13.0217	-19.9308	3.2969
						}
						{VolumeView "aileron1.ply"}
					}
					{bone "barrel00"
						{Matrix34
							-0.999236	0.0343577	0.0186091
							-0.0343518	-0.99941	0.000637571
							0.01862	0	0.999827
							-40.5439	5.03024	3.2775
						}
					}
					{bone "rocket04"
						{parameters "ID=wingR2;"}
						{Matrix34
							0.999827	0	-0.018621
							-0.018621	0	-0.999827
							0	1	0
							-4.70657	-16.013	-2.06399
						}
						;{VolumeView "rocket04.ply"}
					}
					{bone "rocket00"
						{parameters "ID=wingR2;"}
						{Matrix34
							0.999827	0	-0.018621
							-0.018621	0	-0.999827
							0	1	0
							-4.7392	-4.0774	-2.1467
						}
						;{VolumeView "rocket00.ply"}
					}
					{bone "rocket02"
						{parameters "ID=wingR2;"}
						{Matrix34
							0.999827	0	-0.018621
							-0.018621	0	-0.999827
							0	1	0
							-4.72322	-9.91843	-2.1064
						}
						;{VolumeView "rocket02.ply"}
					}
				}
				{bone "wingr1"
					{parameters "id=wingright;"}
					{Matrix34
						-0.999827	0.018621	0
						0	0	1
						0.018621	0.999827	0
						-16.7513	20.5524	61.6215
					}
					{VolumeView "wingr1.ply"}
					{bone "retract_wheelr"
						{parameters "ID=retract_wheelR;"}
						{Matrix34
							0.999827	0	-0.0186212
							0	1	0
							0.0186212	0	0.999827
							-9.57541	-46.7546	-0.544249
						}
						{VolumeView "retract_wheelr.ply"}
						{bone revolute "wheelr"
							{parameters "id=retract_wheelR;Radius=0.4;support;"}
							{Matrix34
								1	0	0
								0	0	1
								0	-1	0
								-7.18256	4.51223	-19.8746
							}
							{VolumeView "wheelr.ply"}
						}
					}
					{bone "aileron2"
						{parameters "id=wingR1;"}
						{Matrix34
							0.999607	-0.0184561	-0.021096
							0.0184554	-0.133102	0.99093
							-0.0210966	-0.990931	-0.132709
							12.9474	19.9668	3.32462
						}
						{VolumeView "aileron2.ply"}
					}
					{bone "barrel01"
						{Matrix34
							-0.999236	0.0343577	0.0186095
							-0.0343518	-0.99941	0.000637571
							0.0186205	0	0.999827
							-40.3896	-5.0775	3.20048
						}
					}
					{bone "rocket05"
						{parameters "ID=wingL2;"}
						{Matrix34
							0.999827	0	-0.018621
							-0.018621	0	-0.999827
							0	1	0
							-6.79202	16.1696	-3.18416
						}
						;{VolumeView "rocket05.ply"}
					}
					{bone "rocket03"
						{parameters "ID=wingL2;"}
						{Matrix34
							0.999827	0	-0.018621
							-0.018621	0	-0.999827
							0	1	0
							-6.78598	10.0754	-3.14182
						}
						;{VolumeView "rocket03.ply"}
					}
					{bone "rocket01"
						{parameters "ID=wingL2;"}
						{Matrix34
							0.999827	0	-0.018621
							-0.018621	0	-0.999827
							0	1	0
							-6.78027	4.23467	-3.10128
						}
						;{VolumeView "rocket01.ply"}
					}
				}
			}
			{bone "pivot_back"
				{Matrix34
					-0.999827	0	0.0186213
					0.0186213	0	0.999827
					0	1	0
					90.5958	0	-14.1869
				}
				{bone revolute "wheelback"
					{parameters "id=retract_wheelBack;Radius=0.1;support;"}
					{Matrix34
						-0.999827	0	-0.018621
						0	1	0
						0.018621	0	-0.999827
						0.111961	-0.35857	0.114084
					}
					{VolumeView "wheelback.ply"}
				}
			}
			{bone "engine"
				{parameters "id=engine;"}
				{Position -62.1518	-0.0337208	0.963879}
				{VolumeView "engine.ply"}
			}
			{bone "cabine"
				{parameters "id=Body;"}
				{Position 0.45864	0.0160089	8.92795}
				{VolumeView "cabine.ply"}
			}
			{bone "propeller"
				{parameters "ID=propeller;"}
				{Position -87.5843	-0.267767	-0.449802}
				{VolumeView "propeller.ply"}
			}
			{bone revolute "elevator2"
				{parameters "id=wingRight;"}
				{limits -30 30}
				{speed 2}
				{Matrix34
					-0.999653	0.0186215	0.018618
					0.0186212	0	0.999827
					0.0186183	0.999827	-0.000346525
					96.547	19.1398	0.910694
				}
				{VolumeView "elevator2.ply"}
			}
			{bone revolute "hwost"
				{parameters "id=wingright;"}
				{Position 101.269	0.131824	8.49839}
				{VolumeView "hwost.ply"}
			}
			{bone revolute "elevator1"
				{parameters "id=wingLeft;"}
				{limits -30 30}
				{speed 2}
				{Matrix34
					0.999653	-0.0186214	-0.0186181
					0.0186213	0	0.999827
					-0.0186182	-0.999827	0.000346676
					96.5749	-18.8912	0.909389
				}
				{VolumeView "elevator1.ply"}
			}
			{bone "propeller_work"
				{parameters "ID=propeller;"}
				{Matrix34
					0.999827	0	-0.0186213
					0	1	0
					0.0186213	0	0.999827
					-88.1259	0.301816	-1.96561
				}
				{visibility 0}
				{VolumeView "propeller_work.ply"}
			}
			{bone "fx_smoke1"
				{Matrix34
					0.693957	0.707107	-0.135734
					-0.693957	0.707107	0.135734
					0.191956	0	0.981403
					-63.9325	10.4426	0.0190048
				}
			}
			{bone "fx_smoke2"
				{Matrix34
					0.693957	-0.707106	-0.135734
					0.693957	0.707107	-0.135734
					0.191957	0	0.981403
					-63.9325	-10.5501	0.0190048
				}
			}
			{bone "driver"
				{Matrix34
					-0.960939	0	0.276761
					0	-1	0
					0.276761	0	0.960939
					-2.97594	0	-12.9731
				}
			}
			{bone revolute "mgun_rot1"
				{limits -7 7}
				{Matrix34
					0	-1	0
					0.999827	0	-0.0186213
					0.0186213	0	0.999827
					-58.6419	0	-10.6379
				}
				{bone revolute "mgun_rot"
					{limits -30 30}
					{Matrix34
						-0.034357	-0.99941	0
						0	0	-1
						0.99941	-0.034357	0
						0	1.64707	0.0112514
					}
					{bone "shooter01"
						{Matrix34
							1	0	0
							0	0	1
							0	-1	0
							4.87049	1.14441e-005	-56.41
						}
					}
					{bone "shooter00"
						{Matrix34
							1	0	0
							0	0	1
							0	-1	0
							1.05002	0	56.6263
						}
					}
					{bone "foresight1"
						{Matrix34
							1	0	0
							0	0	1
							0	-1	0
							41.1197	0	1.41359
						}
					}
					{bone "shooter_r00"
						{Matrix34
							1	0	0
							0	0	1
							0	-1	0
							-19.8608	4.71135	65.0612
						}
					}
					{bone "shooter_r02"
						{Matrix34
							1	0	0
							0	0	1
							0	-1	0
							-20.0624	4.71135	70.925
						}
					}
					{bone "shooter_r04"
						{Matrix34
							1	0	0
							0	0	1
							0	-1	0
							-20.271	4.71135	76.9941
						}
					}
					{bone "shooter_r01"
						{Matrix34
							1	0	0
							0	0	1
							0	-1	0
							-15.3406	5.6992	-66.4246
						}
					}
					{bone "shooter_r03"
						{Matrix34
							1	0	0
							0	0	1
							0	-1	0
							-15.1414	5.6992	-72.2207
						}
					}
					{bone "shooter_r05"
						{Matrix34
							1	0	0
							0	0	1
							0	-1	0
							-14.9304	5.6992	-78.3574
						}
					}
					{bone "foresight3"
						{Matrix34
							1	0	0
							0	0	1
							0	-1	0
							41.1197	0	1.41359
						}
					}
				}
			}
		}
		{bone "emit1"
			{Matrix34
				0.707107	-0.707107	0
				0.707107	0.707107	0
				0	0	1
				-17.4435	26.6842	9.1829
			}
			{visibility 0}
		}
		{bone "emit2"
			{Matrix34
				0.819152	0.573576	0
				-0.573576	0.819152	0
				0	0	1
				-17.4435	-26.2627	9.1829
			}
			{visibility 0}
		}
	}
}
{Obstacle "rectangle01"
	{Obb2
		{Center 26.1207 0.563664}
		{Extent 21.4189 118.649}
		{Axis 1 1.50272e-007}
	}
	{Rotate}
}
{Obstacle "rectangle02"
	{Obb2
		{Center -3.36794 -5.08544e-007}
		{Extent 97.338 7.68458}
		{Axis 1 1.50996e-007}
	}
	{Rotate}
}
{Obstacle "rectangle03"
	{Obb2
		{Center -86.6175 -1.30789e-005}
		{Extent 8.96534 34.8367}
		{Axis 1 1.50996e-007}
	}
	{Rotate}
}
{Volume "aileron1"
	{Polyhedron "aileron1.vol"}
	{Bone "aileron1"}
	{Matrix34
		0.018618	-0.0174536	0.999674
		0.999827	0	-0.0186208
		0.000326158	0.999848	0.0174505
		0.126601	-1.38447	-0.107025
	}
}
{Volume "aileron2"
	{Polyhedron "aileron2.vol"}
	{Bone "aileron2"}
	{Matrix34
		0.0181695	0.218975	0.975561
		0.999827	0	-0.0186216
		-0.00407814	0.975731	-0.218937
		1.14416	4.62819	45.6314
	}
}
{Volume "body"
	{Polyhedron "body.vol"}
	{Bone "body"}
	{Matrix34
		0.999827	0	-0.0186213
		0	1	0
		0.0186213	0	0.999827
		11.9134	0	-18.2763
	}
}
{Volume "elevator1"
	{Box 42.4678 22.5446 2.6739}
	{Bone "elevator1"}
	{Matrix34
		0.015828	0	0.849853
		0.849852	0	-0.015828
		0	0.85	0
		0.558287	0.202955	-1.50374
	}
}
{Volume "elevator2"
	{Box 42.4678 22.5446 2.6739}
	{Bone "elevator2"}
	{Matrix34
		-0.0158282	0	-0.849853
		-0.849852	0	0.0158282
		0	0.85	0
		-0.649988	0.202059	-1.91177
	}
}
{Volume "engine"
	{Polyhedron "engine.vol"}
	{Bone "engine"}
	{Matrix34
		0.999827	0	-0.0186213
		0.0186213	0	0.999827
		0	-1	0
		-0.315193	9.96598	1.00238
	}
}
{Volume "hwost"
	{Box 24.8804 42.5837 4.8445}
	{Bone "hwost"}
	{Matrix34
		0.849853	0	-0.0158281
		0.0158281	0	0.849853
		0	-0.85	0
		0.100822	0.239651	-0.477863
	}
}
{Volume "propeller"
	{Polyhedron "propeller.vol"}
	{Bone "propeller"}
	{Matrix34
		0.0186212	0	0.999827
		0	1	0
		-0.999827	0	0.0186212
		2.06154	-0.34592	0.611645
	}
}
{Volume "retract_wheell"
	{Box 4.30622 30.3589 5.16746}
	{Bone "retract_wheell"}
	{Matrix34
		0.798739	0	-0.290717
		0.290717	0	0.798739
		0	-0.85	0
		-3.24257	-0.0160656	-9.21354
	}
}
{Volume "retract_wheelr"
	{Box 4.30622 30.3589 5.16746}
	{Bone "retract_wheelr"}
	{Matrix34
		0.798739	0	-0.290717
		0.290717	0	0.798739
		0	-0.85	0
		-3.22182	-0.0632212	-9.25882
	}
}
{Volume "wheell"
	{Cylinder 8.81818 5.52604}
	{Bone "wheell"}
	{Matrix34
		0.85	0	0
		0	0.85	0
		0	0	0.85
		0.0513916	0.081574	0.0793998
	}
}
{Volume "wheelr"
	{Cylinder 8.81818 5.52604}
	{Bone "wheelr"}
	{Matrix34
		0.85	0	0
		0	0.85	0
		0	0	0.85
		0.0828285	0.0673604	-0.0801561
	}
}
{Volume "wingl1"
	{Polyhedron "wingl1.vol"}
	{Bone "wingl1"}
	{Matrix34
		0.00162252	-0.996195	0.0871391
		0.999827	0	-0.0186213
		0.0185504	0.0871542	0.996022
		4.38925	-4.27481	1.31138
	}
}
{Volume "wingr1"
	{Polyhedron "wingr1.vol"}
	{Bone "wingr1"}
	{Matrix34
		-0.00162332	-0.996195	-0.0871422
		0.999827	0	-0.0186212
		0.0185504	-0.0871574	0.996022
		4.47874	3.45026	1.23552
	}
}
