;Exported by: shevchenko
;Date:        Wed May 25 14:31:13 2005
;File:        D:\-Projects1_5-\-3DWork-\fortress_complex_lm_corner_fix_x_2.max
{Skeleton
	{bone "c9_1"
		{Orientation
			1	0	0
			0	-1	0
			0	0	1
		}
		{VolumeView "c9_1.ply"}
		{bone "ground_c9_1"
			{parameters "Ground;Land;"}
			{Matrix34
				1	0	0
				0	0	1
				0	-1	0
				4.04537	3.25716	15.748
			}
			{VolumeView "ground_c9_1.ply" {Ground}}
		}
		{bone "piece0"
			{Matrix34
				-0.173648	0	0.984808
				0.984808	0	0.173648
				0	1	0
				-40.2744	-21.7167	66.0819
			}
			{VolumeView "piece0.ply"}
		}
		{bone "piece1"
			{Matrix34
				-0.984808	0	-0.173648
				-0.173648	0	0.984808
				0	1	0
				12.7869	-21.7126	63.9865
			}
			{VolumeView "piece1.ply"}
		}
		{bone "piece2"
			{Matrix34
				-1	0	0
				0	0	1
				0	1	0
				-17.7059	-21.7166	53.7667
			}
			{VolumeView "piece2.ply"}
		}
		{bone "piece3"
			{Matrix34
				1	0	0
				0	0	1
				0	-1	0
				24.7283	-1.39844	61.0174
			}
			{VolumeView "piece3.ply"}
		}
		{bone "piece4"
			{Matrix34
				1	0	0
				0	0	1
				0	-1	0
				-29.2385	-1.39844	61.0174
			}
			{VolumeView "piece4.ply"}
		}
		{bone "piece5"
			{Matrix34
				-1	0	0
				0	0	1
				0	1	0
				48.2145	-21.7126	63.6116
			}
			{VolumeView "piece5.ply"}
		}
		{bone "piece6"
			{Matrix34
				1	0	0
				0	0	1
				0	-1	0
				-53.3859	-21.7155	35.3697
			}
			{VolumeView "piece6.ply"}
		}
		{bone "piece7"
			{Matrix34
				1	0	0
				0	0	1
				0	-1	0
				45.8406	-21.7155	37.6834
			}
			{VolumeView "piece7.ply"}
		}
		{bone "ground_c9_1_out"
			{parameters "Ground;Land;"}
			{Position 9.00558	-46.8628	0}
			{VolumeView "ground_c9_1_out.ply" {Ground}}
		}
	}
}
{Volume "piece7"
	{Box 13.3835 8.66142 24.8624}
	{Bone "piece7"}
	{Matrix34
		0.965926	-0.258819	0
		0	0	-1
		0.258819	0.965926	0
		-0.665695	-0.506456	0
	}
}
{Volume "piece6"
	{Box 12.2195 8.66142 22.6478}
	{Bone "piece6"}
	{Matrix34
		0.965926	0.258819	0
		0	0	-1
		-0.258819	0.965926	0
		0.068867	-0.143604	0
	}
}
{Volume "piece5"
	{Box 21.8885 7.87402 12.5118}
	{Bone "piece5"}
	{Matrix34
		1	0	0
		0	0	-1
		0	1	0
		0	0.883125	0
	}
}
{Volume "piece4"
	{Box 44.7566 26.5676 3.93701}
	{Bone "piece4"}
	{Matrix34
		1	0	0
		0	0	-1
		0	1	0
		0	1.3113e-005	2.65352
	}
}
{Volume "piece3"
	{Box 44.7566 26.5676 3.93701}
	{Bone "piece3"}
	{Matrix34
		1	0	0
		0	0	-1
		0	1	0
		0	1.69277e-005	2.70209
	}
}
{Volume "piece2"
	{Box 11.5607 7.87404 27.8675}
	{Bone "piece2"}
	{Matrix34
		0.989988	0.141154	0
		0	0	-1
		-0.141154	0.989988	0
		-2.31954	1.87046	0
	}
}
{Volume "piece1"
	{Box 25.6842 7.87402 13.1902}
	{Bone "piece1"}
	{Matrix34
		0.984807	0.173648	0
		0	0	-1
		-0.173648	0.984807	0
		-0.744361	-0.402963	0
	}
}
{Volume "piece0"
	{Box 11.5607 7.87404 27.8675}
	{Bone "piece0"}
	{Matrix34
		0.989988	0.141154	0
		0	0	-1
		-0.141154	0.989988	0
		-2.4775	1.26865	0
	}
}
