;Exported by: Administrator
;Date:        Wed Jul  4 15:02:01 2018
;File:        C:\Users\Administrator\Desktop\MOD\M4A390_xx.max
{Skeleton
	{bone "basis"
		{Orientation
			1	0	0
			0	-1	0
			0	0	1
		}
		{bone "body"
			{parameters "ID=body;"}
			{animation
				{sequence "break" {file "body_b.anm"}}
			}
			{Position 0	-0.000442505	22.5997}
			{VolumeView "body.ply"}
			{bone "hood2"
				{parameters "ID=body;"}
				{Matrix34
					0.791806	0.177848	-0.584306
					0	0.956667	0.291185
					0.610773	-0.230562	0.757494
					-58.254	-7.25636	-4.46644
				}
				{VolumeView "hood2.ply"}
			}
			{bone "hood1"
				{parameters "ID=body;"}
				{Matrix34
					0.61433	-0.138983	0.776712
					0	0.984365	0.17614
					-0.789049	-0.108208	0.604725
					-45.5998	7.54529	-6.19909
				}
				{VolumeView "hood1.ply"}
			}
			{bone "mirror2"
				{parameters "ID=body;"}
				{Matrix34
					1	0	0
					0	0.76374	0.645524
					0	-0.645524	0.76374
					37.8845	-24.1073	10.5993
				}
				{VolumeView "mirror2.ply"}
			}
			{bone "mirror1"
				{parameters "ID=body;"}
				{Matrix34
					1	0	0
					0	0.771429	-0.636315
					0	0.636315	0.771429
					37.9893	24.1001	10.3997
				}
				{VolumeView "mirror1.ply"}
			}
			{bone "door_front3"
				{parameters "ID=body;"}
				{Position 26.8029	0.0153389	14.8378}
				{VolumeView "door_front3.ply"}
			}
			{bone "lamp2"
				{parameters "ID=body;"}
				{Position 43.5576	17.8901	7.37584}
				{VolumeView "lamp2.ply"}
			}
			{bone "detail25"
				{parameters "ID=body;"}
				{Position 42.1334	-0.00170517	7.84798}
				{VolumeView "detail25.ply"}
			}
			{bone "lamp3"
				{parameters "ID=body;"}
				{Position 43.8755	-17.879	7.23236}
				{VolumeView "lamp3.ply"}
			}
			{bone "detail1"
				{parameters "ID=body;"}
				{Position 56.3613	6.17853	-9.78522}
				{VolumeView "detail1.ply"}
			}
			{bone "frame"
				{parameters "ID=body;"}
				{Position -57.6953	0.0019455	6.43776}
				{VolumeView "frame.ply"}
			}
			{bone "lamp4"
				{parameters "ID=body;"}
				{Position -51.9118	0.0582047	8.1871}
				{VolumeView "lamp4.ply"}
			}
			{bone "door_front2"
				{parameters "ID=body;"}
				{Matrix34
					0.996655	0.0728402	0.0370623
					-0.068531	0.991937	-0.106607
					-0.0445288	0.103711	0.99361
					26.2992	16.6597	14.4759
				}
				{VolumeView "door_front2.ply"}
			}
			{bone "door_front1"
				{parameters "ID=body;"}
				{Matrix34
					0.992777	-0.118979	-0.0154281
					0.119817	0.976626	0.178455
					-0.00616488	-0.179014	0.983827
					26.4654	-17.0801	14.3375
				}
				{VolumeView "door_front1.ply"}
			}
			{bone "detail2"
				{parameters "ID=body;"}
				{VolumeView "detail2.ply"}
			}
			{bone "handle"
				{parameters "ID=body;"}
				{Position -2.09114	0.00044632	9.04715}
				{VolumeView "handle.ply"}
			}
			{bone "place"
				{parameters "ID=body;"}
				{Position 1.41612	0.344482	8.50719}
				{VolumeView "place.ply"}
			}
			{bone "engine"
				{parameters "ID=engine;"}
				{animation
					{sequence "break" {file "engine_b.anm"}}
				}
				{Position 0.16993	0.0538521	1.04253}
				{VolumeView "engine.ply"}
				{bone "ehatch1"
					{parameters "ID=engine;"}
					{Matrix34
						0.995601	-0.0869287	0.0349584
						0.0881365	0.742314	-0.66423
						0.0317905	0.664389	0.74671
						-32.5089	14.2314	11.7318
					}
					{VolumeView "ehatch1.ply"}
				}
				{bone "ehatch2"
					{parameters "ID=engine;"}
					{Matrix34
						0.99901	0.0436177	0.00872653
						-0.0438653	0.933454	0.356004
						0.00738229	-0.356035	0.934444
						-32.5728	-14.7279	11.5265
					}
					{VolumeView "ehatch2.ply"}
				}
			}
			{bone revolute "turret2"
				{parameters "ID=body;"}
				{limits -25 25}
				{Position 44.2107	-9.90986	5.41212}
				{VolumeView "turret2.ply"}
				{bone revolute "mgun"
					{parameters "ID=body;"}
					{limits -20 10}
					{Orientation
						1	0	0
						0	0	-1
						0	1	0
					}
					{VolumeView "mgun.ply"}
					{bone "foresight4"
						{Matrix34
							1	0	0
							0	1	0
							0	0	1
							7.1677	0.0134354	0.00532913
						}
					}
				}
			}
			{bone "internal2"
				{parameters "ID=body;"}
				{Position -0.622147	1.10645	-0.662273}
				{VolumeView "internal2.ply"}
			}
			{bone "internal1"
				{parameters "ID=body;"}
				{Position 0.16993	0.0538521	1.04253}
				{VolumeView "internal1.ply"}
			}
			{bone "seat03"
				{Matrix34
					-0.0333103	-0.914605	0.402973
					0.999372	-0.0353654	0.00234227
					0.0121091	0.402798	0.915209
					-48.6494	-24.4841	5.35209
				}
			}
			{bone "seat02"
				{Matrix34
					0.0149483	0.966433	0.256483
					-0.993077	0.0442403	-0.10882
					-0.116514	-0.253081	0.960403
					-33.3906	26.1354	4.93801
				}
			}
			{bone "seat01"
				{Matrix34
					-0.0211107	0.984808	0.17236
					-0.992583	0	-0.121569
					-0.119723	-0.173648	0.977503
					-18.9156	26.1641	6.89162
				}
			}
			{bone "seat04"
				{Matrix34
					-0.0124272	-0.984808	0.173203
					0.997436	0	0.0715641
					-0.0704767	0.173648	0.982283
					-19.4758	-26.7391	5.89641
				}
			}
			{bone "fxsmoke1"
				{Matrix34
					-0.863675	0.0490609	0.501655
					-0.0304105	-0.998511	0.0452961
					0.503132	0.0238655	0.86388
					-56.6162	7.83224	-5.87344
				}
			}
			{bone "fxsmoke2"
				{Matrix34
					-0.863675	0.0490609	0.501655
					-0.0304105	-0.998511	0.0452961
					0.503132	0.0238655	0.86388
					-56.6162	-8.11965	-5.87344
				}
			}
			{bone "fxfire1"
				{Matrix34
					0	0.0173073	0.99985
					0	0.99985	-0.0173073
					-1	0	0
					-33.6331	0.224348	9.1577
				}
			}
			{bone "visor2"
				{Position 32.98	4.11017	14.3105}
			}
			{bone "headlightr"
				{Position 44.2862	-18.1717	6.83294}
			}
			{bone "headlightl"
				{Position 44.2862	18.2003	6.83294}
			}
			{bone "fxfire2"
				{Position -6.81492	-10.8195	27.7751}
			}
			{bone "frame2"
				{parameters "ID=body;"}
				{Position -24.0005	0.0138664	13.4541}
				{VolumeView "frame2.ply"}
			}
			{bone "vvss"
				{parameters "ID=body;"}
				{Position -4.97085	-0.000453949	-8.16071}
				{VolumeView "vvss.ply"}
			}
			{bone revolute "wheell8"
				{parameters "ID=trackleft;"}
				{Matrix34
					-1	0	0
					0	0	1
					0	1	0
					-47.0077	21.6696	-8.63363
				}
				{VolumeView "wheell8.ply"}
			}
			{bone revolute "wheell1"
				{parameters "Radius=0.6;ID=trackleft;"}
				{Matrix34
					-1	0	0
					0	0	1
					0	1	0
					51.98	21.0333	-8.41972
				}
				{VolumeView "wheell1.ply"}
			}
			{bone revolute "wheell10"
				{parameters "ID=trackleft;"}
				{Matrix34
					-1	0	0
					0	0	1
					0	1	0
					24.4374	21.2865	-3.97276
				}
				{VolumeView "wheell10.ply"}
			}
			{bone revolute "wheell11"
				{parameters "ID=trackleft;"}
				{Matrix34
					-1	0	0
					0	0	1
					0	1	0
					-4.17764	21.2865	-3.97186
				}
				{VolumeView "wheell11.ply"}
			}
			{bone revolute "wheell12"
				{parameters "ID=trackleft;"}
				{Matrix34
					-1	0	0
					0	0	1
					0	1	0
					-32.7912	21.2865	-3.97231
				}
				{VolumeView "wheell12.ply"}
			}
			{bone revolute "wheelr10"
				{parameters "ID=trackright;"}
				{Matrix34
					-1	0	0
					0	0	1
					0	1	0
					24.4374	-21.3284	-3.97276
				}
				{VolumeView "wheelr10.ply"}
			}
			{bone revolute "wheelr8"
				{parameters "ID=trackright;"}
				{Matrix34
					-1	0	0
					0	0	1
					0	1	0
					-47.0077	-21.6309	-8.63363
				}
				{VolumeView "wheelr8.ply"}
			}
			{bone revolute "wheelr11"
				{parameters "ID=trackright;"}
				{Matrix34
					-1	0	0
					0	0	1
					0	1	0
					-4.17764	-21.3284	-3.97186
				}
				{VolumeView "wheelr11.ply"}
			}
			{bone revolute "wheelr12"
				{parameters "ID=trackright;"}
				{Matrix34
					-1	0	0
					0	0	1
					0	1	0
					-32.7912	-21.3284	-3.97231
				}
				{VolumeView "wheelr12.ply"}
			}
			{bone revolute "wheelr1"
				{parameters "Radius=0.6;ID=trackright;"}
				{Matrix34
					-1	0	0
					0	0	1
					0	1	0
					51.98	-21.0432	-8.41972
				}
				{VolumeView "wheelr1.ply"}
			}
			{bone "shieldl6"
				{parameters "ID=shieldL6;"}
				{Position 42.5186	11.9239	8.4397}
				{VolumeView "shieldl6.ply"}
			}
			{bone "shieldr8"
				{parameters "ID=shieldR8;"}
				{Position 1.03265	-27.4065	5.66027}
				{VolumeView "shieldr8.ply"}
			}
			{bone "shieldr7"
				{parameters "ID=shieldR7;"}
				{Position 18.6133	-27.137	12.5064}
				{VolumeView "shieldr7.ply"}
			}
			{bone "shieldr6"
				{parameters "ID=shieldR6;"}
				{Position 26.6425	-27.1063	6.08908}
				{VolumeView "shieldr6.ply"}
			}
			{bone "shieldl2"
				{parameters "ID=shieldL2;"}
				{Position 51.8506	0.237446	0.0257149}
				{VolumeView "shieldl2.ply"}
			}
			{bone "shieldl4"
				{parameters "ID=shieldL4;"}
				{Position 54.0113	9.43155	-1.82934}
				{VolumeView "shieldl4.ply"}
			}
			{bone "shieldl1"
				{parameters "ID=shieldL1;"}
				{Position 54.6028	-10.3273	-2.34777}
				{VolumeView "shieldl1.ply"}
			}
			{bone "shieldl5"
				{parameters "ID=shieldL5;"}
				{Position 40.2064	-12.2048	10.1522}
				{VolumeView "shieldl5.ply"}
			}
			{bone "shieldr9"
				{parameters "ID=shieldR9;"}
				{Position -22.382	-27.1063	5.66027}
				{VolumeView "shieldr9.ply"}
			}
			{bone "shieldr2"
				{parameters "ID=shieldR2;"}
				{Position 2.04581	27.4023	5.66027}
				{VolumeView "shieldr2.ply"}
			}
			{bone "shieldr3"
				{parameters "ID=shieldR3;"}
				{Position -24.7346	27.1302	5.66027}
				{VolumeView "shieldr3.ply"}
			}
			{bone "shieldr1"
				{parameters "ID=shieldR1;"}
				{Position 24.2666	27.1302	5.66027}
				{VolumeView "shieldr1.ply"}
			}
			{bone "shieldl3"
				{parameters "ID=shieldL3;"}
				{Position 18.6133	27.142	11.7551}
				{VolumeView "shieldl3.ply"}
			}
			{bone revolute "turret"
				{parameters "ID=turret;"}
				{animation
					{sequence "break" {file "turret_b.anm"}}
				}
				{Position 1.70966	0.0607826	15.3463}
				{VolumeView "turret.ply"}
				{bone "mgframe"
					{parameters "ID=mgframe;"}
					{Position 8.44399	-9.59245	20.3504}
					{VolumeView "mgframe.ply"}
				}
				{bone "tower"
					{parameters "ID=tower;"}
					{Position -8.42758	-9.68361	19.1985}
					{VolumeView "tower.ply"}
				}
				{bone revolute "gun_rot"
					{parameters "ID=gunrot;"}
					{limits -20 8}
					{Matrix34
						1	0	0
						0	0	-1
						0	1	0
						18.5585	-0.673859	7.64961
					}
					{VolumeView "gun_rot.ply"}
					{bone "gun"
						{parameters "ID=gun;"}
						{Matrix34
							1	0	0
							0	0	1
							0	-1	0
							25.2408	-0.933632	-0.0595436
						}
						{VolumeView "gun.ply"}
						{bone prizmatic "foresight1"
							{Matrix34
								1	0	0
								0	1	0
								0	0	1
								48.6408	0.0216293	-0.661919
							}
						}
					}
					{bone "mgun_2"
						{Matrix34
							1	0	0
							0	0	1
							0	-1	0
							-0.97473	-2.30783	7.94615
						}
						{VolumeView "mgun_2.ply"}
						{bone revolute "foresight5"
							{limits 0 0}
							{Matrix34
								1	0	0
								0	1	0
								0	0	1
								11.4721	0.367775	0.289864
							}
						}
					}
				}
				{bone "visor1"
					{Matrix34
						1	0	0
						0	1	0
						0	0	1
						24.8251	-10.0374	10.6124
					}
				}
				{bone "gunner2"
					{Position -8.10052	-9.82323	4.80193}
				}
			}
		}
		{bone "wheelsl"
			{parameters "ID=trackleft;"}
			{Position 4.6928	21.1315	10.7585}
			{VolumeView "wheelsl.ply"}
			{bone revolute "wheell2"
				{parameters "ID=trackleft;"}
				{Matrix34
					-1	0	0
					0	0	1
					0	1	0
					36.8465	0.169239	-4.01839
				}
				{VolumeView "wheell2.ply"}
			}
			{bone "trackl"
				{parameters "ID=trackleft;"}
				{Position -2.28699	0.123404	0.462067}
				{VolumeView "trackl.ply"}
			}
			{bone "fxtracel1"
				{Matrix34
					-1	0	0
					0	-1	0
					0	0	1
					22.0773	1.12314	-6.40206
				}
			}
			{bone "fxtracel2"
				{Matrix34
					-0.965926	0	0.258819
					0	-1	0
					0.258819	0	0.965926
					-43.7594	0.103657	-6.12815
				}
			}
			{bone revolute "wheell3"
				{parameters "ID=trackleft;"}
				{Matrix34
					-1	0	0
					0	0	1
					0	1	0
					20.3642	0.169239	-4.01763
				}
				{VolumeView "wheell3.ply"}
			}
			{bone revolute "wheell5"
				{parameters "ID=trackleft;"}
				{Matrix34
					-1	0	0
					0	0	1
					0	1	0
					-8.25116	0.169239	-4.01838
				}
				{VolumeView "wheell5.ply"}
			}
			{bone revolute "wheell4"
				{parameters "ID=trackleft;"}
				{Matrix34
					-1	0	0
					0	0	1
					0	1	0
					8.2324	0.169239	-4.01909
				}
				{VolumeView "wheell4.ply"}
			}
			{bone revolute "wheell7"
				{parameters "ID=trackleft;"}
				{Matrix34
					-1	0	0
					0	0	1
					0	1	0
					-36.8652	0.169239	-4.01906
				}
				{VolumeView "wheell7.ply"}
			}
			{bone revolute "wheell6"
				{parameters "ID=trackleft;"}
				{Matrix34
					-1	0	0
					0	0	1
					0	1	0
					-20.3834	0.169239	-4.01839
				}
				{VolumeView "wheell6.ply"}
			}
		}
		{bone "wheelsr"
			{parameters "ID=trackright;"}
			{Position 4.6928	-21.1341	10.7585}
			{VolumeView "wheelsr.ply"}
			{bone "trackr"
				{parameters "ID=trackright;"}
				{Position -2.28699	-0.12085	0.462067}
				{VolumeView "trackr.ply"}
			}
			{bone "fxtracer1"
				{Matrix34
					-1	0	0
					0	-1	0
					0	0	1
					22.0773	-1.76866	-6.40206
				}
			}
			{bone "fxtracer2"
				{Matrix34
					-0.965926	0	0.258819
					0	-1	0
					0.258819	0	0.965926
					-43.7594	-2.29228	-6.12815
				}
			}
			{bone revolute "wheelr6"
				{parameters "ID=trackright;"}
				{Matrix34
					-1	0	0
					0	0	1
					0	1	0
					-20.3834	0.0846634	-4.01839
				}
				{VolumeView "wheelr6.ply"}
			}
			{bone revolute "wheelr5"
				{parameters "ID=trackright;"}
				{Matrix34
					-1	0	0
					0	0	1
					0	1	0
					-8.25116	0.0846634	-4.01839
				}
				{VolumeView "wheelr5.ply"}
			}
			{bone revolute "wheelr4"
				{parameters "ID=trackright;"}
				{Matrix34
					-1	0	0
					0	0	1
					0	1	0
					8.2324	0.0846634	-4.0191
				}
				{VolumeView "wheelr4.ply"}
			}
			{bone revolute "wheelr3"
				{parameters "ID=trackright;"}
				{Matrix34
					-1	0	0
					0	0	1
					0	1	0
					20.3642	0.0846634	-4.01763
				}
				{VolumeView "wheelr3.ply"}
			}
			{bone revolute "wheelr2"
				{parameters "ID=trackright;"}
				{Matrix34
					-1	0	0
					0	0	1
					0	1	0
					36.8465	0.0846634	-4.01839
				}
				{VolumeView "wheelr2.ply"}
			}
			{bone revolute "wheelr7"
				{parameters "ID=trackright;"}
				{Matrix34
					-1	0	0
					0	0	1
					0	1	0
					-36.8652	0.0846634	-4.01906
				}
				{VolumeView "wheelr7.ply"}
			}
		}
	}
}
{Volume "body1"
	{Polyhedron "body1.vol"}
	{Bone "body"}
	{Position 0.886734	0.00044632	-5.8211}
}
{Volume "body2"
	{Polyhedron "body2.vol"}
	{Bone "body"}
	{Position -4.2757	0.00044632	7.40103}
}
{Volume "crew"
	{Box 11.6162 21.6746 29.8726}
	{Bone "body"}
	{Matrix34
		2.43789	0	0
		0	1	0
		0	0	0.725837
		6.66104	-0.246309	0.527426
	}
}
{Volume "engine"
	{Polyhedron "engine.vol"}
	{Bone "engine"}
	{Position -34.1512	0.471478	2.62854}
}
{Volume "gun"
	{Polyhedron "gun.vol"}
	{Bone "gun"}
	{Position -1.71866	0	-0.822365}
}
{Volume "gunrot1"
	{Polyhedron "gunrot1.vol"}
	{Bone "gun_rot"}
	{Matrix34
		1	0	0
		0	0	1
		0	-1	0
		7.74151	-0.00563049	0
	}
}
{Volume "gunrot"
	{Polyhedron "gunrot.vol"}
	{Bone "gun_rot"}
	{Matrix34
		1	0	0
		0	0	1
		0	-1	0
		3.3058	-0.15097	0
	}
}
{Volume "inventory"
	{Polyhedron "inventory.vol"}
	{Bone "body"}
	{Position -8.51644	0.0870342	-3.8845}
}
{Volume "shieldl1"
	{Polyhedron "shieldl1.vol"}
	{Bone "shieldl1"}
	{Position 0.814796	-0.0276566	0.402008}
}
{Volume "shieldl2"
	{Polyhedron "shieldl2.vol"}
	{Bone "shieldl2"}
	{Position 0.889763	0.0164185	0.223656}
}
{Volume "shieldl3"
	{Polyhedron "shieldl3.vol"}
	{Bone "shieldl3"}
	{Position -0.0352247	-0.27667	-0.333267}
}
{Volume "shieldl4"
	{Polyhedron "shieldl4.vol"}
	{Bone "shieldl4"}
	{Position 1.20025	-0.0106659	-0.0443153}
}
{Volume "shieldl5"
	{Polyhedron "shieldl5.vol"}
	{Bone "shieldl5"}
	{Position -0.681992	0.165462	0.600159}
}
{Volume "shieldl6"
	{Polyhedron "shieldl6.vol"}
	{Bone "shieldl6"}
	{Position -0.0255013	-0.376881	-1.00393}
}
{Volume "shieldr1"
	{Polyhedron "shieldr1.vol"}
	{Bone "shieldr1"}
	{Position 0.620542	0.750497	0.0209389}
}
{Volume "shieldr2"
	{Polyhedron "shieldr2.vol"}
	{Bone "shieldr2"}
	{Position -0.754117	0.729951	0.020937}
}
{Volume "shieldr3"
	{Polyhedron "shieldr3.vol"}
	{Bone "shieldr3"}
	{Position 0.0312271	0.710306	0.0209389}
}
{Volume "shieldr6"
	{Polyhedron "shieldr6.vol"}
	{Bone "shieldr6"}
	{Position 0.0283794	-0.827629	0.061718}
}
{Volume "shieldr7"
	{Polyhedron "shieldr7.vol"}
	{Bone "shieldr7"}
	{Position -0.0023818	-0.750488	-0.237949}
}
{Volume "shieldr8"
	{Polyhedron "shieldr8.vol"}
	{Bone "shieldr8"}
	{Position -0.041626	0.190353	0.490522}
}
{Volume "shieldr9"
	{Polyhedron "shieldr9.vol"}
	{Bone "shieldr9"}
	{Position -0.572388	-0.10984	0.49052}
}
{Volume "tower"
	{Polyhedron "tower.vol"}
	{Bone "tower"}
	{Position 0	0	-0.150627}
}
{Volume "trackleft"
	{Polyhedron "trackleft.vol"}
	{Bone "trackl"}
}
{Volume "trackright"
	{Polyhedron "trackright.vol"}
	{Bone "trackr"}
}
{Volume "turret1"
	{Polyhedron "turret1.vol"}
	{Bone "turret"}
	{Position -1.61099	0.281662	8.62436}
}
{Volume "turret2"
	{Polyhedron "turret2.vol"}
	{Bone "turret"}
	{Position -28.5305	0.281662	8.62437}
}
