;Exported by: Артем
;Date:        Sat Feb 15 18:09:04 2014
;File:        D:\Autodesk\Low poly\freelance\DMS\Vehicles\M3 half track\export\M3A1.max
{Skeleton
	{animation
		{sequence "start" {speed 0.7}}
		{sequence "stop" {speed 0.7}}
		{sequence "hit" {speed 0.5}}
		{sequence "doorleft" {speed 0.4}}
		{sequence "doorright" {speed 0.4}}
		{sequence "gunner" {speed 0.2}}
		{sequence "fire" {file "fire_t15.anm"} {speed 0.5}}
	}
	{bone "basis"
		{parameters "SteerMax=25;"}
		{Orientation
			1	0	0
			0	-1	0
			0	0	1
		}
		{bone "body"
			{parameters "ID=body;"}
			{animation
				{sequence "repair" {file "body_r.anm"} {speed 0.9}}
			}
			{Position 0.43025	0.0522079	14.6536}
			{VolumeView "body_t19.ply"}
			{bone "engine"
				{parameters "ID=engine;"}
				{animation
					{sequence "repair" {file "engine_m3_r.anm"} {speed 0.4}}
				}
				{Position 38.0759	0.00861681	4.86696}
				{VolumeView "engine_m3.ply"}
				{bone "engine_hatch2"
					{parameters "ID=engine;"}
					{Matrix34
						0.122496	0	0.992469
						0	1	0
						-0.992469	0	0.122496
						-2.42997	-3.02513	9.79159
					}
					{VolumeView "engine_hatch2.ply"}
				}
				{bone "engine_hatch1"
					{parameters "ID=engine;"}
					{Matrix34
						0.122496	0	0.992469
						0	1	0
						-0.992469	0	0.122496
						-2.42997	2.9902	9.79159
					}
					{VolumeView "engine_hatch1.ply"}
				}
			}
			{bone "door_back"
				{parameters "ID=body;"}
				{Position -55.7277	-6.6922	13.061}
				{VolumeView "door_back_t19.ply"}
			}
			{bone "doorright"
				{parameters "ID=body;"}
				{Position 15.8436	-16.0949	13.7983}
				{VolumeView "doorright_m3.ply"}
			}
			{bone "doorleft"
				{parameters "ID=body;"}
				{Position 15.8086	16.0736	10.51}
				{VolumeView "doorleft_m3.ply"}
			}
			{bone "buffer"
				{parameters "ID=body;"}
				{Position 1.95807	-0.00366652	9.28586}
				{VolumeView "buffer.ply"}
			}
			{bone "fenderr"
				{parameters "ID=body;"}
				{Position 37.6311	-14.7258	2.91336}
				{VolumeView "fenderr_m3.ply"}
				{bone "lightr"
					{parameters "ID=body;"}
					{Position -39.3876	14.4519	-0.204113}
					{VolumeView "lightr_t19.ply"}
					{bone "headlightr"
						{Position 49.2776	-15.5885	8.22186}
					}
				}
			}
			{bone "fenderl"
				{parameters "ID=body;"}
				{Position 37.6311	14.3747	2.9742}
				{VolumeView "fenderl_m3.ply"}
				{bone "lightl"
					{parameters "ID=body;"}
					{Matrix34
						1	0	0
						0	-1	0
						0	0	1
						-39.3876	-13.9041	-0.264942
					}
					{VolumeView "lightl_t19.ply"}
					{bone "headlightl"
						{Matrix34
							1	0	0
							0	-1	0
							0	0	1
							49.2829	-15.3339	8.22186
						}
					}
				}
			}
			{bone "seat_driver"
				{parameters "ID=body;"}
				{Position 4.59467	10.5294	9.56165}
				{VolumeView "seat_driver.ply"}
			}
			{bone "seat_commander"
				{parameters "ID=body;"}
				{Position 4.59467	-10.7104	9.52595}
				{VolumeView "seat_commander.ply"}
			}
			{bone "handrail1"
				{parameters "ID=body;"}
				{Position -40.848	-0.00366652	9.28586}
				{VolumeView "handrail2.ply"}
			}
			{bone "fuels"
				{parameters "ID=fuel;"}
				{Position -31.285	-0.00366652	9.91513}
				{VolumeView "fuels_t15.ply"}
			}
			{bone "gun_stand"
				{parameters "ID=body;"}
				{Matrix34
					1	0	0
					0	1	0.000554085
					0	-0.000554085	1
					-8.38324	0.107403	16.4667
				}
				{VolumeView "gun_stand_t15.ply"}
				{bone revolute "turret"
					{parameters "ID=turret;"}
					{limits -19 21}
					{Matrix34
						0.999998	-1.90735e-005	-0.00175833
						2.74573e-005	0.999989	0.00476818
						0.00175822	-0.00476823	0.999987
						2.58417	-0.0331637	1.61394
					}
					{VolumeView "turret_t15.ply"}
					{bone revolute "gun_rot"
						{parameters "ID=gun;"}
						{limits -10 29}
						{Matrix34
							0.999998	-0.00123548	0.00176681
							-0.0017609	0.00477037	0.999987
							-0.0012439	-0.999988	0.00476819
							-6.75761	0.0425383	10.9924
						}
						{VolumeView "gun_rot_t15.ply"}
						{bone "gun"
							{parameters "ID=gun;"}
							{Matrix34
								0.00125106	0	0.999999
								0	1	0
								-0.999999	0	0.00125106
								-2.46166	-0.531322	3.00631e-005
							}
							{VolumeView "gun_t15.ply"}
							{bone "foresight1"
								{Matrix34
									0.000476277	0.000476179	-1
									0.000198005	1	0.000476282
									1	-0.000198244	0.000476182
									-0.0938216	0.156376	-53.2017
								}
							}
							{bone "visor"
								{Matrix34
									0.000476277	0.000476158	-1
									0.000202776	1	0.000476281
									1	-0.000203042	0.00047618
									-0.084167	2.95781	-39.7011
								}
							}
						}
					}
					{bone "gun_rot_sup"
						{parameters "ID=turret;"}
						{Matrix34
							-0.544245	0.832108	-0.106746
							-0.185574	0.00467894	0.982619
							-0.818144	-0.554595	-0.151871
							10.9738	0.0747232	3.94251
						}
						{VolumeView "gun_rot_sup_t15.ply"}
					}
				}
			}
			{bone "seat09"
				{Matrix34
					-0.00315392	0.800187	0.599743
					-0.999995	-0.00283483	-0.00147671
					0.000517966	-0.599744	0.800192
					-45.9422	-0.723977	4.03606
				}
			}
			{bone "seat10"
				{Matrix34
					0.00322443	-0.774278	0.632837
					0.999991	0.00416561	0
					-0.00263729	0.632831	0.774285
					-48.6321	-2.7693	4.03215
				}
			}
			{bone "gunner"
				{Matrix34
					0.999472	-0.0324879	0
					0.0324879	0.999472	1.57957e-005
					0	-1.57237e-005	1
					-20.6439	6.61086	8.05132
				}
			}
			{bone "charger"
				{Matrix34
					0.994226	0.107311	0
					-0.107311	0.994225	0.000554089
					5.95113e-005	-0.000550874	1
					-25.0242	-7.30502	7.95037
				}
			}
			{bone "attach05"
				{Matrix34
					-0.0101535	0	0.999948
					0.00132098	0.999999	1.34133e-005
					-0.999948	0.00132105	-0.0101535
					-30.046	16.8956	14.882
				}
			}
			{bone "attach06"
				{Matrix34
					-0.0101535	0	0.999948
					0.00132098	0.999999	1.34133e-005
					-0.999948	0.00132105	-0.0101535
					-27.2366	16.8903	14.882
				}
			}
			{bone "attach07"
				{Matrix34
					-0.0101535	0	0.999948
					0.00132098	0.999999	1.34133e-005
					-0.999948	0.00132105	-0.0101535
					-24.4795	16.8851	14.882
				}
			}
			{bone "attach08"
				{Matrix34
					-0.0101535	0	0.999948
					0.00132098	0.999999	1.34133e-005
					-0.999948	0.00132105	-0.0101535
					-21.971	16.8804	14.882
				}
			}
			{bone "attach09"
				{Matrix34
					-0.0101535	0	0.999948
					0.00132098	0.999999	1.34133e-005
					-0.999948	0.00132105	-0.0101535
					-19.2725	16.8754	14.882
				}
			}
			{bone "handrail2"
				{parameters "ID=body;"}
				{Position -31.477	-0.00366652	9.28586}
				{VolumeView "handrail2.ply"}
			}
			{bone "front_shield"
				{parameters "ID=body;"}
				{Matrix34
					-0.458223	0	0.888837
					0	1	0
					0.888837	0	0.458223
					17.27	-0.12337	16.8571
				}
				{VolumeView "front_shield_t19.ply"}
			}
			{bone revolute "wheell2"
				{parameters "ID=trackleft;Radius=0.46;"}
				{Matrix34
					1	0	0
					0	0	-1
					0	1	0
					-5.64577	16.8218	-2.03333
				}
				{VolumeView "wheell2.ply"}
			}
			{bone revolute "wheelr2"
				{parameters "ID=trackRight;Radius=0.46;"}
				{Matrix34
					1	0	0
					0	0	-1
					0	1	0
					-5.64577	-16.866	-2.03333
				}
				{VolumeView "wheelr2.ply"}
			}
			{bone revolute "wheelr7"
				{parameters "ID=trackRight;Radius=0.46;"}
				{Matrix34
					1	0	0
					0	0	-1
					0	1	0
					-46.2533	-16.7648	-2.3991
				}
				{VolumeView "wheelr7.ply"}
			}
			{bone "detail1"
				{Position 18.1102	17.433	11.5645}
				{VolumeView "detail1.ply"}
			}
			{bone "detail3"
				{Position 16.2368	16.8793	-0.129601}
				{VolumeView "detail3.ply"}
			}
			{bone "detail2"
				{Position 13.5986	16.8177	2.91144}
				{VolumeView "detail2.ply"}
			}
			{bone "detail4"
				{Position 14.7279	-16.63	0.5811}
				{VolumeView "detail4.ply"}
			}
			{bone revolute "wheell8"
				{parameters "ID=trackleft;Radius=0.46;"}
				{Matrix34
					1	0	0
					0	0	-1
					0	1	0
					-25.7988	16.644	1.18135
				}
				{VolumeView "wheell8.ply"}
			}
			{bone revolute "wheelr8"
				{parameters "ID=trackRight;Radius=0.46;"}
				{Matrix34
					1	0	0
					0	0	-1
					0	1	0
					-25.7988	-16.6882	1.18135
				}
				{VolumeView "wheelr8.ply"}
			}
			{bone revolute "wheell7"
				{parameters "ID=trackleft;Radius=0.46;"}
				{Matrix34
					1	0	0
					0	0	-1
					0	1	0
					-46.2533	18.5457	-2.3991
				}
				{VolumeView "wheell7.ply"}
			}
			{bone "fxstop2"
				{Matrix34
					-0.999974	0	-0.00727641
					-0.00727641	0	0.999974
					0	1	0
					-55.584	-17.9767	3.01334
				}
			}
			{bone "fxstop1"
				{Matrix34
					-0.999974	0	-0.00727641
					-0.00727641	0	0.999974
					0	1	0
					-55.584	17.9351	3.01334
				}
			}
			{bone "fxlight"
				{Matrix34
					0.999974	0	0.00727647
					-0.00727647	0	0.999974
					0	-1	0
					51.5908	-0.907387	10.3193
				}
			}
			{bone "fxsmoke1"
				{Matrix34
					-0.173644	-0.984782	0.00727647
					0.00126304	0.00716601	0.999974
					-0.984808	0.173649	0
					-20.3711	-15.8301	-1.32542
				}
			}
			{bone "visor2"
				{Matrix34
					0.999974	0	0.00727647
					-0.00727647	0	0.999974
					0	-1	0
					11.7211	-11.6816	31.1941
				}
			}
			{bone revolute "steer_b001"
				{Matrix34
					0.754709	0	0.656059
					0	-1	0
					0.656059	0	-0.754709
					12.5304	10.5635	14.4536
				}
				{bone "handwhee"
					{Matrix34
						0.75471	0	0.656059
						0	-1	0
						0.656059	0	-0.75471
						-0.055584	0.00496674	-1.10063
					}
					{VolumeView "handwhee.ply"}
				}
			}
			{bone "enumerator"
				{Matrix34
					-1	0	0
					0	-0.573576	0.819152
					0	0.819152	0.573576
					-8.31828	20.0021	16.1395
				}
				{VolumeView "enumerator.ply"}
			}
			{bone "driver"
				{Position 5.3093	10.4717	-2.85044}
			}
			{bone "commander"
				{Position 5.3093	-10.4717	-2.85044}
			}
			{bone "link2"
				{Matrix34
					-0.999974	0	-0.00727641
					-0.00727641	0	0.999974
					0	1	0
					-57.897	0.0150223	0.143608
				}
			}
		}
		{bone "pivot_front"
			{Position 43.785	-0.00537851	6.09287}
			{bone revolute "steer_l1"
				{Matrix34
					-1	0	0
					0	1	0
					0	0	-1
					0.00291061	14.7185	1.74068
				}
				{bone "fxtracel1"
					{Matrix34
						1	0	0
						0	-1	0
						0	0	-1
						0.149807	1.67949	7.74357
					}
				}
				{bone revolute "wheell1"
					{parameters "ID=wheelleft1;Radius=0.49;"}
					{Matrix34
						-1	0	0
						0	0	1
						0	1	0
						0.000244141	2.02294	-1.64415
					}
					{VolumeView "wheell1_t.ply"}
				}
				{bone "rl"
					{Matrix34
						-1	0	0
						0	1	0
						0	0	-1
						0.137241	0.372641	-1.4069
					}
					{VolumeView "rl.ply"}
				}
			}
			{bone revolute "steer_r1"
				{Matrix34
					-1	0	0
					0	1	0
					0	0	-1
					0.0029068	-14.7478	1.74068
				}
				{bone "fxtracer1"
					{Matrix34
						1	0	0
						0	-1	0
						0	0	-1
						0.149788	-1.79695	7.74357
					}
				}
				{bone revolute "wheelr1"
					{parameters "ID=wheelright1;Radius=0.49;"}
					{Matrix34
						-1	0	0
						0	0	1
						0	1	0
						0.000240326	-1.86488	-1.64416
					}
					{VolumeView "wheelr1_t.ply"}
				}
				{bone "rr"
					{Matrix34
						-1	0	0
						0	-1	0
						0	0	-1
						0.137238	-0.213842	-1.4069
					}
					{VolumeView "rr.ply"}
				}
			}
		}
		{bone "emit3"
			{parameters "Group=driver;"}
			{Matrix34
				0	-1	0
				1	0	0
				0	0	1
				-8.21616	41.2614	1.0146e-005
			}
		}
		{bone "emit5"
			{parameters "Group=driver;"}
			{Matrix34
				0	-1	0
				1	0	0
				0	0	1
				-21.6993	41.2614	1.0146e-005
			}
		}
		{bone "emit7"
			{parameters "Group=driver;"}
			{Matrix34
				0	-1	0
				1	0	0
				0	0	1
				-35.0453	41.2614	1.0146e-005
			}
		}
		{bone "emit1"
			{parameters "Group=driver;"}
			{Matrix34
				0	-1	0
				1	0	0
				0	0	1
				4.00822	31.4189	1.0146e-005
			}
		}
		{bone "emit4"
			{parameters "Group=commander;"}
			{Matrix34
				0	1	0
				-1	0	0
				0	0	1
				-8.21616	-41.0335	1.02385e-005
			}
		}
		{bone "emit6"
			{parameters "Group=commander;"}
			{Matrix34
				0	1	0
				-1	0	0
				0	0	1
				-21.6993	-41.0335	1.02385e-005
			}
		}
		{bone "emit8"
			{parameters "Group=commander;"}
			{Matrix34
				0	1	0
				-1	0	0
				0	0	1
				-35.0453	-41.0335	1.02385e-005
			}
		}
		{bone "emit2"
			{parameters "Group=commander;"}
			{Matrix34
				0	1	0
				-1	0	0
				0	0	1
				4.00822	-31.191	1.02385e-005
			}
		}
		{bone "emit10"
			{parameters "Group=driver;"}
			{Position -76.8574	-7.92986	0}
		}
		{bone "emit9"
			{parameters "Group=driver;"}
			{Position -76.8574	7.33921	0}
		}
		{bone "wheelsr"
			{parameters "wheelsR;"}
			{Position -25.4167	-13.635	4.4556}
			{VolumeView "wheelsr.ply"}
			{bone "trackr"
				{parameters "ID=trackright;"}
				{Position 0.197353	-2.98033	5.07565}
				{VolumeView "trackr.ply"}
			}
			{bone revolute "wheelr6"
				{parameters "ID=trackRight;Radius=0.46;"}
				{Matrix34
					1	0	0
					0	0	-1
					0	1	0
					-11.7025	-3.12115	0.0468998
				}
				{VolumeView "wheelr6.ply"}
			}
			{bone revolute "wheelr5"
				{parameters "ID=trackRight;Radius=0.46;"}
				{Matrix34
					1	0	0
					0	0	-1
					0	1	0
					-4.43612	-3.12115	0.0468998
				}
				{VolumeView "wheelr6.ply"}
			}
			{bone revolute "wheelr4"
				{parameters "ID=trackRight;Radius=0.46;"}
				{Matrix34
					1	0	0
					0	0	-1
					0	1	0
					4.446	-3.12115	0.0468998
				}
				{VolumeView "wheelr6.ply"}
			}
			{bone revolute "wheelr3"
				{parameters "ID=trackRight;Radius=0.46;"}
				{Matrix34
					1	0	0
					0	0	-1
					0	1	0
					11.7013	-3.12115	0.0468998
				}
				{VolumeView "wheelr6.ply"}
			}
			{bone "fxtracer3"
				{Matrix34
					-0.983255	0	0.182235
					0	-1	0
					0.182235	0	0.983255
					-12.5554	-2.9167	-4.36561
				}
			}
			{bone "fxtracer2"
				{Matrix34
					-1	0	0
					0	-1	0
					0	0	1
					0.615322	-2.91672	-4.36561
				}
			}
		}
		{bone "wheelsl"
			{parameters "wheelsL;"}
			{Position -25.4167	13.6953	4.4556}
			{VolumeView "wheelsl.ply"}
			{bone "trackl"
				{parameters "ID=trackLeft;"}
				{Position 0.197353	2.98672	5.07565}
				{VolumeView "trackl.ply"}
			}
			{bone revolute "wheell6"
				{parameters "ID=trackleft;Radius=0.46;"}
				{Matrix34
					1	0	0
					0	0	-1
					0	1	0
					-11.7025	3.12115	0.0469027
				}
				{VolumeView "wheell6.ply"}
			}
			{bone revolute "wheell5"
				{parameters "ID=trackleft;Radius=0.46;"}
				{Matrix34
					1	0	0
					0	0	-1
					0	1	0
					-4.43612	3.12115	0.0469027
				}
				{VolumeView "wheell6.ply"}
			}
			{bone revolute "wheell4"
				{parameters "ID=trackleft;Radius=0.46;"}
				{Matrix34
					1	0	0
					0	0	-1
					0	1	0
					4.446	3.12115	0.0469027
				}
				{VolumeView "wheell6.ply"}
			}
			{bone revolute "wheell3"
				{parameters "ID=trackleft;Radius=0.46;"}
				{Matrix34
					1	0	0
					0	0	-1
					0	1	0
					11.7013	3.12115	0.0469027
				}
				{VolumeView "wheell6.ply"}
			}
			{bone "fxtracel3"
				{Matrix34
					-0.983255	0	0.182235
					0	-1	0
					0.182235	0	0.983255
					-12.5554	2.6957	-4.36561
				}
			}
			{bone "fxtracel2"
				{Matrix34
					-1	0	0
					0	-1	0
					0	0	1
					0.615322	2.69569	-4.36561
				}
			}
		}
		{bone "pivot_back"
			{Matrix34
				-1	0	0
				0	0	1
				0	1	0
				-35.7142	0	4.30835
			}
		}
	}
}
{Volume "body1"
	{Polyhedron "body1.vol"}
	{Bone "body"}
	{Position 25.6344	-0.0398679	-3.98921}
}
{Volume "body2"
	{Polyhedron "body2.vol"}
	{Bone "body"}
	{Position 25.6344	-0.0398679	-3.98921}
}
{Volume "body3"
	{Box 1.16302 16.4131 54.5276}
	{Bone "body"}
	{Matrix34
		0	-1	0
		0	0	1
		-1	0	0
		-28.047	19.2981	15.6494
	}
}
{Volume "body4"
	{Box 39.7368 16.4131 1.09055}
	{Bone "body"}
	{Matrix34
		0	-1	0
		0	0	1
		-1	0	0
		-54.8747	-0.0612449	15.6494
	}
}
{Volume "body5"
	{Box 1.16302 16.4131 54.5276}
	{Bone "body"}
	{Matrix34
		0	-1	0
		0	0	1
		-1	0	0
		-28.047	-19.4631	15.6494
	}
}
{Volume "body6"
	{Box 39.7368 1.31305 54.4845}
	{Bone "body"}
	{Matrix34
		0	-1	0
		0	0	1
		-1	0	0
		-27.6596	-0.0612405	7.27164
	}
}
{Volume "body7"
	{Box 23.2604 9.43651 54.4401}
	{Bone "body"}
	{Matrix34
		0	-1	0
		0	0	1
		-1	0	0
		-27.9977	0.0100796	1.9924
	}
}
{Volume "gun_rot"
	{Box 33.3302 6.4129 3.54397}
	{Bone "gun_rot"}
	{Matrix34
		0.999999	0	-0.00126079
		-0.00126079	-0.000551862	-0.999999
		0	1	-0.000551861
		15.2544	-3.86162	-0.0835146
	}
}
{Volume "gun"
	{Cylinder 2 56}
	{Bone "gun"}
	{Matrix34
		1	0.000551702	0
		-0.0005517	1	0
		0	0	1
		0.00160365	-0.00457939	-24.765
	}
}
{Volume "stand"
	{Polyhedron "stand_t15.vol"}
	{Bone "gun_stand"}
	{Matrix34
		1	0	0
		0	1	-0.000554085
		0	0.000554085	1
		-0.339855	0.138955	-8.50591
	}
}
{Volume "engine"
	{Polyhedron "engine.vol"}
	{Bone "engine"}
	{Position -12.7406	-0.0247598	-8.90917}
}
{Volume "roll"
	{Cylinder 3.44573 17.5242}
	{Bone "body"}
	{Matrix34
		-1	0	0
		0	0	1
		0	1	0
		60.2748	-0.0312586	-0.177451
	}
}
{Volume "sticky"
	{Box 53.022 9.93283 36.4944}
	{Bone "body"}
	{Matrix34
		-1	0	0
		0	0	1
		0	1	0
		-27.6575	0.012125	23.0718
	}
}
{Volume "trackleft"
	{Polyhedron "trackleft.vol"}
	{Bone "wheelsl"}
	{Matrix34
		-1	0	0
		0	0	1
		0	1	0
		-6.25584	-3.18103	3.96123
	}
}
{Volume "trackright"
	{Polyhedron "trackright.vol"}
	{Bone "wheelsr"}
	{Matrix34
		-1	0	0
		0	0	1
		0	1	0
		-6.25584	-9.92348	3.96123
	}
}
{Volume "turret0"
	{Polyhedron "turret0_t15.vol"}
	{Bone "turret"}
	{Matrix34
		0.999999	2.52752e-005	0.0017581
		-1.59176e-005	0.999986	-0.00532242
		-0.00175821	0.00532239	0.999984
		-0.891706	0.104904	-0.132439
	}
}
{Volume "turret1"
	{Polyhedron "turret1_t15.vol"}
	{Bone "turret"}
	{Matrix34
		0.989274	-0.000761832	-0.146068
		-1.57844e-005	0.999986	-0.00532243
		0.14607	0.00526764	0.98926
		-6.97623	0.24727	17.361
	}
}
{Volume "turret2"
	{Polyhedron "turret2_t15.vol"}
	{Bone "turret"}
	{Matrix34
		0.556924	-0.824492	0.100243
		-0.169622	0.00524257	0.985495
		-0.813059	-0.565849	-0.136932
		-1.24605	14.4224	9.51118
	}
}
{Volume "turret3"
	{Polyhedron "turret3_t15.vol"}
	{Bone "turret"}
	{Matrix34
		0.556898	0.82553	0.0914605
		-0.169622	0.00524267	0.985495
		-0.813077	0.564334	-0.142947
		-1.2456	-13.5532	9.66013
	}
}
{Volume "turret4"
	{Box 16.1817 14.937 0.5}
	{Bone "turret"}
	{Matrix34
		1.5573e-005	-0.999986	0.00532243
		-0.194519	0.00521774	0.980885
		-0.980899	-0.00105059	-0.194516
		2.24724	0.345505	9.18908
	}
}
{Volume "turret5"
	{Polyhedron "turret5_t15.vol"}
	{Bone "turret"}
	{Matrix34
		0.999999	2.52753e-005	0.0017581
		-0.00175821	0.00532222	0.999984
		1.59179e-005	-0.999986	0.00532226
		-9.35405	-18.909	12.8268
	}
}
{Volume "turret6"
	{Polyhedron "turret6_t15.vol"}
	{Bone "turret"}
	{Matrix34
		0.999999	2.52753e-005	0.0017581
		-0.00175821	0.00532222	0.999984
		1.59179e-005	-0.999986	0.00532226
		-9.35467	20.1525	12.6189
	}
}
{Volume "wheelleft1"
	{Cylinder 10.0787 5}
	{Bone "wheell1"}
	{Matrix34
		-1	0	0
		0	-1	0
		0	0	1
		0	0	-0.63305
	}
}
{Volume "wheelright1"
	{Cylinder 10.0787 5}
	{Bone "wheelr1"}
	{Matrix34
		-1	0	0
		0	-1	0
		0	0	1
		0	0	0.653625
	}
}
