;Exported by: Normand
;Date:        Mon Dec 24 13:19:35 2012
;File:        C:\Users\Normand\gaz61.max
{Skeleton
	{animation
		{sequence "doorright" {speed 0.2}}
		{sequence "doorleft" {speed 0.2}}
		{sequence "start" {speed 0.2}}
		{sequence "stop" {speed 0.2}}
		{sequence "doorright2" {speed 0.2}}
		{sequence "doorleft2" {speed 0.2}}
	}
	{bone "basis"
		{parameters "SteerMax=30;WheelRadius=0.36;"}
		{Orientation
			1	0	0
			0	-1	0
			0	0	1
		}
		{bone "pivot_back"
			{parameters "ID=body;"}
			{Matrix34
				0.999615	7.89741e-005	-0.0277508
				-0.000670568	0.999773	-0.0213095
				0.0277429	0.0213199	0.999388
				-31.0346	0.039764	9.15248
			}
			{VolumeView "pivot_back.ply"}
			{bone "fxtracel2"
				{Matrix34
					0.999587	-0.00120009	0.0287052
					0.00127162	0.999996	-0.00247368
					-0.028702	0.00250916	0.999585
					0.404446	13.929	-9.24849
				}
			}
			{bone "fxtracer2"
				{Matrix34
					0.999587	-0.00120009	0.0287052
					0.00127162	0.999996	-0.00247368
					-0.028702	0.00250916	0.999585
					0.389242	-13.999	-9.68472
				}
			}
			{bone revolute "wheelr2"
				{parameters "ID=wheelright1;"}
				{Matrix34
					-0.999847	-0.00932339	-0.0148268
					-0.0145486	-0.0292304	0.999467
					-0.00975182	0.999529	0.0290902
					0.385378	-13.6592	-1.83422
				}
				{VolumeView "wheelr2.ply"}
			}
			{bone revolute "wheell2"
				{parameters "ID=wheelleft2;"}
				{Matrix34
					-0.999845	0.0101092	-0.0144121
					-0.0145469	-0.0134011	0.999804
					-0.00991413	-0.999859	-0.0135461
					0.387667	13.9121	-1.24627
				}
				{VolumeView "wheell2.ply"}
			}
		}
		{bone "emit3"
			{Matrix34
				0.00145412	-0.999999	0.00076437
				0.999949	0.00144648	-0.0099705
				0.00996938	0.00077883	0.99995
				-13.6763	24.0493	-0.102669
			}
		}
		{bone "emit4"
			{Matrix34
				-0.0086717	0.999962	-0.000675678
				-0.999962	-0.00867101	0.00102085
				0.001015	0.000684505	0.999999
				-14.3927	-23.3224	0.153071
			}
		}
		{bone "emit2"
			{Matrix34
				-0.00394979	0.999992	-0.000733852
				-0.999992	-0.00394903	0.00104197
				0.00103907	0.000737962	0.999999
				3.14789	-23.3265	0.219836
			}
		}
		{bone "emit1"
			{Matrix34
				0.00884017	-0.999948	0.00514744
				0.999946	0.00881175	-0.0055169
				0.00547126	0.00519593	0.999972
				3.87232	23.676	-0.0332243
			}
		}
		{bone "body"
			{parameters "ID=body;"}
			{animation
				{sequence "repair" {file "body_r.anm"}}
			}
			{Matrix34
				0.999999	-6.38961e-005	-0.00119301
				5.76252e-005	0.999986	-0.00525567
				0.00119333	0.0052556	0.999986
				-2.38558	0.231451	14.5812
			}
			{VolumeView "body.ply"}
			{bone "doorr2"
				{parameters "ID=body;"}
				{Matrix34
					0.99994	0	-0.010996
					0	1	0
					0.010996	0	0.99994
					-24.631	-14.4671	8.73557
				}
				{VolumeView "doorr2.ply"}
				{bone "glass_doorr2"
					{parameters "ID=glass;"}
					{Matrix34
						0.0251895	0.997656	0.063631
						-0.999657	0.0246821	0.00874799
						0.00715748	-0.0638295	0.997935
						7.26826	1.05396	7.27051
					}
					{VolumeView "glass_doorr2.ply"}
				}
			}
			{bone "doorr1"
				{parameters "ID=body;"}
				{Matrix34
					1	0	-0.000209485
					0	1	0
					0.000209485	0	1
					-10.285	-14.4061	5.50642
				}
				{VolumeView "doorr1.ply"}
				{bone "glass_doorr1"
					{parameters "ID=glass;"}
					{Matrix34
						0.0255126	0.999674	0
						-0.999649	0.025512	0.00713099
						0.00712868	-0.000181933	0.999975
						7.87282	0.790582	9.86175
					}
					{VolumeView "glass_doorr1.ply"}
				}
			}
			{bone "engine"
				{parameters "ID=engine;"}
				{animation
					{sequence "repair" {file "engine_r.anm"}}
				}
				{Matrix34
					0.999998	0	0.00197411
					0	1	0
					-0.00197411	0	0.999998
					18.4985	-0.252245	11.6127
				}
				{VolumeView "engine.ply"}
				{bone "engine_door1"
					{parameters "ID=engine;"}
					{Matrix34
						0.0369229	-0.00525206	0.999304
						0.00525186	0.999973	0.00506153
						-0.999304	0.00506132	0.0369496
						0.674587	-0.0151659	0.960844
					}
					{VolumeView "engine_door1.ply"}
					{bone "engine_door2"
						{parameters "ID=engine;"}
						{Matrix34
							0.999271	-0.000200599	0.0381792
							0.00924936	-0.968926	-0.247177
							0.0370423	0.24735	-0.968218
							-3.01249	-7.97314	0.522997
						}
						{VolumeView "engine_door2.ply"}
					}
				}
			}
			{bone "doorl1"
				{parameters "ID=body;"}
				{Matrix34
					1	0	-0.000209485
					0	1	0
					0.000209485	0	1
					-10.285	13.9247	5.5064
				}
				{VolumeView "doorl1.ply"}
				{bone "glass_doorl1"
					{parameters "ID=glass;"}
					{Matrix34
						-0.00785391	0.999969	0
						-0.999944	-0.00785364	0.00713099
						0.00713078	5.60014e-005	0.999974
						7.85317	-0.242556	10.0007
					}
					{VolumeView "glass_doorl1.ply"}
				}
			}
			{bone "doorl2"
				{parameters "ID=body;"}
				{Matrix34
					0.99994	0	-0.010996
					0	1	0
					0.010996	0	0.99994
					-24.631	14.1657	8.73556
				}
				{VolumeView "doorl2.ply"}
				{bone "glass_doorl2"
					{parameters "ID=glass;"}
					{Matrix34
						-0.0248264	0.998751	-0.0433638
						-0.999666	-0.0244927	0.00820996
						0.0071381	0.0435531	0.999026
						7.34373	-0.699819	7.39398
					}
					{VolumeView "glass_doorl2.ply"}
				}
			}
			{bone "buffer_f"
				{parameters "ID=body;"}
				{Matrix34
					0.99994	0	-0.010996
					0	1	0
					0.010996	0	0.99994
					-2.64864	-0.366998	-2.11409
				}
				{VolumeView "buffer_f.ply"}
			}
			{bone "buffer_r"
				{parameters "ID=body;"}
				{Matrix34
					0.99994	0	-0.010996
					0	1	0
					0.010996	0	0.99994
					-2.64864	-0.366998	-2.11409
				}
				{VolumeView "buffer_r.ply"}
			}
			{bone "headlightl"
				{Matrix34
					0.999999	0	0.00119317
					0	1	0
					-0.00119317	0	0.999999
					34.4529	7.7913	7.26335
				}
			}
			{bone "headlightr"
				{Matrix34
					0.999999	0	0.00119317
					0	1	0
					-0.00119317	0	0.999999
					34.455	-8.21184	7.26335
				}
			}
			{bone "driver"
				{Matrix34
					0.98	0	0
					0	0.98	0
					0	0	0.98
					-5.3188	4.7297	-4.25605
				}
			}
			{bone "commander"
				{Matrix34
					0.98	0	0
					0	0.98	0
					0	0	0.98
					-5.31925	-4.42477	-4.25604
				}
			}
			{bone "fxfire"
				{Matrix34
					0.999999	0	0.00119317
					-0.00119317	0	0.999999
					0	-1	0
					19.1388	-0.154462	6.67564
				}
			}
			{bone "visor"
				{Matrix34
					0.999999	0	0.00119317
					-0.00119317	0	0.999999
					0	-1	0
					6.66865	-0.155017	17.1422
				}
			}
			{bone "fxstop1"
				{Matrix34
					0.999999	0	0.00119317
					0	1	0
					-0.00119317	0	0.999999
					-41.0093	14.1274	0.900002
				}
			}
			{bone "fxstop2"
				{Matrix34
					0.999999	0	0.00119317
					0	1	0
					-0.00119317	0	0.999999
					-41.0093	-14.6666	0.900024
				}
			}
			{bone "fxsmoke"
				{Matrix34
					0.999999	0	0.00119317
					0	1	0
					-0.00119317	0	0.999999
					-3.00014	7.33352	-3.99524
				}
			}
			{bone "seat01"
				{Matrix34
					0.98	0	0
					0	0.98	0
					0	0	0.98
					-24.2125	5.86365	-4.2013
				}
			}
			{bone "seat02"
				{Matrix34
					0.98	0	0
					0	0.98	0
					0	0	0.98
					-24.2243	-5.01875	-4.2014
				}
			}
			{bone "glass_front"
				{parameters "ID=glass;"}
				{Matrix34
					0.999994	0.00360238	0
					-0.00359712	0.998534	0.0540051
					0.000194548	-0.0540049	0.998541
					4.67175	-0.215746	6.11522
				}
				{VolumeView "glass_front.ply"}
			}
			{bone "glass_back"
				{parameters "ID=glass;"}
				{Matrix34
					0.999969	0.00335649	0.00705996
					-0.0034457	0.999914	0.0126628
					-0.00701685	-0.0126869	0.999895
					-37.1308	-0.228682	16.2672
				}
				{VolumeView "glass_back.ply"}
			}
			{bone "glass_r"
				{parameters "ID=glass;"}
				{Matrix34
					0.0186308	0.998159	0.0577161
					-0.999279	0.0166798	0.0341032
					0.0330779	-0.0583099	0.99775
					-3.00494	0.74353	6.12028
				}
				{VolumeView "glass_r.ply"}
			}
			{bone "glass_l"
				{parameters "ID=glass;"}
				{Matrix34
					0.0187584	-0.998708	0.0472212
					-0.999277	-0.017165	0.0339253
					0.0330712	0.0478234	0.998308
					-3.00483	-0.896208	6.11166
				}
				{VolumeView "glass_r.ply"}
			}
			{bone "engine_body"
				{parameters "ID=body;"}
				{Position 0	0	0}
				{VolumeView "engine_body.ply"}
			}
			{bone "detail1"
				{parameters "ID=body;"}
				{Matrix34
					0.0160603	0.999751	0.0154777
					0.183709	-0.0181666	0.982813
					0.982849	-0.0129409	-0.183955
					-42.6866	-0.2682	5.22544
				}
				{VolumeView "detail1.ply"}
			}
		}
		{bone "pivot_front"
			{parameters "ID=body;"}
			{Matrix34
				0.999926	-6.3804e-005	-0.0121892
				5.42835e-005	1	-0.00078139
				0.0121892	0.000780671	0.999925
				26.2745	0.0381606	8.76756
			}
			{VolumeView "pivot_front.ply"}
			{bone revolute "steer_r"
				{Matrix34
					-0.999994	0.00122051	-0.00330694
					0.00127104	0.999882	-0.0153227
					-0.00328784	0.0153268	0.999877
					0.257113	-12.3749	-1.1526
				}
				{bone revolute "wheelr1"
					{parameters "ID=wheelright1;"}
					{Matrix34
						0.99993	-0.0110647	0.00406916
						-0.004334	-0.024017	0.999702
						0.0109637	0.99965	0.0240633
						0.329416	-1.31809	-0.0269194
					}
					{VolumeView "wheelr1.ply"}
				}
				{bone "fxtracer1"
					{Matrix34
						-0.999967	0.0024647	0.00771357
						0.00256353	0.999915	0.0128292
						0.0076813	-0.0128486	0.999888
						0.15757	-1.6543	-7.9642
					}
				}
			}
			{bone revolute "steer_l"
				{Matrix34
					-0.999985	-0.00433796	-0.00323567
					-0.0042879	0.999873	-0.0153226
					-0.00330172	0.0153085	0.999877
					0.237843	12.4592	-1.32679
				}
				{bone "fxtracel1"
					{Matrix34
						-0.999966	-0.00309415	0.00769974
						-0.00299535	0.999913	0.0128108
						0.00773873	-0.0127873	0.999888
						0.171074	1.63912	-7.80231
					}
				}
				{bone revolute "wheell1"
					{parameters "ID=wheelleft1;"}
					{Matrix34
						0.999893	0.013928	0.00439562
						-0.0042818	-0.0081912	0.999957
						0.0139634	-0.999869	-0.0081307
						0.306631	1.42386	0.21075
					}
					{VolumeView "wheell1.ply"}
				}
			}
		}
	}
}
{Volume "body"
	{Polyhedron "body.vol"}
	{Bone "body"}
	{Matrix34
		0.999932	-0.00113908	0.0116041
		0.00119097	0.999989	-0.00446525
		-0.0115988	0.0044788	0.999923
		-6.02006	-0.0830105	-3.57014
	}
}
{Volume "engine"
	{Polyhedron "engine.vol"}
	{Bone "engine"}
	{Matrix34
		0.999825	0.000123852	0.018734
		-4.04294e-005	0.99999	-0.00445567
		-0.0187348	0.00445414	0.999815
		3.24868	0.00658645	-5.93466
	}
}
{Volume "glass_back"
	{Polyhedron "glass_back.vol"}
	{Bone "glass_back"}
	{Matrix34
		-0.00457977	-0.99998	0.00445567
		0.274825	0.00302525	0.961489
		-0.961483	0.00562785	0.274806
		-0.0298729	-0.00553355	0.491205
	}
}
{Volume "glass_doorl1"
	{Polyhedron "glass_doorl1.vol"}
	{Bone "glass_doorl1"}
	{Matrix34
		0.00586031	-0.999807	0.018734
		-0.0868296	0.0181548	0.996058
		0.996206	0.00746402	0.0867065
		-0.520126	0.46205	1.00146
	}
}
{Volume "glass_doorl2"
	{Polyhedron "glass_doorl2.vol"}
	{Bone "glass_doorl2"}
	{Matrix34
		-0.0165866	-0.999685	0.0188309
		-0.10587	0.0204826	0.994169
		0.994242	-0.0144964	0.106177
		-0.149605	0.226062	0.621353
	}
}
{Volume "glass_doorr1"
	{Polyhedron "glass_doorr1.vol"}
	{Bone "glass_doorr1"}
	{Matrix34
		0.00582901	-0.999808	0.0187343
		0.0955885	0.0192059	0.995236
		-0.995404	-0.00401057	0.0956821
		0.219039	0.500324	0.878151
	}
}
{Volume "glass_doorr2"
	{Polyhedron "glass_doorr2.vol"}
	{Bone "glass_doorr2"}
	{Matrix34
		0.0282733	-0.999427	0.0186285
		0.114583	0.0217524	0.993175
		-0.993011	-0.025946	0.115132
		-0.114895	0.267442	0.495819
	}
}
{Volume "glass_front"
	{Polyhedron "glass_front.vol"}
	{Bone "glass_front"}
	{Matrix34
		-0.00461383	-0.998504	0.0544762
		-0.357792	0.0525184	0.932323
		-0.93379	-0.0151895	-0.3575
		0.28268	0.427462	10.0798
	}
}
{Volume "glass_l"
	{Polyhedron "glass_l.vol"}
	{Bone "glass_l"}
	{Matrix34
		-0.0469291	-0.998586	0.0249803
		0.136042	0.0183855	0.990532
		-0.989591	0.0498832	0.134987
		-13.8529	26.1739	10.348
	}
}
{Volume "glass_r"
	{Polyhedron "glass_r.vol"}
	{Bone "glass_r"}
	{Matrix34
		-0.0469291	-0.998586	0.0249805
		0.136042	0.0183853	0.990532
		-0.989591	0.0498832	0.134987
		-13.8529	26.1739	10.348
	}
}
{Volume "wheelleft1"
	{Polyhedron "wheelleft1.vol"}
	{Bone "wheell1"}
	{Matrix34
		-0.999934	0.00428079	-0.0106757
		0.0042728	0.999991	0.000770858
		-0.0106789	-0.000725179	0.999943
		-0.175261	0.263874	-2.33245
	}
}
{Volume "wheelleft2"
	{Polyhedron "wheelleft2.vol"}
	{Bone "wheell2"}
	{Matrix34
		-0.999953	0.00101562	-0.00963387
		0.00120726	0.999801	-0.0199085
		-0.00961173	0.0199192	0.999755
		0.22764	0.544471	-2.2606
	}
}
{Volume "wheelright1"
	{Polyhedron "wheelright1.vol"}
	{Bone "wheelr1"}
	{Matrix34
		-0.999953	0.00426481	-0.00869377
		0.00413281	0.999877	0.0151448
		0.00875728	0.0151081	-0.999847
		-0.0800076	0.170998	2.08876
	}
}
{Volume "wheelright2"
	{Polyhedron "wheelright2.vol"}
	{Bone "wheelr2"}
	{Matrix34
		-0.999951	0.00101672	-0.00978774
		0.000666146	0.99936	0.0357541
		0.00981783	0.0357458	-0.999313
		0.29314	0.730717	2.11001
	}
}
