;Exported by: sana
;Date:        Mon Apr 23 19:01:30 2007
;File:        D:\-Project-\-3DWork-\Entourage\School_Ru\School_ru_cut3a_x.max
{Skeleton
	{bone "school_ru_wall2_12_x"
		{Orientation
			1	0	0
			0	-1	0
			0	0	1
		}
		{bone "piece07"
			{Position 10.054	12.741	46.1811}
			{VolumeView "piece07.ply"}
			{bone "sub_piece07"
				{Position -9.39172	-10.8542	0}
				{VolumeView "sub_piece07.ply"}
			}
		}
		{bone "piece01"
			{Position 19.2384	-24.9673	52.502}
			{VolumeView "piece01.ply"}
		}
		{bone "piece06"
			{Position -1.49939	35.4814	17.3052}
			{VolumeView "piece06.ply"}
		}
		{bone "piece02"
			{Position 3.77237	34.8167	-16.0533}
			{VolumeView "piece02.ply"}
		}
		{bone "piece03"
			{Position -1.4079	2.5954	17.4802}
			{VolumeView "piece03.ply"}
			{bone "sub_piece03"
				{Position 0	-2.49493	7.43726}
				{VolumeView "sub_piece03.ply"}
			}
		}
		{bone "piece05"
			{Position -1.40787	17.4384	33.3989}
			{VolumeView "piece05.ply"}
			{bone "sub_piece05"
				{Position 0	3.29431	-6.81703}
				{VolumeView "sub_piece05.ply"}
			}
		}
		{bone "piece04"
			{Position -1.40787	-16.4772	33.1579}
			{VolumeView "piece04.ply"}
			{bone "sub_piece04"
				{Position 0	-1.32123	-8.85959}
				{VolumeView "sub_piece04.ply"}
			}
		}
	}
}
{Volume "piece01"
	{Box 37.7162 40.5307 6.33927}
	{Bone "piece01"}
	{Matrix34
		0.999968	0	-0.00802356
		-0.00185599	0.972878	-0.231311
		0.00780595	0.231318	0.972847
		3.54634	-0.939648	-0.592663
	}
}
{Volume "piece02"
	{Box 4.4469 6.26013 40.3589}
	{Bone "piece02"}
	{Matrix34
		0.961316	0	0.275448
		0	1	0
		-0.275448	0	0.961316
		-3.05176e-005	-1.43524	-1.52588e-005
	}
}
{Volume "piece03"
	{Box 3.50085 19.6416 13.6323}
	{Bone "piece03"}
	{Position 0	0	0}
}
{Volume "piece04"
	{Box 3.50085 19.0549 8.85752}
	{Bone "piece04"}
	{Position 0	0	0}
}
{Volume "piece05"
	{Box 3.50092 18.1712 8.37567}
	{Bone "piece05"}
}
{Volume "piece06"
	{Box 8.27219 5.67618 33.2398}
	{Bone "piece06"}
	{Matrix34
		0.9634	0.0261523	0.26679
		0	0.99523	-0.0975582
		-0.268069	0.0939875	0.958804
		2.77148	-1.76187	0
	}
}
{Volume "piece07"
	{Box 36.1386 45.6982 2.17173}
	{Bone "piece07"}
	{Matrix34
		1	0	0
		0	0.97607	-0.217456
		0	0.217456	0.97607
		3.33533	1.70362	-0.263783
	}
}
{Volume "sub_piece03"
	{Box 3.50085 14.6106 9.411}
	{Bone "sub_piece03"}
	{Position 0	0	0}
}
{Volume "sub_piece04"
	{Box 3.50089 13.6784 11.3642}
	{Bone "sub_piece04"}
	{Position -3.05176e-005	0	0}
}
{Volume "sub_piece05"
	{Box 3.50092 11.5603 14.482}
	{Bone "sub_piece05"}
	{Position 0	0	-1.52588e-005}
}
{Volume "sub_piece07"
	{Box 21.8217 67.4067 3.20045}
	{Bone "sub_piece07"}
	{Matrix34
		0.932658	0	0.360762
		0	1	0
		-0.360762	0	0.932658
		0.312809	0	-1.38862
	}
}
