;Exported by: shevchenko
;Date:        Tue Mar 14 11:55:07 2006
;File:        D:\-Projects1_5-\-3DWork-\euro1_corner2_lm_corner_x.max
{Skeleton
	{bone "101_f3c3"
		{Orientation
			1	0	0
			0	-1	0
			0	0	1
		}
		{bone "piece3"
			{Matrix34
				0	0.965799	0.259291
				0	-0.259291	0.965799
				1	0	0
				35.8099	-9.91408	-24.0879
			}
			{VolumeView "piece3.ply"}
		}
		{bone "piece2"
			{Matrix34
				0	1	0
				0	0	1
				1	0	0
				35.8099	-20.9047	-42.0935
			}
			{VolumeView "piece2.ply"}
		}
		{bone "piece11"
			{Matrix34
				0	-1	0
				0	0	1
				-1	0	0
				-21.3661	6.66332	-40.1813
			}
			{VolumeView "piece11.ply"}
		}
		{bone "piece12"
			{Matrix34
				0	-1	0
				0	0	1
				-1	0	0
				-5.06006	-22.5991	-40.1813
			}
			{VolumeView "piece12.ply"}
		}
		{bone "sub_piece1"
			{Matrix34
				0	-1	0
				0	0	1
				-1	0	0
				3.90059	-7.84109	-40.1813
			}
			{VolumeView "sub_piece1.ply"}
		}
		{bone "piece10"
			{Matrix34
				0	-1	0
				0	0	1
				-1	0	0
				-19.225	18.8641	-40.1813
			}
			{VolumeView "piece10.ply"}
		}
		{bone "piece6"
			{Matrix34
				0	-1	0
				0	0	1
				-1	0	0
				-2.48192	15.6677	-6.33267
			}
			{VolumeView "piece6.ply"}
		}
		{bone "piece4"
			{Matrix34
				1	0	0
				0	0	1
				0	-1	0
				-33.6038	8.60982	-30.1213
			}
			{VolumeView "piece4.ply"}
		}
		{bone "piece8"
			{Matrix34
				0	-1	0
				0	0	1
				-1	0	0
				24.929	5.09409	-24.0867
			}
			{VolumeView "piece8.ply"}
		}
		{bone "piece5"
			{Matrix34
				0.422618	0	-0.906308
				0.906308	0	0.422618
				0	-1	0
				-32.3219	8.60982	-5.75531
			}
			{VolumeView "piece5.ply"}
		}
		{bone "piece7"
			{Matrix34
				0	-1	0
				0	0	1
				-1	0	0
				18.7534	-17.2576	2.4278
			}
			{VolumeView "piece7.ply"}
		}
		{bone "piece9"
			{Matrix34
				0	-1	0
				0	0	1
				-1	0	0
				-32.0542	8.25041	31.4961
			}
			{VolumeView "piece9.ply"}
		}
		{bone "piece0"
			{Matrix34
				0	-1	0
				0	0	1
				-1	0	0
				6.28963	12.2734	-35.26
			}
			{VolumeView "piece0.ply"}
		}
		{bone "piece1"
			{Matrix34
				0	-1	0
				0	0	1
				-1	0	0
				24.0061	1.34757	-34.2758
			}
			{VolumeView "piece1.ply"}
		}
	}
}
{Volume "piece0"
	{Box 5.90553 22.2054 33.2874}
	{Bone "piece0"}
	{Matrix34
		0	0	-1
		-1	0	0
		0	1	0
		1.24249	1.16475	0
	}
}
{Volume "piece10"
	{Box 33.299 6.59301 3.93701}
	{Bone "piece10"}
	{Matrix34
		0	0	-1
		-1	0	0
		0	1	0
		0	2.08616e-005	0
	}
}
{Volume "piece11"
	{Box 43.398 10.033 3.93701}
	{Bone "piece11"}
	{Matrix34
		0	0	-1
		-1	0	0
		0	1	0
		-1.62333e-005	0	0
	}
}
{Volume "piece12"
	{Box 51.1503 14.212 3.93701}
	{Bone "piece12"}
	{Matrix34
		0	0	-1
		-1	0	0
		0	1	0
		0	0	0
	}
}
{Volume "piece1"
	{Box 29.5276 5.90598 23.3858}
	{Bone "piece1"}
	{Matrix34
		0	0	-1
		-1	0	0
		0	1	0
		0	-2.45298	0
	}
}
{Volume "piece2"
	{Box 5.9055 15.9491 13.4646}
	{Bone "piece2"}
	{Matrix34
		0	0	1
		1	0	0
		0	1	0
		0	0.0310588	-1.04175e-005
	}
}
{Volume "piece3"
	{Box 5.90552 13.3863 33.6677}
	{Bone "piece3"}
	{Matrix34
		0	0	1
		0.999148	0.0412707	0
		-0.0412707	0.999148	0
		1.09331	0.11584	-1.55212e-005
	}
}
{Volume "piece4"
	{Box 12.4409 7.87402 16.9291}
	{Bone "piece4"}
	{Matrix34
		0.988191	0.153225	0
		0	0	-1
		-0.153225	0.988191	0
		0.0582573	0.677457	0
	}
}
{Volume "piece5"
	{Box 10.3369 7.87402 20.9689}
	{Bone "piece5"}
	{Matrix34
		0.165111	0.986275	0
		0	0	-1
		-0.986275	0.165111	0
		-0.182578	-0.937585	0
	}
}
{Volume "piece6"
	{Box 1.9685 25.2842 26.6983}
	{Bone "piece6"}
	{Matrix34
		0	0.702822	-0.711366
		-1	0	0
		0	0.711366	0.702822
		-7.21306	0.547317	-1.91271
	}
}
{Volume "piece7"
	{Box 26.4405 1.9685 30.4902}
	{Bone "piece7"}
	{Matrix34
		0	0	-1
		-0.770182	0.637824	0
		0.637824	0.770182	0
		-4.38752	-3.93785	-11.9054
	}
}
{Volume "piece8"
	{Box 26.4405 1.9685 26.8314}
	{Bone "piece8"}
	{Matrix34
		0	0	-1
		-0.770182	0.637824	0
		0.637824	0.770182	0
		-0.168237	0.681455	-5.72981
	}
}
{Volume "piece9"
	{Box 19.685 9.84254 39.9872}
	{Bone "piece9"}
	{Matrix34
		0	0	-1
		-1	0	0
		0	1	0
		0	2.6401	0
	}
}
{Volume "sub_piece1"
	{Box 53.8498 12.2676 3.93701}
	{Bone "sub_piece1"}
	{Matrix34
		0	0	-1
		-1	0	0
		0	1	0
		0	0	0
	}
}
