;Exported by: sana
;Date:        Sun Jul 10 15:29:57 2005
;File:        D:\work\new_wood.max
{Skeleton
	{bone "beam_big"
		{Orientation
			1	0	0
			0	-1	0
			0	0	1
		}
		{VolumeView "beam_big.ply"}
	}
}
{Obstacle "body4"
	{Obb2
		{Center -34.994 -22.0341}
		{Extent 7.0064 9.34187}
		{Axis 1 0}
	}
	{Rotate}
}
{Obstacle "body2"
	{Obb2
		{Center -29.099 -40.3691}
		{Extent 2.94864 5.193}
		{Axis 1 0}
	}
	{Rotate}
}
{Obstacle "body1"
	{Obb2
		{Center 34.6627 15.1123}
		{Extent 4.10423 7.89108}
		{Axis 0.798832 0.601554}
	}
	{Rotate}
}
{Obstacle "body"
	{Obb2
		{Center -3.1597 -1.24619}
		{Extent 23.4062 49.9348}
		{Axis 1 0}
	}
	{Rotate}
}
{Volume "body4"
	{Box 14.0128 18.6837 11.0935}
	{Bone "beam_big"}
	{Position -34.994	22.0341	5.54673}
}
{Volume "body3"
	{Box 6.29948 53.8354 6.00916}
	{Bone "beam_big"}
	{Matrix34
		0.971093	0.0355785	-0.236036
		0.23778	-0.0573681	0.969624
		0.0209569	-0.997719	-0.0641696
		-28.8211	-36.5627	25.271
	}
}
{Volume "body2"
	{Box 5.89729 50.7881 7.0696}
	{Bone "beam_big"}
	{Matrix34
		1	0	0
		0	0.0655987	0.997846
		0	-0.997846	0.0655987
		-29.099	40.3691	23.9773
	}
}
{Volume "body1"
	{Box 8.17413 15.7644 4.96286}
	{Bone "beam_big"}
	{Matrix34
		0.800141	-0.599812	0
		0.599812	0.800141	0
		0	0	1
		34.6627	-15.1123	2.40042
	}
}
{Volume "body"
	{Box 46.8125 99.8697 48.8976}
	{Bone "beam_big"}
	{Position -3.1597	1.24619	24.4488}
}
