;Exported by: sana
;Date:        Sat Jan 28 14:50:20 2006
;File:        D:\-Project-\-3DWork-\Entourage\house_euro_110\house_euro_110_x.max
{Skeleton
	{bone "110n_corner5"
		{Orientation
			1	0	0
			0	-1	0
			0	0	1
		}
		{bone "piece0"
			{Position -35.5408	0.0334917	44.6554}
			{VolumeView "piece0.ply"}
			{bone "sub_piece0"
				{Position 2.49647	0	-13.8906}
				{VolumeView "sub_piece0.ply"}
			}
		}
		{bone "piece1"
			{Position -8.89801	0.0334917	43.3036}
			{VolumeView "piece1.ply"}
			{bone "sub_piece1"
				{Position 2.56048	0	-12.4183}
				{VolumeView "sub_piece1.ply"}
			}
		}
		{bone "piece2"
			{Position 22.454	0.0334917	44.0793}
			{VolumeView "piece2.ply"}
			{bone "sub_piece2"
				{Position -6.04834	0	-14.2391}
				{VolumeView "sub_piece2.ply"}
			}
		}
		{bone "piece3"
			{Position -17.2178	13.3389	52.504}
			{VolumeView "piece3.ply"}
		}
		{bone "piece4"
			{Position -0.43967	49.6575	52.504}
			{VolumeView "piece4.ply"}
			{bone "sub_piece4"
				{Position -10.7405	-10.5443	0}
				{VolumeView "sub_piece4.ply"}
			}
		}
		{bone "piece5"
			{Position 16.9259	32.1179	52.504}
			{VolumeView "piece5.ply"}
			{bone "sub_piece5"
				{Position -12.1585	-5.5379	0}
				{VolumeView "sub_piece5.ply"}
			}
		}
	}
}
{Volume "piece0"
	{Box 21.9997 7.87402 27.844}
	{Bone "piece0"}
	{Matrix34
		0.992491	0	0.122318
		0	1	0
		-0.122318	0	0.992491
		-0.0811955	0	0.25884
	}
}
{Volume "piece1"
	{Box 27.7812 7.87402 19.3163}
	{Bone "piece1"}
	{Position 0	0	1.1498}
}
{Volume "piece2"
	{Box 30.0857 7.87402 21.9177}
	{Bone "piece2"}
	{Matrix34
		0.931975	0	-0.362522
		0	1	0
		0.362522	0	0.931975
		-0.463551	0	0.419435
	}
}
{Volume "piece3"
	{Box 23.9838 18.7374 3.93701}
	{Bone "piece3"}
	{Position 0	0	0}
}
{Volume "piece4"
	{Box 23.1492 17.1193 3.93701}
	{Bone "piece4"}
	{Matrix34
		0.988934	-0.148358	0
		0.148358	0.988934	0
		0	0	1
		0.123231	-0.0667705	0
	}
}
{Volume "piece5"
	{Box 15.9892 20.9858 3.93701}
	{Bone "piece5"}
	{Matrix34
		0.998721	-0.0505679	0
		0.0505679	0.998721	0
		0	0	1
		-0.000994375	0.528978	0
	}
}
{Volume "sub_piece0"
	{Box 20.786 7.87402 13.8168}
	{Bone "sub_piece0"}
	{Matrix34
		0.834761	0	0.550612
		0	1	0
		-0.550612	0	0.834761
		2.00693	0	-1.54271
	}
}
{Volume "sub_piece1"
	{Box 18.3074 7.87402 16.5919}
	{Bone "sub_piece1"}
	{Matrix34
		0.997896	0	0.0648323
		0	1	0
		-0.0648323	0	0.997896
		0.126162	0	-1.02762
	}
}
{Volume "sub_piece2"
	{Box 22.4452 7.87402 14.0172}
	{Bone "sub_piece2"}
	{Matrix34
		0.917681	0	-0.397317
		0	1	0
		0.397317	0	0.917681
		-1.45952	0	-1.43036
	}
}
{Volume "sub_piece4"
	{Box 16.5888 13.6375 3.93701}
	{Bone "sub_piece4"}
	{Matrix34
		0.873083	0.487571	0
		-0.487571	0.873083	0
		0	0	1
		-0.627637	2.28827	0
	}
}
{Volume "sub_piece5"
	{Box 9.34703 12.335 3.93701}
	{Bone "sub_piece5"}
	{Matrix34
		0.992884	0.119086	0
		-0.119086	0.992884	0
		0	0	1
		0.00324924	0.0612897	0
	}
}
