;Exported by: klimenko
;Date:        Wed May 03 18:57:21 2006
;File:        D:\-Project-\-3DWork-\beach_concrete.max
{Skeleton
	{bone "pyramid01"
		{Orientation
			1	0	0
			0	-1	0
			0	0	1
		}
		{VolumeView "pyramid01.ply"}
		{bone "piece01"
			{Position 2.29915	-2.5898	12.8935}
			{VolumeView "piece01.ply"}
		}
		{bone "piece02"
			{Position -0.000213623	-1.7286	23.514}
			{VolumeView "piece02.ply"}
		}
		{bone "piece03"
			{Position 3.99083	1.20274	16.4852}
			{VolumeView "piece03.ply"}
		}
		{bone "piece04"
			{Position -4.05836	0.766771	14.0767}
			{VolumeView "piece04.ply"}
		}
	}
}
{Volume "piece01"
	{Box 8.51743 8.08361 14.0377}
	{Bone "piece01"}
	{Position 0	0	0}
}
{Volume "piece02"
	{Box 13.1103 6.19516 3.0785}
	{Bone "piece02"}
	{Matrix34
		1	0	0
		0	0.9861	-0.166154
		0	0.166154	0.9861
		0	-0.185202	0.533482
	}
}
{Volume "piece03"
	{Box 5.92152 7.68433 15.1676}
	{Bone "piece03"}
	{Matrix34
		1	0	0
		0	0.992531	0.121992
		0	-0.121992	0.992531
		0	0.0533527	0
	}
}
{Volume "piece04"
	{Box 5.29627 6.31905 15.3516}
	{Bone "piece04"}
	{Matrix34
		0.999962	0	-0.00875276
		0.00129281	0.989032	0.147698
		0.00865676	-0.147703	0.988994
		0.122379	1.65894	0
	}
}
{Volume "pyramid01"
	{Box 13.4386 14.6787 5.26335}
	{Bone "pyramid01"}
	{Position 0.0728645	0	2.63167}
}
