;Exported by: sana
;Date:        Thu Dec 14 14:35:22 2006
;File:        D:\-Project-\-3DWork-\Entourage\rus_church\church_cut03_x.max
{Skeleton
	{bone "rusch_tow3_x"
		{Orientation
			1	0	0
			0	-1	0
			0	0	1
		}
		{bone "piece02"
			{Position -8.75323	5.48909	3.92084}
			{VolumeView "piece02.ply"}
		}
		{bone "piece01"
			{Position -8.75323	-3.82024	4.43265}
			{VolumeView "piece01.ply"}
		}
		{bone "piece03"
			{Position 4.84072	-12.6432	-7.54385}
			{VolumeView "piece03.ply"}
		}
	}
}
{Volume "piece01"
	{Box 7.71387 10.6448 16.6084}
	{Bone "piece01"}
	{Matrix34
		1	0	0
		0	0.911267	0.411817
		0	-0.411817	0.911267
		0	-0.996096	-0.847971
	}
}
{Volume "piece02"
	{Box 7.71387 21.8473 15.9072}
	{Bone "piece02"}
	{Matrix34
		1	0	0
		0	0.659618	-0.751602
		0	0.751602	0.659618
		0	1.78499	1.4435
	}
}
{Volume "piece03"
	{Box 13.5188 7.7598 15.4399}
	{Bone "piece03"}
	{Matrix34
		0.671257	0	0.741225
		0	1	0
		-0.741225	0	0.671257
		0.72705	0	-0.801352
	}
}
