;Exported by: shevchenko
;Date:        Mon Sep 26 18:32:55 2005
;File:        D:\-Projects1_5-\-3DWork-\house_euro_117_v_fix.max
{Skeleton
	{bone "117_roof2"
		{Orientation
			1	0	0
			0	-1	0
			0	0	1
		}
		{VolumeView "117_roof2.ply"}
		{bone "fix28"
			{Position -7.55637	23.7759	-49.4094}
		}
		{bone "fix30"
			{Position 9.80284	-75.171	5.71731}
		}
		{bone "fix29"
			{Position 7.98464	75.3569	4.98205}
		}
	}
}
{Volume "roof5"
	{Box 1.9685 39.5418 19.3324}
	{Bone "117_roof2"}
	{Matrix34
		0.799094	0	0.601206
		0	1	0
		-0.601206	0	0.799094
		39.0468	41.8521	-17.1361
	}
}
{Volume "roof4"
	{Box 1.9685 46.5197 29.2915}
	{Bone "117_roof2"}
	{Matrix34
		0.799094	0	0.601206
		0	1	0
		-0.601206	0	0.799094
		41.9538	-39.8727	-21
	}
}
{Volume "roof3"
	{Box 1.9685 128.17 61.024}
	{Bone "117_roof2"}
	{Matrix34
		0.799094	0	0.601206
		0	1	0
		-0.601206	0	0.799094
		15.0972	-0.868443	14.6965
	}
}
{Volume "roof2"
	{Box 1.9685 59.8346 27.0249}
	{Bone "117_roof2"}
	{Matrix34
		0.798091	0	-0.602538
		0	1	0
		0.602538	0	0.798091
		-11.2171	6.70914	29.1381
	}
}
{Volume "roof1"
	{Box 1.9685 40.1575 81.8937}
	{Bone "117_roof2"}
	{Matrix34
		0.798091	0	-0.602538
		0	1	0
		0.602538	0	0.798091
		-28.062	-43.1128	6.82624
	}
}
