;Exported by: sana
;Date:        Sat Jan 28 14:50:49 2006
;File:        D:\-Project-\-3DWork-\Entourage\house_euro_110\house_euro_110_x.max
{Skeleton
	{bone "110n_corner14"
		{Orientation
			1	0	0
			0	-1	0
			0	0	1
		}
		{bone "piece0"
			{Position -23.3174	23.8849	120.106}
			{VolumeView "piece0.ply"}
		}
		{bone "piece3"
			{Position -26.5877	9.3511	122.451}
			{VolumeView "piece3.ply"}
		}
		{bone "piece2"
			{Position -23.5785	-18.9946	120.574}
			{VolumeView "piece2.ply"}
		}
		{bone "piece1"
			{Position -15.2264	-26.5549	114.881}
			{VolumeView "piece1.ply"}
		}
		{bone "piece4"
			{Position -23.4656	-30.5018	52.5226}
			{VolumeView "piece4.ply"}
			{bone "sub_piece4"
				{Position 0.971189	27.4713	2.14431e-005}
				{VolumeView "sub_piece4.ply"}
			}
		}
		{bone "piece5"
			{Position -1.02702	-35.0133	94.403}
			{VolumeView "piece5.ply"}
		}
		{bone "piece6"
			{Position -1.02702	-24.6176	58.8429}
			{VolumeView "piece6.ply"}
		}
		{bone "piece7"
			{Position -1.02702	30.2488	93.0828}
			{VolumeView "piece7.ply"}
			{bone "sub_piece7"
				{Position 0	-17.8213	-0.907562}
				{VolumeView "sub_piece7.ply"}
			}
		}
		{bone "piece8"
			{Position -1.02702	13.8301	68.166}
			{VolumeView "piece8.ply"}
			{bone "sub_piece8"
				{Position 0	-16.4187	-3.54774}
				{VolumeView "sub_piece8.ply"}
			}
		}
	}
}
{Volume "piece0"
	{Box 62.9642 54.5684 3.93701}
	{Bone "piece0"}
	{Matrix34
		0.850517	0	-0.525948
		0	1	0
		0.525948	0	0.850517
		3.05788	-4.02072	-0.164158
	}
}
{Volume "piece1"
	{Box 47.2739 36.149 3.93701}
	{Bone "piece1"}
	{Matrix34
		0.850517	0	-0.525948
		0	1	0
		0.525948	0	0.850517
		1.76615	1.40863	0.828808
	}
}
{Volume "piece2"
	{Box 52.0725 3.40955 3.93701}
	{Bone "piece2"}
	{Matrix34
		0.850517	0	-0.525948
		0	1	0
		0.525948	0	0.850517
		-1.20751	0	0.776084
	}
}
{Volume "piece3"
	{Box 66.7497 3.40955 3.93701}
	{Bone "piece3"}
	{Matrix34
		0.850517	0	-0.525948
		0	1	0
		0.525948	0	0.850517
		-0.301678	0	0.263727
	}
}
{Volume "piece4"
	{Box 39.1146 31.0202 2.95276}
	{Bone "piece4"}
	{Position 0	0	0}
}
{Volume "piece5"
	{Box 7.87402 14.8511 24.0917}
	{Bone "piece5"}
	{Position 0	-1.52588e-005	-1.52588e-005}
}
{Volume "piece6"
	{Box 7.87402 23.4317 20.2964}
	{Bone "piece6"}
	{Position 0	0	0}
}
{Volume "piece7"
	{Box 7.87402 24.5868 26.0719}
	{Bone "piece7"}
	{Position 0	0	0}
}
{Volume "piece8"
	{Box 7.87402 19.4714 24.7518}
	{Bone "piece8"}
	{Position 0	0	-1.33514e-005}
}
{Volume "sub_piece4"
	{Box 37.1722 23.9225 2.95277}
	{Bone "sub_piece4"}
	{Position 0	0	0}
}
{Volume "sub_piece7"
	{Box 7.87402 16.9962 21.9466}
	{Bone "sub_piece7"}
	{Position 0	0	0}
}
{Volume "sub_piece8"
	{Box 7.87402 15.6761 18.3163}
	{Bone "sub_piece8"}
	{Position 0	0	0}
}
